   0.000      1.059775
   0.007      1.059775
   0.013      1.059775
   0.020      1.059775
   0.027      1.059775
   0.033      1.059775
   0.040      1.059774
   0.047      1.059774
   0.053      1.059772
   0.060      1.059771
   0.066      1.059768
   0.073      1.059765
   0.080      1.059761
   0.086      1.059755
   0.093      1.059748
   0.100      1.059740
   0.106      1.059729
   0.113      1.059717
   0.120      1.059702
   0.126      1.059684
   0.133      1.059663
   0.140      1.059639
   0.146      1.059611
   0.153      1.059580
   0.160      1.059543
   0.166      1.059502
   0.173      1.059456
   0.179      1.059404
   0.186      1.059345
   0.193      1.059281
   0.199      1.059209
   0.206      1.059130
   0.213      1.059042
   0.219      1.058946
   0.226      1.058841
   0.233      1.058727
   0.239      1.058602
   0.246      1.058467
   0.253      1.058320
   0.259      1.058161
   0.266      1.057990
   0.273      1.057805
   0.279      1.057607
   0.286      1.057395
   0.293      1.057167
   0.299      1.056924
   0.306      1.056664
   0.312      1.056387
   0.319      1.056093
   0.326      1.055780
   0.332      1.055448
   0.339      1.055097
   0.346      1.054725
   0.352      1.054332
   0.359      1.053917
   0.366      1.053479
   0.372      1.053019
   0.379      1.052535
   0.386      1.052026
   0.392      1.051492
   0.399      1.050932
   0.406      1.050345
   0.412      1.049732
   0.419      1.049091
   0.425      1.048421
   0.432      1.047723
   0.439      1.046994
   0.445      1.046236
   0.452      1.045447
   0.459      1.044627
   0.465      1.043775
   0.472      1.042891
   0.479      1.041974
   0.485      1.041024
   0.492      1.040040
   0.499      1.039022
   0.505      1.037970
   0.512      1.036883
   0.519      1.035761
   0.525      1.034603
   0.532      1.033410
   0.538      1.032181
   0.545      1.030915
   0.552      1.029613
   0.558      1.028275
   0.565      1.026900
   0.572      1.025488
   0.578      1.024039
   0.585      1.022553
   0.592      1.021030
   0.598      1.019470
   0.605      1.017873
   0.612      1.016240
   0.618      1.014569
   0.625      1.012862
   0.632      1.011119
   0.638      1.009339
   0.645      1.007523
   0.651      1.005671
   0.658      1.003784
   0.665      1.001861
   0.671      0.999903
   0.678      0.997911
   0.685      0.995884
   0.691      0.993824
   0.698      0.991729
   0.705      0.989602
   0.711      0.987442
   0.718      0.985250
   0.725      0.983026
   0.731      0.980771
   0.738      0.978486
   0.745      0.976170
   0.751      0.973824
   0.758      0.971450
   0.765      0.969047
   0.771      0.966616
   0.778      0.964157
   0.784      0.961672
   0.791      0.959161
   0.798      0.956625
   0.804      0.954063
   0.811      0.951478
   0.818      0.948868
   0.824      0.946236
   0.831      0.943582
   0.838      0.940905
   0.844      0.938208
   0.851      0.935491
   0.858      0.932754
   0.864      0.929997
   0.871      0.927223
   0.878      0.924430
   0.884      0.921621
   0.891      0.918795
   0.897      0.915953
   0.904      0.913096
   0.911      0.910225
   0.917      0.907340
   0.924      0.904441
   0.931      0.901530
   0.937      0.898607
   0.944      0.895672
   0.951      0.892726
   0.957      0.889771
   0.964      0.886805
   0.971      0.883831
   0.977      0.880848
   0.984      0.877858
   0.991      0.874860
   0.997      0.871855
   1.004      0.868844
   1.010      0.865827
   1.017      0.862806
   1.024      0.859779
   1.030      0.856749
   1.037      0.853715
   1.044      0.850678
   1.050      0.847638
   1.057      0.844596
   1.064      0.841552
   1.070      0.838507
   1.077      0.835462
   1.084      0.832416
   1.090      0.829370
   1.097      0.826325
   1.104      0.823280
   1.110      0.820237
   1.117      0.817196
   1.124      0.814157
   1.130      0.811121
   1.137      0.808087
   1.143      0.805057
   1.150      0.802030
   1.157      0.799007
   1.163      0.795989
   1.170      0.792975
   1.177      0.789966
   1.183      0.786963
   1.190      0.783965
   1.197      0.780973
   1.203      0.777987
   1.210      0.775008
   1.217      0.772035
   1.223      0.769069
   1.230      0.766111
   1.237      0.763160
   1.243      0.760216
   1.250      0.757281
   1.256      0.754354
   1.263      0.751435
   1.270      0.748525
   1.276      0.745624
   1.283      0.742731
   1.290      0.739848
   1.296      0.736975
   1.303      0.734111
   1.310      0.731257
   1.316      0.728412
   1.323      0.725578
   1.330      0.722754
   1.336      0.719941
   1.343      0.717138
   1.350      0.714345
   1.356      0.711564
   1.363      0.708793
   1.369      0.706034
   1.376      0.703286
   1.383      0.700549
   1.389      0.697823
   1.396      0.695109
   1.403      0.692407
   1.409      0.689716
   1.416      0.687037
   1.423      0.684370
   1.429      0.681715
   1.436      0.679072
   1.443      0.676441
   1.449      0.673822
   1.456      0.671215
   1.463      0.668621
   1.469      0.666039
   1.476      0.663469
   1.482      0.660912
   1.489      0.658367
   1.496      0.655834
   1.502      0.653315
   1.509      0.650807
   1.516      0.648313
   1.522      0.645831
   1.529      0.643361
   1.536      0.640905
   1.542      0.638461
   1.549      0.636029
   1.556      0.633611
   1.562      0.631205
   1.569      0.628811
   1.576      0.626431
   1.582      0.624063
   1.589      0.621708
   1.596      0.619366
   1.602      0.617036
   1.609      0.614719
   1.615      0.612415
   1.622      0.610123
   1.629      0.607844
   1.635      0.605578
   1.642      0.603324
   1.649      0.601083
   1.655      0.598854
   1.662      0.596638
   1.669      0.594434
   1.675      0.592243
   1.682      0.590065
   1.689      0.587898
   1.695      0.585744
   1.702      0.583603
   1.709      0.581474
   1.715      0.579357
   1.722      0.577252
   1.728      0.575160
   1.735      0.573079
   1.742      0.571011
   1.748      0.568955
   1.755      0.566911
   1.762      0.564879
   1.768      0.562858
   1.775      0.560850
   1.782      0.558853
   1.788      0.556869
   1.795      0.554896
   1.802      0.552934
   1.808      0.550984
   1.815      0.549046
   1.822      0.547119
   1.828      0.545204
   1.835      0.543300
   1.841      0.541408
   1.848      0.539527
   1.855      0.537657
   1.861      0.535798
   1.868      0.533950
   1.875      0.532113
   1.881      0.530288
   1.888      0.528473
   1.895      0.526669
   1.901      0.524876
   1.908      0.523094
   1.915      0.521322
   1.921      0.519561
   1.928      0.517811
   1.935      0.516071
   1.941      0.514342
   1.948      0.512623
   1.954      0.510914
   1.961      0.509215
   1.968      0.507527
   1.974      0.505849
   1.981      0.504181
   1.988      0.502523
   1.994      0.500875
   2.001      0.499236
   2.008      0.497608
   2.014      0.495989
   2.021      0.494380
   2.028      0.492781
   2.034      0.491191
   2.041      0.489611
   2.048      0.488040
   2.054      0.486478
   2.061      0.484926
   2.068      0.483383
   2.074      0.481849
   2.081      0.480324
   2.087      0.478809
   2.094      0.477302
   2.101      0.475804
   2.107      0.474315
   2.114      0.472835
   2.121      0.471364
   2.127      0.469901
   2.134      0.468447
   2.141      0.467002
   2.147      0.465565
   2.154      0.464136
   2.161      0.462716
   2.167      0.461304
   2.174      0.459901
   2.181      0.458505
   2.187      0.457118
   2.194      0.455739
   2.200      0.454368
   2.207      0.453004
   2.214      0.451649
   2.220      0.450302
   2.227      0.448962
   2.234      0.447630
   2.240      0.446305
   2.247      0.444989
   2.254      0.443680
   2.260      0.442378
   2.267      0.441084
   2.274      0.439797
   2.280      0.438517
   2.287      0.437245
   2.294      0.435980
   2.300      0.434722
   2.307      0.433471
   2.313      0.432227
   2.320      0.430991
   2.327      0.429761
   2.333      0.428538
   2.340      0.427322
   2.347      0.426113
   2.353      0.424910
   2.360      0.423714
   2.367      0.422525
   2.373      0.421342
   2.380      0.420166
   2.387      0.418997
   2.393      0.417834
   2.400      0.416677
   2.407      0.415526
   2.413      0.414382
   2.420      0.413244
   2.427      0.412112
   2.433      0.410987
   2.440      0.409867
   2.446      0.408754
   2.453      0.407646
   2.460      0.406545
   2.466      0.405449
   2.473      0.404360
   2.480      0.403276
   2.486      0.402198
   2.493      0.401125
   2.500      0.400058
   2.506      0.398997
   2.513      0.397942
   2.520      0.396892
   2.526      0.395848
   2.533      0.394809
   2.540      0.393775
   2.546      0.392747
   2.553      0.391724
   2.559      0.390707
   2.566      0.389695
   2.573      0.388688
   2.579      0.387686
   2.586      0.386689
   2.593      0.385698
   2.599      0.384711
   2.606      0.383730
   2.613      0.382754
   2.619      0.381782
   2.626      0.380816
   2.633      0.379854
   2.639      0.378897
   2.646      0.377945
