   0.000      1.218206
   0.007      1.218203
   0.013      1.218192
   0.020      1.218174
   0.027      1.218149
   0.033      1.218116
   0.040      1.218076
   0.047      1.218029
   0.053      1.217974
   0.060      1.217912
   0.066      1.217842
   0.073      1.217764
   0.080      1.217678
   0.086      1.217585
   0.093      1.217482
   0.100      1.217372
   0.106      1.217253
   0.113      1.217125
   0.120      1.216988
   0.126      1.216841
   0.133      1.216686
   0.140      1.216520
   0.146      1.216344
   0.153      1.216158
   0.160      1.215961
   0.166      1.215753
   0.173      1.215534
   0.179      1.215303
   0.186      1.215059
   0.193      1.214803
   0.199      1.214534
   0.206      1.214251
   0.213      1.213955
   0.219      1.213643
   0.226      1.213317
   0.233      1.212975
   0.239      1.212617
   0.246      1.212242
   0.253      1.211850
   0.259      1.211440
   0.266      1.211011
   0.273      1.210562
   0.279      1.210094
   0.286      1.209604
   0.293      1.209093
   0.299      1.208560
   0.306      1.208003
   0.312      1.207422
   0.319      1.206817
   0.326      1.206185
   0.332      1.205527
   0.339      1.204841
   0.346      1.204127
   0.352      1.203383
   0.359      1.202609
   0.366      1.201804
   0.372      1.200966
   0.379      1.200094
   0.386      1.199188
   0.392      1.198247
   0.399      1.197269
   0.406      1.196253
   0.412      1.195199
   0.419      1.194106
   0.425      1.192972
   0.432      1.191796
   0.439      1.190578
   0.445      1.189316
   0.452      1.188010
   0.459      1.186658
   0.465      1.185260
   0.472      1.183814
   0.479      1.182321
   0.485      1.180778
   0.492      1.179186
   0.499      1.177543
   0.505      1.175849
   0.512      1.174103
   0.519      1.172305
   0.525      1.170453
   0.532      1.168548
   0.538      1.166589
   0.545      1.164576
   0.552      1.162508
   0.558      1.160384
   0.565      1.158206
   0.572      1.155972
   0.578      1.153683
   0.585      1.151338
   0.592      1.148938
   0.598      1.146482
   0.605      1.143972
   0.612      1.141406
   0.618      1.138786
   0.625      1.136112
   0.632      1.133384
   0.638      1.130603
   0.645      1.127770
   0.651      1.124884
   0.658      1.121947
   0.665      1.118959
   0.671      1.115922
   0.678      1.112835
   0.685      1.109700
   0.691      1.106519
   0.698      1.103291
   0.705      1.100018
   0.711      1.096701
   0.718      1.093341
   0.725      1.089938
   0.731      1.086496
   0.738      1.083013
   0.745      1.079492
   0.751      1.075934
   0.758      1.072341
   0.765      1.068712
   0.771      1.065050
   0.778      1.061355
   0.784      1.057630
   0.791      1.053875
   0.798      1.050092
   0.804      1.046282
   0.811      1.042446
   0.818      1.038585
   0.824      1.034701
   0.831      1.030795
   0.838      1.026868
   0.844      1.022922
   0.851      1.018957
   0.858      1.014975
   0.864      1.010978
   0.871      1.006965
   0.878      1.002939
   0.884      0.998901
   0.891      0.994851
   0.897      0.990791
   0.904      0.986722
   0.911      0.982645
   0.917      0.978561
   0.924      0.974471
   0.931      0.970377
   0.937      0.966278
   0.944      0.962176
   0.951      0.958072
   0.957      0.953968
   0.964      0.949862
   0.971      0.945758
   0.977      0.941655
   0.984      0.937555
   0.991      0.933457
   0.997      0.929364
   1.004      0.925275
   1.010      0.921191
   1.017      0.917114
   1.024      0.913044
   1.030      0.908981
   1.037      0.904926
   1.044      0.900880
   1.050      0.896844
   1.057      0.892818
   1.064      0.888802
   1.070      0.884797
   1.077      0.880804
   1.084      0.876823
   1.090      0.872855
   1.097      0.868900
   1.104      0.864958
   1.110      0.861031
   1.117      0.857118
   1.124      0.853220
   1.130      0.849337
   1.137      0.845469
   1.143      0.841618
   1.150      0.837783
   1.157      0.833964
   1.163      0.830163
   1.170      0.826378
   1.177      0.822611
   1.183      0.818862
   1.190      0.815131
   1.197      0.811418
   1.203      0.807723
   1.210      0.804047
   1.217      0.800390
   1.223      0.796752
   1.230      0.793133
   1.237      0.789534
   1.243      0.785954
   1.250      0.782393
   1.256      0.778852
   1.263      0.775332
   1.270      0.771831
   1.276      0.768350
   1.283      0.764889
   1.290      0.761449
   1.296      0.758029
   1.303      0.754629
   1.310      0.751250
   1.316      0.747891
   1.323      0.744553
   1.330      0.741235
   1.336      0.737938
   1.343      0.734661
   1.350      0.731405
   1.356      0.728170
   1.363      0.724955
   1.369      0.721760
   1.376      0.718586
   1.383      0.715433
   1.389      0.712300
   1.396      0.709188
   1.403      0.706096
   1.409      0.703025
   1.416      0.699974
   1.423      0.696943
   1.429      0.693932
   1.436      0.690942
   1.443      0.687972
   1.449      0.685021
   1.456      0.682091
   1.463      0.679181
   1.469      0.676290
   1.476      0.673419
   1.482      0.670568
   1.489      0.667737
   1.496      0.664925
   1.502      0.662132
   1.509      0.659359
   1.516      0.656604
   1.522      0.653869
   1.529      0.651153
   1.536      0.648456
   1.542      0.645778
   1.549      0.643118
   1.556      0.640477
   1.562      0.637855
   1.569      0.635251
   1.576      0.632665
   1.582      0.630097
   1.589      0.627547
   1.596      0.625016
   1.602      0.622502
   1.609      0.620005
   1.615      0.617527
   1.622      0.615065
   1.629      0.612622
   1.635      0.610195
   1.642      0.607785
   1.649      0.605393
   1.655      0.603017
   1.662      0.600658
   1.669      0.598315
   1.675      0.595989
   1.682      0.593680
   1.689      0.591386
   1.695      0.589109
   1.702      0.586848
   1.709      0.584602
   1.715      0.582373
   1.722      0.580159
   1.728      0.577960
   1.735      0.575777
   1.742      0.573609
   1.748      0.571456
   1.755      0.569319
   1.762      0.567196
   1.768      0.565088
   1.775      0.562994
   1.782      0.560916
   1.788      0.558851
   1.795      0.556801
   1.802      0.554765
   1.808      0.552743
   1.815      0.550735
   1.822      0.548741
   1.828      0.546760
   1.835      0.544793
   1.841      0.542840
   1.848      0.540900
   1.855      0.538973
   1.861      0.537060
   1.868      0.535159
   1.875      0.533271
   1.881      0.531396
   1.888      0.529534
   1.895      0.527684
   1.901      0.525847
   1.908      0.524022
   1.915      0.522210
   1.921      0.520409
   1.928      0.518621
   1.935      0.516844
   1.941      0.515079
   1.948      0.513326
   1.954      0.511585
   1.961      0.509855
   1.968      0.508137
   1.974      0.506430
   1.981      0.504734
   1.988      0.503049
   1.994      0.501375
   2.001      0.499712
   2.008      0.498060
   2.014      0.496419
   2.021      0.494788
   2.028      0.493168
   2.034      0.491558
   2.041      0.489958
   2.048      0.488369
   2.054      0.486790
   2.061      0.485221
   2.068      0.483662
   2.074      0.482113
   2.081      0.480574
   2.087      0.479044
   2.094      0.477524
   2.101      0.476014
   2.107      0.474513
   2.114      0.473021
   2.121      0.471539
   2.127      0.470066
   2.134      0.468602
   2.141      0.467147
   2.147      0.465701
   2.154      0.464264
   2.161      0.462836
   2.167      0.461417
   2.174      0.460006
   2.181      0.458603
   2.187      0.457210
   2.194      0.455824
   2.200      0.454447
   2.207      0.453079
   2.214      0.451718
   2.220      0.450366
   2.227      0.449021
   2.234      0.447685
   2.240      0.446357
   2.247      0.445036
   2.254      0.443723
   2.260      0.442418
   2.267      0.441121
   2.274      0.439831
   2.280      0.438549
   2.287      0.437274
   2.294      0.436006
   2.300      0.434746
   2.307      0.433493
   2.313      0.432248
   2.320      0.431009
   2.327      0.429778
   2.333      0.428553
   2.340      0.427336
   2.347      0.426125
   2.353      0.424921
   2.360      0.423724
   2.367      0.422534
   2.373      0.421351
   2.380      0.420174
   2.387      0.419003
   2.393      0.417839
   2.400      0.416682
   2.407      0.415531
   2.413      0.414386
   2.420      0.413248
   2.427      0.412116
   2.433      0.410990
   2.440      0.409870
   2.446      0.408756
   2.453      0.407648
   2.460      0.406546
   2.466      0.405451
   2.473      0.404361
   2.480      0.403277
   2.486      0.402198
   2.493      0.401126
   2.500      0.400059
   2.506      0.398998
   2.513      0.397942
   2.520      0.396892
   2.526      0.395848
   2.533      0.394809
   2.540      0.393775
   2.546      0.392747
   2.553      0.391724
   2.559      0.390707
   2.566      0.389695
   2.573      0.388688
   2.579      0.387686
   2.586      0.386689
   2.593      0.385698
   2.599      0.384711
   2.606      0.383730
   2.613      0.382754
   2.619      0.381782
   2.626      0.380816
   2.633      0.379854
   2.639      0.378897
   2.646      0.377945
