   0.000      1.084165
   0.007      1.084165
   0.013      1.084165
   0.020      1.084165
   0.027      1.084164
   0.033      1.084163
   0.040      1.084162
   0.047      1.084158
   0.053      1.084154
   0.060      1.084147
   0.066      1.084137
   0.073      1.084124
   0.080      1.084107
   0.086      1.084086
   0.093      1.084059
   0.100      1.084025
   0.106      1.083984
   0.113      1.083934
   0.120      1.083876
   0.126      1.083806
   0.133      1.083725
   0.140      1.083632
   0.146      1.083524
   0.153      1.083401
   0.160      1.083261
   0.166      1.083104
   0.173      1.082927
   0.179      1.082729
   0.186      1.082508
   0.193      1.082264
   0.199      1.081995
   0.206      1.081699
   0.213      1.081374
   0.219      1.081020
   0.226      1.080634
   0.233      1.080214
   0.239      1.079760
   0.246      1.079270
   0.253      1.078741
   0.259      1.078173
   0.266      1.077564
   0.273      1.076912
   0.279      1.076216
   0.286      1.075474
   0.293      1.074685
   0.299      1.073847
   0.306      1.072960
   0.312      1.072020
   0.319      1.071028
   0.326      1.069982
   0.332      1.068880
   0.339      1.067722
   0.346      1.066506
   0.352      1.065232
   0.359      1.063898
   0.366      1.062503
   0.372      1.061048
   0.379      1.059530
   0.386      1.057950
   0.392      1.056306
   0.399      1.054599
   0.406      1.052828
   0.412      1.050993
   0.419      1.049093
   0.425      1.047129
   0.432      1.045100
   0.439      1.043007
   0.445      1.040850
   0.452      1.038629
   0.459      1.036344
   0.465      1.033997
   0.472      1.031588
   0.479      1.029118
   0.485      1.026587
   0.492      1.023997
   0.499      1.021348
   0.505      1.018642
   0.512      1.015881
   0.519      1.013064
   0.525      1.010195
   0.532      1.007274
   0.538      1.004303
   0.545      1.001284
   0.552      0.998219
   0.558      0.995109
   0.565      0.991956
   0.572      0.988762
   0.578      0.985530
   0.585      0.982262
   0.592      0.978959
   0.598      0.975624
   0.605      0.972259
   0.612      0.968866
   0.618      0.965448
   0.625      0.962007
   0.632      0.958546
   0.638      0.955065
   0.645      0.951569
   0.651      0.948059
   0.658      0.944538
   0.665      0.941007
   0.671      0.937470
   0.678      0.933928
   0.685      0.930384
   0.691      0.926840
   0.698      0.923298
   0.705      0.919760
   0.711      0.916229
   0.718      0.912707
   0.725      0.909194
   0.731      0.905694
   0.738      0.902209
   0.745      0.898739
   0.751      0.895288
   0.758      0.891856
   0.765      0.888445
   0.771      0.885057
   0.778      0.881693
   0.784      0.878354
   0.791      0.875042
   0.798      0.871758
   0.804      0.868504
   0.811      0.865280
   0.818      0.862087
   0.824      0.858926
   0.831      0.855798
   0.838      0.852704
   0.844      0.849644
   0.851      0.846620
   0.858      0.843630
   0.864      0.840677
   0.871      0.837759
   0.878      0.834879
   0.884      0.832034
   0.891      0.829227
   0.897      0.826456
   0.904      0.823722
   0.911      0.821025
   0.917      0.818364
   0.924      0.815740
   0.931      0.813151
   0.937      0.810598
   0.944      0.808081
   0.951      0.805598
   0.957      0.803149
   0.964      0.800734
   0.971      0.798352
   0.977      0.796002
   0.984      0.793684
   0.991      0.791398
   0.997      0.789141
   1.004      0.786914
   1.010      0.784715
   1.017      0.782544
   1.024      0.780399
   1.030      0.778281
   1.037      0.776188
   1.044      0.774118
   1.050      0.772072
   1.057      0.770047
   1.064      0.768044
   1.070      0.766061
   1.077      0.764097
   1.084      0.762151
   1.090      0.760222
   1.097      0.758309
   1.104      0.756411
   1.110      0.754527
   1.117      0.752656
   1.124      0.750798
   1.130      0.748950
   1.137      0.747113
   1.143      0.745285
   1.150      0.743466
   1.157      0.741653
   1.163      0.739848
   1.170      0.738048
   1.177      0.736252
   1.183      0.734461
   1.190      0.732673
   1.197      0.730888
   1.203      0.729104
   1.210      0.727321
   1.217      0.725539
   1.223      0.723756
   1.230      0.721972
   1.237      0.720187
   1.243      0.718399
   1.250      0.716609
   1.256      0.714815
   1.263      0.713017
   1.270      0.711216
   1.276      0.709409
   1.283      0.707598
   1.290      0.705781
   1.296      0.703958
   1.303      0.702130
   1.310      0.700295
   1.316      0.698453
   1.323      0.696604
   1.330      0.694749
   1.336      0.692886
   1.343      0.691016
   1.350      0.689138
   1.356      0.687253
   1.363      0.685360
   1.369      0.683459
   1.376      0.681551
   1.383      0.679635
   1.389      0.677711
   1.396      0.675780
   1.403      0.673841
   1.409      0.671894
   1.416      0.669941
   1.423      0.667980
   1.429      0.666012
   1.436      0.664037
   1.443      0.662055
   1.449      0.660067
   1.456      0.658073
   1.463      0.656072
   1.469      0.654066
   1.476      0.652054
   1.482      0.650036
   1.489      0.648014
   1.496      0.645986
   1.502      0.643955
   1.509      0.641918
   1.516      0.639878
   1.522      0.637835
   1.529      0.635788
   1.536      0.633738
   1.542      0.631685
   1.549      0.629630
   1.556      0.627574
   1.562      0.625515
   1.569      0.623455
   1.576      0.621394
   1.582      0.619332
   1.589      0.617270
   1.596      0.615208
   1.602      0.613147
   1.609      0.611086
   1.615      0.609026
   1.622      0.606967
   1.629      0.604910
   1.635      0.602855
   1.642      0.600802
   1.649      0.598752
   1.655      0.596704
   1.662      0.594660
   1.669      0.592619
   1.675      0.590582
   1.682      0.588549
   1.689      0.586520
   1.695      0.584496
   1.702      0.582477
   1.709      0.580463
   1.715      0.578454
   1.722      0.576450
   1.728      0.574453
   1.735      0.572462
   1.742      0.570476
   1.748      0.568498
   1.755      0.566526
   1.762      0.564561
   1.768      0.562603
   1.775      0.560652
   1.782      0.558709
   1.788      0.556773
   1.795      0.554845
   1.802      0.552925
   1.808      0.551013
   1.815      0.549109
   1.822      0.547214
   1.828      0.545327
   1.835      0.543448
   1.841      0.541578
   1.848      0.539717
   1.855      0.537865
   1.861      0.536022
   1.868      0.534188
   1.875      0.532363
   1.881      0.530547
   1.888      0.528741
   1.895      0.526944
   1.901      0.525156
   1.908      0.523377
   1.915      0.521608
   1.921      0.519849
   1.928      0.518099
   1.935      0.516359
   1.941      0.514628
   1.948      0.512907
   1.954      0.511195
   1.961      0.509493
   1.968      0.507801
   1.974      0.506118
   1.981      0.504445
   1.988      0.502782
   1.994      0.501128
   2.001      0.499483
   2.008      0.497848
   2.014      0.496223
   2.021      0.494607
   2.028      0.493001
   2.034      0.491404
   2.041      0.489817
   2.048      0.488239
   2.054      0.486671
   2.061      0.485111
   2.068      0.483561
   2.074      0.482020
   2.081      0.480489
   2.087      0.478966
   2.094      0.477453
   2.101      0.475949
   2.107      0.474453
   2.114      0.472967
   2.121      0.471489
   2.127      0.470021
   2.134      0.468561
   2.141      0.467110
   2.147      0.465667
   2.154      0.464233
   2.161      0.462808
   2.167      0.461391
   2.174      0.459983
   2.181      0.458582
   2.187      0.457191
   2.194      0.455807
   2.200      0.454432
   2.207      0.453065
   2.214      0.451706
   2.220      0.450355
   2.227      0.449011
   2.234      0.447676
   2.240      0.446349
   2.247      0.445029
   2.254      0.443717
   2.260      0.442413
   2.267      0.441116
   2.274      0.439827
   2.280      0.438545
   2.287      0.437270
   2.294      0.436003
   2.300      0.434744
   2.307      0.433491
   2.313      0.432246
   2.320      0.431007
   2.327      0.429776
   2.333      0.428552
   2.340      0.427335
   2.347      0.426124
   2.353      0.424921
   2.360      0.423724
   2.367      0.422534
   2.373      0.421350
   2.380      0.420173
   2.387      0.419003
   2.393      0.417839
   2.400      0.416682
   2.407      0.415531
   2.413      0.414386
   2.420      0.413248
   2.427      0.412115
   2.433      0.410989
   2.440      0.409870
   2.446      0.408756
   2.453      0.407648
   2.460      0.406546
   2.466      0.405451
   2.473      0.404361
   2.480      0.403277
   2.486      0.402198
   2.493      0.401126
   2.500      0.400059
   2.506      0.398998
   2.513      0.397942
   2.520      0.396892
   2.526      0.395848
   2.533      0.394809
   2.540      0.393775
   2.546      0.392747
   2.553      0.391724
   2.559      0.390707
   2.566      0.389695
   2.573      0.388688
   2.579      0.387686
   2.586      0.386689
   2.593      0.385698
   2.599      0.384711
   2.606      0.383730
   2.613      0.382754
   2.619      0.381782
   2.626      0.380816
   2.633      0.379854
   2.639      0.378897
   2.646      0.377945
