   0.005      1.511463
   0.010      1.511550
   0.015      1.511637
   0.020      1.511783
   0.025      1.511986
   0.030      1.512248
   0.035      1.512568
   0.040      1.512946
   0.045      1.513383
   0.050      1.513878
   0.055      1.514432
   0.060      1.515044
   0.065      1.515715
   0.070      1.516444
   0.075      1.517232
   0.080      1.518079
   0.085      1.518984
   0.090      1.519948
   0.095      1.520970
   0.100      1.522051
   0.105      1.523190
   0.110      1.524388
   0.115      1.525644
   0.120      1.526958
   0.125      1.528330
   0.130      1.529760
   0.135      1.531248
   0.140      1.532793
   0.145      1.534396
   0.150      1.536057
   0.155      1.537774
   0.160      1.539549
   0.165      1.541381
   0.170      1.543268
   0.175      1.545213
   0.180      1.547213
   0.185      1.549269
   0.190      1.551380
   0.195      1.553547
   0.200      1.555768
   0.205      1.558044
   0.210      1.560374
   0.215      1.562758
   0.220      1.565195
   0.225      1.567686
   0.230      1.570228
   0.235      1.572823
   0.240      1.575470
   0.245      1.578167
   0.250      1.580916
   0.255      1.583714
   0.260      1.586562
   0.265      1.589460
   0.270      1.592406
   0.275      1.595399
   0.280      1.598440
   0.285      1.601528
   0.290      1.604662
   0.295      1.607841
   0.300      1.611065
   0.305      1.614333
   0.310      1.617644
   0.315      1.620998
   0.320      1.624393
   0.325      1.627829
   0.330      1.631306
   0.335      1.634822
   0.340      1.638376
   0.345      1.641968
   0.350      1.645596
   0.355      1.649260
   0.360      1.652959
   0.365      1.656692
   0.370      1.660457
   0.375      1.664254
   0.380      1.668082
   0.385      1.671940
   0.390      1.675825
   0.395      1.679739
   0.400      1.683678
   0.405      1.687643
   0.410      1.691631
   0.415      1.695642
   0.420      1.699674
   0.425      1.703726
   0.430      1.707797
   0.435      1.711885
   0.440      1.715989
   0.445      1.720108
   0.450      1.724240
   0.455      1.728383
   0.460      1.732537
   0.465      1.736699
   0.470      1.740868
   0.475      1.745042
   0.480      1.749221
   0.485      1.753401
   0.490      1.757582
   0.495      1.761762
   0.500      1.765939
   0.505      1.770112
   0.510      1.774278
   0.515      1.778435
   0.520      1.782583
   0.525      1.786719
   0.530      1.790840
   0.535      1.794946
   0.540      1.799035
   0.545      1.803103
   0.550      1.807150
   0.555      1.811173
   0.560      1.815170
   0.565      1.819139
   0.570      1.823078
   0.575      1.826985
   0.580      1.830858
   0.585      1.834694
   0.590      1.838491
   0.595      1.842247
   0.600      1.845960
   0.605      1.849628
   0.610      1.853248
   0.615      1.856818
   0.620      1.860335
   0.625      1.863798
   0.630      1.867204
   0.635      1.870550
   0.640      1.873834
   0.645      1.877054
   0.650      1.880208
   0.655      1.883292
   0.660      1.886305
   0.665      1.889243
   0.670      1.892106
   0.675      1.894889
   0.680      1.897591
   0.685      1.900210
   0.690      1.902742
   0.695      1.905185
   0.700      1.907537
   0.705      1.909796
   0.710      1.911958
   0.715      1.914021
   0.720      1.915984
   0.725      1.917843
   0.730      1.919596
   0.735      1.921241
   0.740      1.922775
   0.745      1.924195
   0.750      1.925500
   0.755      1.926688
   0.760      1.927754
   0.765      1.928698
   0.770      1.929518
   0.775      1.930209
   0.780      1.930772
   0.785      1.931202
   0.790      1.931499
   0.795      1.931659
   0.800      1.931681
   0.805      1.931562
   0.810      1.931301
   0.815      1.930896
   0.820      1.930343
   0.825      1.929642
   0.830      1.928791
   0.835      1.927787
   0.840      1.926628
   0.845      1.925314
   0.850      1.923841
   0.855      1.922209
   0.860      1.920416
   0.865      1.918459
   0.870      1.916338
   0.875      1.914051
   0.880      1.911597
   0.885      1.908974
   0.890      1.906180
   0.895      1.903215
   0.900      1.900077
   0.905      1.896765
   0.910      1.893278
   0.915      1.889615
   0.920      1.885775
   0.925      1.881757
   0.930      1.877560
   0.935      1.873183
   0.940      1.868626
   0.945      1.863887
   0.950      1.858967
   0.955      1.853865
   0.960      1.848580
   0.965      1.843112
   0.970      1.837460
   0.975      1.831625
   0.980      1.825606
   0.985      1.819403
   0.990      1.813016
   0.995      1.806445
   1.000      1.799691
   1.005      1.792753
   1.010      1.785631
   1.015      1.778326
   1.020      1.770839
   1.025      1.763170
   1.030      1.755319
   1.035      1.747287
   1.040      1.739074
   1.045      1.730682
   1.050      1.722112
   1.055      1.713363
   1.060      1.704438
   1.065      1.695336
   1.070      1.686060
   1.075      1.676611
   1.080      1.666989
   1.085      1.657196
   1.090      1.647233
   1.095      1.637102
   1.100      1.626805
   1.105      1.616342
   1.110      1.605716
   1.115      1.594928
   1.120      1.583979
   1.125      1.572872
   1.130      1.561609
   1.135      1.550191
   1.140      1.538621
   1.145      1.526899
   1.150      1.515030
   1.155      1.503013
   1.160      1.490853
   1.165      1.478550
   1.170      1.466107
   1.175      1.453527
   1.180      1.440811
   1.185      1.427963
   1.190      1.414984
   1.195      1.401876
   1.200      1.388644
   1.205      1.375288
   1.210      1.361812
   1.215      1.348217
   1.220      1.334508
   1.225      1.320685
   1.230      1.306753
   1.235      1.292713
   1.240      1.278568
   1.245      1.264322
   1.250      1.249976
   1.255      1.235533
   1.260      1.220997
   1.265      1.206370
   1.270      1.191654
   1.275      1.176854
   1.280      1.161970
   1.285      1.147007
   1.290      1.131967
   1.295      1.116853
   1.300      1.101667
   1.305      1.086413
   1.310      1.071093
   1.315      1.055711
   1.320      1.040268
   1.325      1.024768
   1.330      1.009214
   1.335      0.993608
   1.340      0.977954
   1.345      0.962254
   1.350      0.946510
   1.355      0.930726
   1.360      0.914904
   1.365      0.899047
   1.370      0.883159
   1.375      0.867240
   1.380      0.851295
   1.385      0.835326
   1.390      0.819335
   1.395      0.803325
   1.400      0.787299
   1.405      0.771260
   1.410      0.755210
   1.415      0.739151
   1.420      0.723086
   1.425      0.707018
   1.430      0.690948
   1.435      0.674881
   1.440      0.658817
   1.445      0.642760
   1.450      0.626712
   1.455      0.610674
   1.460      0.594650
   1.465      0.578642
   1.470      0.562653
   1.475      0.546683
   1.480      0.530736
   1.485      0.514814
   1.490      0.498919
   1.495      0.483053
   1.500      0.467218
   1.505      0.451416
   1.510      0.435650
   1.515      0.419921
   1.520      0.404232
   1.525      0.388584
   1.530      0.372980
   1.535      0.357421
   1.540      0.341908
   1.545      0.326445
   1.550      0.311033
   1.555      0.295674
   1.560      0.280369
   1.565      0.265120
   1.570      0.249929
   1.575      0.234798
   1.580      0.219727
   1.585      0.204720
   1.590      0.189778
   1.595      0.174901
   1.600      0.160092
   1.605      0.145352
   1.610      0.130683
   1.615      0.116086
   1.620      0.101563
   1.625      0.087115
   1.630      0.072743
   1.635      0.058448
   1.640      0.044233
   1.645      0.030098
   1.650      0.016045
   1.655      0.002074
   1.660     -0.011812
   1.665     -0.025613
   1.670     -0.039327
   1.675     -0.052954
   1.680     -0.066492
   1.685     -0.079940
   1.690     -0.093298
   1.695     -0.106563
   1.700     -0.119735
   1.705     -0.132813
   1.710     -0.145797
   1.715     -0.158684
   1.720     -0.171474
   1.725     -0.184167
   1.730     -0.196761
   1.735     -0.209256
   1.740     -0.221650
   1.745     -0.233943
   1.750     -0.246135
   1.755     -0.258223
   1.760     -0.270208
   1.765     -0.282089
   1.770     -0.293866
   1.775     -0.305536
   1.780     -0.317101
   1.785     -0.328559
   1.790     -0.339909
   1.795     -0.351152
   1.800     -0.362286
   1.805     -0.373311
   1.810     -0.384226
   1.815     -0.395032
   1.820     -0.405726
   1.825     -0.416310
   1.830     -0.426782
   1.835     -0.437143
   1.840     -0.447391
   1.845     -0.457526
   1.850     -0.467549
   1.855     -0.477458
   1.860     -0.487254
   1.865     -0.496935
   1.870     -0.506502
   1.875     -0.515955
   1.880     -0.525293
   1.885     -0.534517
   1.890     -0.543625
   1.895     -0.552617
   1.900     -0.561494
   1.905     -0.570256
   1.910     -0.578901
   1.915     -0.587431
   1.920     -0.595845
   1.925     -0.604143
   1.930     -0.612324
   1.935     -0.620389
   1.940     -0.628338
   1.945     -0.636171
   1.950     -0.643888
   1.955     -0.651488
   1.960     -0.658972
   1.965     -0.666340
   1.970     -0.673593
   1.975     -0.680729
   1.980     -0.687749
   1.985     -0.694653
   1.990     -0.701442
   1.995     -0.708115
   2.000     -0.714673
   2.005     -0.721116
   2.010     -0.727444
   2.015     -0.733657
   2.020     -0.739756
   2.025     -0.745740
   2.030     -0.751610
   2.035     -0.757366
   2.040     -0.763009
   2.045     -0.768539
   2.050     -0.773956
   2.055     -0.779260
   2.060     -0.784451
   2.065     -0.789531
   2.070     -0.794499
   2.075     -0.799356
   2.080     -0.804102
   2.085     -0.808737
   2.090     -0.813263
   2.095     -0.817678
   2.100     -0.821984
   2.105     -0.826182
   2.110     -0.830271
   2.115     -0.834252
   2.120     -0.838126
   2.125     -0.841892
   2.130     -0.845552
   2.135     -0.849106
   2.140     -0.852554
   2.145     -0.855898
   2.150     -0.859137
   2.155     -0.862271
   2.160     -0.865303
   2.165     -0.868231
   2.170     -0.871058
   2.175     -0.873782
   2.180     -0.876405
   2.185     -0.878928
   2.190     -0.881351
   2.195     -0.883674
   2.200     -0.885899
   2.205     -0.888024
   2.210     -0.890052
   2.215     -0.891983
   2.220     -0.893818
   2.225     -0.895557
   2.230     -0.897201
   2.235     -0.898750
   2.240     -0.900207
   2.245     -0.901570
   2.250     -0.902841
   2.255     -0.904020
   2.260     -0.905108
   2.265     -0.906106
   2.270     -0.907015
   2.275     -0.907835
   2.280     -0.908566
   2.285     -0.909211
   2.290     -0.909768
   2.295     -0.910240
   2.300     -0.910626
   2.305     -0.910929
   2.310     -0.911147
   2.315     -0.911282
   2.320     -0.911336
   2.325     -0.911307
   2.330     -0.911198
   2.335     -0.911009
   2.340     -0.910741
   2.345     -0.910395
   2.350     -0.909971
   2.355     -0.909470
   2.360     -0.908892
   2.365     -0.908240
   2.370     -0.907513
   2.375     -0.906712
   2.380     -0.905839
   2.385     -0.904893
   2.390     -0.903876
   2.395     -0.902788
   2.400     -0.901630
   2.405     -0.900404
   2.410     -0.899109
   2.415     -0.897747
   2.420     -0.896318
   2.425     -0.894824
   2.430     -0.893264
   2.435     -0.891640
   2.440     -0.889953
   2.445     -0.888204
   2.450     -0.886392
   2.455     -0.884520
   2.460     -0.882587
   2.465     -0.880595
   2.470     -0.878544
   2.475     -0.876436
   2.480     -0.874271
   2.485     -0.872049
   2.490     -0.869773
   2.495     -0.867441
   2.500     -0.865056
   2.505     -0.862619
   2.510     -0.860128
   2.515     -0.857587
   2.520     -0.854995
   2.525     -0.852353
   2.530     -0.849663
   2.535     -0.846924
   2.540     -0.844138
   2.545     -0.841305
   2.550     -0.838427
   2.555     -0.835503
   2.560     -0.832536
   2.565     -0.829525
   2.570     -0.826471
   2.575     -0.823375
   2.580     -0.820239
   2.585     -0.817062
   2.590     -0.813845
   2.595     -0.810590
   2.600     -0.807296
   2.605     -0.803966
   2.610     -0.800599
   2.615     -0.797196
   2.620     -0.793758
   2.625     -0.790286
   2.630     -0.786781
   2.635     -0.783243
   2.640     -0.779672
   2.645     -0.776071
   2.650     -0.772439
   2.655     -0.768777
   2.660     -0.765087
   2.665     -0.761367
   2.670     -0.757621
   2.675     -0.753847
   2.680     -0.750047
   2.685     -0.746222
   2.690     -0.742372
   2.695     -0.738497
   2.700     -0.734600
   2.705     -0.730680
   2.710     -0.726737
   2.715     -0.722774
   2.720     -0.718789
   2.725     -0.714785
   2.730     -0.710762
   2.735     -0.706719
   2.740     -0.702659
   2.745     -0.698582
   2.750     -0.694487
   2.755     -0.690377
   2.760     -0.686252
   2.765     -0.682111
   2.770     -0.677957
   2.775     -0.673789
   2.780     -0.669608
   2.785     -0.665415
   2.790     -0.661210
   2.795     -0.656994
   2.800     -0.652768
   2.805     -0.648532
   2.810     -0.644286
   2.815     -0.640032
   2.820     -0.635770
   2.825     -0.631500
   2.830     -0.627223
   2.835     -0.622940
   2.840     -0.618652
   2.845     -0.614357
   2.850     -0.610059
   2.855     -0.605755
   2.860     -0.601449
   2.865     -0.597139
   2.870     -0.592827
   2.875     -0.588512
   2.880     -0.584196
   2.885     -0.579879
   2.890     -0.575561
   2.895     -0.571244
   2.900     -0.566927
   2.905     -0.562610
   2.910     -0.558295
   2.915     -0.553983
   2.920     -0.549672
   2.925     -0.545364
   2.930     -0.541060
   2.935     -0.536759
   2.940     -0.532463
   2.945     -0.528171
   2.950     -0.523884
   2.955     -0.519603
   2.960     -0.515327
   2.965     -0.511058
   2.970     -0.506796
   2.975     -0.502541
   2.980     -0.498293
   2.985     -0.494054
   2.990     -0.489823
   2.995     -0.485600
   3.000     -0.481387
   3.005     -0.477183
   3.010     -0.472989
   3.015     -0.468805
   3.020     -0.464632
   3.025     -0.460470
   3.030     -0.456319
   3.035     -0.452180
   3.040     -0.448053
   3.045     -0.443938
   3.050     -0.439835
   3.055     -0.435746
   3.060     -0.431670
   3.065     -0.427607
   3.070     -0.423559
   3.075     -0.419524
   3.080     -0.415504
   3.085     -0.411498
   3.090     -0.407508
   3.095     -0.403533
   3.100     -0.399574
   3.105     -0.395630
   3.110     -0.391702
   3.115     -0.387791
   3.120     -0.383896
   3.125     -0.380019
   3.130     -0.376158
   3.135     -0.372314
   3.140     -0.368488
   3.145     -0.364680
   3.150     -0.360890
   3.155     -0.357118
   3.160     -0.353365
   3.165     -0.349630
   3.170     -0.345913
   3.175     -0.342216
   3.180     -0.338538
   3.185     -0.334880
   3.190     -0.331240
   3.195     -0.327621
   3.200     -0.324021
   3.205     -0.320442
   3.210     -0.316883
   3.215     -0.313344
   3.220     -0.309825
   3.225     -0.306327
   3.230     -0.302850
   3.235     -0.299394
   3.240     -0.295959
   3.245     -0.292546
   3.250     -0.289153
   3.255     -0.285782
   3.260     -0.282432
   3.265     -0.279104
   3.270     -0.275798
   3.275     -0.272514
   3.280     -0.269251
   3.285     -0.266011
   3.290     -0.262793
   3.295     -0.259597
   3.300     -0.256423
   3.305     -0.253272
   3.310     -0.250143
   3.315     -0.247036
   3.320     -0.243952
   3.325     -0.240891
   3.330     -0.237852
   3.335     -0.234836
   3.340     -0.231843
   3.345     -0.228873
   3.350     -0.225925
   3.355     -0.223001
   3.360     -0.220099
   3.365     -0.217221
   3.370     -0.214365
   3.375     -0.211532
   3.380     -0.208722
   3.385     -0.205936
   3.390     -0.203172
   3.395     -0.200432
   3.400     -0.197714
   3.405     -0.195020
   3.410     -0.192348
   3.415     -0.189700
   3.420     -0.187075
   3.425     -0.184473
   3.430     -0.181893
   3.435     -0.179337
   3.440     -0.176804
   3.445     -0.174294
   3.450     -0.171806
   3.455     -0.169342
   3.460     -0.166900
   3.465     -0.164482
   3.470     -0.162086
   3.475     -0.159712
   3.480     -0.157362
   3.485     -0.155034
   3.490     -0.152729
   3.495     -0.150447
   3.500     -0.148187
   3.505     -0.145949
   3.510     -0.143734
   3.515     -0.141541
   3.520     -0.139370
   3.525     -0.137222
   3.530     -0.135096
   3.535     -0.132992
   3.540     -0.130910
   3.545     -0.128850
   3.550     -0.126811
   3.555     -0.124795
   3.560     -0.122800
   3.565     -0.120827
   3.570     -0.118875
   3.575     -0.116945
   3.580     -0.115037
   3.585     -0.113149
   3.590     -0.111283
   3.595     -0.109437
   3.600     -0.107613
   3.605     -0.105810
   3.610     -0.104027
   3.615     -0.102265
   3.620     -0.100524
   3.625     -0.098803
   3.630     -0.097103
   3.635     -0.095423
   3.640     -0.093763
   3.645     -0.092123
   3.650     -0.090503
   3.655     -0.088903
   3.660     -0.087323
   3.665     -0.085762
   3.670     -0.084221
   3.675     -0.082699
   3.680     -0.081197
   3.685     -0.079714
   3.690     -0.078249
   3.695     -0.076804
   3.700     -0.075377
   3.705     -0.073969
   3.710     -0.072580
   3.715     -0.071209
   3.720     -0.069856
   3.725     -0.068522
   3.730     -0.067205
   3.735     -0.065907
   3.740     -0.064626
   3.745     -0.063363
   3.750     -0.062117
   3.755     -0.060889
   3.760     -0.059678
   3.765     -0.058484
   3.770     -0.057307
   3.775     -0.056147
   3.780     -0.055004
   3.785     -0.053878
   3.790     -0.052767
   3.795     -0.051674
   3.800     -0.050596
   3.805     -0.049534
   3.810     -0.048489
   3.815     -0.047459
   3.820     -0.046445
   3.825     -0.045446
   3.830     -0.044463
   3.835     -0.043495
   3.840     -0.042542
   3.845     -0.041603
   3.850     -0.040680
   3.855     -0.039772
   3.860     -0.038878
   3.865     -0.037998
   3.870     -0.037133
   3.875     -0.036282
   3.880     -0.035444
   3.885     -0.034621
   3.890     -0.033811
   3.895     -0.033015
   3.900     -0.032233
   3.905     -0.031464
   3.910     -0.030707
   3.915     -0.029964
   3.920     -0.029234
   3.925     -0.028517
   3.930     -0.027812
   3.935     -0.027119
   3.940     -0.026439
   3.945     -0.025772
   3.950     -0.025116
   3.955     -0.024472
   3.960     -0.023840
   3.965     -0.023220
   3.970     -0.022611
   3.975     -0.022013
   3.980     -0.021427
   3.985     -0.020852
   3.990     -0.020288
   3.995     -0.019735
   4.000     -0.019192
   4.005     -0.018661
   4.010     -0.018139
   4.015     -0.017628
   4.020     -0.017127
   4.025     -0.016637
   4.030     -0.016156
   4.035     -0.015685
   4.040     -0.015224
   4.045     -0.014772
   4.050     -0.014329
   4.055     -0.013897
   4.060     -0.013473
   4.065     -0.013058
   4.070     -0.012652
   4.075     -0.012255
   4.080     -0.011867
   4.085     -0.011487
   4.090     -0.011116
   4.095     -0.010753
   4.100     -0.010398
   4.105     -0.010052
   4.110     -0.009713
   4.115     -0.009382
   4.120     -0.009059
   4.125     -0.008744
   4.130     -0.008436
   4.135     -0.008135
   4.140     -0.007842
   4.145     -0.007556
   4.150     -0.007277
   4.155     -0.007005
   4.160     -0.006740
   4.165     -0.006481
   4.170     -0.006229
   4.175     -0.005984
   4.180     -0.005745
   4.185     -0.005512
   4.190     -0.005285
   4.195     -0.005065
   4.200     -0.004850
   4.205     -0.004642
   4.210     -0.004439
   4.215     -0.004241
   4.220     -0.004050
   4.225     -0.003864
   4.230     -0.003683
   4.235     -0.003507
   4.240     -0.003337
   4.245     -0.003171
   4.250     -0.003011
   4.255     -0.002856
   4.260     -0.002705
   4.265     -0.002559
   4.270     -0.002417
   4.275     -0.002281
   4.280     -0.002148
   4.285     -0.002020
   4.290     -0.001896
   4.295     -0.001776
   4.300     -0.001660
   4.305     -0.001549
   4.310     -0.001441
   4.315     -0.001337
   4.320     -0.001236
   4.325     -0.001139
   4.330     -0.001046
   4.335     -0.000956
   4.340     -0.000870
   4.345     -0.000786
   4.350     -0.000706
   4.355     -0.000629
   4.360     -0.000555
   4.365     -0.000484
   4.370     -0.000415
   4.375     -0.000350
   4.380     -0.000286
   4.385     -0.000225
   4.390     -0.000166
   4.395     -0.000109
   4.400     -0.000054
   4.405      0.000000
