   0.000      3.519399
   0.008      3.518296
   0.017      3.516324
   0.025      3.513307
   0.034      3.509294
   0.042      3.504261
   0.050      3.498277
   0.059      3.491363
   0.067      3.483549
   0.075      3.474878
   0.084      3.465383
   0.092      3.455089
   0.101      3.444019
   0.109      3.432202
   0.117      3.419658
   0.126      3.406401
   0.134      3.392447
   0.142      3.377794
   0.151      3.362446
   0.159      3.346405
   0.168      3.329662
   0.176      3.312217
   0.184      3.294072
   0.193      3.275230
   0.201      3.255693
   0.209      3.235472
   0.218      3.214574
   0.226      3.193003
   0.235      3.170774
   0.243      3.147892
   0.251      3.124356
   0.260      3.100171
   0.268      3.075337
   0.276      3.049854
   0.285      3.023724
   0.293      2.996948
   0.302      2.969528
   0.310      2.941477
   0.318      2.912803
   0.327      2.883518
   0.335      2.853633
   0.343      2.823160
   0.352      2.792116
   0.360      2.760509
   0.369      2.728350
   0.377      2.695648
   0.385      2.662411
   0.394      2.628645
   0.402      2.594355
   0.410      2.559547
   0.419      2.524222
   0.427      2.488386
   0.436      2.452042
   0.444      2.415191
   0.452      2.377840
   0.461      2.339992
   0.469      2.301650
   0.477      2.262823
   0.486      2.223516
   0.494      2.183738
   0.503      2.143499
   0.511      2.102810
   0.519      2.061685
   0.528      2.020137
   0.536      1.978186
   0.544      1.935854
   0.553      1.893157
   0.561      1.850125
   0.570      1.806783
   0.578      1.763164
   0.586      1.719300
   0.595      1.675230
   0.603      1.630994
   0.611      1.586636
   0.620      1.542204
   0.628      1.497752
   0.637      1.453333
   0.645      1.409008
   0.653      1.364841
   0.662      1.320897
   0.670      1.277247
   0.678      1.233963
   0.687      1.191118
   0.695      1.148788
   0.704      1.107044
   0.712      1.065960
   0.720      1.025599
   0.729      0.986021
   0.737      0.947268
   0.746      0.909372
   0.754      0.872339
   0.762      0.836159
   0.771      0.800837
   0.779      0.766363
   0.787      0.732741
   0.796      0.699981
   0.804      0.668087
   0.813      0.637042
   0.821      0.606828
   0.829      0.577436
   0.838      0.548860
   0.846      0.521093
   0.854      0.494127
   0.863      0.467958
   0.871      0.442578
   0.880      0.417980
   0.888      0.394154
   0.896      0.371094
   0.905      0.348790
   0.913      0.327234
   0.921      0.306419
   0.930      0.286334
   0.938      0.266970
   0.947      0.248319
   0.955      0.230370
   0.963      0.213113
   0.972      0.196540
   0.980      0.180639
   0.988      0.165401
   0.997      0.150815
   1.005      0.136872
   1.014      0.123556
   1.022      0.110864
   1.030      0.098781
   1.039      0.087294
   1.047      0.076392
   1.055      0.066067
   1.064      0.056306
   1.072      0.047092
   1.081      0.038420
   1.089      0.030274
   1.097      0.022643
   1.106      0.015511
   1.114      0.008868
   1.122      0.002702
   1.131     -0.003003
   1.139     -0.008260
   1.148     -0.013082
   1.156     -0.017483
   1.164     -0.021477
   1.173     -0.025078
   1.181     -0.028300
   1.189     -0.031158
   1.198     -0.033667
   1.206     -0.035842
   1.215     -0.037695
   1.223     -0.039244
   1.231     -0.040501
   1.240     -0.041485
   1.248     -0.042206
   1.256     -0.042683
   1.265     -0.042928
   1.273     -0.042958
   1.282     -0.042786
   1.290     -0.042426
   1.298     -0.041895
   1.307     -0.041205
   1.315     -0.040371
   1.323     -0.039405
   1.332     -0.038324
   1.340     -0.037137
   1.349     -0.035859
   1.357     -0.034503
   1.365     -0.033080
   1.374     -0.031602
   1.382     -0.030081
   1.390     -0.028526
   1.399     -0.026949
   1.407     -0.025360
   1.416     -0.023767
   1.424     -0.022180
   1.432     -0.020607
   1.441     -0.019055
   1.449     -0.017533
   1.457     -0.016046
   1.466     -0.014601
   1.474     -0.013203
   1.483     -0.011858
   1.491     -0.010570
   1.499     -0.009342
   1.508     -0.008178
   1.516     -0.007081
   1.525     -0.006054
   1.533     -0.005097
   1.541     -0.004213
   1.550     -0.003401
   1.558     -0.002664
   1.566     -0.002000
   1.575     -0.001408
   1.583     -0.000888
   1.592     -0.000439
   1.600     -0.000060
   1.608      0.000253
   1.617      0.000500
   1.625      0.000686
   1.633      0.000811
   1.642      0.000878
   1.650      0.000892
   1.659      0.000856
   1.667      0.000772
   1.675      0.000643
   1.684      0.000474
   1.692      0.000269
   1.700      0.000031
   1.709     -0.000237
   1.717     -0.000532
   1.726     -0.000850
   1.734     -0.001185
   1.742     -0.001537
   1.751     -0.001902
   1.759     -0.002276
   1.767     -0.002656
   1.776     -0.003040
   1.784     -0.003424
   1.793     -0.003806
   1.801     -0.004183
   1.809     -0.004554
   1.818     -0.004916
   1.826     -0.005268
   1.834     -0.005606
   1.843     -0.005931
   1.851     -0.006240
   1.860     -0.006533
   1.868     -0.006808
   1.876     -0.007064
   1.885     -0.007301
   1.893     -0.007517
   1.901     -0.007714
   1.910     -0.007890
   1.918     -0.008045
   1.927     -0.008180
   1.935     -0.008294
   1.943     -0.008387
   1.952     -0.008461
   1.960     -0.008515
   1.968     -0.008550
   1.977     -0.008567
   1.985     -0.008566
   1.994     -0.008547
   2.002     -0.008512
   2.010     -0.008462
   2.019     -0.008398
   2.027     -0.008319
   2.035     -0.008228
   2.044     -0.008124
   2.052     -0.008009
   2.061     -0.007885
   2.069     -0.007751
   2.077     -0.007609
   2.086     -0.007459
   2.094     -0.007302
   2.102     -0.007139
   2.111     -0.006972
   2.119     -0.006800
   2.128     -0.006625
   2.136     -0.006447
   2.144     -0.006266
   2.153     -0.006084
   2.161     -0.005902
   2.169     -0.005719
   2.178     -0.005536
   2.186     -0.005354
   2.195     -0.005173
   2.203     -0.004994
   2.211     -0.004816
   2.220     -0.004641
   2.228     -0.004468
   2.237     -0.004299
   2.245     -0.004132
   2.253     -0.003969
   2.262     -0.003810
   2.270     -0.003653
   2.278     -0.003501
   2.287     -0.003353
   2.295     -0.003209
   2.304     -0.003069
   2.312     -0.002933
   2.320     -0.002801
   2.329     -0.002673
   2.337     -0.002550
   2.345     -0.002430
   2.354     -0.002315
   2.362     -0.002204
   2.371     -0.002097
   2.379     -0.001994
   2.387     -0.001895
   2.396     -0.001800
   2.404     -0.001708
   2.412     -0.001620
   2.421     -0.001536
   2.429     -0.001455
   2.438     -0.001378
   2.446     -0.001304
   2.454     -0.001232
   2.463     -0.001165
   2.471     -0.001100
   2.479     -0.001038
   2.488     -0.000980
   2.496     -0.000924
   2.505     -0.000871
   2.513     -0.000821
   2.521     -0.000773
   2.530     -0.000727
   2.538     -0.000684
   2.546     -0.000643
   2.555     -0.000603
   2.563     -0.000566
   2.572     -0.000531
   2.580     -0.000498
   2.588     -0.000466
   2.597     -0.000436
   2.605     -0.000408
   2.613     -0.000381
   2.622     -0.000355
   2.630     -0.000331
   2.639     -0.000308
   2.647     -0.000287
   2.655     -0.000267
   2.664     -0.000247
   2.672     -0.000229
   2.680     -0.000212
   2.689     -0.000196
   2.697     -0.000181
   2.706     -0.000166
   2.714     -0.000153
   2.722     -0.000140
   2.731     -0.000128
   2.739     -0.000117
   2.747     -0.000106
   2.756     -0.000096
   2.764     -0.000087
   2.773     -0.000078
   2.781     -0.000070
   2.789     -0.000062
   2.798     -0.000055
   2.806     -0.000048
   2.814     -0.000041
   2.823     -0.000035
   2.831     -0.000030
   2.840     -0.000025
   2.848     -0.000020
   2.856     -0.000015
   2.865     -0.000011
   2.873     -0.000007
   2.881     -0.000004
   2.890      0.000000
   2.898      0.000003
   2.907      0.000006
   2.915      0.000009
   2.923      0.000011
   2.932      0.000013
   2.940      0.000015
   2.949      0.000017
   2.957      0.000019
   2.965      0.000021
   2.974      0.000022
   2.982      0.000024
   2.990      0.000025
   2.999      0.000026
   3.007      0.000027
   3.016      0.000028
   3.024      0.000029
   3.032      0.000030
   3.041      0.000030
   3.049      0.000031
   3.057      0.000031
   3.066      0.000032
   3.074      0.000032
   3.083      0.000033
   3.091      0.000033
   3.099      0.000033
   3.108      0.000033
   3.116      0.000033
   3.124      0.000034
   3.133      0.000034
   3.141      0.000034
   3.150      0.000034
   3.158      0.000034
   3.166      0.000034
   3.175      0.000034
   3.183      0.000034
   3.191      0.000034
   3.200      0.000034
   3.208      0.000034
   3.217      0.000034
   3.225      0.000034
   3.233      0.000034
   3.242      0.000034
   3.250      0.000034
   3.258      0.000033
   3.267      0.000033
   3.275      0.000033
   3.284      0.000033
   3.292      0.000033
   3.300      0.000033
   3.309      0.000033
   3.317      0.000033
   3.325      0.000033
   3.334      0.000033
