   0.000      1.174754
   0.008      1.174748
   0.017      1.174730
   0.025      1.174700
   0.034      1.174658
   0.042      1.174603
   0.050      1.174536
   0.059      1.174456
   0.067      1.174364
   0.075      1.174258
   0.084      1.174139
   0.092      1.174006
   0.101      1.173859
   0.109      1.173698
   0.117      1.173521
   0.126      1.173329
   0.134      1.173122
   0.142      1.172897
   0.151      1.172656
   0.159      1.172396
   0.168      1.172118
   0.176      1.171821
   0.184      1.171504
   0.193      1.171165
   0.201      1.170805
   0.209      1.170422
   0.218      1.170016
   0.226      1.169584
   0.235      1.169126
   0.243      1.168642
   0.251      1.168128
   0.260      1.167586
   0.268      1.167012
   0.276      1.166406
   0.285      1.165765
   0.293      1.165090
   0.302      1.164377
   0.310      1.163626
   0.318      1.162835
   0.327      1.162002
   0.335      1.161124
   0.343      1.160201
   0.352      1.159231
   0.360      1.158211
   0.369      1.157140
   0.377      1.156014
   0.385      1.154834
   0.394      1.153595
   0.402      1.152297
   0.410      1.150937
   0.419      1.149512
   0.427      1.148021
   0.436      1.146461
   0.444      1.144830
   0.452      1.143127
   0.461      1.141347
   0.469      1.139491
   0.477      1.137555
   0.486      1.135536
   0.494      1.133435
   0.503      1.131247
   0.511      1.128971
   0.519      1.126606
   0.528      1.124149
   0.536      1.121599
   0.544      1.118954
   0.553      1.116213
   0.561      1.113375
   0.570      1.110437
   0.578      1.107400
   0.586      1.104262
   0.595      1.101023
   0.603      1.097681
   0.611      1.094238
   0.620      1.090691
   0.628      1.087043
   0.637      1.083292
   0.645      1.079440
   0.653      1.075486
   0.662      1.071433
   0.670      1.067281
   0.678      1.063032
   0.687      1.058686
   0.695      1.054247
   0.704      1.049716
   0.712      1.045096
   0.720      1.040389
   0.729      1.035598
   0.737      1.030726
   0.746      1.025777
   0.754      1.020753
   0.762      1.015658
   0.771      1.010496
   0.779      1.005272
   0.787      0.999989
   0.796      0.994651
   0.804      0.989262
   0.813      0.983828
   0.821      0.978353
   0.829      0.972841
   0.838      0.967297
   0.846      0.961725
   0.854      0.956131
   0.863      0.950520
   0.871      0.944894
   0.880      0.939261
   0.888      0.933623
   0.896      0.927985
   0.905      0.922353
   0.913      0.916729
   0.921      0.911119
   0.930      0.905527
   0.938      0.899956
   0.947      0.894410
   0.955      0.888893
   0.963      0.883408
   0.972      0.877958
   0.980      0.872547
   0.988      0.867178
   0.997      0.861852
   1.005      0.856574
   1.014      0.851344
   1.022      0.846165
   1.030      0.841039
   1.039      0.835968
   1.047      0.830953
   1.055      0.825995
   1.064      0.821095
   1.072      0.816256
   1.081      0.811476
   1.089      0.806757
   1.097      0.802099
   1.106      0.797503
   1.114      0.792968
   1.122      0.788495
   1.131      0.784083
   1.139      0.779732
   1.148      0.775441
   1.156      0.771211
   1.164      0.767039
   1.173      0.762927
   1.181      0.758872
   1.189      0.754873
   1.198      0.750931
   1.206      0.747043
   1.215      0.743209
   1.223      0.739427
   1.231      0.735697
   1.240      0.732016
   1.248      0.728385
   1.256      0.724800
   1.265      0.721262
   1.273      0.717769
   1.282      0.714319
   1.290      0.710912
   1.298      0.707545
   1.307      0.704218
   1.315      0.700930
   1.323      0.697678
   1.332      0.694462
   1.340      0.691281
   1.349      0.688133
   1.357      0.685017
   1.365      0.681932
   1.374      0.678877
   1.382      0.675851
   1.390      0.672853
   1.399      0.669882
   1.407      0.666936
   1.416      0.664016
   1.424      0.661119
   1.432      0.658245
   1.441      0.655394
   1.449      0.652564
   1.457      0.649756
   1.466      0.646967
   1.474      0.644197
   1.483      0.641447
   1.491      0.638714
   1.499      0.636000
   1.508      0.633302
   1.516      0.630621
   1.525      0.627956
   1.533      0.625307
   1.541      0.622673
   1.550      0.620053
   1.558      0.617449
   1.566      0.614859
   1.575      0.612282
   1.583      0.609720
   1.592      0.607171
   1.600      0.604635
   1.608      0.602112
   1.617      0.599602
   1.625      0.597104
   1.633      0.594619
   1.642      0.592146
   1.650      0.589686
   1.659      0.587238
   1.667      0.584801
   1.675      0.582377
   1.684      0.579964
   1.692      0.577564
   1.700      0.575175
   1.709      0.572798
   1.717      0.570432
   1.726      0.568078
   1.734      0.565736
   1.742      0.563406
   1.751      0.561087
   1.759      0.558779
   1.767      0.556484
   1.776      0.554200
   1.784      0.551927
   1.793      0.549667
   1.801      0.547418
   1.809      0.545180
   1.818      0.542954
   1.826      0.540740
   1.834      0.538538
   1.843      0.536347
   1.851      0.534169
   1.860      0.532002
   1.868      0.529846
   1.876      0.527703
   1.885      0.525571
   1.893      0.523451
   1.901      0.521343
   1.910      0.519247
   1.918      0.517162
   1.927      0.515090
   1.935      0.513029
   1.943      0.510980
   1.952      0.508943
   1.960      0.506918
   1.968      0.504905
   1.977      0.502904
   1.985      0.500914
   1.994      0.498937
   2.002      0.496971
   2.010      0.495017
   2.019      0.493075
   2.027      0.491144
   2.035      0.489226
   2.044      0.487319
   2.052      0.485424
   2.061      0.483540
   2.069      0.481669
   2.077      0.479809
   2.086      0.477960
   2.094      0.476123
   2.102      0.474298
   2.111      0.472484
   2.119      0.470682
   2.128      0.468891
   2.136      0.467111
   2.144      0.465343
   2.153      0.463586
   2.161      0.461840
   2.169      0.460106
   2.178      0.458383
   2.186      0.456670
   2.195      0.454969
   2.203      0.453279
   2.211      0.451600
   2.220      0.449932
   2.228      0.448275
   2.237      0.446628
   2.245      0.444992
   2.253      0.443367
   2.262      0.441752
   2.270      0.440148
   2.278      0.438555
   2.287      0.436971
   2.295      0.435399
   2.304      0.433836
   2.312      0.432284
   2.320      0.430742
   2.329      0.429210
   2.337      0.427688
   2.345      0.426176
   2.354      0.424674
   2.362      0.423182
   2.371      0.421699
   2.379      0.420226
   2.387      0.418763
   2.396      0.417310
   2.404      0.415865
   2.412      0.414431
   2.421      0.413005
   2.429      0.411589
   2.438      0.410183
   2.446      0.408785
   2.454      0.407396
   2.463      0.406017
   2.471      0.404646
   2.479      0.403284
   2.488      0.401931
   2.496      0.400587
   2.505      0.399252
   2.513      0.397925
   2.521      0.396606
   2.530      0.395296
   2.538      0.393995
   2.546      0.392702
   2.555      0.391417
   2.563      0.390140
   2.572      0.388871
   2.580      0.387611
   2.588      0.386358
   2.597      0.385113
   2.605      0.383876
   2.613      0.382647
   2.622      0.381426
   2.630      0.380212
   2.639      0.379006
   2.647      0.377808
   2.655      0.376617
   2.664      0.375433
   2.672      0.374257
   2.680      0.373088
   2.689      0.371926
   2.697      0.370772
   2.706      0.369624
   2.714      0.368484
   2.722      0.367350
   2.731      0.366223
   2.739      0.365104
   2.747      0.363991
   2.756      0.362885
   2.764      0.361785
   2.773      0.360692
   2.781      0.359606
   2.789      0.358526
   2.798      0.357453
   2.806      0.356386
   2.814      0.355325
   2.823      0.354271
   2.831      0.353222
   2.840      0.352181
   2.848      0.351145
   2.856      0.350115
   2.865      0.349091
   2.873      0.348073
   2.881      0.347062
   2.890      0.346056
   2.898      0.345055
   2.907      0.344061
   2.915      0.343072
   2.923      0.342089
   2.932      0.341112
   2.940      0.340140
   2.949      0.339174
   2.957      0.338213
   2.965      0.337258
   2.974      0.336308
   2.982      0.335363
   2.990      0.334424
   2.999      0.333489
   3.007      0.332560
   3.016      0.331637
   3.024      0.330718
   3.032      0.329804
   3.041      0.328896
   3.049      0.327992
   3.057      0.327094
   3.066      0.326200
   3.074      0.325311
   3.083      0.324427
   3.091      0.323548
   3.099      0.322674
   3.108      0.321804
   3.116      0.320939
   3.124      0.320078
   3.133      0.319222
   3.141      0.318371
   3.150      0.317524
   3.158      0.316682
   3.166      0.315844
   3.175      0.315011
   3.183      0.314182
   3.191      0.313357
   3.200      0.312537
   3.208      0.311721
   3.217      0.310909
   3.225      0.310102
   3.233      0.309298
   3.242      0.308499
   3.250      0.307704
   3.258      0.306913
   3.267      0.306126
   3.275      0.305343
   3.284      0.304564
   3.292      0.303789
   3.300      0.303018
   3.309      0.302251
   3.317      0.301488
   3.325      0.300728
   3.334      0.299973
