   0.006      0.000108
   0.013      0.001243
   0.019      0.002379
   0.025      0.003553
   0.032      0.004734
   0.038      0.005916
   0.044      0.007100
   0.050      0.008285
   0.057      0.009472
   0.063      0.010660
   0.069      0.011849
   0.076      0.013040
   0.082      0.014233
   0.088      0.015429
   0.095      0.016626
   0.101      0.017825
   0.107      0.019028
   0.113      0.020232
   0.120      0.021440
   0.126      0.022651
   0.132      0.023865
   0.139      0.025082
   0.145      0.026303
   0.151      0.027527
   0.158      0.028755
   0.164      0.029987
   0.170      0.031224
   0.176      0.032464
   0.183      0.033710
   0.189      0.034959
   0.195      0.036214
   0.202      0.037474
   0.208      0.038739
   0.214      0.040009
   0.221      0.041284
   0.227      0.042565
   0.233      0.043852
   0.239      0.045145
   0.246      0.046444
   0.252      0.047749
   0.258      0.049061
   0.265      0.050379
   0.271      0.051704
   0.277      0.053036
   0.283      0.054375
   0.290      0.055721
   0.296      0.057075
   0.302      0.058436
   0.309      0.059804
   0.315      0.061181
   0.321      0.062565
   0.328      0.063958
   0.334      0.065358
   0.340      0.066768
   0.347      0.068186
   0.353      0.069612
   0.359      0.071047
   0.365      0.072492
   0.372      0.073945
   0.378      0.075408
   0.384      0.076881
   0.391      0.078363
   0.397      0.079854
   0.403      0.081356
   0.409      0.082867
   0.416      0.084389
   0.422      0.085921
   0.428      0.087464
   0.435      0.089017
   0.441      0.090580
   0.447      0.092155
   0.454      0.093741
   0.460      0.095337
   0.466      0.096945
   0.473      0.098564
   0.479      0.100195
   0.485      0.101837
   0.491      0.103491
   0.498      0.105157
   0.504      0.106835
   0.510      0.108525
   0.517      0.110228
   0.523      0.111942
   0.529      0.113669
   0.535      0.115409
   0.542      0.117161
   0.548      0.118926
   0.554      0.120704
   0.561      0.122495
   0.567      0.124300
   0.573      0.126117
   0.580      0.127948
   0.586      0.129792
   0.592      0.131650
   0.599      0.133521
   0.605      0.135406
   0.611      0.137305
   0.617      0.139217
   0.624      0.141144
   0.630      0.143085
   0.636      0.145040
   0.643      0.147009
   0.649      0.148992
   0.655      0.150990
   0.661      0.153002
   0.668      0.155029
   0.674      0.157070
   0.680      0.159126
   0.687      0.161197
   0.693      0.163282
   0.699      0.165383
   0.706      0.167498
   0.712      0.169628
   0.718      0.171773
   0.725      0.173934
   0.731      0.176109
   0.737      0.178299
   0.743      0.180505
   0.750      0.182726
   0.756      0.184962
   0.762      0.187213
   0.769      0.189479
   0.775      0.191761
   0.781      0.194059
   0.787      0.196371
   0.794      0.198699
   0.800      0.201042
   0.806      0.203401
   0.813      0.205775
   0.819      0.208164
   0.825      0.210569
   0.832      0.212989
   0.838      0.215424
   0.844      0.217875
   0.851      0.220341
   0.857      0.222822
   0.863      0.225318
   0.869      0.227830
   0.876      0.230357
   0.882      0.232899
   0.888      0.235456
   0.895      0.238028
   0.901      0.240615
   0.907      0.243216
   0.913      0.245833
   0.920      0.248464
   0.926      0.251111
   0.932      0.253771
   0.939      0.256446
   0.945      0.259136
   0.951      0.261840
   0.958      0.264558
   0.964      0.267290
   0.970      0.270036
   0.977      0.272796
   0.983      0.275570
   0.989      0.278357
   0.995      0.281158
   1.002      0.283972
   1.008      0.286800
   1.014      0.289640
   1.021      0.292493
   1.027      0.295359
   1.033      0.298238
   1.040      0.301129
   1.046      0.304032
   1.052      0.306947
   1.058      0.309874
   1.065      0.312812
   1.071      0.315762
   1.077      0.318723
   1.084      0.321695
   1.090      0.324677
   1.096      0.327670
   1.103      0.330674
   1.109      0.333687
   1.115      0.336710
   1.121      0.339742
   1.128      0.342784
   1.134      0.345835
   1.140      0.348894
   1.147      0.351962
   1.153      0.355038
   1.159      0.358122
   1.165      0.361213
   1.172      0.364312
   1.178      0.367417
   1.184      0.370529
   1.191      0.373647
   1.197      0.376772
   1.203      0.379901
   1.210      0.383036
   1.216      0.386176
   1.222      0.389321
   1.228      0.392470
   1.235      0.395622
   1.241      0.398778
   1.247      0.401937
   1.254      0.405099
   1.260      0.408264
   1.266      0.411430
   1.273      0.414598
   1.279      0.417766
   1.285      0.420936
   1.292      0.424106
   1.298      0.427277
   1.304      0.430446
   1.310      0.433615
   1.317      0.436783
   1.323      0.439949
   1.329      0.443113
   1.336      0.446274
   1.342      0.449432
   1.348      0.452587
   1.355      0.455739
   1.361      0.458886
   1.367      0.462028
   1.373      0.465166
   1.380      0.468297
   1.386      0.471423
   1.392      0.474543
   1.399      0.477655
   1.405      0.480761
   1.411      0.483858
   1.417      0.486948
   1.424      0.490029
   1.430      0.493101
   1.436      0.496164
   1.443      0.499216
   1.449      0.502259
   1.455      0.505290
   1.462      0.508311
   1.468      0.511320
   1.474      0.514316
   1.480      0.517301
   1.487      0.520272
   1.493      0.523231
   1.499      0.526175
   1.506      0.529106
   1.512      0.532021
   1.518      0.534922
   1.525      0.537808
   1.531      0.540678
   1.537      0.543531
   1.544      0.546368
   1.550      0.549188
   1.556      0.551991
   1.562      0.554776
   1.569      0.557542
   1.575      0.560291
   1.581      0.563020
   1.588      0.565730
   1.594      0.568421
   1.600      0.571091
   1.607      0.573741
   1.613      0.576371
   1.619      0.578979
   1.625      0.581566
   1.632      0.584131
   1.638      0.586674
   1.644      0.589195
   1.651      0.591693
   1.657      0.594168
   1.663      0.596620
   1.669      0.599048
   1.676      0.601453
   1.682      0.603833
   1.688      0.606188
   1.695      0.608519
   1.701      0.610825
   1.707      0.613105
   1.714      0.615360
   1.720      0.617589
   1.726      0.619792
   1.732      0.621969
   1.739      0.624119
   1.745      0.626242
   1.751      0.628339
   1.758      0.630408
   1.764      0.632450
   1.770      0.634465
   1.777      0.636452
   1.783      0.638411
   1.789      0.640341
   1.796      0.642244
   1.802      0.644118
   1.808      0.645964
   1.814      0.647781
   1.821      0.649569
   1.827      0.651328
   1.833      0.653058
   1.840      0.654759
   1.846      0.656431
   1.852      0.658073
   1.859      0.659686
   1.865      0.661269
   1.871      0.662823
   1.877      0.664347
   1.884      0.665841
   1.890      0.667305
   1.896      0.668740
   1.903      0.670145
   1.909      0.671520
   1.915      0.672865
   1.921      0.674180
   1.928      0.675465
   1.934      0.676720
   1.940      0.677945
   1.947      0.679140
   1.953      0.680305
   1.959      0.681440
   1.966      0.682546
   1.972      0.683622
   1.978      0.684667
   1.984      0.685683
   1.991      0.686670
   1.997      0.687627
   2.003      0.688554
   2.010      0.689451
   2.016      0.690320
   2.022      0.691159
   2.029      0.691968
   2.035      0.692749
   2.041      0.693500
   2.047      0.694223
   2.054      0.694916
   2.060      0.695581
   2.066      0.696218
   2.073      0.696825
   2.079      0.697405
   2.085      0.697956
   2.092      0.698479
   2.098      0.698974
   2.104      0.699442
   2.111      0.699881
   2.117      0.700294
   2.123      0.700679
   2.129      0.701036
   2.136      0.701367
   2.142      0.701671
   2.148      0.701948
   2.155      0.702198
   2.161      0.702422
   2.167      0.702620
   2.174      0.702792
   2.180      0.702938
   2.186      0.703059
   2.192      0.703154
   2.199      0.703224
   2.205      0.703269
   2.211      0.703289
   2.218      0.703284
   2.224      0.703255
   2.230      0.703201
   2.236      0.703124
   2.243      0.703022
   2.249      0.702897
   2.255      0.702749
   2.262      0.702577
   2.268      0.702382
   2.274      0.702164
   2.281      0.701924
   2.287      0.701661
   2.293      0.701376
   2.300      0.701069
   2.306      0.700740
   2.312      0.700389
   2.318      0.700018
   2.325      0.699625
   2.331      0.699211
   2.337      0.698776
   2.344      0.698321
   2.350      0.697845
   2.356      0.697350
   2.362      0.696834
   2.369      0.696299
   2.375      0.695744
   2.381      0.695170
   2.388      0.694577
   2.394      0.693965
   2.400      0.693335
   2.407      0.692686
   2.413      0.692019
   2.419      0.691333
   2.425      0.690630
   2.432      0.689910
   2.438      0.689172
   2.444      0.688416
   2.451      0.687644
   2.457      0.686855
   2.463      0.686049
   2.470      0.685227
   2.476      0.684389
   2.482      0.683535
   2.489      0.682665
   2.495      0.681779
   2.501      0.680878
   2.507      0.679962
   2.514      0.679031
   2.520      0.678084
   2.526      0.677123
   2.533      0.676148
   2.539      0.675158
   2.545      0.674155
   2.551      0.673137
   2.558      0.672106
   2.564      0.671061
   2.570      0.670002
   2.577      0.668931
   2.583      0.667846
   2.589      0.666749
   2.596      0.665639
   2.602      0.664516
   2.608      0.663381
   2.615      0.662234
   2.621      0.661075
   2.627      0.659904
   2.633      0.658721
   2.640      0.657527
   2.646      0.656322
   2.652      0.655105
   2.659      0.653877
   2.665      0.652639
   2.671      0.651389
   2.678      0.650129
   2.684      0.648859
   2.690      0.647579
   2.696      0.646288
   2.703      0.644987
   2.709      0.643677
   2.715      0.642357
   2.722      0.641027
   2.728      0.639688
   2.734      0.638340
   2.740      0.636983
   2.747      0.635617
   2.753      0.634242
   2.759      0.632858
   2.766      0.631466
   2.772      0.630065
   2.778      0.628656
   2.785      0.627239
   2.791      0.625814
   2.797      0.624381
   2.804      0.622940
   2.810      0.621492
   2.816      0.620036
   2.822      0.618573
   2.829      0.617103
   2.835      0.615625
   2.841      0.614141
   2.848      0.612649
   2.854      0.611151
   2.860      0.609646
   2.866      0.608135
   2.873      0.606617
   2.879      0.605093
   2.885      0.603562
   2.892      0.602026
   2.898      0.600484
   2.904      0.598935
   2.911      0.597381
   2.917      0.595822
   2.923      0.594257
   2.929      0.592686
   2.936      0.591110
   2.942      0.589529
   2.948      0.587943
   2.955      0.586351
   2.961      0.584755
   2.967      0.583154
   2.974      0.581549
   2.980      0.579938
   2.986      0.578324
   2.993      0.576704
   2.999      0.575081
   3.005      0.573453
   3.011      0.571821
   3.018      0.570185
   3.024      0.568545
   3.030      0.566901
   3.037      0.565254
   3.043      0.563602
   3.049      0.561948
   3.055      0.560289
   3.062      0.558627
   3.068      0.556962
   3.074      0.555294
   3.081      0.553622
   3.087      0.551948
   3.093      0.550270
   3.100      0.548590
   3.106      0.546906
   3.112      0.545220
   3.119      0.543531
   3.125      0.541840
   3.131      0.540146
   3.137      0.538450
   3.144      0.536751
   3.150      0.535050
   3.156      0.533347
   3.163      0.531641
   3.169      0.529934
   3.175      0.528224
   3.182      0.526513
   3.188      0.524799
   3.194      0.523084
   3.200      0.521368
   3.207      0.519649
   3.213      0.517929
   3.219      0.516208
   3.226      0.514485
   3.232      0.512761
   3.238      0.511035
   3.244      0.509309
   3.251      0.507581
   3.257      0.505852
   3.263      0.504122
   3.270      0.502391
   3.276      0.500659
   3.282      0.498926
   3.289      0.497193
   3.295      0.495458
   3.301      0.493723
   3.308      0.491988
   3.314      0.490252
   3.320      0.488515
   3.326      0.486778
   3.333      0.485041
   3.339      0.483304
   3.345      0.481566
   3.352      0.479828
   3.358      0.478090
   3.364      0.476351
   3.370      0.474613
   3.377      0.472875
   3.383      0.471137
   3.389      0.469398
   3.396      0.467661
   3.402      0.465923
   3.408      0.464186
   3.415      0.462449
   3.421      0.460712
   3.427      0.458976
   3.433      0.457240
   3.440      0.455505
   3.446      0.453771
   3.452      0.452037
   3.459      0.450303
   3.465      0.448571
   3.471      0.446839
   3.478      0.445108
   3.484      0.443378
   3.490      0.441649
   3.497      0.439921
   3.503      0.438194
   3.509      0.436468
   3.515      0.434743
   3.522      0.433019
   3.528      0.431296
   3.534      0.429575
   3.541      0.427855
   3.547      0.426136
   3.553      0.424418
   3.559      0.422702
   3.566      0.420988
   3.572      0.419274
   3.578      0.417563
   3.585      0.415852
   3.591      0.414144
   3.597      0.412437
   3.604      0.410731
   3.610      0.409028
   3.616      0.407326
   3.623      0.405626
   3.629      0.403927
   3.635      0.402231
   3.641      0.400536
   3.648      0.398844
   3.654      0.397153
   3.660      0.395464
   3.667      0.393777
   3.673      0.392093
   3.679      0.390410
   3.686      0.388730
   3.692      0.387051
   3.698      0.385375
   3.704      0.383701
   3.711      0.382029
   3.717      0.380360
   3.723      0.378693
   3.730      0.377028
   3.736      0.375366
   3.742      0.373706
   3.748      0.372048
   3.755      0.370393
   3.761      0.368740
   3.767      0.367090
   3.774      0.365443
   3.780      0.363798
   3.786      0.362155
   3.793      0.360516
   3.799      0.358878
   3.805      0.357244
   3.812      0.355612
   3.818      0.353983
   3.824      0.352357
   3.830      0.350733
   3.837      0.349113
   3.843      0.347495
   3.849      0.345880
   3.856      0.344268
   3.862      0.342659
   3.868      0.341052
   3.874      0.339449
   3.881      0.337849
   3.887      0.336251
   3.893      0.334657
   3.900      0.333066
   3.906      0.331478
   3.912      0.329893
   3.919      0.328311
   3.925      0.326732
   3.931      0.325156
   3.938      0.323583
   3.944      0.322014
   3.950      0.320448
   3.956      0.318885
   3.963      0.317325
   3.969      0.315769
   3.975      0.314216
   3.982      0.312666
   3.988      0.311119
   3.994      0.309576
   4.000      0.308037
   4.007      0.306500
   4.013      0.304967
   4.019      0.303438
   4.026      0.301911
   4.032      0.300389
   4.038      0.298870
   4.045      0.297354
   4.051      0.295842
   4.057      0.294333
   4.064      0.292828
   4.070      0.291326
   4.076      0.289828
   4.082      0.288333
   4.089      0.286842
   4.095      0.285355
   4.101      0.283871
   4.108      0.282391
   4.114      0.280915
   4.120      0.279442
   4.127      0.277973
   4.133      0.276508
   4.139      0.275046
   4.145      0.273588
   4.152      0.272134
   4.158      0.270683
   4.164      0.269237
   4.171      0.267794
   4.177      0.266354
   4.183      0.264919
   4.189      0.263487
   4.196      0.262060
   4.202      0.260636
   4.208      0.259215
   4.215      0.257799
   4.221      0.256387
   4.227      0.254978
   4.234      0.253573
   4.240      0.252172
   4.246      0.250775
   4.253      0.249382
   4.259      0.247993
   4.265      0.246608
   4.271      0.245227
   4.278      0.243849
   4.284      0.242476
   4.290      0.241106
   4.297      0.239741
   4.303      0.238379
   4.309      0.237022
   4.316      0.235668
   4.322      0.234319
   4.328      0.232973
   4.334      0.231631
   4.341      0.230294
   4.347      0.228960
   4.353      0.227631
   4.360      0.226305
   4.366      0.224984
   4.372      0.223667
   4.378      0.222353
   4.385      0.221044
   4.391      0.219739
   4.397      0.218438
   4.404      0.217140
   4.410      0.215847
   4.416      0.214559
   4.423      0.213274
   4.429      0.211993
   4.435      0.210716
   4.442      0.209444
   4.448      0.208175
   4.454      0.206911
   4.460      0.205651
   4.467      0.204395
   4.473      0.203143
   4.479      0.201895
   4.486      0.200651
   4.492      0.199412
   4.498      0.198176
   4.505      0.196945
   4.511      0.195718
   4.517      0.194495
   4.523      0.193276
   4.530      0.192061
   4.536      0.190851
   4.542      0.189644
   4.549      0.188442
   4.555      0.187244
   4.561      0.186050
   4.567      0.184860
   4.574      0.183674
   4.580      0.182493
   4.586      0.181316
   4.593      0.180143
   4.599      0.178974
   4.605      0.177809
   4.612      0.176648
   4.618      0.175492
   4.624      0.174339
   4.630      0.173191
   4.637      0.172047
   4.643      0.170907
   4.649      0.169772
   4.656      0.168640
   4.662      0.167513
   4.668      0.166390
   4.675      0.165271
   4.681      0.164156
   4.687      0.163046
   4.694      0.161939
   4.700      0.160837
   4.706      0.159739
   4.712      0.158645
   4.719      0.157555
   4.725      0.156469
   4.731      0.155388
   4.738      0.154311
   4.744      0.153237
   4.750      0.152168
   4.756      0.151103
   4.763      0.150043
   4.769      0.148986
   4.775      0.147934
   4.782      0.146885
   4.788      0.145841
   4.794      0.144801
   4.801      0.143765
   4.807      0.142734
   4.813      0.141706
   4.819      0.140683
   4.826      0.139663
   4.832      0.138648
   4.838      0.137637
   4.845      0.136630
   4.851      0.135627
   4.857      0.134628
   4.864      0.133633
   4.870      0.132643
   4.876      0.131656
   4.883      0.130674
   4.889      0.129696
   4.895      0.128721
   4.901      0.127751
   4.908      0.126785
   4.914      0.125823
   4.920      0.124865
   4.927      0.123911
   4.933      0.122962
   4.939      0.122016
   4.946      0.121074
   4.952      0.120137
   4.958      0.119203
   4.964      0.118273
   4.971      0.117348
   4.977      0.116426
   4.983      0.115509
   4.990      0.114595
   4.996      0.113686
   5.002      0.112780
   5.008      0.111879
   5.015      0.110982
   5.021      0.110088
   5.027      0.109199
   5.034      0.108313
   5.040      0.107431
   5.046      0.106554
   5.053      0.105680
   5.059      0.104811
   5.065      0.103945
   5.072      0.103083
   5.078      0.102225
   5.084      0.101371
   5.090      0.100521
   5.097      0.099675
   5.103      0.098833
   5.109      0.097995
   5.116      0.097161
   5.122      0.096330
   5.128      0.095504
   5.135      0.094681
   5.141      0.093862
   5.147      0.093047
   5.153      0.092236
   5.160      0.091429
   5.166      0.090626
   5.172      0.089826
   5.179      0.089030
   5.185      0.088239
   5.191      0.087450
   5.197      0.086666
   5.204      0.085886
   5.210      0.085109
   5.216      0.084336
   5.223      0.083567
   5.229      0.082802
   5.235      0.082040
   5.242      0.081282
   5.248      0.080528
   5.254      0.079778
   5.261      0.079032
   5.267      0.078289
   5.273      0.077550
   5.279      0.076814
   5.286      0.076083
   5.292      0.075355
   5.298      0.074630
   5.305      0.073910
   5.311      0.073193
   5.317      0.072479
   5.324      0.071770
   5.330      0.071064
   5.336      0.070361
   5.342      0.069663
   5.349      0.068968
   5.355      0.068276
   5.361      0.067588
   5.368      0.066904
   5.374      0.066223
   5.380      0.065546
   5.386      0.064873
   5.393      0.064203
   5.399      0.063536
   5.405      0.062874
   5.412      0.062214
   5.418      0.061558
   5.424      0.060906
   5.431      0.060257
   5.437      0.059612
   5.443      0.058970
   5.450      0.058332
   5.456      0.057697
   5.462      0.057066
   5.468      0.056438
   5.475      0.055814
   5.481      0.055193
   5.487      0.054575
   5.494      0.053961
   5.500      0.053350
   5.506      0.052743
   5.513      0.052139
   5.519      0.051539
   5.525      0.050942
   5.531      0.050348
   5.538      0.049758
   5.544      0.049171
   5.550      0.048587
   5.557      0.048007
   5.563      0.047430
   5.569      0.046856
   5.575      0.046286
   5.582      0.045719
   5.588      0.045155
   5.594      0.044595
   5.601      0.044038
   5.607      0.043484
   5.613      0.042934
   5.620      0.042386
   5.626      0.041842
   5.632      0.041301
   5.638      0.040764
   5.645      0.040229
   5.651      0.039698
   5.657      0.039170
   5.664      0.038645
   5.670      0.038124
   5.676      0.037605
   5.683      0.037090
   5.689      0.036578
   5.695      0.036069
   5.702      0.035563
   5.708      0.035060
   5.714      0.034560
   5.720      0.034064
   5.727      0.033570
   5.733      0.033080
   5.739      0.032592
   5.746      0.032108
   5.752      0.031627
   5.758      0.031148
   5.764      0.030673
   5.771      0.030201
   5.777      0.029732
   5.783      0.029266
   5.790      0.028803
   5.796      0.028342
   5.802      0.027885
   5.809      0.027431
   5.815      0.026980
   5.821      0.026531
   5.827      0.026086
   5.834      0.025643
   5.840      0.025204
   5.846      0.024767
   5.853      0.024333
   5.859      0.023902
   5.865      0.023474
   5.872      0.023049
   5.878      0.022627
   5.884      0.022207
   5.891      0.021790
   5.897      0.021376
   5.903      0.020965
   5.909      0.020557
   5.916      0.020152
   5.922      0.019749
   5.928      0.019349
   5.935      0.018952
   5.941      0.018557
   5.947      0.018166
   5.954      0.017777
   5.960      0.017391
   5.966      0.017007
   5.972      0.016626
   5.979      0.016248
   5.985      0.015873
   5.991      0.015500
   5.998      0.015130
   6.004      0.014762
   6.010      0.014397
   6.016      0.014035
   6.023      0.013676
   6.029      0.013319
   6.035      0.012964
   6.042      0.012612
   6.048      0.012263
   6.054      0.011916
   6.061      0.011572
   6.067      0.011231
   6.073      0.010892
   6.080      0.010555
   6.086      0.010221
   6.092      0.009889
   6.098      0.009560
   6.105      0.009234
   6.111      0.008910
   6.117      0.008588
   6.124      0.008269
   6.130      0.007952
   6.136      0.007637
   6.143      0.007325
   6.149      0.007016
   6.155      0.006708
   6.161      0.006404
   6.168      0.006101
   6.174      0.005801
   6.180      0.005503
   6.187      0.005207
   6.193      0.004914
   6.199      0.004623
   6.205      0.004334
   6.212      0.004048
   6.218      0.003763
   6.224      0.003481
   6.231      0.003201
   6.237      0.002924
   6.243      0.002648
   6.250      0.002375
   6.256      0.002103
   6.262      0.001834
   6.269      0.001567
   6.275      0.001301
   6.281      0.001038
   6.287      0.000776
   6.294      0.000516
   6.300      0.000257
   6.306      0.000000
