   0.006      0.000584
   0.013      0.006722
   0.019      0.012861
   0.025      0.019210
   0.032      0.025588
   0.038      0.031977
   0.044      0.038371
   0.050      0.044770
   0.057      0.051172
   0.063      0.057579
   0.069      0.063989
   0.076      0.070405
   0.082      0.076826
   0.088      0.083252
   0.095      0.089684
   0.101      0.096122
   0.107      0.102567
   0.113      0.109020
   0.120      0.115480
   0.126      0.121948
   0.132      0.128424
   0.139      0.134910
   0.145      0.141404
   0.151      0.147909
   0.158      0.154423
   0.164      0.160948
   0.170      0.167483
   0.176      0.174030
   0.183      0.180589
   0.189      0.187160
   0.195      0.193742
   0.202      0.200338
   0.208      0.206947
   0.214      0.213569
   0.221      0.220205
   0.227      0.226855
   0.233      0.233520
   0.239      0.240199
   0.246      0.246894
   0.252      0.253604
   0.258      0.260329
   0.265      0.267071
   0.271      0.273828
   0.277      0.280603
   0.283      0.287394
   0.290      0.294202
   0.296      0.301028
   0.302      0.307871
   0.309      0.314732
   0.315      0.321611
   0.321      0.328508
   0.328      0.335423
   0.334      0.342358
   0.340      0.349311
   0.347      0.356283
   0.353      0.363274
   0.359      0.370284
   0.365      0.377314
   0.372      0.384363
   0.378      0.391432
   0.384      0.398521
   0.391      0.405630
   0.397      0.412759
   0.403      0.419907
   0.409      0.427076
   0.416      0.434265
   0.422      0.441474
   0.428      0.448703
   0.435      0.455952
   0.441      0.463222
   0.447      0.470511
   0.454      0.477821
   0.460      0.485151
   0.466      0.492500
   0.473      0.499870
   0.479      0.507259
   0.485      0.514669
   0.491      0.522097
   0.498      0.529546
   0.504      0.537013
   0.510      0.544500
   0.517      0.552006
   0.523      0.559530
   0.529      0.567073
   0.535      0.574635
   0.542      0.582215
   0.548      0.589812
   0.554      0.597427
   0.561      0.605060
   0.567      0.612709
   0.573      0.620375
   0.580      0.628057
   0.586      0.635756
   0.592      0.643470
   0.599      0.651199
   0.605      0.658943
   0.611      0.666702
   0.617      0.674474
   0.624      0.682260
   0.630      0.690059
   0.636      0.697871
   0.643      0.705695
   0.649      0.713530
   0.655      0.721376
   0.661      0.729232
   0.668      0.737099
   0.674      0.744974
   0.680      0.752858
   0.687      0.760751
   0.693      0.768650
   0.699      0.776556
   0.706      0.784468
   0.712      0.792386
   0.718      0.800308
   0.725      0.808234
   0.731      0.816163
   0.737      0.824094
   0.743      0.832027
   0.750      0.839960
   0.756      0.847894
   0.762      0.855826
   0.769      0.863757
   0.775      0.871685
   0.781      0.879609
   0.787      0.887529
   0.794      0.895444
   0.800      0.903352
   0.806      0.911253
   0.813      0.919146
   0.819      0.927029
   0.825      0.934902
   0.832      0.942763
   0.838      0.950613
   0.844      0.958448
   0.851      0.966270
   0.857      0.974075
   0.863      0.981864
   0.869      0.989635
   0.876      0.997387
   0.882      1.005118
   0.888      1.012828
   0.895      1.020516
   0.901      1.028180
   0.907      1.035818
   0.913      1.043431
   0.920      1.051016
   0.926      1.058572
   0.932      1.066097
   0.939      1.073592
   0.945      1.081053
   0.951      1.088481
   0.958      1.095873
   0.964      1.103228
   0.970      1.110544
   0.977      1.117822
   0.983      1.125058
   0.989      1.132251
   0.995      1.139401
   1.002      1.146505
   1.008      1.153563
   1.014      1.160572
   1.021      1.167532
   1.027      1.174440
   1.033      1.181295
   1.040      1.188096
   1.046      1.194841
   1.052      1.201529
   1.058      1.208158
   1.065      1.214727
   1.071      1.221233
   1.077      1.227676
   1.084      1.234054
   1.090      1.240365
   1.096      1.246607
   1.103      1.252780
   1.109      1.258881
   1.115      1.264910
   1.121      1.270863
   1.128      1.276740
   1.134      1.282539
   1.140      1.288259
   1.147      1.293897
   1.153      1.299453
   1.159      1.304925
   1.165      1.310310
   1.172      1.315608
   1.178      1.320817
   1.184      1.325936
   1.191      1.330962
   1.197      1.335894
   1.203      1.340730
   1.210      1.345470
   1.216      1.350111
   1.222      1.354652
   1.228      1.359092
   1.235      1.363428
   1.241      1.367660
   1.247      1.371786
   1.254      1.375804
   1.260      1.379712
   1.266      1.383511
   1.273      1.387197
   1.279      1.390770
   1.285      1.394229
   1.292      1.397571
   1.298      1.400796
   1.304      1.403902
   1.310      1.406888
   1.317      1.409752
   1.323      1.412494
   1.329      1.415112
   1.336      1.417605
   1.342      1.419972
   1.348      1.422212
   1.355      1.424323
   1.361      1.426304
   1.367      1.428155
   1.373      1.429874
   1.380      1.431461
   1.386      1.432914
   1.392      1.434233
   1.399      1.435416
   1.405      1.436464
   1.411      1.437374
   1.417      1.438146
   1.424      1.438780
   1.430      1.439275
   1.436      1.439630
   1.443      1.439845
   1.449      1.439919
   1.455      1.439851
   1.462      1.439641
   1.468      1.439289
   1.474      1.438794
   1.480      1.438155
   1.487      1.437374
   1.493      1.436448
   1.499      1.435378
   1.506      1.434164
   1.512      1.432806
   1.518      1.431303
   1.525      1.429656
   1.531      1.427864
   1.537      1.425927
   1.544      1.423846
   1.550      1.421621
   1.556      1.419251
   1.562      1.416738
   1.569      1.414080
   1.575      1.411280
   1.581      1.408336
   1.588      1.405249
   1.594      1.402020
   1.600      1.398649
   1.607      1.395137
   1.613      1.391484
   1.619      1.387690
   1.625      1.383757
   1.632      1.379685
   1.638      1.375475
   1.644      1.371128
   1.651      1.366644
   1.657      1.362024
   1.663      1.357269
   1.669      1.352381
   1.676      1.347359
   1.682      1.342205
   1.688      1.336921
   1.695      1.331506
   1.701      1.325963
   1.707      1.320292
   1.714      1.314495
   1.720      1.308573
   1.726      1.302526
   1.732      1.296358
   1.739      1.290068
   1.745      1.283658
   1.751      1.277129
   1.758      1.270484
   1.764      1.263723
   1.770      1.256848
   1.777      1.249861
   1.783      1.242762
   1.789      1.235554
   1.796      1.228239
   1.802      1.220817
   1.808      1.213291
   1.814      1.205662
   1.821      1.197931
   1.827      1.190102
   1.833      1.182175
   1.840      1.174152
   1.846      1.166036
   1.852      1.157827
   1.859      1.149528
   1.865      1.141140
   1.871      1.132666
   1.877      1.124107
   1.884      1.115465
   1.890      1.106743
   1.896      1.097942
   1.903      1.089064
   1.909      1.080110
   1.915      1.071084
   1.921      1.061987
   1.928      1.052821
   1.934      1.043588
   1.940      1.034290
   1.947      1.024928
   1.953      1.015506
   1.959      1.006025
   1.966      0.996487
   1.972      0.986895
   1.978      0.977249
   1.984      0.967552
   1.991      0.957807
   1.997      0.948015
   2.003      0.938179
   2.010      0.928300
   2.016      0.918380
   2.022      0.908421
   2.029      0.898426
   2.035      0.888397
   2.041      0.878334
   2.047      0.868242
   2.054      0.858121
   2.060      0.847973
   2.066      0.837800
   2.073      0.827605
   2.079      0.817390
   2.085      0.807155
   2.092      0.796904
   2.098      0.786638
   2.104      0.776359
   2.111      0.766069
   2.117      0.755770
   2.123      0.745464
   2.129      0.735152
   2.136      0.724836
   2.142      0.714519
   2.148      0.704201
   2.155      0.693886
   2.161      0.683574
   2.167      0.673267
   2.174      0.662967
   2.180      0.652676
   2.186      0.642396
   2.192      0.632127
   2.199      0.621873
   2.205      0.611633
   2.211      0.601411
   2.218      0.591207
   2.224      0.581024
   2.230      0.570862
   2.236      0.560723
   2.243      0.550609
   2.249      0.540521
   2.255      0.530461
   2.262      0.520430
   2.268      0.510429
   2.274      0.500460
   2.281      0.490524
   2.287      0.480623
   2.293      0.470758
   2.300      0.460930
   2.306      0.451140
   2.312      0.441389
   2.318      0.431680
   2.325      0.422013
   2.331      0.412388
   2.337      0.402809
   2.344      0.393274
   2.350      0.383786
   2.356      0.374346
   2.362      0.364954
   2.369      0.355612
   2.375      0.346321
   2.381      0.337081
   2.388      0.327894
   2.394      0.318760
   2.400      0.309680
   2.407      0.300656
   2.413      0.291688
   2.419      0.282777
   2.425      0.273923
   2.432      0.265128
   2.438      0.256392
   2.444      0.247716
   2.451      0.239100
   2.457      0.230546
   2.463      0.222054
   2.470      0.213625
   2.476      0.205258
   2.482      0.196956
   2.489      0.188718
   2.495      0.180545
   2.501      0.172437
   2.507      0.164395
   2.514      0.156419
   2.520      0.148511
   2.526      0.140669
   2.533      0.132896
   2.539      0.125190
   2.545      0.117553
   2.551      0.109985
   2.558      0.102486
   2.564      0.095056
   2.570      0.087696
   2.577      0.080406
   2.583      0.073186
   2.589      0.066037
   2.596      0.058959
   2.602      0.051951
   2.608      0.045015
   2.615      0.038150
   2.621      0.031356
   2.627      0.024634
   2.633      0.017984
   2.640      0.011405
   2.646      0.004898
   2.652     -0.001537
   2.659     -0.007900
   2.665     -0.014191
   2.671     -0.020410
   2.678     -0.026558
   2.684     -0.032633
   2.690     -0.038636
   2.696     -0.044568
   2.703     -0.050427
   2.709     -0.056215
   2.715     -0.061932
   2.722     -0.067577
   2.728     -0.073150
   2.734     -0.078652
   2.740     -0.084083
   2.747     -0.089443
   2.753     -0.094732
   2.759     -0.099950
   2.766     -0.105098
   2.772     -0.110176
   2.778     -0.115184
   2.785     -0.120121
   2.791     -0.124989
   2.797     -0.129788
   2.804     -0.134518
   2.810     -0.139179
   2.816     -0.143771
   2.822     -0.148295
   2.829     -0.152751
   2.835     -0.157139
   2.841     -0.161460
   2.848     -0.165714
   2.854     -0.169901
   2.860     -0.174021
   2.866     -0.178076
   2.873     -0.182065
   2.879     -0.185988
   2.885     -0.189847
   2.892     -0.193640
   2.898     -0.197370
   2.904     -0.201035
   2.911     -0.204638
   2.917     -0.208177
   2.923     -0.211653
   2.929     -0.215067
   2.936     -0.218419
   2.942     -0.221710
   2.948     -0.224939
   2.955     -0.228108
   2.961     -0.231217
   2.967     -0.234266
   2.974     -0.237256
   2.980     -0.240187
   2.986     -0.243059
   2.993     -0.245874
   2.999     -0.248631
   3.005     -0.251331
   3.011     -0.253974
   3.018     -0.256561
   3.024     -0.259093
   3.030     -0.261569
   3.037     -0.263991
   3.043     -0.266358
   3.049     -0.268672
   3.055     -0.270932
   3.062     -0.273140
   3.068     -0.275295
   3.074     -0.277398
   3.081     -0.279450
   3.087     -0.281451
   3.093     -0.283402
   3.100     -0.285303
   3.106     -0.287154
   3.112     -0.288957
   3.119     -0.290711
   3.125     -0.292417
   3.131     -0.294076
   3.137     -0.295687
   3.144     -0.297253
   3.150     -0.298772
   3.156     -0.300246
   3.163     -0.301675
   3.169     -0.303059
   3.175     -0.304400
   3.182     -0.305697
   3.188     -0.306951
   3.194     -0.308162
   3.200     -0.309331
   3.207     -0.310459
   3.213     -0.311546
   3.219     -0.312592
   3.226     -0.313597
   3.232     -0.314564
   3.238     -0.315491
   3.244     -0.316379
   3.251     -0.317229
   3.257     -0.318042
   3.263     -0.318817
   3.270     -0.319555
   3.276     -0.320257
   3.282     -0.320923
   3.289     -0.321554
   3.295     -0.322150
   3.301     -0.322711
   3.308     -0.323239
   3.314     -0.323733
   3.320     -0.324193
   3.326     -0.324621
   3.333     -0.325017
   3.339     -0.325381
   3.345     -0.325714
   3.352     -0.326016
   3.358     -0.326287
   3.364     -0.326529
   3.370     -0.326741
   3.377     -0.326924
   3.383     -0.327078
   3.389     -0.327203
   3.396     -0.327301
   3.402     -0.327372
   3.408     -0.327415
   3.415     -0.327432
   3.421     -0.327422
   3.427     -0.327387
   3.433     -0.327326
   3.440     -0.327241
   3.446     -0.327130
   3.452     -0.326996
   3.459     -0.326838
   3.465     -0.326656
   3.471     -0.326451
   3.478     -0.326223
   3.484     -0.325974
   3.490     -0.325702
   3.497     -0.325408
   3.503     -0.325094
   3.509     -0.324759
   3.515     -0.324403
   3.522     -0.324027
   3.528     -0.323631
   3.534     -0.323216
   3.541     -0.322782
   3.547     -0.322329
   3.553     -0.321857
   3.559     -0.321368
   3.566     -0.320861
   3.572     -0.320336
   3.578     -0.319795
   3.585     -0.319236
   3.591     -0.318662
   3.597     -0.318071
   3.604     -0.317464
   3.610     -0.316842
   3.616     -0.316205
   3.623     -0.315552
   3.629     -0.314886
   3.635     -0.314204
   3.641     -0.313509
   3.648     -0.312801
   3.654     -0.312078
   3.660     -0.311343
   3.667     -0.310595
   3.673     -0.309834
   3.679     -0.309060
   3.686     -0.308275
   3.692     -0.307478
   3.698     -0.306670
   3.704     -0.305850
   3.711     -0.305019
   3.717     -0.304177
   3.723     -0.303325
   3.730     -0.302463
   3.736     -0.301590
   3.742     -0.300708
   3.748     -0.299816
   3.755     -0.298915
   3.761     -0.298005
   3.767     -0.297085
   3.774     -0.296158
   3.780     -0.295222
   3.786     -0.294277
   3.793     -0.293325
   3.799     -0.292365
   3.805     -0.291397
   3.812     -0.290422
   3.818     -0.289440
   3.824     -0.288450
   3.830     -0.287454
   3.837     -0.286452
   3.843     -0.285443
   3.849     -0.284428
   3.856     -0.283407
   3.862     -0.282380
   3.868     -0.281347
   3.874     -0.280309
   3.881     -0.279266
   3.887     -0.278217
   3.893     -0.277164
   3.900     -0.276106
   3.906     -0.275043
   3.912     -0.273975
   3.919     -0.272904
   3.925     -0.271828
   3.931     -0.270748
   3.938     -0.269665
   3.944     -0.268578
   3.950     -0.267487
   3.956     -0.266393
   3.963     -0.265296
   3.969     -0.264195
   3.975     -0.263092
   3.982     -0.261985
   3.988     -0.260876
   3.994     -0.259765
   4.000     -0.258651
   4.007     -0.257535
   4.013     -0.256416
   4.019     -0.255296
   4.026     -0.254173
   4.032     -0.253049
   4.038     -0.251923
   4.045     -0.250795
   4.051     -0.249666
   4.057     -0.248536
   4.064     -0.247404
   4.070     -0.246271
   4.076     -0.245137
   4.082     -0.244002
   4.089     -0.242867
   4.095     -0.241730
   4.101     -0.240593
   4.108     -0.239455
   4.114     -0.238317
   4.120     -0.237179
   4.127     -0.236040
   4.133     -0.234901
   4.139     -0.233762
   4.145     -0.232623
   4.152     -0.231484
   4.158     -0.230345
   4.164     -0.229207
   4.171     -0.228068
   4.177     -0.226930
   4.183     -0.225793
   4.189     -0.224656
   4.196     -0.223520
   4.202     -0.222384
   4.208     -0.221250
   4.215     -0.220116
   4.221     -0.218982
   4.227     -0.217850
   4.234     -0.216719
   4.240     -0.215589
   4.246     -0.214460
   4.253     -0.213333
   4.259     -0.212206
   4.265     -0.211081
   4.271     -0.209958
   4.278     -0.208835
   4.284     -0.207715
   4.290     -0.206595
   4.297     -0.205478
   4.303     -0.204362
   4.309     -0.203248
   4.316     -0.202135
   4.322     -0.201025
   4.328     -0.199916
   4.334     -0.198809
   4.341     -0.197704
   4.347     -0.196601
   4.353     -0.195500
   4.360     -0.194402
   4.366     -0.193305
   4.372     -0.192210
   4.378     -0.191118
   4.385     -0.190028
   4.391     -0.188940
   4.397     -0.187855
   4.404     -0.186771
   4.410     -0.185691
   4.416     -0.184612
   4.423     -0.183536
   4.429     -0.182463
   4.435     -0.181392
   4.442     -0.180324
   4.448     -0.179258
   4.454     -0.178194
   4.460     -0.177134
   4.467     -0.176076
   4.473     -0.175021
   4.479     -0.173968
   4.486     -0.172919
   4.492     -0.171872
   4.498     -0.170827
   4.505     -0.169786
   4.511     -0.168747
   4.517     -0.167712
   4.523     -0.166679
   4.530     -0.165649
   4.536     -0.164622
   4.542     -0.163598
   4.549     -0.162577
   4.555     -0.161559
   4.561     -0.160544
   4.567     -0.159532
   4.574     -0.158523
   4.580     -0.157517
   4.586     -0.156514
   4.593     -0.155514
   4.599     -0.154517
   4.605     -0.153524
   4.612     -0.152533
   4.618     -0.151546
   4.624     -0.150562
   4.630     -0.149581
   4.637     -0.148603
   4.643     -0.147629
   4.649     -0.146658
   4.656     -0.145689
   4.662     -0.144725
   4.668     -0.143763
   4.675     -0.142805
   4.681     -0.141849
   4.687     -0.140898
   4.694     -0.139949
   4.700     -0.139004
   4.706     -0.138062
   4.712     -0.137123
   4.719     -0.136188
   4.725     -0.135256
   4.731     -0.134327
   4.738     -0.133402
   4.744     -0.132480
   4.750     -0.131561
   4.756     -0.130646
   4.763     -0.129734
   4.769     -0.128826
   4.775     -0.127921
   4.782     -0.127019
   4.788     -0.126120
   4.794     -0.125225
   4.801     -0.124334
   4.807     -0.123446
   4.813     -0.122561
   4.819     -0.121679
   4.826     -0.120801
   4.832     -0.119927
   4.838     -0.119056
   4.845     -0.118188
   4.851     -0.117324
   4.857     -0.116463
   4.864     -0.115605
   4.870     -0.114751
   4.876     -0.113900
   4.883     -0.113053
   4.889     -0.112209
   4.895     -0.111369
   4.901     -0.110532
   4.908     -0.109698
   4.914     -0.108868
   4.920     -0.108041
   4.927     -0.107218
   4.933     -0.106398
   4.939     -0.105582
   4.946     -0.104769
   4.952     -0.103959
   4.958     -0.103153
   4.964     -0.102350
   4.971     -0.101551
   4.977     -0.100755
   4.983     -0.099962
   4.990     -0.099173
   4.996     -0.098387
   5.002     -0.097605
   5.008     -0.096826
   5.015     -0.096050
   5.021     -0.095278
   5.027     -0.094510
   5.034     -0.093744
   5.040     -0.092982
   5.046     -0.092224
   5.053     -0.091468
   5.059     -0.090717
   5.065     -0.089968
   5.072     -0.089223
   5.078     -0.088481
   5.084     -0.087743
   5.090     -0.087008
   5.097     -0.086277
   5.103     -0.085548
   5.109     -0.084823
   5.116     -0.084102
   5.122     -0.083384
   5.128     -0.082669
   5.135     -0.081957
   5.141     -0.081249
   5.147     -0.080544
   5.153     -0.079842
   5.160     -0.079144
   5.166     -0.078449
   5.172     -0.077757
   5.179     -0.077069
   5.185     -0.076384
   5.191     -0.075702
   5.197     -0.075023
   5.204     -0.074348
   5.210     -0.073676
   5.216     -0.073007
   5.223     -0.072342
   5.229     -0.071680
   5.235     -0.071021
   5.242     -0.070365
   5.248     -0.069712
   5.254     -0.069063
   5.261     -0.068417
   5.267     -0.067774
   5.273     -0.067135
   5.279     -0.066498
   5.286     -0.065865
   5.292     -0.065235
   5.298     -0.064608
   5.305     -0.063984
   5.311     -0.063364
   5.317     -0.062747
   5.324     -0.062132
   5.330     -0.061521
   5.336     -0.060913
   5.342     -0.060309
   5.349     -0.059707
   5.355     -0.059108
   5.361     -0.058513
   5.368     -0.057921
   5.374     -0.057332
   5.380     -0.056745
   5.386     -0.056162
   5.393     -0.055583
   5.399     -0.055006
   5.405     -0.054432
   5.412     -0.053861
   5.418     -0.053294
   5.424     -0.052729
   5.431     -0.052167
   5.437     -0.051609
   5.443     -0.051053
   5.450     -0.050501
   5.456     -0.049951
   5.462     -0.049405
   5.468     -0.048861
   5.475     -0.048321
   5.481     -0.047783
   5.487     -0.047249
   5.494     -0.046717
   5.500     -0.046188
   5.506     -0.045662
   5.513     -0.045140
   5.519     -0.044620
   5.525     -0.044103
   5.531     -0.043589
   5.538     -0.043078
   5.544     -0.042570
   5.550     -0.042065
   5.557     -0.041562
   5.563     -0.041063
   5.569     -0.040566
   5.575     -0.040073
   5.582     -0.039582
   5.588     -0.039094
   5.594     -0.038609
   5.601     -0.038126
   5.607     -0.037647
   5.613     -0.037170
   5.620     -0.036696
   5.626     -0.036225
   5.632     -0.035757
   5.638     -0.035292
   5.645     -0.034829
   5.651     -0.034369
   5.657     -0.033912
   5.664     -0.033458
   5.670     -0.033006
   5.676     -0.032557
   5.683     -0.032111
   5.689     -0.031667
   5.695     -0.031227
   5.702     -0.030789
   5.708     -0.030353
   5.714     -0.029921
   5.720     -0.029491
   5.727     -0.029064
   5.733     -0.028639
   5.739     -0.028217
   5.746     -0.027798
   5.752     -0.027381
   5.758     -0.026967
   5.764     -0.026556
   5.771     -0.026147
   5.777     -0.025741
   5.783     -0.025337
   5.790     -0.024936
   5.796     -0.024538
   5.802     -0.024142
   5.809     -0.023749
   5.815     -0.023358
   5.821     -0.022970
   5.827     -0.022584
   5.834     -0.022201
   5.840     -0.021820
   5.846     -0.021442
   5.853     -0.021067
   5.859     -0.020694
   5.865     -0.020323
   5.872     -0.019955
   5.878     -0.019589
   5.884     -0.019226
   5.891     -0.018865
   5.897     -0.018507
   5.903     -0.018151
   5.909     -0.017798
   5.916     -0.017447
   5.922     -0.017098
   5.928     -0.016752
   5.935     -0.016408
   5.941     -0.016066
   5.947     -0.015727
   5.954     -0.015391
   5.960     -0.015056
   5.966     -0.014724
   5.972     -0.014394
   5.979     -0.014067
   5.985     -0.013742
   5.991     -0.013419
   5.998     -0.013099
   6.004     -0.012781
   6.010     -0.012465
   6.016     -0.012151
   6.023     -0.011840
   6.029     -0.011531
   6.035     -0.011224
   6.042     -0.010919
   6.048     -0.010617
   6.054     -0.010317
   6.061     -0.010019
   6.067     -0.009723
   6.073     -0.009430
   6.080     -0.009138
   6.086     -0.008849
   6.092     -0.008562
   6.098     -0.008277
   6.105     -0.007994
   6.111     -0.007714
   6.117     -0.007435
   6.124     -0.007159
   6.130     -0.006884
   6.136     -0.006612
   6.143     -0.006342
   6.149     -0.006074
   6.155     -0.005808
   6.161     -0.005544
   6.168     -0.005282
   6.174     -0.005022
   6.180     -0.004764
   6.187     -0.004508
   6.193     -0.004254
   6.199     -0.004002
   6.205     -0.003752
   6.212     -0.003504
   6.218     -0.003258
   6.224     -0.003014
   6.231     -0.002772
   6.237     -0.002531
   6.243     -0.002293
   6.250     -0.002056
   6.256     -0.001821
   6.262     -0.001588
   6.269     -0.001356
   6.275     -0.001126
   6.281     -0.000898
   6.287     -0.000672
   6.294     -0.000447
   6.300     -0.000223
   6.306      0.000000
