   0.006      0.142031
   0.013      0.142067
   0.019      0.142103
   0.025      0.142164
   0.032      0.142249
   0.038      0.142358
   0.044      0.142491
   0.050      0.142649
   0.057      0.142831
   0.063      0.143037
   0.069      0.143268
   0.076      0.143524
   0.082      0.143804
   0.088      0.144109
   0.095      0.144438
   0.101      0.144792
   0.107      0.145171
   0.113      0.145575
   0.120      0.146004
   0.126      0.146457
   0.132      0.146936
   0.139      0.147440
   0.145      0.147969
   0.151      0.148523
   0.158      0.149103
   0.164      0.149708
   0.170      0.150338
   0.176      0.150994
   0.183      0.151676
   0.189      0.152384
   0.195      0.153117
   0.202      0.153876
   0.208      0.154662
   0.214      0.155473
   0.221      0.156311
   0.227      0.157174
   0.233      0.158065
   0.239      0.158982
   0.246      0.159925
   0.252      0.160895
   0.258      0.161892
   0.265      0.162916
   0.271      0.163967
   0.277      0.165045
   0.283      0.166151
   0.290      0.167284
   0.296      0.168444
   0.302      0.169632
   0.309      0.170848
   0.315      0.172091
   0.321      0.173363
   0.328      0.174663
   0.334      0.175991
   0.340      0.177347
   0.347      0.178732
   0.353      0.180145
   0.359      0.181588
   0.365      0.183059
   0.372      0.184559
   0.378      0.186088
   0.384      0.187647
   0.391      0.189234
   0.397      0.190852
   0.403      0.192499
   0.409      0.194175
   0.416      0.195882
   0.422      0.197619
   0.428      0.199385
   0.435      0.201182
   0.441      0.203009
   0.447      0.204867
   0.454      0.206755
   0.460      0.208674
   0.466      0.210624
   0.473      0.212605
   0.479      0.214617
   0.485      0.216660
   0.491      0.218734
   0.498      0.220840
   0.504      0.222977
   0.510      0.225145
   0.517      0.227346
   0.523      0.229578
   0.529      0.231842
   0.535      0.234137
   0.542      0.236465
   0.548      0.238825
   0.554      0.241218
   0.561      0.243642
   0.567      0.246099
   0.573      0.248588
   0.580      0.251110
   0.586      0.253664
   0.592      0.256251
   0.599      0.258870
   0.605      0.261522
   0.611      0.264207
   0.617      0.266925
   0.624      0.269675
   0.630      0.272458
   0.636      0.275274
   0.643      0.278123
   0.649      0.281004
   0.655      0.283919
   0.661      0.286866
   0.668      0.289846
   0.674      0.292859
   0.680      0.295904
   0.687      0.298983
   0.693      0.302094
   0.699      0.305237
   0.706      0.308413
   0.712      0.311622
   0.718      0.314863
   0.725      0.318137
   0.731      0.321443
   0.737      0.324781
   0.743      0.328151
   0.750      0.331553
   0.756      0.334987
   0.762      0.338453
   0.769      0.341950
   0.775      0.345479
   0.781      0.349039
   0.787      0.352630
   0.794      0.356252
   0.800      0.359905
   0.806      0.363589
   0.813      0.367303
   0.819      0.371047
   0.825      0.374821
   0.832      0.378625
   0.838      0.382458
   0.844      0.386320
   0.851      0.390212
   0.857      0.394132
   0.863      0.398080
   0.869      0.402057
   0.876      0.406061
   0.882      0.410092
   0.888      0.414151
   0.895      0.418236
   0.901      0.422348
   0.907      0.426486
   0.913      0.430649
   0.920      0.434837
   0.926      0.439050
   0.932      0.443287
   0.939      0.447549
   0.945      0.451833
   0.951      0.456141
   0.958      0.460470
   0.964      0.464822
   0.970      0.469195
   0.977      0.473590
   0.983      0.478004
   0.989      0.482438
   0.995      0.486891
   1.002      0.491363
   1.008      0.495853
   1.014      0.500361
   1.021      0.504885
   1.027      0.509425
   1.033      0.513981
   1.040      0.518552
   1.046      0.523136
   1.052      0.527734
   1.058      0.532345
   1.065      0.536968
   1.071      0.541602
   1.077      0.546246
   1.084      0.550901
   1.090      0.555564
   1.096      0.560235
   1.103      0.564914
   1.109      0.569599
   1.115      0.574291
   1.121      0.578987
   1.128      0.583687
   1.134      0.588390
   1.140      0.593095
   1.147      0.597802
   1.153      0.602510
   1.159      0.607217
   1.165      0.611923
   1.172      0.616627
   1.178      0.621327
   1.184      0.626024
   1.191      0.630716
   1.197      0.635401
   1.203      0.640080
   1.210      0.644751
   1.216      0.649414
   1.222      0.654066
   1.228      0.658708
   1.235      0.663338
   1.241      0.667955
   1.247      0.672558
   1.254      0.677147
   1.260      0.681720
   1.266      0.686276
   1.273      0.690815
   1.279      0.695335
   1.285      0.699835
   1.292      0.704315
   1.298      0.708772
   1.304      0.713207
   1.310      0.717619
   1.317      0.722006
   1.323      0.726367
   1.329      0.730701
   1.336      0.735008
   1.342      0.739286
   1.348      0.743535
   1.355      0.747753
   1.361      0.751940
   1.367      0.756094
   1.373      0.760215
   1.380      0.764302
   1.386      0.768353
   1.392      0.772369
   1.399      0.776348
   1.405      0.780288
   1.411      0.784191
   1.417      0.788053
   1.424      0.791876
   1.430      0.795657
   1.436      0.799396
   1.443      0.803092
   1.449      0.806745
   1.455      0.810354
   1.462      0.813917
   1.468      0.817435
   1.474      0.820906
   1.480      0.824331
   1.487      0.827707
   1.493      0.831034
   1.499      0.834313
   1.506      0.837542
   1.512      0.840720
   1.518      0.843848
   1.525      0.846924
   1.531      0.849947
   1.537      0.852919
   1.544      0.855837
   1.550      0.858701
   1.556      0.861512
   1.562      0.864268
   1.569      0.866969
   1.575      0.869615
   1.581      0.872205
   1.588      0.874739
   1.594      0.877217
   1.600      0.879638
   1.607      0.882002
   1.613      0.884309
   1.619      0.886558
   1.625      0.888749
   1.632      0.890883
   1.638      0.892958
   1.644      0.894975
   1.651      0.896934
   1.657      0.898834
   1.663      0.900676
   1.669      0.902458
   1.676      0.904182
   1.682      0.905847
   1.688      0.907453
   1.695      0.909000
   1.701      0.910489
   1.707      0.911918
   1.714      0.913289
   1.720      0.914601
   1.726      0.915855
   1.732      0.917050
   1.739      0.918186
   1.745      0.919265
   1.751      0.920285
   1.758      0.921248
   1.764      0.922153
   1.770      0.923000
   1.777      0.923791
   1.783      0.924524
   1.789      0.925201
   1.796      0.925822
   1.802      0.926386
   1.808      0.926895
   1.814      0.927348
   1.821      0.927746
   1.827      0.928090
   1.833      0.928379
   1.840      0.928614
   1.846      0.928795
   1.852      0.928924
   1.859      0.928999
   1.865      0.929022
   1.871      0.928994
   1.877      0.928914
   1.884      0.928782
   1.890      0.928601
   1.896      0.928369
   1.903      0.928088
   1.909      0.927757
   1.915      0.927378
   1.921      0.926951
   1.928      0.926476
   1.934      0.925954
   1.940      0.925386
   1.947      0.924771
   1.953      0.924111
   1.959      0.923407
   1.966      0.922657
   1.972      0.921864
   1.978      0.921028
   1.984      0.920148
   1.991      0.919227
   1.997      0.918264
   2.003      0.917259
   2.010      0.916214
   2.016      0.915130
   2.022      0.914005
   2.029      0.912842
   2.035      0.911641
   2.041      0.910402
   2.047      0.909125
   2.054      0.907812
   2.060      0.906463
   2.066      0.905079
   2.073      0.903659
   2.079      0.902205
   2.085      0.900717
   2.092      0.899196
   2.098      0.897643
   2.104      0.896057
   2.111      0.894439
   2.117      0.892790
   2.123      0.891111
   2.129      0.889402
   2.136      0.887663
   2.142      0.885895
   2.148      0.884099
   2.155      0.882275
   2.161      0.880423
   2.167      0.878545
   2.174      0.876640
   2.180      0.874709
   2.186      0.872753
   2.192      0.870772
   2.199      0.868767
   2.205      0.866737
   2.211      0.864685
   2.218      0.862609
   2.224      0.860511
   2.230      0.858391
   2.236      0.856249
   2.243      0.854086
   2.249      0.851902
   2.255      0.849699
   2.262      0.847475
   2.268      0.845232
   2.274      0.842970
   2.281      0.840690
   2.287      0.838392
   2.293      0.836076
   2.300      0.833743
   2.306      0.831392
   2.312      0.829026
   2.318      0.826643
   2.325      0.824245
   2.331      0.821832
   2.337      0.819403
   2.344      0.816960
   2.350      0.814503
   2.356      0.812032
   2.362      0.809548
   2.369      0.807050
   2.375      0.804540
   2.381      0.802017
   2.388      0.799483
   2.394      0.796936
   2.400      0.794378
   2.407      0.791809
   2.413      0.789230
   2.419      0.786639
   2.425      0.784039
   2.432      0.781429
   2.438      0.778809
   2.444      0.776180
   2.451      0.773542
   2.457      0.770896
   2.463      0.768241
   2.470      0.765578
   2.476      0.762907
   2.482      0.760228
   2.489      0.757543
   2.495      0.754850
   2.501      0.752150
   2.507      0.749444
   2.514      0.746732
   2.520      0.744014
   2.526      0.741289
   2.533      0.738560
   2.539      0.735825
   2.545      0.733085
   2.551      0.730340
   2.558      0.727590
   2.564      0.724836
   2.570      0.722078
   2.577      0.719316
   2.583      0.716550
   2.589      0.713781
   2.596      0.711008
   2.602      0.708233
   2.608      0.705454
   2.615      0.702672
   2.621      0.699888
   2.627      0.697102
   2.633      0.694314
   2.640      0.691523
   2.646      0.688731
   2.652      0.685937
   2.659      0.683142
   2.665      0.680345
   2.671      0.677547
   2.678      0.674749
   2.684      0.671949
   2.690      0.669149
   2.696      0.666349
   2.703      0.663548
   2.709      0.660748
   2.715      0.657947
   2.722      0.655146
   2.728      0.652346
   2.734      0.649546
   2.740      0.646747
   2.747      0.643949
   2.753      0.641151
   2.759      0.638355
   2.766      0.635559
   2.772      0.632765
   2.778      0.629972
   2.785      0.627181
   2.791      0.624392
   2.797      0.621604
   2.804      0.618819
   2.810      0.616035
   2.816      0.613254
   2.822      0.610475
   2.829      0.607699
   2.835      0.604925
   2.841      0.602153
   2.848      0.599385
   2.854      0.596619
   2.860      0.593856
   2.866      0.591097
   2.873      0.588340
   2.879      0.585587
   2.885      0.582837
   2.892      0.580091
   2.898      0.577349
   2.904      0.574610
   2.911      0.571874
   2.917      0.569143
   2.923      0.566416
   2.929      0.563693
   2.936      0.560974
   2.942      0.558259
   2.948      0.555548
   2.955      0.552842
   2.961      0.550140
   2.967      0.547443
   2.974      0.544751
   2.980      0.542063
   2.986      0.539380
   2.993      0.536702
   2.999      0.534029
   3.005      0.531361
   3.011      0.528698
   3.018      0.526040
   3.024      0.523387
   3.030      0.520740
   3.037      0.518098
   3.043      0.515461
   3.049      0.512830
   3.055      0.510204
   3.062      0.507585
   3.068      0.504970
   3.074      0.502362
   3.081      0.499759
   3.087      0.497162
   3.093      0.494571
   3.100      0.491986
   3.106      0.489407
   3.112      0.486834
   3.119      0.484268
   3.125      0.481707
   3.131      0.479153
   3.137      0.476604
   3.144      0.474063
   3.150      0.471527
   3.156      0.468998
   3.163      0.466475
   3.169      0.463959
   3.175      0.461450
   3.182      0.458947
   3.188      0.456450
   3.194      0.453961
   3.200      0.451478
   3.207      0.449002
   3.213      0.446532
   3.219      0.444069
   3.226      0.441614
   3.232      0.439165
   3.238      0.436723
   3.244      0.434288
   3.251      0.431860
   3.257      0.429439
   3.263      0.427025
   3.270      0.424618
   3.276      0.422218
   3.282      0.419825
   3.289      0.417440
   3.295      0.415062
   3.301      0.412691
   3.308      0.410327
   3.314      0.407970
   3.320      0.405621
   3.326      0.403279
   3.333      0.400945
   3.339      0.398617
   3.345      0.396298
   3.352      0.393985
   3.358      0.391680
   3.364      0.389383
   3.370      0.387093
   3.377      0.384810
   3.383      0.382535
   3.389      0.380268
   3.396      0.378008
   3.402      0.375755
   3.408      0.373511
   3.415      0.371273
   3.421      0.369044
   3.427      0.366822
   3.433      0.364607
   3.440      0.362401
   3.446      0.360202
   3.452      0.358010
   3.459      0.355827
   3.465      0.353651
   3.471      0.351482
   3.478      0.349322
   3.484      0.347169
   3.490      0.345024
   3.497      0.342886
   3.503      0.340757
   3.509      0.338635
   3.515      0.336521
   3.522      0.334414
   3.528      0.332316
   3.534      0.330225
   3.541      0.328142
   3.547      0.326067
   3.553      0.324000
   3.559      0.321940
   3.566      0.319888
   3.572      0.317844
   3.578      0.315808
   3.585      0.313780
   3.591      0.311759
   3.597      0.309747
   3.604      0.307742
   3.610      0.305745
   3.616      0.303755
   3.623      0.301774
   3.629      0.299800
   3.635      0.297835
   3.641      0.295877
   3.648      0.293926
   3.654      0.291984
   3.660      0.290050
   3.667      0.288123
   3.673      0.286204
   3.679      0.284293
   3.686      0.282390
   3.692      0.280494
   3.698      0.278607
   3.704      0.276727
   3.711      0.274855
   3.717      0.272990
   3.723      0.271134
   3.730      0.269285
   3.736      0.267444
   3.742      0.265611
   3.748      0.263785
   3.755      0.261968
   3.761      0.260158
   3.767      0.258356
   3.774      0.256561
   3.780      0.254774
   3.786      0.252995
   3.793      0.251224
   3.799      0.249460
   3.805      0.247704
   3.812      0.245956
   3.818      0.244215
   3.824      0.242482
   3.830      0.240757
   3.837      0.239039
   3.843      0.237329
   3.849      0.235627
   3.856      0.233932
   3.862      0.232245
   3.868      0.230565
   3.874      0.228893
   3.881      0.227229
   3.887      0.225572
   3.893      0.223922
   3.900      0.222280
   3.906      0.220646
   3.912      0.219019
   3.919      0.217400
   3.925      0.215788
   3.931      0.214184
   3.938      0.212587
   3.944      0.210997
   3.950      0.209415
   3.956      0.207841
   3.963      0.206273
   3.969      0.204714
   3.975      0.203161
   3.982      0.201616
   3.988      0.200078
   3.994      0.198548
   4.000      0.197025
   4.007      0.195509
   4.013      0.194001
   4.019      0.192500
   4.026      0.191006
   4.032      0.189519
   4.038      0.188039
   4.045      0.186567
   4.051      0.185102
   4.057      0.183644
   4.064      0.182194
   4.070      0.180750
   4.076      0.179314
   4.082      0.177884
   4.089      0.176462
   4.095      0.175047
   4.101      0.173639
   4.108      0.172238
   4.114      0.170844
   4.120      0.169457
   4.127      0.168077
   4.133      0.166704
   4.139      0.165338
   4.145      0.163979
   4.152      0.162627
   4.158      0.161282
   4.164      0.159944
   4.171      0.158612
   4.177      0.157288
   4.183      0.155970
   4.189      0.154659
   4.196      0.153355
   4.202      0.152058
   4.208      0.150768
   4.215      0.149484
   4.221      0.148207
   4.227      0.146937
   4.234      0.145673
   4.240      0.144416
   4.246      0.143166
   4.253      0.141922
   4.259      0.140685
   4.265      0.139455
   4.271      0.138231
   4.278      0.137014
   4.284      0.135803
   4.290      0.134599
   4.297      0.133402
   4.303      0.132210
   4.309      0.131026
   4.316      0.129847
   4.322      0.128676
   4.328      0.127510
   4.334      0.126351
   4.341      0.125199
   4.347      0.124052
   4.353      0.122913
   4.360      0.121779
   4.366      0.120652
   4.372      0.119531
   4.378      0.118416
   4.385      0.117307
   4.391      0.116205
   4.397      0.115109
   4.404      0.114019
   4.410      0.112935
   4.416      0.111857
   4.423      0.110786
   4.429      0.109720
   4.435      0.108661
   4.442      0.107608
   4.448      0.106560
   4.454      0.105519
   4.460      0.104484
   4.467      0.103455
   4.473      0.102431
   4.479      0.101414
   4.486      0.100402
   4.492      0.099397
   4.498      0.098397
   4.505      0.097403
   4.511      0.096415
   4.517      0.095433
   4.523      0.094456
   4.530      0.093486
   4.536      0.092521
   4.542      0.091561
   4.549      0.090608
   4.555      0.089660
   4.561      0.088718
   4.567      0.087781
   4.574      0.086851
   4.580      0.085925
   4.586      0.085006
   4.593      0.084092
   4.599      0.083183
   4.605      0.082280
   4.612      0.081382
   4.618      0.080490
   4.624      0.079604
   4.630      0.078723
   4.637      0.077847
   4.643      0.076977
   4.649      0.076112
   4.656      0.075252
   4.662      0.074398
   4.668      0.073549
   4.675      0.072705
   4.681      0.071867
   4.687      0.071034
   4.694      0.070206
   4.700      0.069383
   4.706      0.068566
   4.712      0.067753
   4.719      0.066946
   4.725      0.066144
   4.731      0.065347
   4.738      0.064556
   4.744      0.063769
   4.750      0.062987
   4.756      0.062211
   4.763      0.061439
   4.769      0.060672
   4.775      0.059911
   4.782      0.059154
   4.788      0.058402
   4.794      0.057656
   4.801      0.056914
   4.807      0.056176
   4.813      0.055444
   4.819      0.054717
   4.826      0.053994
   4.832      0.053276
   4.838      0.052563
   4.845      0.051855
   4.851      0.051151
   4.857      0.050453
   4.864      0.049758
   4.870      0.049069
   4.876      0.048384
   4.883      0.047704
   4.889      0.047028
   4.895      0.046357
   4.901      0.045691
   4.908      0.045029
   4.914      0.044371
   4.920      0.043718
   4.927      0.043070
   4.933      0.042426
   4.939      0.041787
   4.946      0.041151
   4.952      0.040521
   4.958      0.039895
   4.964      0.039273
   4.971      0.038655
   4.977      0.038042
   4.983      0.037433
   4.990      0.036828
   4.996      0.036228
   5.002      0.035632
   5.008      0.035040
   5.015      0.034452
   5.021      0.033869
   5.027      0.033290
   5.034      0.032715
   5.040      0.032144
   5.046      0.031577
   5.053      0.031014
   5.059      0.030455
   5.065      0.029901
   5.072      0.029350
   5.078      0.028803
   5.084      0.028261
   5.090      0.027722
   5.097      0.027188
   5.103      0.026657
   5.109      0.026130
   5.116      0.025607
   5.122      0.025088
   5.128      0.024573
   5.135      0.024062
   5.141      0.023555
   5.147      0.023051
   5.153      0.022551
   5.160      0.022055
   5.166      0.021563
   5.172      0.021074
   5.179      0.020589
   5.185      0.020108
   5.191      0.019631
   5.197      0.019157
   5.204      0.018687
   5.210      0.018220
   5.216      0.017757
   5.223      0.017298
   5.229      0.016842
   5.235      0.016390
   5.242      0.015941
   5.248      0.015496
   5.254      0.015054
   5.261      0.014616
   5.267      0.014181
   5.273      0.013749
   5.279      0.013321
   5.286      0.012897
   5.292      0.012475
   5.298      0.012058
   5.305      0.011643
   5.311      0.011232
   5.317      0.010824
   5.324      0.010419
   5.330      0.010018
   5.336      0.009620
   5.342      0.009225
   5.349      0.008833
   5.355      0.008444
   5.361      0.008059
   5.368      0.007677
   5.374      0.007297
   5.380      0.006921
   5.386      0.006548
   5.393      0.006178
   5.399      0.005811
   5.405      0.005447
   5.412      0.005086
   5.418      0.004728
   5.424      0.004373
   5.431      0.004021
   5.437      0.003671
   5.443      0.003325
   5.450      0.002981
   5.456      0.002640
   5.462      0.002301
   5.468      0.001966
   5.475      0.001632
   5.481      0.001301
   5.487      0.000973
   5.494      0.000647
   5.500      0.000323
   5.506      0.000000
