   0.006     -0.000509
   0.012      0.000255
   0.017      0.001019
   0.023      0.002292
   0.029      0.004074
   0.035      0.006362
   0.041      0.009155
   0.046      0.012448
   0.052      0.016238
   0.058      0.020518
   0.064      0.025283
   0.070      0.030522
   0.075      0.036228
   0.081      0.042389
   0.087      0.048997
   0.093      0.056045
   0.099      0.063525
   0.104      0.071433
   0.110      0.079766
   0.116      0.088522
   0.122      0.097702
   0.128      0.107304
   0.133      0.117330
   0.139      0.127779
   0.145      0.138652
   0.151      0.149949
   0.157      0.161670
   0.162      0.173812
   0.168      0.186374
   0.174      0.199354
   0.180      0.212749
   0.186      0.226554
   0.191      0.240765
   0.197      0.255378
   0.203      0.270388
   0.209      0.285788
   0.215      0.301574
   0.220      0.317737
   0.226      0.334273
   0.232      0.351173
   0.238      0.368431
   0.244      0.386039
   0.249      0.403990
   0.255      0.422276
   0.261      0.440889
   0.267      0.459821
   0.273      0.479064
   0.278      0.498610
   0.284      0.518449
   0.290      0.538574
   0.296      0.558976
   0.302      0.579646
   0.307      0.600574
   0.313      0.621753
   0.319      0.643172
   0.325      0.664823
   0.331      0.686696
   0.336      0.708782
   0.342      0.731071
   0.348      0.753554
   0.354      0.776221
   0.360      0.799062
   0.365      0.822068
   0.371      0.845228
   0.377      0.868532
   0.383      0.891971
   0.389      0.915533
   0.394      0.939210
   0.400      0.962991
   0.406      0.986865
   0.412      1.010822
   0.418      1.034852
   0.423      1.058944
   0.429      1.083087
   0.435      1.107272
   0.441      1.131487
   0.447      1.155722
   0.452      1.179967
   0.458      1.204211
   0.464      1.228442
   0.470      1.252651
   0.476      1.276827
   0.481      1.300959
   0.487      1.325036
   0.493      1.349049
   0.499      1.372986
   0.505      1.396837
   0.510      1.420591
   0.516      1.444238
   0.522      1.467767
   0.528      1.491168
   0.534      1.514431
   0.539      1.537546
   0.545      1.560501
   0.551      1.583288
   0.557      1.605896
   0.563      1.628314
   0.568      1.650534
   0.574      1.672545
   0.580      1.694338
   0.586      1.715903
   0.592      1.737231
   0.597      1.758312
   0.603      1.779137
   0.609      1.799696
   0.615      1.819982
   0.621      1.839985
   0.626      1.859695
   0.632      1.879106
   0.638      1.898207
   0.644      1.916992
   0.650      1.935451
   0.655      1.953577
   0.661      1.971362
   0.667      1.988798
   0.673      2.005877
   0.679      2.022593
   0.684      2.038937
   0.690      2.054904
   0.696      2.070485
   0.702      2.085675
   0.708      2.100467
   0.713      2.114854
   0.719      2.128830
   0.725      2.142390
   0.731      2.155527
   0.737      2.168237
   0.742      2.180512
   0.748      2.192349
   0.754      2.203742
   0.760      2.214686
   0.766      2.225177
   0.771      2.235210
   0.777      2.244780
   0.783      2.253884
   0.789      2.262518
   0.795      2.270677
   0.800      2.278359
   0.806      2.285560
   0.812      2.292277
   0.818      2.298506
   0.824      2.304246
   0.829      2.309493
   0.835      2.314246
   0.841      2.318501
   0.847      2.322257
   0.853      2.325511
   0.858      2.328264
   0.864      2.330512
   0.870      2.332255
   0.876      2.333492
   0.882      2.334222
   0.887      2.334443
   0.893      2.334157
   0.899      2.333362
   0.905      2.332059
   0.911      2.330247
   0.916      2.327927
   0.922      2.325100
   0.928      2.321766
   0.934      2.317927
   0.940      2.313584
   0.945      2.308738
   0.951      2.303392
   0.957      2.297546
   0.963      2.291204
   0.969      2.284368
   0.974      2.277040
   0.980      2.269223
   0.986      2.260921
   0.992      2.252136
   0.998      2.242872
   1.003      2.233132
   1.009      2.222920
   1.015      2.212239
   1.021      2.201095
   1.027      2.189490
   1.032      2.177428
   1.038      2.164915
   1.044      2.151955
   1.050      2.138553
   1.056      2.124712
   1.061      2.110439
   1.067      2.095738
   1.073      2.080614
   1.079      2.065074
   1.085      2.049122
   1.090      2.032765
   1.096      2.016008
   1.102      1.998857
   1.108      1.981319
   1.114      1.963401
   1.119      1.945108
   1.125      1.926447
   1.131      1.907426
   1.137      1.888051
   1.143      1.868329
   1.148      1.848268
   1.154      1.827876
   1.160      1.807159
   1.166      1.786126
   1.172      1.764785
   1.177      1.743143
   1.183      1.721208
   1.189      1.698989
   1.195      1.676495
   1.201      1.653732
   1.206      1.630711
   1.212      1.607440
   1.218      1.583927
   1.224      1.560181
   1.230      1.536212
   1.235      1.512027
   1.241      1.487636
   1.247      1.463049
   1.253      1.438274
   1.259      1.413321
   1.264      1.388198
   1.270      1.362915
   1.276      1.337482
   1.282      1.311908
   1.288      1.286201
   1.293      1.260372
   1.299      1.234430
   1.305      1.208384
   1.311      1.182244
   1.317      1.156019
   1.322      1.129718
   1.328      1.103351
   1.334      1.076927
   1.340      1.050455
   1.346      1.023944
   1.351      0.997405
   1.357      0.970845
   1.363      0.944274
   1.369      0.917700
   1.375      0.891134
   1.380      0.864583
   1.386      0.838057
   1.392      0.811564
   1.398      0.785113
   1.404      0.758712
   1.409      0.732370
   1.415      0.706095
   1.421      0.679895
   1.427      0.653778
   1.433      0.627752
   1.438      0.601826
   1.444      0.576006
   1.450      0.550301
   1.456      0.524717
   1.462      0.499262
   1.467      0.473944
   1.473      0.448769
   1.479      0.423744
   1.485      0.398875
   1.491      0.374170
   1.496      0.349635
   1.502      0.325275
   1.508      0.301098
   1.514      0.277108
   1.520      0.253312
   1.525      0.229716
   1.531      0.206324
   1.537      0.183142
   1.543      0.160174
   1.549      0.137427
   1.554      0.114904
   1.560      0.092610
   1.566      0.070549
   1.572      0.048726
   1.578      0.027145
   1.583      0.005809
   1.589     -0.015278
   1.595     -0.036112
   1.601     -0.056690
   1.607     -0.077010
   1.612     -0.097067
   1.618     -0.116859
   1.624     -0.136385
   1.630     -0.155640
   1.636     -0.174623
   1.641     -0.193332
   1.647     -0.211765
   1.653     -0.229920
   1.659     -0.247795
   1.665     -0.265389
   1.670     -0.282701
   1.676     -0.299729
   1.682     -0.316473
   1.688     -0.332931
   1.694     -0.349104
   1.699     -0.364990
   1.705     -0.380589
   1.711     -0.395901
   1.717     -0.410925
   1.723     -0.425663
   1.728     -0.440113
   1.734     -0.454277
   1.740     -0.468154
   1.746     -0.481745
   1.752     -0.495051
   1.757     -0.508073
   1.763     -0.520812
   1.769     -0.533268
   1.775     -0.545442
   1.781     -0.557337
   1.786     -0.568953
   1.792     -0.580292
   1.798     -0.591356
   1.804     -0.602145
   1.810     -0.612662
   1.815     -0.622909
   1.821     -0.632887
   1.827     -0.642598
   1.833     -0.652045
   1.839     -0.661230
   1.844     -0.670155
   1.850     -0.678822
   1.856     -0.687233
   1.862     -0.695392
   1.868     -0.703300
   1.873     -0.710959
   1.879     -0.718374
   1.885     -0.725545
   1.891     -0.732477
   1.897     -0.739171
   1.902     -0.745630
   1.908     -0.751858
   1.914     -0.757856
   1.920     -0.763629
   1.926     -0.769178
   1.931     -0.774507
   1.937     -0.779618
   1.943     -0.784515
   1.949     -0.789200
   1.955     -0.793676
   1.960     -0.797948
   1.966     -0.802016
   1.972     -0.805885
   1.978     -0.809558
   1.984     -0.813037
   1.989     -0.816326
   1.995     -0.819427
   2.001     -0.822344
   2.007     -0.825080
   2.013     -0.827637
   2.018     -0.830019
   2.024     -0.832229
   2.030     -0.834269
   2.036     -0.836143
   2.042     -0.837853
   2.047     -0.839403
   2.053     -0.840796
   2.059     -0.842034
   2.065     -0.843121
   2.071     -0.844059
   2.076     -0.844851
   2.082     -0.845500
   2.088     -0.846009
   2.094     -0.846381
   2.100     -0.846619
   2.105     -0.846725
   2.111     -0.846702
   2.117     -0.846553
   2.123     -0.846280
   2.129     -0.845887
   2.134     -0.845377
   2.140     -0.844750
   2.146     -0.844012
   2.152     -0.843163
   2.158     -0.842207
   2.163     -0.841146
   2.169     -0.839983
   2.175     -0.838721
   2.181     -0.837361
   2.187     -0.835906
   2.192     -0.834359
   2.198     -0.832723
   2.204     -0.830999
   2.210     -0.829190
   2.216     -0.827298
   2.221     -0.825326
   2.227     -0.823276
   2.233     -0.821150
   2.239     -0.818951
   2.245     -0.816681
   2.250     -0.814341
   2.256     -0.811935
   2.262     -0.809464
   2.268     -0.806930
   2.274     -0.804336
   2.279     -0.801684
   2.285     -0.798975
   2.291     -0.796211
   2.297     -0.793395
   2.303     -0.790529
   2.308     -0.787614
   2.314     -0.784652
   2.320     -0.781645
   2.326     -0.778595
   2.332     -0.775504
   2.337     -0.772373
   2.343     -0.769204
   2.349     -0.765999
   2.355     -0.762759
   2.361     -0.759486
   2.366     -0.756182
   2.372     -0.752848
   2.378     -0.749486
   2.384     -0.746096
   2.390     -0.742682
   2.395     -0.739243
   2.401     -0.735781
   2.407     -0.732298
   2.413     -0.728795
   2.419     -0.725274
   2.424     -0.721734
   2.430     -0.718179
   2.436     -0.714609
   2.442     -0.711025
   2.448     -0.707428
   2.453     -0.703819
   2.459     -0.700200
   2.465     -0.696571
   2.471     -0.692934
   2.477     -0.689290
   2.482     -0.685639
   2.488     -0.681983
   2.494     -0.678322
   2.500     -0.674657
   2.506     -0.670990
   2.511     -0.667321
   2.517     -0.663650
   2.523     -0.659980
   2.529     -0.656309
   2.535     -0.652640
   2.540     -0.648973
   2.546     -0.645308
   2.552     -0.641647
   2.558     -0.637989
   2.564     -0.634336
   2.569     -0.630688
   2.575     -0.627046
   2.581     -0.623411
   2.587     -0.619782
   2.593     -0.616160
   2.598     -0.612547
   2.604     -0.608942
   2.610     -0.605345
   2.616     -0.601758
   2.622     -0.598181
   2.627     -0.594614
   2.633     -0.591057
   2.639     -0.587512
   2.645     -0.583977
   2.651     -0.580454
   2.656     -0.576944
   2.662     -0.573445
   2.668     -0.569959
   2.674     -0.566486
   2.680     -0.563026
   2.685     -0.559580
   2.691     -0.556147
   2.697     -0.552728
   2.703     -0.549323
   2.709     -0.545932
   2.714     -0.542556
   2.720     -0.539195
   2.726     -0.535849
   2.732     -0.532518
   2.738     -0.529201
   2.743     -0.525901
   2.749     -0.522616
   2.755     -0.519346
   2.761     -0.516092
   2.767     -0.512854
   2.772     -0.509632
   2.778     -0.506426
   2.784     -0.503237
   2.790     -0.500063
   2.796     -0.496906
   2.801     -0.493765
   2.807     -0.490640
   2.813     -0.487532
   2.819     -0.484441
   2.825     -0.481366
   2.830     -0.478307
   2.836     -0.475265
   2.842     -0.472240
   2.848     -0.469231
   2.854     -0.466239
   2.859     -0.463264
   2.865     -0.460305
   2.871     -0.457363
   2.877     -0.454438
   2.883     -0.451529
   2.888     -0.448637
   2.894     -0.445761
   2.900     -0.442902
   2.906     -0.440059
   2.912     -0.437233
   2.917     -0.434423
   2.923     -0.431629
   2.929     -0.428852
   2.935     -0.426092
   2.941     -0.423347
   2.946     -0.420619
   2.952     -0.417907
   2.958     -0.415211
   2.964     -0.412531
   2.970     -0.409867
   2.975     -0.407219
   2.981     -0.404587
   2.987     -0.401970
   2.993     -0.399370
   2.999     -0.396785
   3.004     -0.394215
   3.010     -0.391662
   3.016     -0.389123
   3.022     -0.386600
   3.028     -0.384092
   3.033     -0.381600
   3.039     -0.379123
   3.045     -0.376660
   3.051     -0.374213
   3.057     -0.371781
   3.062     -0.369363
   3.068     -0.366960
   3.074     -0.364572
   3.080     -0.362198
   3.086     -0.359839
   3.091     -0.357495
   3.097     -0.355164
   3.103     -0.352848
   3.109     -0.350546
   3.115     -0.348258
   3.120     -0.345985
   3.126     -0.343725
   3.132     -0.341478
   3.138     -0.339246
   3.144     -0.337027
   3.149     -0.334822
   3.155     -0.332630
   3.161     -0.330452
   3.167     -0.328287
   3.173     -0.326135
   3.178     -0.323997
   3.184     -0.321871
   3.190     -0.319758
   3.196     -0.317659
   3.202     -0.315572
   3.207     -0.313497
   3.213     -0.311436
   3.219     -0.309387
   3.225     -0.307350
   3.231     -0.305326
   3.236     -0.303314
   3.242     -0.301314
   3.248     -0.299326
   3.254     -0.297351
   3.260     -0.295387
   3.265     -0.293435
   3.271     -0.291495
   3.277     -0.289567
   3.283     -0.287650
   3.289     -0.285745
   3.294     -0.283851
   3.300     -0.281969
   3.306     -0.280098
   3.312     -0.278238
   3.318     -0.276390
   3.323     -0.274552
   3.329     -0.272726
   3.335     -0.270910
   3.341     -0.269105
   3.347     -0.267311
   3.352     -0.265528
   3.358     -0.263755
   3.364     -0.261993
   3.370     -0.260242
   3.376     -0.258500
   3.381     -0.256769
   3.387     -0.255048
   3.393     -0.253338
   3.399     -0.251637
   3.405     -0.249947
   3.410     -0.248266
   3.416     -0.246596
   3.422     -0.244935
   3.428     -0.243284
   3.434     -0.241642
   3.439     -0.240011
   3.445     -0.238388
   3.451     -0.236776
   3.457     -0.235172
   3.463     -0.233578
   3.468     -0.231993
   3.474     -0.230418
   3.480     -0.228851
   3.486     -0.227294
   3.492     -0.225745
   3.497     -0.224206
   3.503     -0.222675
   3.509     -0.221154
   3.515     -0.219641
   3.521     -0.218136
   3.526     -0.216641
   3.532     -0.215153
   3.538     -0.213675
   3.544     -0.212205
   3.550     -0.210743
   3.555     -0.209289
   3.561     -0.207844
   3.567     -0.206407
   3.573     -0.204978
   3.579     -0.203557
   3.584     -0.202144
   3.590     -0.200739
   3.596     -0.199342
   3.602     -0.197953
   3.608     -0.196572
   3.613     -0.195199
   3.619     -0.193833
   3.625     -0.192474
   3.631     -0.191124
   3.637     -0.189781
   3.642     -0.188445
   3.648     -0.187117
   3.654     -0.185796
   3.660     -0.184482
   3.666     -0.183176
   3.671     -0.181877
   3.677     -0.180585
   3.683     -0.179300
   3.689     -0.178022
   3.695     -0.176751
   3.700     -0.175488
   3.706     -0.174231
   3.712     -0.172981
   3.718     -0.171737
   3.724     -0.170501
   3.729     -0.169271
   3.735     -0.168048
   3.741     -0.166831
   3.747     -0.165621
   3.753     -0.164418
   3.758     -0.163220
   3.764     -0.162030
   3.770     -0.160846
   3.776     -0.159668
   3.782     -0.158496
   3.787     -0.157331
   3.793     -0.156172
   3.799     -0.155018
   3.805     -0.153872
   3.811     -0.152731
   3.816     -0.151596
   3.822     -0.150467
   3.828     -0.149344
   3.834     -0.148227
   3.840     -0.147116
   3.845     -0.146010
   3.851     -0.144911
   3.857     -0.143817
   3.863     -0.142729
   3.869     -0.141646
   3.874     -0.140569
   3.880     -0.139498
   3.886     -0.138432
   3.892     -0.137371
   3.898     -0.136316
   3.903     -0.135267
   3.909     -0.134223
   3.915     -0.133184
   3.921     -0.132150
   3.927     -0.131122
   3.932     -0.130099
   3.938     -0.129081
   3.944     -0.128068
   3.950     -0.127060
   3.956     -0.126057
   3.961     -0.125060
   3.967     -0.124067
   3.973     -0.123079
   3.979     -0.122097
   3.985     -0.121119
   3.990     -0.120146
   3.996     -0.119177
   4.002     -0.118214
   4.008     -0.117255
   4.014     -0.116301
   4.019     -0.115352
   4.025     -0.114407
   4.031     -0.113467
   4.037     -0.112531
   4.043     -0.111600
   4.048     -0.110674
   4.054     -0.109752
   4.060     -0.108834
   4.066     -0.107921
   4.072     -0.107013
   4.077     -0.106108
   4.083     -0.105208
   4.089     -0.104312
   4.095     -0.103421
   4.101     -0.102533
   4.106     -0.101650
   4.112     -0.100771
   4.118     -0.099896
   4.124     -0.099025
   4.130     -0.098159
   4.135     -0.097296
   4.141     -0.096437
   4.147     -0.095582
   4.153     -0.094732
   4.159     -0.093885
   4.164     -0.093042
   4.170     -0.092203
   4.176     -0.091367
   4.182     -0.090536
   4.188     -0.089708
   4.193     -0.088884
   4.199     -0.088064
   4.205     -0.087248
   4.211     -0.086435
   4.217     -0.085626
   4.222     -0.084820
   4.228     -0.084018
   4.234     -0.083220
   4.240     -0.082425
   4.246     -0.081633
   4.251     -0.080845
   4.257     -0.080061
   4.263     -0.079280
   4.269     -0.078502
   4.275     -0.077728
   4.280     -0.076957
   4.286     -0.076189
   4.292     -0.075425
   4.298     -0.074664
   4.304     -0.073906
   4.309     -0.073151
   4.315     -0.072400
   4.321     -0.071652
   4.327     -0.070907
   4.333     -0.070165
   4.338     -0.069426
   4.344     -0.068690
   4.350     -0.067958
   4.356     -0.067228
   4.362     -0.066501
   4.367     -0.065778
   4.373     -0.065057
   4.379     -0.064339
   4.385     -0.063625
   4.391     -0.062913
   4.396     -0.062204
   4.402     -0.061497
   4.408     -0.060794
   4.414     -0.060094
   4.420     -0.059396
   4.425     -0.058701
   4.431     -0.058009
   4.437     -0.057319
   4.443     -0.056632
   4.449     -0.055948
   4.454     -0.055266
   4.460     -0.054588
   4.466     -0.053911
   4.472     -0.053238
   4.478     -0.052567
   4.483     -0.051898
   4.489     -0.051232
   4.495     -0.050569
   4.501     -0.049908
   4.507     -0.049249
   4.512     -0.048593
   4.518     -0.047939
   4.524     -0.047288
   4.530     -0.046639
   4.536     -0.045993
   4.541     -0.045349
   4.547     -0.044707
   4.553     -0.044068
   4.559     -0.043431
   4.565     -0.042796
   4.570     -0.042163
   4.576     -0.041533
   4.582     -0.040905
   4.588     -0.040279
   4.594     -0.039656
   4.599     -0.039034
   4.605     -0.038415
   4.611     -0.037798
   4.617     -0.037182
   4.623     -0.036570
   4.628     -0.035959
   4.634     -0.035350
   4.640     -0.034743
   4.646     -0.034138
   4.652     -0.033536
   4.657     -0.032935
   4.663     -0.032336
   4.669     -0.031740
   4.675     -0.031145
   4.681     -0.030552
   4.686     -0.029961
   4.692     -0.029372
   4.698     -0.028785
   4.704     -0.028200
   4.710     -0.027616
   4.715     -0.027035
   4.721     -0.026455
   4.727     -0.025877
   4.733     -0.025301
   4.739     -0.024727
   4.744     -0.024154
   4.750     -0.023584
   4.756     -0.023015
   4.762     -0.022447
   4.768     -0.021882
   4.773     -0.021318
   4.779     -0.020756
   4.785     -0.020195
   4.791     -0.019636
   4.797     -0.019079
   4.802     -0.018523
   4.808     -0.017969
   4.814     -0.017417
   4.820     -0.016866
   4.826     -0.016317
   4.831     -0.015769
   4.837     -0.015223
   4.843     -0.014678
   4.849     -0.014135
   4.855     -0.013594
   4.860     -0.013054
   4.866     -0.012515
   4.872     -0.011978
   4.878     -0.011442
   4.884     -0.010908
   4.889     -0.010375
   4.895     -0.009844
   4.901     -0.009314
   4.907     -0.008785
   4.913     -0.008258
   4.918     -0.007732
   4.924     -0.007208
   4.930     -0.006684
   4.936     -0.006163
   4.942     -0.005642
   4.947     -0.005123
   4.953     -0.004605
   4.959     -0.004088
   4.965     -0.003573
   4.971     -0.003059
   4.976     -0.002546
   4.982     -0.002034
   4.988     -0.001524
   4.994     -0.001015
   5.000     -0.000507
   5.005      0.000000
