   0.000      3.210740
   0.008      1.065036
   0.015     -0.632440
   0.023      1.450328
   0.031      4.208786
   0.039      6.058413
   0.046      7.477249
   0.054      8.536646
   0.062      9.142564
   0.069      9.262585
   0.077      8.973002
   0.085      8.417803
   0.093      7.745007
   0.100      7.065597
   0.108      6.444458
   0.116      5.909493
   0.123      5.465609
   0.131      5.106002
   0.139      4.819155
   0.147      4.592758
   0.154      4.415550
   0.162      4.277866
   0.170      4.171856
   0.177      4.091177
   0.185      4.030844
   0.193      3.986930
   0.201      3.956344
   0.208      3.936628
   0.216      3.925888
   0.224      3.922553
   0.231      3.925364
   0.239      3.933270
   0.247      3.945412
   0.254      3.961017
   0.262      3.979448
   0.270      4.000097
   0.278      4.022439
   0.285      4.045993
   0.293      4.070311
   0.301      4.094982
   0.308      4.119612
   0.316      4.143859
   0.324      4.167373
   0.332      4.189854
   0.339      4.211022
   0.347      4.230600
   0.355      4.248360
   0.362      4.264074
   0.370      4.277544
   0.378      4.288590
   0.386      4.297055
   0.393      4.302791
   0.401      4.305667
   0.409      4.305570
   0.416      4.302402
   0.424      4.296069
   0.432      4.286499
   0.440      4.273623
   0.447      4.257378
   0.455      4.237712
   0.463      4.214577
   0.470      4.187924
   0.478      4.157698
   0.486      4.123844
   0.494      4.086273
   0.501      4.044866
   0.509      3.999436
   0.517      3.949766
   0.524      3.895603
   0.532      3.836894
   0.540      3.773745
   0.548      3.706597
   0.555      3.635885
   0.563      3.562126
   0.571      3.485650
   0.578      3.406747
   0.586      3.325624
   0.594      3.242447
   0.602      3.157371
   0.609      3.070530
   0.617      2.982051
   0.625      2.892068
   0.632      2.800703
   0.640      2.708081
   0.648      2.614332
   0.655      2.519587
   0.663      2.423972
   0.671      2.327628
   0.679      2.230689
   0.686      2.133290
   0.694      2.035576
   0.702      1.937686
   0.709      1.839766
   0.717      1.741957
   0.725      1.644409
   0.733      1.547266
   0.740      1.450673
   0.748      1.354777
   0.756      1.259725
   0.763      1.165659
   0.771      1.072722
   0.779      0.981056
   0.787      0.890800
   0.794      0.802085
   0.802      0.715048
   0.810      0.629818
   0.817      0.546515
   0.825      0.465262
   0.833      0.386176
   0.841      0.309363
   0.848      0.234930
   0.856      0.162972
   0.864      0.093585
   0.871      0.026850
   0.879     -0.037154
   0.887     -0.098356
   0.895     -0.156695
   0.902     -0.212115
   0.910     -0.264568
   0.918     -0.314018
   0.925     -0.360434
   0.933     -0.403795
   0.941     -0.444089
   0.949     -0.481312
   0.956     -0.515469
   0.964     -0.546573
   0.972     -0.574648
   0.979     -0.599724
   0.987     -0.621844
   0.995     -0.641052
   1.003     -0.657409
   1.010     -0.670978
   1.018     -0.681832
   1.026     -0.690053
   1.033     -0.695729
   1.041     -0.698951
   1.049     -0.699825
   1.056     -0.698456
   1.064     -0.694958
   1.072     -0.689449
   1.080     -0.682058
   1.087     -0.672905
   1.095     -0.662124
   1.103     -0.649855
   1.110     -0.636231
   1.118     -0.621392
   1.126     -0.605478
   1.134     -0.588636
   1.141     -0.571004
   1.149     -0.552720
   1.157     -0.533928
   1.164     -0.514773
   1.172     -0.495378
   1.180     -0.475874
   1.188     -0.456403
   1.195     -0.437076
   1.203     -0.418009
   1.211     -0.399311
   1.218     -0.381096
   1.226     -0.363448
   1.234     -0.346445
   1.242     -0.330165
   1.249     -0.314687
   1.257     -0.300041
   1.265     -0.286264
   1.272     -0.273380
   1.280     -0.261414
   1.288     -0.250339
   1.296     -0.240118
   1.303     -0.230705
   1.311     -0.222017
   1.319     -0.213993
   1.326     -0.206548
   1.334     -0.199572
   1.342     -0.192811
   1.350     -0.186279
   1.357     -0.179962
   1.365     -0.173831
   1.373     -0.167918
   1.380     -0.162209
   1.388     -0.156665
   1.396     -0.151280
   1.404     -0.146064
   1.411     -0.141042
   1.419     -0.136183
   1.427     -0.131483
   1.434     -0.126935
   1.442     -0.122535
   1.450     -0.118279
   1.457     -0.114161
   1.465     -0.110176
   1.473     -0.106322
   1.481     -0.102593
   1.488     -0.098985
   1.496     -0.095495
   1.504     -0.092120
   1.511     -0.088854
   1.519     -0.085694
   1.527     -0.082638
   1.535     -0.079682
   1.542     -0.076822
   1.550     -0.074057
   1.558     -0.071382
   1.565     -0.068795
   1.573     -0.066293
   1.581     -0.063873
   1.589     -0.061533
   1.596     -0.059271
   1.604     -0.057084
   1.612     -0.054968
   1.619     -0.052923
   1.627     -0.050946
   1.635     -0.049035
   1.643     -0.047188
   1.650     -0.045402
   1.658     -0.043676
   1.666     -0.042008
   1.673     -0.040397
   1.681     -0.038839
   1.689     -0.037335
   1.697     -0.035881
   1.704     -0.034476
   1.712     -0.033120
   1.720     -0.031810
   1.727     -0.030545
   1.735     -0.029323
   1.743     -0.028144
   1.751     -0.027004
   1.758     -0.025905
   1.766     -0.024844
   1.774     -0.023820
   1.781     -0.022831
   1.789     -0.021878
   1.797     -0.020957
   1.805     -0.020070
   1.812     -0.019214
   1.820     -0.018389
   1.828     -0.017592
   1.835     -0.016825
   1.843     -0.016085
   1.851     -0.015372
   1.859     -0.014686
   1.866     -0.014023
   1.874     -0.013385
   1.882     -0.012771
   1.889     -0.012179
   1.897     -0.011610
   1.905     -0.011061
   1.912     -0.010534
   1.920     -0.010026
   1.928     -0.009538
   1.936     -0.009068
   1.943     -0.008615
   1.951     -0.008181
   1.959     -0.007764
   1.966     -0.007362
   1.974     -0.006976
   1.982     -0.006605
   1.990     -0.006249
   1.997     -0.005908
   2.005     -0.005579
   2.013     -0.005265
   2.020     -0.004963
   2.028     -0.004673
   2.036     -0.004396
   2.044     -0.004129
   2.051     -0.003874
   2.059     -0.003630
   2.067     -0.003396
   2.074     -0.003171
   2.082     -0.002957
   2.090     -0.002752
   2.098     -0.002555
   2.105     -0.002368
   2.113     -0.002188
   2.121     -0.002017
   2.128     -0.001853
   2.136     -0.001697
   2.144     -0.001548
   2.152     -0.001406
   2.159     -0.001270
   2.167     -0.001142
   2.175     -0.001018
   2.182     -0.000902
   2.190     -0.000790
   2.198     -0.000684
   2.206     -0.000583
   2.213     -0.000487
   2.221     -0.000397
   2.229     -0.000311
   2.236     -0.000229
   2.244     -0.000151
   2.252     -0.000078
   2.260     -0.000009
   2.267      0.000057
   2.275      0.000119
   2.283      0.000178
   2.290      0.000233
   2.298      0.000285
   2.306      0.000334
   2.313      0.000381
   2.321      0.000424
   2.329      0.000465
   2.337      0.000504
   2.344      0.000539
   2.352      0.000573
   2.360      0.000605
   2.367      0.000634
   2.375      0.000661
   2.383      0.000687
   2.391      0.000711
   2.398      0.000733
   2.406      0.000754
   2.414      0.000773
   2.421      0.000790
   2.429      0.000806
   2.437      0.000822
   2.445      0.000835
   2.452      0.000848
   2.460      0.000859
   2.468      0.000870
   2.475      0.000879
   2.483      0.000888
   2.491      0.000896
   2.499      0.000902
   2.506      0.000909
   2.514      0.000914
   2.522      0.000919
   2.529      0.000924
   2.537      0.000927
   2.545      0.000930
   2.553      0.000933
   2.560      0.000935
   2.568      0.000937
   2.576      0.000939
   2.583      0.000940
   2.591      0.000940
   2.599      0.000941
   2.607      0.000941
   2.614      0.000941
   2.622      0.000941
   2.630      0.000940
   2.637      0.000940
   2.645      0.000939
   2.653      0.000938
   2.661      0.000936
   2.668      0.000935
   2.676      0.000934
   2.684      0.000932
   2.691      0.000930
   2.699      0.000928
   2.707      0.000926
   2.714      0.000923
   2.722      0.000921
   2.730      0.000919
   2.738      0.000917
   2.745      0.000914
   2.753      0.000912
   2.761      0.000909
   2.768      0.000907
   2.776      0.000904
   2.784      0.000902
   2.792      0.000900
   2.799      0.000897
   2.807      0.000895
   2.815      0.000892
   2.822      0.000890
   2.830      0.000887
   2.838      0.000885
   2.846      0.000883
   2.853      0.000880
   2.861      0.000878
   2.869      0.000875
   2.876      0.000873
   2.884      0.000871
   2.892      0.000868
   2.900      0.000866
   2.907      0.000864
   2.915      0.000862
   2.923      0.000859
   2.930      0.000857
   2.938      0.000855
   2.946      0.000853
   2.954      0.000850
   2.961      0.000848
   2.969      0.000846
   2.977      0.000844
   2.984      0.000842
   2.992      0.000839
   3.000      0.000837
   3.008      0.000835
   3.015      0.000833
   3.023      0.000831
   3.031      0.000829
   3.038      0.000827
   3.046      0.000824
   3.054      0.000822
   3.062      0.000820
   3.069      0.000818
