   0.000      0.757913
   0.008      0.757913
   0.015      0.757913
   0.023      0.757913
   0.031      0.757913
   0.039      0.757913
   0.046      0.757913
   0.054      0.757913
   0.062      0.757913
   0.069      0.757913
   0.077      0.757912
   0.085      0.757912
   0.093      0.757912
   0.100      0.757911
   0.108      0.757911
   0.116      0.757910
   0.123      0.757909
   0.131      0.757908
   0.139      0.757906
   0.147      0.757905
   0.154      0.757903
   0.162      0.757901
   0.170      0.757898
   0.177      0.757895
   0.185      0.757892
   0.193      0.757888
   0.201      0.757884
   0.208      0.757879
   0.216      0.757874
   0.224      0.757868
   0.231      0.757862
   0.239      0.757854
   0.247      0.757846
   0.254      0.757837
   0.262      0.757828
   0.270      0.757817
   0.278      0.757805
   0.285      0.757793
   0.293      0.757779
   0.301      0.757764
   0.308      0.757747
   0.316      0.757730
   0.324      0.757710
   0.332      0.757690
   0.339      0.757668
   0.347      0.757644
   0.355      0.757618
   0.362      0.757591
   0.370      0.757561
   0.378      0.757530
   0.386      0.757496
   0.393      0.757460
   0.401      0.757422
   0.409      0.757382
   0.416      0.757338
   0.424      0.757293
   0.432      0.757244
   0.440      0.757192
   0.447      0.757137
   0.455      0.757079
   0.463      0.757018
   0.470      0.756953
   0.478      0.756884
   0.486      0.756812
   0.494      0.756736
   0.501      0.756655
   0.509      0.756571
   0.517      0.756481
   0.524      0.756388
   0.532      0.756289
   0.540      0.756185
   0.548      0.756076
   0.555      0.755962
   0.563      0.755842
   0.571      0.755716
   0.578      0.755584
   0.586      0.755446
   0.594      0.755302
   0.602      0.755150
   0.609      0.754992
   0.617      0.754827
   0.625      0.754654
   0.632      0.754473
   0.640      0.754285
   0.648      0.754088
   0.655      0.753883
   0.663      0.753668
   0.671      0.753445
   0.679      0.753213
   0.686      0.752971
   0.694      0.752719
   0.702      0.752456
   0.709      0.752183
   0.717      0.751899
   0.725      0.751604
   0.733      0.751298
   0.740      0.750979
   0.748      0.750649
   0.756      0.750306
   0.763      0.749950
   0.771      0.749580
   0.779      0.749198
   0.787      0.748801
   0.794      0.748390
   0.802      0.747964
   0.810      0.747524
   0.817      0.747068
   0.825      0.746596
   0.833      0.746108
   0.841      0.745604
   0.848      0.745083
   0.856      0.744545
   0.864      0.743989
   0.871      0.743416
   0.879      0.742824
   0.887      0.742214
   0.895      0.741585
   0.902      0.740937
   0.910      0.740269
   0.918      0.739582
   0.925      0.738874
   0.933      0.738146
   0.941      0.737397
   0.949      0.736627
   0.956      0.735835
   0.964      0.735022
   0.972      0.734187
   0.979      0.733330
   0.987      0.732451
   0.995      0.731549
   1.003      0.730625
   1.010      0.729677
   1.018      0.728706
   1.026      0.727712
   1.033      0.726695
   1.041      0.725654
   1.049      0.724590
   1.056      0.723502
   1.064      0.722390
   1.072      0.721254
   1.080      0.720094
   1.087      0.718911
   1.095      0.717704
   1.103      0.716473
   1.110      0.715218
   1.118      0.713939
   1.126      0.712637
   1.134      0.711312
   1.141      0.709963
   1.149      0.708591
   1.157      0.707196
   1.164      0.705778
   1.172      0.704337
   1.180      0.702874
   1.188      0.701389
   1.195      0.699882
   1.203      0.698353
   1.211      0.696803
   1.218      0.695232
   1.226      0.693641
   1.234      0.692029
   1.242      0.690396
   1.249      0.688745
   1.257      0.687073
   1.265      0.685383
   1.272      0.683675
   1.280      0.681948
   1.288      0.680204
   1.296      0.678442
   1.303      0.676664
   1.311      0.674869
   1.319      0.673058
   1.326      0.671231
   1.334      0.669389
   1.342      0.667533
   1.350      0.665663
   1.357      0.663778
   1.365      0.661881
   1.373      0.659970
   1.380      0.658048
   1.388      0.656113
   1.396      0.654167
   1.404      0.652210
   1.411      0.650242
   1.419      0.648264
   1.427      0.646277
   1.434      0.644280
   1.442      0.642275
   1.450      0.640261
   1.457      0.638240
   1.465      0.636211
   1.473      0.634175
   1.481      0.632133
   1.488      0.630084
   1.496      0.628030
   1.504      0.625971
   1.511      0.623907
   1.519      0.621838
   1.527      0.619765
   1.535      0.617689
   1.542      0.615609
   1.550      0.613527
   1.558      0.611442
   1.565      0.609355
   1.573      0.607267
   1.581      0.605177
   1.589      0.603086
   1.596      0.600994
   1.604      0.598902
   1.612      0.596810
   1.619      0.594718
   1.627      0.592628
   1.635      0.590538
   1.643      0.588449
   1.650      0.586363
   1.658      0.584278
   1.666      0.582195
   1.673      0.580115
   1.681      0.578038
   1.689      0.575963
   1.697      0.573892
   1.704      0.571825
   1.712      0.569762
   1.720      0.567702
   1.727      0.565647
   1.735      0.563597
   1.743      0.561551
   1.751      0.559510
   1.758      0.557475
   1.766      0.555445
   1.774      0.553421
   1.781      0.551402
   1.789      0.549390
   1.797      0.547383
   1.805      0.545383
   1.812      0.543390
   1.820      0.541403
   1.828      0.539423
   1.835      0.537451
   1.843      0.535485
   1.851      0.533527
   1.859      0.531576
   1.866      0.529632
   1.874      0.527697
   1.882      0.525769
   1.889      0.523849
   1.897      0.521937
   1.905      0.520033
   1.912      0.518138
   1.920      0.516250
   1.928      0.514372
   1.936      0.512501
   1.943      0.510640
   1.951      0.508786
   1.959      0.506942
   1.966      0.505106
   1.974      0.503280
   1.982      0.501462
   1.990      0.499653
   1.997      0.497853
   2.005      0.496062
   2.013      0.494280
   2.020      0.492507
   2.028      0.490744
   2.036      0.488989
   2.044      0.487244
   2.051      0.485508
   2.059      0.483781
   2.067      0.482064
   2.074      0.480356
   2.082      0.478657
   2.090      0.476967
   2.098      0.475287
   2.105      0.473616
   2.113      0.471954
   2.121      0.470302
   2.128      0.468659
   2.136      0.467025
   2.144      0.465400
   2.152      0.463785
   2.159      0.462179
   2.167      0.460582
   2.175      0.458995
   2.182      0.457417
   2.190      0.455847
   2.198      0.454287
   2.206      0.452736
   2.213      0.451195
   2.221      0.449662
   2.229      0.448138
   2.236      0.446624
   2.244      0.445118
   2.252      0.443621
   2.260      0.442133
   2.267      0.440654
   2.275      0.439184
   2.283      0.437722
   2.290      0.436270
   2.298      0.434826
   2.306      0.433390
   2.313      0.431964
   2.321      0.430545
   2.329      0.429136
   2.337      0.427735
   2.344      0.426342
   2.352      0.424957
   2.360      0.423581
   2.367      0.422214
   2.375      0.420854
   2.383      0.419503
   2.391      0.418159
   2.398      0.416824
   2.406      0.415497
   2.414      0.414178
   2.421      0.412867
   2.429      0.411563
   2.437      0.410268
   2.445      0.408980
   2.452      0.407700
   2.460      0.406428
   2.468      0.405163
   2.475      0.403906
   2.483      0.402656
   2.491      0.401414
   2.499      0.400179
   2.506      0.398951
   2.514      0.397731
   2.522      0.396518
   2.529      0.395312
   2.537      0.394113
   2.545      0.392922
   2.553      0.391737
   2.560      0.390559
   2.568      0.389389
   2.576      0.388225
   2.583      0.387068
   2.591      0.385917
   2.599      0.384774
   2.607      0.383637
   2.614      0.382506
   2.622      0.381383
   2.630      0.380265
   2.637      0.379154
   2.645      0.378050
   2.653      0.376952
   2.661      0.375860
   2.668      0.374774
   2.676      0.373695
   2.684      0.372622
   2.691      0.371555
   2.699      0.370494
   2.707      0.369439
   2.714      0.368389
   2.722      0.367346
   2.730      0.366309
   2.738      0.365277
   2.745      0.364252
   2.753      0.363231
   2.761      0.362217
   2.768      0.361208
   2.776      0.360205
   2.784      0.359207
   2.792      0.358215
   2.799      0.357229
   2.807      0.356247
   2.815      0.355271
   2.822      0.354301
   2.830      0.353336
   2.838      0.352375
   2.846      0.351421
   2.853      0.350471
   2.861      0.349526
   2.869      0.348587
   2.876      0.347652
   2.884      0.346723
   2.892      0.345798
   2.900      0.344878
   2.907      0.343964
   2.915      0.343054
   2.923      0.342149
   2.930      0.341248
   2.938      0.340352
   2.946      0.339461
   2.954      0.338575
   2.961      0.337693
   2.969      0.336816
   2.977      0.335944
   2.984      0.335076
   2.992      0.334212
   3.000      0.333353
   3.008      0.332498
   3.015      0.331648
   3.023      0.330802
   3.031      0.329960
   3.038      0.329123
   3.046      0.328289
   3.054      0.327460
   3.062      0.326636
   3.069      0.325815
