   0.000      1.302968
   0.008      1.302968
   0.015      1.302968
   0.023      1.302968
   0.031      1.302968
   0.039      1.302968
   0.046      1.302968
   0.054      1.302967
   0.062      1.302967
   0.069      1.302966
   0.077      1.302964
   0.085      1.302962
   0.093      1.302958
   0.100      1.302952
   0.108      1.302944
   0.116      1.302932
   0.123      1.302915
   0.131      1.302892
   0.139      1.302863
   0.147      1.302824
   0.154      1.302774
   0.162      1.302711
   0.170      1.302632
   0.177      1.302534
   0.185      1.302414
   0.193      1.302268
   0.201      1.302094
   0.208      1.301886
   0.216      1.301640
   0.224      1.301351
   0.231      1.301014
   0.239      1.300624
   0.247      1.300175
   0.254      1.299662
   0.262      1.299077
   0.270      1.298416
   0.278      1.297671
   0.285      1.296835
   0.293      1.295903
   0.301      1.294867
   0.308      1.293720
   0.316      1.292457
   0.324      1.291070
   0.332      1.289553
   0.339      1.287899
   0.347      1.286103
   0.355      1.284158
   0.362      1.282060
   0.370      1.279803
   0.378      1.277383
   0.386      1.274795
   0.393      1.272036
   0.401      1.269102
   0.409      1.265991
   0.416      1.262701
   0.424      1.259230
   0.432      1.255577
   0.440      1.251743
   0.447      1.247729
   0.455      1.243534
   0.463      1.239161
   0.470      1.234614
   0.478      1.229894
   0.486      1.225006
   0.494      1.219955
   0.501      1.214746
   0.509      1.209384
   0.517      1.203876
   0.524      1.198230
   0.532      1.192452
   0.540      1.186550
   0.548      1.180534
   0.555      1.174411
   0.563      1.168190
   0.571      1.161882
   0.578      1.155495
   0.586      1.149039
   0.594      1.142525
   0.602      1.135961
   0.609      1.129359
   0.617      1.122728
   0.625      1.116078
   0.632      1.109418
   0.640      1.102758
   0.648      1.096107
   0.655      1.089474
   0.663      1.082867
   0.671      1.076295
   0.679      1.069766
   0.686      1.063286
   0.694      1.056864
   0.702      1.050504
   0.709      1.044212
   0.717      1.037995
   0.725      1.031857
   0.733      1.025801
   0.740      1.019832
   0.748      1.013953
   0.756      1.008165
   0.763      1.002472
   0.771      0.996874
   0.779      0.991373
   0.787      0.985969
   0.794      0.980662
   0.802      0.975451
   0.810      0.970336
   0.817      0.965315
   0.825      0.960387
   0.833      0.955550
   0.841      0.950801
   0.848      0.946139
   0.856      0.941561
   0.864      0.937063
   0.871      0.932643
   0.879      0.928297
   0.887      0.924022
   0.895      0.919815
   0.902      0.915673
   0.910      0.911592
   0.918      0.907568
   0.925      0.903598
   0.933      0.899679
   0.941      0.895808
   0.949      0.891981
   0.956      0.888195
   0.964      0.884447
   0.972      0.880734
   0.979      0.877053
   0.987      0.873402
   0.995      0.869778
   1.003      0.866179
   1.010      0.862602
   1.018      0.859045
   1.026      0.855507
   1.033      0.851985
   1.041      0.848477
   1.049      0.844983
   1.056      0.841501
   1.064      0.838029
   1.072      0.834566
   1.080      0.831112
   1.087      0.827666
   1.095      0.824225
   1.103      0.820791
   1.110      0.817363
   1.118      0.813939
   1.126      0.810520
   1.134      0.807105
   1.141      0.803694
   1.149      0.800288
   1.157      0.796885
   1.164      0.793486
   1.172      0.790091
   1.180      0.786700
   1.188      0.783314
   1.195      0.779932
   1.203      0.776555
   1.211      0.773182
   1.218      0.769815
   1.226      0.766454
   1.234      0.763099
   1.242      0.759750
   1.249      0.756408
   1.257      0.753074
   1.265      0.749747
   1.272      0.746428
   1.280      0.743117
   1.288      0.739815
   1.296      0.736523
   1.303      0.733240
   1.311      0.729967
   1.319      0.726705
   1.326      0.723454
   1.334      0.720214
   1.342      0.716986
   1.350      0.713770
   1.357      0.710566
   1.365      0.707375
   1.373      0.704197
   1.380      0.701032
   1.388      0.697881
   1.396      0.694744
   1.404      0.691621
   1.411      0.688513
   1.419      0.685419
   1.427      0.682341
   1.434      0.679277
   1.442      0.676229
   1.450      0.673197
   1.457      0.670181
   1.465      0.667180
   1.473      0.664196
   1.481      0.661227
   1.488      0.658276
   1.496      0.655340
   1.504      0.652422
   1.511      0.649520
   1.519      0.646635
   1.527      0.643767
   1.535      0.640916
   1.542      0.638081
   1.550      0.635264
   1.558      0.632465
   1.565      0.629682
   1.573      0.626916
   1.581      0.624168
   1.589      0.621437
   1.596      0.618723
   1.604      0.616027
   1.612      0.613348
   1.619      0.610686
   1.627      0.608041
   1.635      0.605413
   1.643      0.602803
   1.650      0.600210
   1.658      0.597633
   1.666      0.595074
   1.673      0.592532
   1.681      0.590007
   1.689      0.587499
   1.697      0.585007
   1.704      0.582533
   1.712      0.580075
   1.720      0.577634
   1.727      0.575209
   1.735      0.572801
   1.743      0.570409
   1.751      0.568034
   1.758      0.565674
   1.766      0.563331
   1.774      0.561005
   1.781      0.558694
   1.789      0.556399
   1.797      0.554120
   1.805      0.551857
   1.812      0.549609
   1.820      0.547377
   1.828      0.545160
   1.835      0.542959
   1.843      0.540773
   1.851      0.538602
   1.859      0.536447
   1.866      0.534306
   1.874      0.532180
   1.882      0.530069
   1.889      0.527973
   1.897      0.525891
   1.905      0.523823
   1.912      0.521770
   1.920      0.519732
   1.928      0.517707
   1.936      0.515697
   1.943      0.513700
   1.951      0.511717
   1.959      0.509748
   1.966      0.507793
   1.974      0.505851
   1.982      0.503923
   1.990      0.502008
   1.997      0.500106
   2.005      0.498218
   2.013      0.496342
   2.020      0.494480
   2.028      0.492630
   2.036      0.490793
   2.044      0.488968
   2.051      0.487156
   2.059      0.485357
   2.067      0.483570
   2.074      0.481795
   2.082      0.480032
   2.090      0.478281
   2.098      0.476542
   2.105      0.474815
   2.113      0.473100
   2.121      0.471396
   2.128      0.469704
   2.136      0.468023
   2.144      0.466354
   2.152      0.464696
   2.159      0.463049
   2.167      0.461413
   2.175      0.459788
   2.182      0.458174
   2.190      0.456571
   2.198      0.454979
   2.206      0.453397
   2.213      0.451826
   2.221      0.450265
   2.229      0.448714
   2.236      0.447174
   2.244      0.445644
   2.252      0.444124
   2.260      0.442614
   2.267      0.441114
   2.275      0.439623
   2.283      0.438143
   2.290      0.436672
   2.298      0.435211
   2.306      0.433759
   2.313      0.432316
   2.321      0.430883
   2.329      0.429460
   2.337      0.428045
   2.344      0.426639
   2.352      0.425243
   2.360      0.423855
   2.367      0.422477
   2.375      0.421107
   2.383      0.419746
   2.391      0.418393
   2.398      0.417049
   2.406      0.415714
   2.414      0.414387
   2.421      0.413068
   2.429      0.411757
   2.437      0.410455
   2.445      0.409161
   2.452      0.407875
   2.460      0.406597
   2.468      0.405327
   2.475      0.404065
   2.483      0.402810
   2.491      0.401563
   2.499      0.400324
   2.506      0.399093
   2.514      0.397869
   2.522      0.396652
   2.529      0.395443
   2.537      0.394241
   2.545      0.393046
   2.553      0.391859
   2.560      0.390679
   2.568      0.389506
   2.576      0.388340
   2.583      0.387180
   2.591      0.386028
   2.599      0.384883
   2.607      0.383744
   2.614      0.382612
   2.622      0.381487
   2.630      0.380368
   2.637      0.379256
   2.645      0.378150
   2.653      0.377051
   2.661      0.375958
   2.668      0.374871
   2.676      0.373791
   2.684      0.372717
   2.691      0.371649
   2.699      0.370587
   2.707      0.369531
   2.714      0.368481
   2.722      0.367437
   2.730      0.366400
   2.738      0.365367
   2.745      0.364341
   2.753      0.363321
   2.761      0.362306
   2.768      0.361296
   2.776      0.360293
   2.784      0.359295
   2.792      0.358302
   2.799      0.357315
   2.807      0.356334
   2.815      0.355357
   2.822      0.354386
   2.830      0.353421
   2.838      0.352460
   2.846      0.351505
   2.853      0.350555
   2.861      0.349610
   2.869      0.348671
   2.876      0.347736
   2.884      0.346806
   2.892      0.345881
   2.900      0.344961
   2.907      0.344046
   2.915      0.343136
   2.923      0.342231
   2.930      0.341330
   2.938      0.340434
   2.946      0.339543
   2.954      0.338656
   2.961      0.337775
   2.969      0.336897
   2.977      0.336024
   2.984      0.335156
   2.992      0.334292
   3.000      0.333433
   3.008      0.332578
   3.015      0.331727
   3.023      0.330881
   3.031      0.330039
   3.038      0.329202
   3.046      0.328368
   3.054      0.327539
   3.062      0.326714
   3.069      0.325893
