   0.006      0.000166
   0.012      0.001910
   0.017      0.003654
   0.023      0.005457
   0.029      0.007269
   0.035      0.009083
   0.041      0.010899
   0.046      0.012715
   0.052      0.014532
   0.058      0.016350
   0.064      0.018167
   0.070      0.019985
   0.075      0.021803
   0.081      0.023622
   0.087      0.025441
   0.093      0.027260
   0.099      0.029080
   0.104      0.030900
   0.110      0.032720
   0.116      0.034541
   0.122      0.036362
   0.128      0.038183
   0.133      0.040005
   0.139      0.041828
   0.145      0.043652
   0.151      0.045477
   0.157      0.047302
   0.162      0.049129
   0.168      0.050957
   0.174      0.052787
   0.180      0.054618
   0.186      0.056451
   0.191      0.058286
   0.197      0.060123
   0.203      0.061962
   0.209      0.063802
   0.215      0.065645
   0.220      0.067491
   0.226      0.069338
   0.232      0.071188
   0.238      0.073040
   0.244      0.074895
   0.249      0.076753
   0.255      0.078613
   0.261      0.080476
   0.267      0.082341
   0.273      0.084210
   0.278      0.086081
   0.284      0.087955
   0.290      0.089832
   0.296      0.091712
   0.302      0.093595
   0.307      0.095482
   0.313      0.097371
   0.319      0.099264
   0.325      0.101160
   0.331      0.103060
   0.336      0.104963
   0.342      0.106869
   0.348      0.108779
   0.354      0.110693
   0.360      0.112610
   0.365      0.114531
   0.371      0.116456
   0.377      0.118385
   0.383      0.120317
   0.389      0.122254
   0.394      0.124194
   0.400      0.126139
   0.406      0.128088
   0.412      0.130041
   0.418      0.131998
   0.423      0.133960
   0.429      0.135926
   0.435      0.137896
   0.441      0.139871
   0.447      0.141851
   0.452      0.143835
   0.458      0.145824
   0.464      0.147818
   0.470      0.149816
   0.476      0.151820
   0.481      0.153828
   0.487      0.155842
   0.493      0.157860
   0.499      0.159884
   0.505      0.161912
   0.510      0.163946
   0.516      0.165986
   0.522      0.168030
   0.528      0.170081
   0.534      0.172136
   0.539      0.174197
   0.545      0.176264
   0.551      0.178337
   0.557      0.180415
   0.563      0.182499
   0.568      0.184589
   0.574      0.186685
   0.580      0.188787
   0.586      0.190895
   0.592      0.193009
   0.597      0.195129
   0.603      0.197256
   0.609      0.199388
   0.615      0.201527
   0.621      0.203673
   0.626      0.205825
   0.632      0.207983
   0.638      0.210148
   0.644      0.212320
   0.650      0.214498
   0.655      0.216684
   0.661      0.218876
   0.667      0.221074
   0.673      0.223280
   0.679      0.225493
   0.684      0.227713
   0.690      0.229940
   0.696      0.232174
   0.702      0.234415
   0.708      0.236663
   0.713      0.238919
   0.719      0.241182
   0.725      0.243453
   0.731      0.245731
   0.737      0.248017
   0.742      0.250310
   0.748      0.252611
   0.754      0.254919
   0.760      0.257235
   0.766      0.259559
   0.771      0.261891
   0.777      0.264231
   0.783      0.266578
   0.789      0.268934
   0.795      0.271297
   0.800      0.273669
   0.806      0.276048
   0.812      0.278436
   0.818      0.280832
   0.824      0.283236
   0.829      0.285648
   0.835      0.288069
   0.841      0.290498
   0.847      0.292935
   0.853      0.295381
   0.858      0.297835
   0.864      0.300298
   0.870      0.302769
   0.876      0.305248
   0.882      0.307736
   0.887      0.310233
   0.893      0.312738
   0.899      0.315252
   0.905      0.317775
   0.911      0.320306
   0.916      0.322846
   0.922      0.325394
   0.928      0.327952
   0.934      0.330518
   0.940      0.333092
   0.945      0.335676
   0.951      0.338268
   0.957      0.340869
   0.963      0.343479
   0.969      0.346098
   0.974      0.348725
   0.980      0.351361
   0.986      0.354006
   0.992      0.356660
   0.998      0.359322
   1.003      0.361993
   1.009      0.364673
   1.015      0.367362
   1.021      0.370059
   1.027      0.372765
   1.032      0.375480
   1.038      0.378203
   1.044      0.380935
   1.050      0.383675
   1.056      0.386424
   1.061      0.389181
   1.067      0.391947
   1.073      0.394721
   1.079      0.397504
   1.085      0.400295
   1.090      0.403094
   1.096      0.405902
   1.102      0.408717
   1.108      0.411541
   1.114      0.414373
   1.119      0.417212
   1.125      0.420060
   1.131      0.422916
   1.137      0.425779
   1.143      0.428650
   1.148      0.431529
   1.154      0.434415
   1.160      0.437309
   1.166      0.440210
   1.172      0.443118
   1.177      0.446034
   1.183      0.448956
   1.189      0.451886
   1.195      0.454823
   1.201      0.457766
   1.206      0.460716
   1.212      0.463673
   1.218      0.466636
   1.224      0.469605
   1.230      0.472580
   1.235      0.475562
   1.241      0.478549
   1.247      0.481543
   1.253      0.484542
   1.259      0.487546
   1.264      0.490556
   1.270      0.493571
   1.276      0.496591
   1.282      0.499615
   1.288      0.502645
   1.293      0.505679
   1.299      0.508717
   1.305      0.511760
   1.311      0.514806
   1.317      0.517857
   1.322      0.520911
   1.328      0.523968
   1.334      0.527028
   1.340      0.530092
   1.346      0.533158
   1.351      0.536227
   1.357      0.539298
   1.363      0.542371
   1.369      0.545447
   1.375      0.548523
   1.380      0.551602
   1.386      0.554681
   1.392      0.557761
   1.398      0.560842
   1.404      0.563924
   1.409      0.567005
   1.415      0.570087
   1.421      0.573168
   1.427      0.576249
   1.433      0.579328
   1.438      0.582406
   1.444      0.585483
   1.450      0.588558
   1.456      0.591631
   1.462      0.594702
   1.467      0.597769
   1.473      0.600834
   1.479      0.603896
   1.485      0.606954
   1.491      0.610007
   1.496      0.613057
   1.502      0.616102
   1.508      0.619142
   1.514      0.622176
   1.520      0.625206
   1.525      0.628229
   1.531      0.631245
   1.537      0.634255
   1.543      0.637258
   1.549      0.640254
   1.554      0.643241
   1.560      0.646221
   1.566      0.649192
   1.572      0.652154
   1.578      0.655107
   1.583      0.658050
   1.589      0.660983
   1.595      0.663905
   1.601      0.666817
   1.607      0.669718
   1.612      0.672607
   1.618      0.675483
   1.624      0.678348
   1.630      0.681199
   1.636      0.684037
   1.641      0.686862
   1.647      0.689672
   1.653      0.692468
   1.659      0.695249
   1.665      0.698015
   1.670      0.700765
   1.676      0.703499
   1.682      0.706216
   1.688      0.708916
   1.694      0.711599
   1.699      0.714264
   1.705      0.716910
   1.711      0.719538
   1.717      0.722147
   1.723      0.724736
   1.728      0.727305
   1.734      0.729853
   1.740      0.732381
   1.746      0.734888
   1.752      0.737373
   1.757      0.739835
   1.763      0.742275
   1.769      0.744692
   1.775      0.747086
   1.781      0.749456
   1.786      0.751802
   1.792      0.754123
   1.798      0.756419
   1.804      0.758689
   1.810      0.760934
   1.815      0.763153
   1.821      0.765344
   1.827      0.767509
   1.833      0.769646
   1.839      0.771756
   1.844      0.773837
   1.850      0.775889
   1.856      0.777913
   1.862      0.779907
   1.868      0.781871
   1.873      0.783806
   1.879      0.785710
   1.885      0.787583
   1.891      0.789425
   1.897      0.791235
   1.902      0.793014
   1.908      0.794760
   1.914      0.796474
   1.920      0.798155
   1.926      0.799803
   1.931      0.801418
   1.937      0.802999
   1.943      0.804546
   1.949      0.806059
   1.955      0.807537
   1.960      0.808980
   1.966      0.810389
   1.972      0.811762
   1.978      0.813099
   1.984      0.814401
   1.989      0.815667
   1.995      0.816896
   2.001      0.818089
   2.007      0.819246
   2.013      0.820366
   2.018      0.821448
   2.024      0.822494
   2.030      0.823502
   2.036      0.824473
   2.042      0.825406
   2.047      0.826302
   2.053      0.827160
   2.059      0.827980
   2.065      0.828762
   2.071      0.829505
   2.076      0.830211
   2.082      0.830878
   2.088      0.831507
   2.094      0.832098
   2.100      0.832650
   2.105      0.833164
   2.111      0.833640
   2.117      0.834077
   2.123      0.834476
   2.129      0.834836
   2.134      0.835158
   2.140      0.835442
   2.146      0.835687
   2.152      0.835895
   2.158      0.836064
   2.163      0.836195
   2.169      0.836288
   2.175      0.836344
   2.181      0.836362
   2.187      0.836342
   2.192      0.836284
   2.198      0.836190
   2.204      0.836058
   2.210      0.835890
   2.216      0.835684
   2.221      0.835443
   2.227      0.835164
   2.233      0.834850
   2.239      0.834499
   2.245      0.834113
   2.250      0.833691
   2.256      0.833234
   2.262      0.832742
   2.268      0.832215
   2.274      0.831654
   2.279      0.831059
   2.285      0.830429
   2.291      0.829766
   2.297      0.829070
   2.303      0.828340
   2.308      0.827578
   2.314      0.826784
   2.320      0.825957
   2.326      0.825099
   2.332      0.824209
   2.337      0.823288
   2.343      0.822336
   2.349      0.821354
   2.355      0.820342
   2.361      0.819300
   2.366      0.818229
   2.372      0.817129
   2.378      0.816000
   2.384      0.814843
   2.390      0.813658
   2.395      0.812446
   2.401      0.811207
   2.407      0.809941
   2.413      0.808648
   2.419      0.807330
   2.424      0.805986
   2.430      0.804617
   2.436      0.803223
   2.442      0.801805
   2.448      0.800362
   2.453      0.798896
   2.459      0.797407
   2.465      0.795895
   2.471      0.794360
   2.477      0.792803
   2.482      0.791224
   2.488      0.789624
   2.494      0.788003
   2.500      0.786361
   2.506      0.784698
   2.511      0.783016
   2.517      0.781314
   2.523      0.779593
   2.529      0.777853
   2.535      0.776094
   2.540      0.774317
   2.546      0.772522
   2.552      0.770709
   2.558      0.768879
   2.564      0.767032
   2.569      0.765168
   2.575      0.763288
   2.581      0.761392
   2.587      0.759479
   2.593      0.757552
   2.598      0.755609
   2.604      0.753651
   2.610      0.751678
   2.616      0.749691
   2.622      0.747690
   2.627      0.745675
   2.633      0.743646
   2.639      0.741603
   2.645      0.739548
   2.651      0.737479
   2.656      0.735398
   2.662      0.733304
   2.668      0.731198
   2.674      0.729079
   2.680      0.726949
   2.685      0.724808
   2.691      0.722655
   2.697      0.720491
   2.703      0.718316
   2.709      0.716130
   2.714      0.713933
   2.720      0.711727
   2.726      0.709510
   2.732      0.707284
   2.738      0.705047
   2.743      0.702801
   2.749      0.700546
   2.755      0.698282
   2.761      0.696009
   2.767      0.693728
   2.772      0.691438
   2.778      0.689139
   2.784      0.686833
   2.790      0.684519
   2.796      0.682197
   2.801      0.679867
   2.807      0.677530
   2.813      0.675186
   2.819      0.672835
   2.825      0.670477
   2.830      0.668113
   2.836      0.665742
   2.842      0.663365
   2.848      0.660982
   2.854      0.658593
   2.859      0.656198
   2.865      0.653798
   2.871      0.651392
   2.877      0.648981
   2.883      0.646565
   2.888      0.644144
   2.894      0.641719
   2.900      0.639289
   2.906      0.636854
   2.912      0.634415
   2.917      0.631971
   2.923      0.629524
   2.929      0.627073
   2.935      0.624619
   2.941      0.622161
   2.946      0.619699
   2.952      0.617235
   2.958      0.614767
   2.964      0.612296
   2.970      0.609823
   2.975      0.607347
   2.981      0.604869
   2.987      0.602388
   2.993      0.599905
   2.999      0.597420
   3.004      0.594933
   3.010      0.592444
   3.016      0.589954
   3.022      0.587462
   3.028      0.584969
   3.033      0.582474
   3.039      0.579978
   3.045      0.577482
   3.051      0.574984
   3.057      0.572486
   3.062      0.569987
   3.068      0.567487
   3.074      0.564987
   3.080      0.562487
   3.086      0.559986
   3.091      0.557486
   3.097      0.554985
   3.103      0.552485
   3.109      0.549985
   3.115      0.547486
   3.120      0.544987
   3.126      0.542489
   3.132      0.539991
   3.138      0.537494
   3.144      0.534998
   3.149      0.532504
   3.155      0.530010
   3.161      0.527518
   3.167      0.525027
   3.173      0.522537
   3.178      0.520049
   3.184      0.517563
   3.190      0.515079
   3.196      0.512596
   3.202      0.510115
   3.207      0.507637
   3.213      0.505160
   3.219      0.502686
   3.225      0.500214
   3.231      0.497745
   3.236      0.495278
   3.242      0.492814
   3.248      0.490352
   3.254      0.487893
   3.260      0.485437
   3.265      0.482984
   3.271      0.480534
   3.277      0.478087
   3.283      0.475643
   3.289      0.473203
   3.294      0.470766
   3.300      0.468332
   3.306      0.465902
   3.312      0.463475
   3.318      0.461053
   3.323      0.458633
   3.329      0.456218
   3.335      0.453807
   3.341      0.451399
   3.347      0.448996
   3.352      0.446597
   3.358      0.444201
   3.364      0.441811
   3.370      0.439424
   3.376      0.437042
   3.381      0.434664
   3.387      0.432291
   3.393      0.429922
   3.399      0.427558
   3.405      0.425199
   3.410      0.422845
   3.416      0.420495
   3.422      0.418150
   3.428      0.415810
   3.434      0.413476
   3.439      0.411146
   3.445      0.408821
   3.451      0.406502
   3.457      0.404188
   3.463      0.401879
   3.468      0.399575
   3.474      0.397277
   3.480      0.394985
   3.486      0.392698
   3.492      0.390416
   3.497      0.388140
   3.503      0.385870
   3.509      0.383606
   3.515      0.381347
   3.521      0.379094
   3.526      0.376847
   3.532      0.374606
   3.538      0.372370
   3.544      0.370141
   3.550      0.367918
   3.555      0.365701
   3.561      0.363490
   3.567      0.361285
   3.573      0.359087
   3.579      0.356895
   3.584      0.354709
   3.590      0.352529
   3.596      0.350356
   3.602      0.348189
   3.608      0.346028
   3.613      0.343875
   3.619      0.341727
   3.625      0.339586
   3.631      0.337452
   3.637      0.335325
   3.642      0.333204
   3.648      0.331090
   3.654      0.328982
   3.660      0.326881
   3.666      0.324787
   3.671      0.322700
   3.677      0.320620
   3.683      0.318547
   3.689      0.316480
   3.695      0.314421
   3.700      0.312369
   3.706      0.310323
   3.712      0.308285
   3.718      0.306253
   3.724      0.304229
   3.729      0.302212
   3.735      0.300202
   3.741      0.298199
   3.747      0.296203
   3.753      0.294214
   3.758      0.292233
   3.764      0.290259
   3.770      0.288292
   3.776      0.286333
   3.782      0.284381
   3.787      0.282436
   3.793      0.280498
   3.799      0.278568
   3.805      0.276645
   3.811      0.274730
   3.816      0.272822
   3.822      0.270921
   3.828      0.269028
   3.834      0.267143
   3.840      0.265264
   3.845      0.263394
   3.851      0.261531
   3.857      0.259675
   3.863      0.257827
   3.869      0.255987
   3.874      0.254154
   3.880      0.252328
   3.886      0.250510
   3.892      0.248700
   3.898      0.246898
   3.903      0.245103
   3.909      0.243315
   3.915      0.241536
   3.921      0.239764
   3.927      0.237999
   3.932      0.236242
   3.938      0.234493
   3.944      0.232752
   3.950      0.231018
   3.956      0.229292
   3.961      0.227574
   3.967      0.225863
   3.973      0.224160
   3.979      0.222465
   3.985      0.220778
   3.990      0.219098
   3.996      0.217426
   4.002      0.215761
   4.008      0.214105
   4.014      0.212456
   4.019      0.210815
   4.025      0.209181
   4.031      0.207555
   4.037      0.205937
   4.043      0.204327
   4.048      0.202725
   4.054      0.201130
   4.060      0.199543
   4.066      0.197963
   4.072      0.196392
   4.077      0.194828
   4.083      0.193272
   4.089      0.191723
   4.095      0.190182
   4.101      0.188649
   4.106      0.187124
   4.112      0.185606
   4.118      0.184097
   4.124      0.182594
   4.130      0.181100
   4.135      0.179613
   4.141      0.178134
   4.147      0.176662
   4.153      0.175198
   4.159      0.173742
   4.164      0.172294
   4.170      0.170853
   4.176      0.169420
   4.182      0.167994
   4.188      0.166576
   4.193      0.165166
   4.199      0.163763
   4.205      0.162368
   4.211      0.160980
   4.217      0.159600
   4.222      0.158228
   4.228      0.156863
   4.234      0.155506
   4.240      0.154156
   4.246      0.152814
   4.251      0.151479
   4.257      0.150152
   4.263      0.148832
   4.269      0.147520
   4.275      0.146215
   4.280      0.144918
   4.286      0.143628
   4.292      0.142346
   4.298      0.141071
   4.304      0.139803
   4.309      0.138543
   4.315      0.137290
   4.321      0.136045
   4.327      0.134807
   4.333      0.133576
   4.338      0.132352
   4.344      0.131136
   4.350      0.129928
   4.356      0.128726
   4.362      0.127532
   4.367      0.126345
   4.373      0.125165
   4.379      0.123992
   4.385      0.122827
   4.391      0.121668
   4.396      0.120517
   4.402      0.119373
   4.408      0.118237
   4.414      0.117107
   4.420      0.115984
   4.425      0.114869
   4.431      0.113760
   4.437      0.112659
   4.443      0.111564
   4.449      0.110477
   4.454      0.109397
   4.460      0.108323
   4.466      0.107257
   4.472      0.106197
   4.478      0.105144
   4.483      0.104099
   4.489      0.103060
   4.495      0.102028
   4.501      0.101003
   4.507      0.099984
   4.512      0.098973
   4.518      0.097968
   4.524      0.096970
   4.530      0.095978
   4.536      0.094994
   4.541      0.094016
   4.547      0.093044
   4.553      0.092080
   4.559      0.091122
   4.565      0.090170
   4.570      0.089226
   4.576      0.088287
   4.582      0.087356
   4.588      0.086431
   4.594      0.085512
   4.599      0.084600
   4.605      0.083694
   4.611      0.082795
   4.617      0.081902
   4.623      0.081015
   4.628      0.080135
   4.634      0.079261
   4.640      0.078394
   4.646      0.077533
   4.652      0.076678
   4.657      0.075829
   4.663      0.074987
   4.669      0.074151
   4.675      0.073321
   4.681      0.072497
   4.686      0.071679
   4.692      0.070868
   4.698      0.070062
   4.704      0.069263
   4.710      0.068469
   4.715      0.067682
   4.721      0.066901
   4.727      0.066125
   4.733      0.065356
   4.739      0.064593
   4.744      0.063835
   4.750      0.063083
   4.756      0.062338
   4.762      0.061598
   4.768      0.060864
   4.773      0.060135
   4.779      0.059413
   4.785      0.058696
   4.791      0.057985
   4.797      0.057279
   4.802      0.056580
   4.808      0.055886
   4.814      0.055197
   4.820      0.054514
   4.826      0.053837
   4.831      0.053165
   4.837      0.052499
   4.843      0.051839
   4.849      0.051183
   4.855      0.050534
   4.860      0.049890
   4.866      0.049251
   4.872      0.048617
   4.878      0.047989
   4.884      0.047367
   4.889      0.046749
   4.895      0.046137
   4.901      0.045530
   4.907      0.044929
   4.913      0.044332
   4.918      0.043741
   4.924      0.043155
   4.930      0.042574
   4.936      0.041999
   4.942      0.041428
   4.947      0.040863
   4.953      0.040302
   4.959      0.039747
   4.965      0.039197
   4.971      0.038651
   4.976      0.038111
   4.982      0.037575
   4.988      0.037045
   4.994      0.036519
   5.000      0.035999
   5.005      0.035485
   5.011      0.034975
   5.017      0.034469
   5.023      0.033967
   5.029      0.033471
   5.034      0.032979
   5.040      0.032492
   5.046      0.032010
   5.052      0.031533
   5.058      0.031060
   5.063      0.030592
   5.069      0.030128
   5.075      0.029669
   5.081      0.029214
   5.087      0.028764
   5.092      0.028319
   5.098      0.027878
   5.104      0.027442
   5.110      0.027009
   5.116      0.026582
   5.121      0.026159
   5.127      0.025740
   5.133      0.025325
   5.139      0.024915
   5.145      0.024509
   5.150      0.024107
   5.156      0.023709
   5.162      0.023316
   5.168      0.022927
   5.174      0.022542
   5.179      0.022161
   5.185      0.021784
   5.191      0.021411
   5.197      0.021043
   5.203      0.020678
   5.208      0.020317
   5.214      0.019961
   5.220      0.019608
   5.226      0.019259
   5.232      0.018914
   5.237      0.018573
   5.243      0.018236
   5.249      0.017902
   5.255      0.017573
   5.261      0.017247
   5.266      0.016925
   5.272      0.016606
   5.278      0.016291
   5.284      0.015980
   5.290      0.015673
   5.295      0.015369
   5.301      0.015069
   5.307      0.014772
   5.313      0.014479
   5.319      0.014189
   5.324      0.013903
   5.330      0.013620
   5.336      0.013341
   5.342      0.013065
   5.348      0.012793
   5.353      0.012524
   5.359      0.012258
   5.365      0.011995
   5.371      0.011736
   5.377      0.011480
   5.382      0.011227
   5.388      0.010978
   5.394      0.010731
   5.400      0.010488
   5.406      0.010248
   5.411      0.010011
   5.417      0.009778
   5.423      0.009547
   5.429      0.009320
   5.435      0.009095
   5.440      0.008874
   5.446      0.008656
   5.452      0.008440
   5.458      0.008228
   5.464      0.008018
   5.469      0.007812
   5.475      0.007608
   5.481      0.007407
   5.487      0.007209
   5.493      0.007014
   5.498      0.006822
   5.504      0.006632
   5.510      0.006445
   5.516      0.006261
   5.522      0.006080
   5.527      0.005901
   5.533      0.005725
   5.539      0.005551
   5.545      0.005380
   5.551      0.005212
   5.556      0.005046
   5.562      0.004883
   5.568      0.004722
   5.574      0.004564
   5.580      0.004408
   5.585      0.004255
   5.591      0.004104
   5.597      0.003956
   5.603      0.003809
   5.609      0.003666
   5.614      0.003524
   5.620      0.003385
   5.626      0.003248
   5.632      0.003113
   5.638      0.002981
   5.643      0.002851
   5.649      0.002723
   5.655      0.002597
   5.661      0.002473
   5.667      0.002352
   5.672      0.002232
   5.678      0.002115
   5.684      0.002000
   5.690      0.001886
   5.696      0.001775
   5.701      0.001666
   5.707      0.001558
   5.713      0.001453
   5.719      0.001350
   5.725      0.001248
   5.730      0.001148
   5.736      0.001050
   5.742      0.000954
   5.748      0.000859
   5.754      0.000767
   5.759      0.000676
   5.765      0.000586
   5.771      0.000498
   5.777      0.000412
   5.783      0.000327
   5.788      0.000244
   5.794      0.000162
   5.800      0.000080
   5.806      0.000000
