   0.000    -10.581067
   0.005    -10.594269
   0.010    -10.608943
   0.015    -10.628510
   0.020    -10.653296
   0.025    -10.684398
   0.030    -10.722843
   0.035    -10.769459
   0.040    -10.824801
   0.045    -10.889357
   0.051    -10.963399
   0.056    -11.047028
   0.061    -11.140120
   0.066    -11.242400
   0.071    -11.353504
   0.076    -11.472926
   0.081    -11.600059
   0.086    -11.734194
   0.091    -11.874535
   0.096    -12.020218
   0.101    -12.170246
   0.106    -12.323578
   0.111    -12.479109
   0.116    -12.635654
   0.121    -12.791927
   0.126    -12.946650
   0.131    -13.098457
   0.136    -13.245954
   0.141    -13.387682
   0.147    -13.522233
   0.152    -13.648120
   0.157    -13.763892
   0.162    -13.868102
   0.167    -13.959366
   0.172    -14.036302
   0.177    -14.097601
   0.182    -14.142050
   0.187    -14.168485
   0.192    -14.175884
   0.197    -14.163312
   0.202    -14.129990
   0.207    -14.075252
   0.212    -13.998624
   0.217    -13.899765
   0.222    -13.778537
   0.227    -13.634975
   0.232    -13.469316
   0.237    -13.281976
   0.243    -13.073584
   0.248    -12.844970
   0.253    -12.597144
   0.258    -12.331305
   0.263    -12.048830
   0.268    -11.751258
   0.273    -11.440275
   0.278    -11.117684
   0.283    -10.785397
   0.288    -10.445402
   0.293    -10.099739
   0.298     -9.750462
   0.303     -9.399629
   0.308     -9.049245
   0.313     -8.701259
   0.318     -8.357522
   0.323     -8.019757
   0.328     -7.689552
   0.333     -7.368314
   0.339     -7.057280
   0.344     -6.757483
   0.349     -6.469754
   0.354     -6.194727
   0.359     -5.932820
   0.364     -5.684257
   0.369     -5.449070
   0.374     -5.227134
   0.379     -5.018146
   0.384     -4.821685
   0.389     -4.637205
   0.394     -4.464079
   0.399     -4.301601
   0.404     -4.149031
   0.409     -4.005590
   0.414     -3.870514
   0.419     -3.743034
   0.424     -3.622422
   0.429     -3.507976
   0.435     -3.399061
   0.440     -3.295082
   0.445     -3.195518
   0.450     -3.099895
   0.455     -3.007812
   0.460     -2.918924
   0.465     -2.832936
   0.470     -2.749612
   0.475     -2.668750
   0.480     -2.590199
   0.485     -2.513834
   0.490     -2.439550
   0.495     -2.367285
   0.500     -2.296969
   0.505     -2.228562
   0.510     -2.162024
   0.515     -2.097319
   0.520     -2.034427
   0.525     -1.973312
   0.531     -1.913947
   0.536     -1.856305
   0.541     -1.800352
   0.546     -1.746057
   0.551     -1.693383
   0.556     -1.642294
   0.561     -1.592753
   0.566     -1.544719
   0.571     -1.498151
   0.576     -1.453008
   0.581     -1.409252
   0.586     -1.366838
   0.591     -1.325728
   0.596     -1.285881
   0.601     -1.247257
   0.606     -1.209820
   0.611     -1.173527
   0.616     -1.138348
   0.621     -1.104245
   0.627     -1.071185
   0.632     -1.039133
   0.637     -1.008056
   0.642     -0.977925
   0.647     -0.948708
   0.652     -0.920377
   0.657     -0.892903
   0.662     -0.866259
   0.667     -0.840418
   0.672     -0.815356
   0.677     -0.791049
   0.682     -0.767471
   0.687     -0.744601
   0.692     -0.722415
   0.697     -0.700894
   0.702     -0.680016
   0.707     -0.659761
   0.712     -0.640110
   0.717     -0.621044
   0.722     -0.602546
   0.728     -0.584597
   0.733     -0.567180
   0.738     -0.550281
   0.743     -0.533881
   0.748     -0.517967
   0.753     -0.502524
   0.758     -0.487536
   0.763     -0.472991
   0.768     -0.458875
   0.773     -0.445175
   0.778     -0.431878
   0.783     -0.418972
   0.788     -0.406446
   0.793     -0.394287
   0.798     -0.382486
   0.803     -0.371030
   0.808     -0.359911
   0.813     -0.349117
   0.818     -0.338639
   0.824     -0.328469
   0.829     -0.318595
   0.834     -0.309010
   0.839     -0.299706
   0.844     -0.290673
   0.849     -0.281905
   0.854     -0.273392
   0.859     -0.265128
   0.864     -0.257104
   0.869     -0.249315
   0.874     -0.241754
   0.879     -0.234412
   0.884     -0.227285
   0.889     -0.220366
   0.894     -0.213648
   0.899     -0.207126
   0.904     -0.200795
   0.909     -0.194648
   0.914     -0.188680
   0.920     -0.182886
   0.925     -0.177261
   0.930     -0.171800
   0.935     -0.166499
   0.940     -0.161352
   0.945     -0.156355
   0.950     -0.151505
   0.955     -0.146796
   0.960     -0.142224
   0.965     -0.137786
   0.970     -0.133478
   0.975     -0.129296
   0.980     -0.125237
   0.985     -0.121296
   0.990     -0.117471
   0.995     -0.113758
   1.000     -0.110154
   1.005     -0.106655
   1.010     -0.103260
   1.016     -0.099964
   1.021     -0.096766
   1.026     -0.093661
   1.031     -0.090648
   1.036     -0.087724
   1.041     -0.084886
   1.046     -0.082133
   1.051     -0.079460
   1.056     -0.076867
   1.061     -0.074351
   1.066     -0.071910
   1.071     -0.069541
   1.076     -0.067243
   1.081     -0.065013
   1.086     -0.062850
   1.091     -0.060751
   1.096     -0.058715
   1.101     -0.056740
   1.106     -0.054825
   1.112     -0.052967
   1.117     -0.051165
   1.122     -0.049418
   1.127     -0.047723
   1.132     -0.046079
   1.137     -0.044486
   1.142     -0.042940
   1.147     -0.041442
   1.152     -0.039990
   1.157     -0.038582
   1.162     -0.037217
   1.167     -0.035893
   1.172     -0.034611
   1.177     -0.033368
   1.182     -0.032164
   1.187     -0.030996
   1.192     -0.029865
   1.197     -0.028769
   1.202     -0.027708
   1.208     -0.026679
   1.213     -0.025683
   1.218     -0.024718
   1.223     -0.023783
   1.228     -0.022878
   1.233     -0.022001
   1.238     -0.021153
   1.243     -0.020331
   1.248     -0.019536
   1.253     -0.018766
   1.258     -0.018021
   1.263     -0.017300
   1.268     -0.016602
   1.273     -0.015927
   1.278     -0.015274
   1.283     -0.014642
   1.288     -0.014031
   1.293     -0.013439
   1.298     -0.012868
   1.304     -0.012315
   1.309     -0.011781
   1.314     -0.011265
   1.319     -0.010766
   1.324     -0.010283
   1.329     -0.009817
   1.334     -0.009367
   1.339     -0.008932
   1.344     -0.008512
   1.349     -0.008107
   1.354     -0.007715
   1.359     -0.007337
   1.364     -0.006972
   1.369     -0.006620
   1.374     -0.006280
   1.379     -0.005952
   1.384     -0.005636
   1.389     -0.005331
   1.394     -0.005037
   1.400     -0.004754
   1.405     -0.004481
   1.410     -0.004218
   1.415     -0.003964
   1.420     -0.003720
   1.425     -0.003485
   1.430     -0.003258
   1.435     -0.003040
   1.440     -0.002831
   1.445     -0.002629
   1.450     -0.002435
   1.455     -0.002248
   1.460     -0.002068
   1.465     -0.001896
   1.470     -0.001730
   1.475     -0.001571
   1.480     -0.001418
   1.485     -0.001271
   1.490     -0.001130
   1.496     -0.000995
   1.501     -0.000866
   1.506     -0.000741
   1.511     -0.000622
   1.516     -0.000508
   1.521     -0.000398
   1.526     -0.000294
   1.531     -0.000193
   1.536     -0.000097
   1.541     -0.000006
   1.546      0.000082
   1.551      0.000166
   1.556      0.000246
   1.561      0.000322
   1.566      0.000395
   1.571      0.000465
   1.576      0.000531
   1.581      0.000595
   1.586      0.000655
   1.592      0.000712
   1.597      0.000767
   1.602      0.000818
   1.607      0.000868
   1.612      0.000914
   1.617      0.000959
   1.622      0.001001
   1.627      0.001041
   1.632      0.001079
   1.637      0.001114
   1.642      0.001148
   1.647      0.001180
   1.652      0.001210
   1.657      0.001238
   1.662      0.001265
   1.667      0.001290
   1.672      0.001314
   1.677      0.001336
   1.682      0.001356
   1.688      0.001376
   1.693      0.001394
   1.698      0.001411
   1.703      0.001426
   1.708      0.001441
   1.713      0.001455
   1.718      0.001467
   1.723      0.001479
   1.728      0.001489
   1.733      0.001499
   1.738      0.001508
   1.743      0.001516
   1.748      0.001523
   1.753      0.001530
   1.758      0.001535
   1.763      0.001541
   1.768      0.001545
   1.773      0.001549
   1.778      0.001553
   1.784      0.001556
   1.789      0.001558
   1.794      0.001560
   1.799      0.001561
   1.804      0.001562
   1.809      0.001563
   1.814      0.001563
   1.819      0.001563
   1.824      0.001563
   1.829      0.001562
   1.834      0.001561
   1.839      0.001560
   1.844      0.001558
   1.849      0.001556
   1.854      0.001554
   1.859      0.001552
   1.864      0.001550
   1.869      0.001547
   1.874      0.001544
   1.880      0.001541
   1.885      0.001538
   1.890      0.001535
   1.895      0.001532
   1.900      0.001529
   1.905      0.001525
   1.910      0.001522
   1.915      0.001519
   1.920      0.001515
   1.925      0.001511
   1.930      0.001508
   1.935      0.001504
   1.940      0.001500
   1.945      0.001497
   1.950      0.001493
   1.955      0.001489
   1.960      0.001485
   1.965      0.001481
   1.970      0.001478
   1.976      0.001474
   1.981      0.001470
   1.986      0.001466
   1.991      0.001463
   1.996      0.001459
   2.001      0.001455
   2.006      0.001452
   2.011      0.001448
