   0.000      2.124200
   0.005      2.124200
   0.010      2.124199
   0.015      2.124196
   0.020      2.124187
   0.025      2.124169
   0.030      2.124135
   0.035      2.124080
   0.040      2.123996
   0.045      2.123875
   0.051      2.123708
   0.056      2.123484
   0.061      2.123194
   0.066      2.122825
   0.071      2.122367
   0.076      2.121808
   0.081      2.121135
   0.086      2.120337
   0.091      2.119402
   0.096      2.118319
   0.101      2.117076
   0.106      2.115664
   0.111      2.114072
   0.116      2.112293
   0.121      2.110317
   0.126      2.108139
   0.131      2.105752
   0.136      2.103152
   0.141      2.100337
   0.147      2.097302
   0.152      2.094049
   0.157      2.090577
   0.162      2.086887
   0.167      2.082981
   0.172      2.078863
   0.177      2.074536
   0.182      2.070005
   0.187      2.065275
   0.192      2.060352
   0.197      2.055241
   0.202      2.049949
   0.207      2.044483
   0.212      2.038848
   0.217      2.033050
   0.222      2.027098
   0.227      2.020995
   0.232      2.014750
   0.237      2.008367
   0.243      2.001852
   0.248      1.995212
   0.253      1.988451
   0.258      1.981575
   0.263      1.974589
   0.268      1.967499
   0.273      1.960308
   0.278      1.953021
   0.283      1.945644
   0.288      1.938180
   0.293      1.930635
   0.298      1.923012
   0.303      1.915315
   0.308      1.907550
   0.313      1.899719
   0.318      1.891827
   0.323      1.883878
   0.328      1.875875
   0.333      1.867822
   0.339      1.859722
   0.344      1.851580
   0.349      1.843399
   0.354      1.835182
   0.359      1.826932
   0.364      1.818652
   0.369      1.810346
   0.374      1.802017
   0.379      1.793667
   0.384      1.785299
   0.389      1.776917
   0.394      1.768522
   0.399      1.760117
   0.404      1.751705
   0.409      1.743289
   0.414      1.734869
   0.419      1.726450
   0.424      1.718032
   0.429      1.709619
   0.435      1.701211
   0.440      1.692811
   0.445      1.684421
   0.450      1.676043
   0.455      1.667679
   0.460      1.659329
   0.465      1.650996
   0.470      1.642681
   0.475      1.634386
   0.480      1.626111
   0.485      1.617860
   0.490      1.609631
   0.495      1.601428
   0.500      1.593251
   0.505      1.585102
   0.510      1.576980
   0.515      1.568888
   0.520      1.560826
   0.525      1.552796
   0.531      1.544798
   0.536      1.536832
   0.541      1.528901
   0.546      1.521004
   0.551      1.513142
   0.556      1.505316
   0.561      1.497527
   0.566      1.489775
   0.571      1.482061
   0.576      1.474384
   0.581      1.466747
   0.586      1.459149
   0.591      1.451591
   0.596      1.444072
   0.601      1.436594
   0.606      1.429157
   0.611      1.421761
   0.616      1.414407
   0.621      1.407094
   0.627      1.399822
   0.632      1.392593
   0.637      1.385407
   0.642      1.378263
   0.647      1.371161
   0.652      1.364103
   0.657      1.357087
   0.662      1.350114
   0.667      1.343185
   0.672      1.336298
   0.677      1.329455
   0.682      1.322655
   0.687      1.315899
   0.692      1.309185
   0.697      1.302515
   0.702      1.295888
   0.707      1.289305
   0.712      1.282764
   0.717      1.276267
   0.722      1.269813
   0.728      1.263402
   0.733      1.257033
   0.738      1.250708
   0.743      1.244425
   0.748      1.238184
   0.753      1.231986
   0.758      1.225831
   0.763      1.219717
   0.768      1.213646
   0.773      1.207616
   0.778      1.201628
   0.783      1.195682
   0.788      1.189777
   0.793      1.183913
   0.798      1.178090
   0.803      1.172308
   0.808      1.166566
   0.813      1.160865
   0.818      1.155204
   0.824      1.149583
   0.829      1.144002
   0.834      1.138461
   0.839      1.132959
   0.844      1.127496
   0.849      1.122072
   0.854      1.116686
   0.859      1.111340
   0.864      1.106031
   0.869      1.100760
   0.874      1.095528
   0.879      1.090332
   0.884      1.085175
   0.889      1.080054
   0.894      1.074970
   0.899      1.069922
   0.904      1.064911
   0.909      1.059936
   0.914      1.054997
   0.920      1.050094
   0.925      1.045226
   0.930      1.040393
   0.935      1.035595
   0.940      1.030831
   0.945      1.026102
   0.950      1.021408
   0.955      1.016747
   0.960      1.012120
   0.965      1.007526
   0.970      1.002965
   0.975      0.998437
   0.980      0.993942
   0.985      0.989480
   0.990      0.985050
   0.995      0.980651
   1.000      0.976285
   1.005      0.971949
   1.010      0.967645
   1.016      0.963373
   1.021      0.959130
   1.026      0.954919
   1.031      0.950737
   1.036      0.946586
   1.041      0.942465
   1.046      0.938373
   1.051      0.934310
   1.056      0.930277
   1.061      0.926272
   1.066      0.922296
   1.071      0.918349
   1.076      0.914430
   1.081      0.910538
   1.086      0.906675
   1.091      0.902839
   1.096      0.899030
   1.101      0.895249
   1.106      0.891494
   1.112      0.887766
   1.117      0.884064
   1.122      0.880389
   1.127      0.876739
   1.132      0.873116
   1.137      0.869518
   1.142      0.865945
   1.147      0.862398
   1.152      0.858875
   1.157      0.855377
   1.162      0.851904
   1.167      0.848455
   1.172      0.845030
   1.177      0.841630
   1.182      0.838253
   1.187      0.834899
   1.192      0.831569
   1.197      0.828262
   1.202      0.824978
   1.208      0.821717
   1.213      0.818478
   1.218      0.815262
   1.223      0.812067
   1.228      0.808895
   1.233      0.805745
   1.238      0.802617
   1.243      0.799510
   1.248      0.796424
   1.253      0.793359
   1.258      0.790315
   1.263      0.787293
   1.268      0.784290
   1.273      0.781308
   1.278      0.778347
   1.283      0.775405
   1.288      0.772483
   1.293      0.769581
   1.298      0.766699
   1.304      0.763836
   1.309      0.760993
   1.314      0.758168
   1.319      0.755362
   1.324      0.752576
   1.329      0.749807
   1.334      0.747058
   1.339      0.744326
   1.344      0.741613
   1.349      0.738918
   1.354      0.736240
   1.359      0.733581
   1.364      0.730938
   1.369      0.728314
   1.374      0.725706
   1.379      0.723116
   1.384      0.720543
   1.389      0.717986
   1.394      0.715446
   1.400      0.712923
   1.405      0.710416
   1.410      0.707926
   1.415      0.705451
   1.420      0.702993
   1.425      0.700550
   1.430      0.698123
   1.435      0.695712
   1.440      0.693317
   1.445      0.690936
   1.450      0.688571
   1.455      0.686221
   1.460      0.683887
   1.465      0.681566
   1.470      0.679261
   1.475      0.676970
   1.480      0.674694
   1.485      0.672432
   1.490      0.670185
   1.496      0.667951
   1.501      0.665732
   1.506      0.663526
   1.511      0.661335
   1.516      0.659156
   1.521      0.656992
   1.526      0.654841
   1.531      0.652703
   1.536      0.650579
   1.541      0.648468
   1.546      0.646369
   1.551      0.644284
   1.556      0.642211
   1.561      0.640152
   1.566      0.638104
   1.571      0.636070
   1.576      0.634047
   1.581      0.632037
   1.586      0.630039
   1.592      0.628054
   1.597      0.626080
   1.602      0.624118
   1.607      0.622168
   1.612      0.620230
   1.617      0.618303
   1.622      0.616388
   1.627      0.614484
   1.632      0.612592
   1.637      0.610711
   1.642      0.608841
   1.647      0.606982
   1.652      0.605134
   1.657      0.603297
   1.662      0.601471
   1.667      0.599656
   1.672      0.597851
   1.677      0.596056
   1.682      0.594273
   1.688      0.592499
   1.693      0.590736
   1.698      0.588983
   1.703      0.587240
   1.708      0.585508
   1.713      0.583785
   1.718      0.582072
   1.723      0.580369
   1.728      0.578676
   1.733      0.576992
   1.738      0.575318
   1.743      0.573654
   1.748      0.571999
   1.753      0.570353
   1.758      0.568717
   1.763      0.567090
   1.768      0.565472
   1.773      0.563863
   1.778      0.562263
   1.784      0.560672
   1.789      0.559090
   1.794      0.557516
   1.799      0.555952
   1.804      0.554396
   1.809      0.552848
   1.814      0.551310
   1.819      0.549779
   1.824      0.548257
   1.829      0.546744
   1.834      0.545238
   1.839      0.543741
   1.844      0.542252
   1.849      0.540771
   1.854      0.539298
   1.859      0.537833
   1.864      0.536376
   1.869      0.534927
   1.874      0.533485
   1.880      0.532052
   1.885      0.530625
   1.890      0.529207
   1.895      0.527796
   1.900      0.526392
   1.905      0.524996
   1.910      0.523608
   1.915      0.522226
   1.920      0.520852
   1.925      0.519485
   1.930      0.518125
   1.935      0.516772
   1.940      0.515427
   1.945      0.514088
   1.950      0.512756
   1.955      0.511431
   1.960      0.510113
   1.965      0.508802
   1.970      0.507497
   1.976      0.506199
   1.981      0.504908
   1.986      0.503623
   1.991      0.502345
   1.996      0.501073
   2.001      0.499808
   2.006      0.498549
   2.011      0.497296
