   0.000      2.730785
   0.005      2.730553
   0.010      2.729859
   0.015      2.728702
   0.020      2.727083
   0.025      2.725004
   0.030      2.722466
   0.035      2.719471
   0.040      2.716021
   0.045      2.712118
   0.051      2.707766
   0.056      2.702968
   0.061      2.697726
   0.066      2.692046
   0.071      2.685930
   0.076      2.679384
   0.081      2.672412
   0.086      2.665020
   0.091      2.657213
   0.096      2.648997
   0.101      2.640378
   0.106      2.631363
   0.111      2.621959
   0.116      2.612173
   0.121      2.602012
   0.126      2.591485
   0.131      2.580599
   0.136      2.569364
   0.141      2.557789
   0.147      2.545882
   0.152      2.533654
   0.157      2.521114
   0.162      2.508273
   0.167      2.495141
   0.172      2.481729
   0.177      2.468048
   0.182      2.454110
   0.187      2.439925
   0.192      2.425507
   0.197      2.410866
   0.202      2.396014
   0.207      2.380965
   0.212      2.365730
   0.217      2.350322
   0.222      2.334754
   0.227      2.319037
   0.232      2.303184
   0.237      2.287209
   0.243      2.271123
   0.248      2.254939
   0.253      2.238670
   0.258      2.222328
   0.263      2.205924
   0.268      2.189472
   0.273      2.172982
   0.278      2.156467
   0.283      2.139939
   0.288      2.123408
   0.293      2.106886
   0.298      2.090384
   0.303      2.073912
   0.308      2.057482
   0.313      2.041103
   0.318      2.024786
   0.323      2.008540
   0.328      1.992375
   0.333      1.976300
   0.339      1.960324
   0.344      1.944456
   0.349      1.928704
   0.354      1.913077
   0.359      1.897581
   0.364      1.882224
   0.369      1.867014
   0.374      1.851957
   0.379      1.837059
   0.384      1.822327
   0.389      1.807765
   0.394      1.793379
   0.399      1.779173
   0.404      1.765153
   0.409      1.751321
   0.414      1.737681
   0.419      1.724236
   0.424      1.710989
   0.429      1.697941
   0.435      1.685096
   0.440      1.672453
   0.445      1.660014
   0.450      1.647779
   0.455      1.635748
   0.460      1.623922
   0.465      1.612300
   0.470      1.600880
   0.475      1.589662
   0.480      1.578644
   0.485      1.567825
   0.490      1.557202
   0.495      1.546772
   0.500      1.536535
   0.505      1.526486
   0.510      1.516623
   0.515      1.506942
   0.520      1.497441
   0.525      1.488117
   0.531      1.478965
   0.536      1.469983
   0.541      1.461165
   0.546      1.452510
   0.551      1.444013
   0.556      1.435669
   0.561      1.427476
   0.566      1.419429
   0.571      1.411525
   0.576      1.403759
   0.581      1.396127
   0.586      1.388626
   0.591      1.381252
   0.596      1.374001
   0.601      1.366868
   0.606      1.359851
   0.611      1.352946
   0.616      1.346148
   0.621      1.339455
   0.627      1.332862
   0.632      1.326366
   0.637      1.319964
   0.642      1.313653
   0.647      1.307428
   0.652      1.301288
   0.657      1.295228
   0.662      1.289247
   0.667      1.283340
   0.672      1.277505
   0.677      1.271740
   0.682      1.266041
   0.687      1.260406
   0.692      1.254832
   0.697      1.249318
   0.702      1.243860
   0.707      1.238456
   0.712      1.233105
   0.717      1.227803
   0.722      1.222550
   0.728      1.217343
   0.733      1.212180
   0.738      1.207059
   0.743      1.201979
   0.748      1.196939
   0.753      1.191936
   0.758      1.186969
   0.763      1.182036
   0.768      1.177137
   0.773      1.172270
   0.778      1.167433
   0.783      1.162627
   0.788      1.157848
   0.793      1.153098
   0.798      1.148373
   0.803      1.143675
   0.808      1.139001
   0.813      1.134350
   0.818      1.129723
   0.824      1.125119
   0.829      1.120536
   0.834      1.115974
   0.839      1.111433
   0.844      1.106911
   0.849      1.102410
   0.854      1.097927
   0.859      1.093463
   0.864      1.089016
   0.869      1.084588
   0.874      1.080178
   0.879      1.075784
   0.884      1.071407
   0.889      1.067048
   0.894      1.062704
   0.899      1.058377
   0.904      1.054066
   0.909      1.049771
   0.914      1.045492
   0.920      1.041229
   0.925      1.036982
   0.930      1.032750
   0.935      1.028533
   0.940      1.024333
   0.945      1.020148
   0.950      1.015978
   0.955      1.011824
   0.960      1.007685
   0.965      1.003562
   0.970      0.999455
   0.975      0.995364
   0.980      0.991288
   0.985      0.987228
   0.990      0.983184
   0.995      0.979156
   1.000      0.975144
   1.005      0.971148
   1.010      0.967168
   1.016      0.963205
   1.021      0.959258
   1.026      0.955328
   1.031      0.951414
   1.036      0.947517
   1.041      0.943637
   1.046      0.939774
   1.051      0.935928
   1.056      0.932099
   1.061      0.928288
   1.066      0.924494
   1.071      0.920717
   1.076      0.916958
   1.081      0.913217
   1.086      0.909494
   1.091      0.905788
   1.096      0.902101
   1.101      0.898432
   1.106      0.894781
   1.112      0.891148
   1.117      0.887533
   1.122      0.883937
   1.127      0.880360
   1.132      0.876801
   1.137      0.873261
   1.142      0.869740
   1.147      0.866237
   1.152      0.862753
   1.157      0.859289
   1.162      0.855843
   1.167      0.852416
   1.172      0.849009
   1.177      0.845620
   1.182      0.842251
   1.187      0.838900
   1.192      0.835569
   1.197      0.832258
   1.202      0.828965
   1.208      0.825692
   1.213      0.822438
   1.218      0.819203
   1.223      0.815987
   1.228      0.812791
   1.233      0.809614
   1.238      0.806456
   1.243      0.803318
   1.248      0.800198
   1.253      0.797098
   1.258      0.794017
   1.263      0.790955
   1.268      0.787913
   1.273      0.784889
   1.278      0.781884
   1.283      0.778898
   1.288      0.775931
   1.293      0.772983
   1.298      0.770054
   1.304      0.767144
   1.309      0.764252
   1.314      0.761379
   1.319      0.758524
   1.324      0.755688
   1.329      0.752870
   1.334      0.750071
   1.339      0.747290
   1.344      0.744526
   1.349      0.741782
   1.354      0.739055
   1.359      0.736345
   1.364      0.733654
   1.369      0.730981
   1.374      0.728325
   1.379      0.725686
   1.384      0.723065
   1.389      0.720462
   1.394      0.717875
   1.400      0.715306
   1.405      0.712754
   1.410      0.710219
   1.415      0.707700
   1.420      0.705198
   1.425      0.702713
   1.430      0.700244
   1.435      0.697792
   1.440      0.695356
   1.445      0.692935
   1.450      0.690531
   1.455      0.688143
   1.460      0.685771
   1.465      0.683414
   1.470      0.681073
   1.475      0.678747
   1.480      0.676437
   1.485      0.674142
   1.490      0.671862
   1.496      0.669597
   1.501      0.667346
   1.506      0.665111
   1.511      0.662890
   1.516      0.660683
   1.521      0.658491
   1.526      0.656313
   1.531      0.654149
   1.536      0.651999
   1.541      0.649863
   1.546      0.647741
   1.551      0.645633
   1.556      0.643538
   1.561      0.641456
   1.566      0.639388
   1.571      0.637333
   1.576      0.635291
   1.581      0.633262
   1.586      0.631246
   1.592      0.629242
   1.597      0.627251
   1.602      0.625273
   1.607      0.623307
   1.612      0.621353
   1.617      0.619412
   1.622      0.617482
   1.627      0.615565
   1.632      0.613659
   1.637      0.611765
   1.642      0.609883
   1.647      0.608012
   1.652      0.606153
   1.657      0.604305
   1.662      0.602468
   1.667      0.600643
   1.672      0.598828
   1.677      0.597024
   1.682      0.595232
   1.688      0.593449
   1.693      0.591678
   1.698      0.589917
   1.703      0.588166
   1.708      0.586426
   1.713      0.584696
   1.718      0.582977
   1.723      0.581267
   1.728      0.579568
   1.733      0.577878
   1.738      0.576198
   1.743      0.574528
   1.748      0.572867
   1.753      0.571216
   1.758      0.569575
   1.763      0.567943
   1.768      0.566320
   1.773      0.564707
   1.778      0.563103
   1.784      0.561507
   1.789      0.559921
   1.794      0.558344
   1.799      0.556776
   1.804      0.555216
   1.809      0.553665
   1.814      0.552123
   1.819      0.550589
   1.824      0.549064
   1.829      0.547547
   1.834      0.546039
   1.839      0.544539
   1.844      0.543047
   1.849      0.541563
   1.854      0.540087
   1.859      0.538620
   1.864      0.537160
   1.869      0.535708
   1.874      0.534264
   1.880      0.532828
   1.885      0.531400
   1.890      0.529979
   1.895      0.528566
   1.900      0.527160
   1.905      0.525762
   1.910      0.524371
   1.915      0.522987
   1.920      0.521611
   1.925      0.520242
   1.930      0.518880
   1.935      0.517525
   1.940      0.516177
   1.945      0.514837
   1.950      0.513503
   1.955      0.512176
   1.960      0.510856
   1.965      0.509543
   1.970      0.508236
   1.976      0.506936
   1.981      0.505643
   1.986      0.504356
   1.991      0.503076
   1.996      0.501803
   2.001      0.500536
   2.006      0.499275
   2.011      0.498020
