   0.000      2.366197
   0.005      2.366197
   0.010      2.366195
   0.015      2.366187
   0.020      2.366165
   0.025      2.366119
   0.030      2.366035
   0.035      2.365899
   0.040      2.365690
   0.045      2.365390
   0.051      2.364975
   0.056      2.364420
   0.061      2.363699
   0.066      2.362785
   0.071      2.361649
   0.076      2.360262
   0.081      2.358594
   0.086      2.356615
   0.091      2.354297
   0.096      2.351610
   0.101      2.348526
   0.106      2.345020
   0.111      2.341067
   0.116      2.336644
   0.121      2.331731
   0.126      2.326311
   0.131      2.320370
   0.136      2.313897
   0.141      2.306883
   0.147      2.299326
   0.152      2.291224
   0.157      2.282581
   0.162      2.273404
   0.167      2.263703
   0.172      2.253493
   0.177      2.242791
   0.182      2.231616
   0.187      2.219992
   0.192      2.207941
   0.197      2.195492
   0.202      2.182670
   0.207      2.169504
   0.212      2.156023
   0.217      2.142255
   0.222      2.128228
   0.227      2.113970
   0.232      2.099507
   0.237      2.084865
   0.243      2.070070
   0.248      2.055143
   0.253      2.040108
   0.258      2.024986
   0.263      2.009796
   0.268      1.994556
   0.273      1.979285
   0.278      1.963999
   0.283      1.948714
   0.288      1.933443
   0.293      1.918202
   0.298      1.903002
   0.303      1.887857
   0.308      1.872777
   0.313      1.857774
   0.318      1.842857
   0.323      1.828037
   0.328      1.813322
   0.333      1.798721
   0.339      1.784241
   0.344      1.769889
   0.349      1.755673
   0.354      1.741597
   0.359      1.727669
   0.364      1.713892
   0.369      1.700272
   0.374      1.686813
   0.379      1.673518
   0.384      1.660391
   0.389      1.647434
   0.394      1.634651
   0.399      1.622042
   0.404      1.609610
   0.409      1.597357
   0.414      1.585283
   0.419      1.573389
   0.424      1.561675
   0.429      1.550143
   0.435      1.538791
   0.440      1.527620
   0.445      1.516628
   0.450      1.505816
   0.455      1.495182
   0.460      1.484725
   0.465      1.474443
   0.470      1.464336
   0.475      1.454402
   0.480      1.444638
   0.485      1.435044
   0.490      1.425616
   0.495      1.416354
   0.500      1.407254
   0.505      1.398314
   0.510      1.389532
   0.515      1.380906
   0.520      1.372432
   0.525      1.364109
   0.531      1.355934
   0.536      1.347904
   0.541      1.340016
   0.546      1.332268
   0.551      1.324657
   0.556      1.317180
   0.561      1.309835
   0.566      1.302618
   0.571      1.295526
   0.576      1.288558
   0.581      1.281710
   0.586      1.274980
   0.591      1.268364
   0.596      1.261860
   0.601      1.255466
   0.606      1.249178
   0.611      1.242994
   0.616      1.236911
   0.621      1.230927
   0.627      1.225039
   0.632      1.219245
   0.637      1.213541
   0.642      1.207926
   0.647      1.202397
   0.652      1.196952
   0.657      1.191588
   0.662      1.186303
   0.667      1.181095
   0.672      1.175961
   0.677      1.170900
   0.682      1.165909
   0.687      1.160985
   0.692      1.156128
   0.697      1.151335
   0.702      1.146604
   0.707      1.141933
   0.712      1.137320
   0.717      1.132764
   0.722      1.128262
   0.728      1.123813
   0.733      1.119415
   0.738      1.115067
   0.743      1.110767
   0.748      1.106513
   0.753      1.102304
   0.758      1.098138
   0.763      1.094014
   0.768      1.089930
   0.773      1.085886
   0.778      1.081880
   0.783      1.077910
   0.788      1.073975
   0.793      1.070074
   0.798      1.066207
   0.803      1.062371
   0.808      1.058566
   0.813      1.054791
   0.818      1.051044
   0.824      1.047325
   0.829      1.043633
   0.834      1.039966
   0.839      1.036325
   0.844      1.032708
   0.849      1.029114
   0.854      1.025542
   0.859      1.021993
   0.864      1.018464
   0.869      1.014956
   0.874      1.011467
   0.879      1.007997
   0.884      1.004546
   0.889      1.001113
   0.894      0.997697
   0.899      0.994297
   0.904      0.990914
   0.909      0.987547
   0.914      0.984194
   0.920      0.980857
   0.925      0.977534
   0.930      0.974225
   0.935      0.970929
   0.940      0.967647
   0.945      0.964378
   0.950      0.961121
   0.955      0.957876
   0.960      0.954643
   0.965      0.951422
   0.970      0.948212
   0.975      0.945014
   0.980      0.941826
   0.985      0.938649
   0.990      0.935483
   0.995      0.932327
   1.000      0.929180
   1.005      0.926044
   1.010      0.922918
   1.016      0.919802
   1.021      0.916694
   1.026      0.913597
   1.031      0.910508
   1.036      0.907429
   1.041      0.904359
   1.046      0.901298
   1.051      0.898246
   1.056      0.895203
   1.061      0.892169
   1.066      0.889144
   1.071      0.886127
   1.076      0.883119
   1.081      0.880120
   1.086      0.877130
   1.091      0.874148
   1.096      0.871175
   1.101      0.868211
   1.106      0.865255
   1.112      0.862308
   1.117      0.859369
   1.122      0.856440
   1.127      0.853519
   1.132      0.850607
   1.137      0.847703
   1.142      0.844809
   1.147      0.841923
   1.152      0.839046
   1.157      0.836178
   1.162      0.833319
   1.167      0.830469
   1.172      0.827628
   1.177      0.824796
   1.182      0.821973
   1.187      0.819160
   1.192      0.816355
   1.197      0.813560
   1.202      0.810774
   1.208      0.807998
   1.213      0.805231
   1.218      0.802474
   1.223      0.799726
   1.228      0.796988
   1.233      0.794259
   1.238      0.791540
   1.243      0.788831
   1.248      0.786132
   1.253      0.783443
   1.258      0.780764
   1.263      0.778094
   1.268      0.775435
   1.273      0.772786
   1.278      0.770147
   1.283      0.767518
   1.288      0.764900
   1.293      0.762292
   1.298      0.759694
   1.304      0.757106
   1.309      0.754530
   1.314      0.751963
   1.319      0.749407
   1.324      0.746862
   1.329      0.744328
   1.334      0.741804
   1.339      0.739291
   1.344      0.736788
   1.349      0.734297
   1.354      0.731816
   1.359      0.729346
   1.364      0.726887
   1.369      0.724439
   1.374      0.722002
   1.379      0.719576
   1.384      0.717160
   1.389      0.714756
   1.394      0.712363
   1.400      0.709981
   1.405      0.707611
   1.410      0.705251
   1.415      0.702902
   1.420      0.700565
   1.425      0.698239
   1.430      0.695924
   1.435      0.693620
   1.440      0.691327
   1.445      0.689045
   1.450      0.686775
   1.455      0.684516
   1.460      0.682268
   1.465      0.680031
   1.470      0.677806
   1.475      0.675591
   1.480      0.673388
   1.485      0.671196
   1.490      0.669015
   1.496      0.666845
   1.501      0.664687
   1.506      0.662540
   1.511      0.660403
   1.516      0.658278
   1.521      0.656164
   1.526      0.654061
   1.531      0.651969
   1.536      0.649888
   1.541      0.647818
   1.546      0.645759
   1.551      0.643711
   1.556      0.641674
   1.561      0.639648
   1.566      0.637632
   1.571      0.635628
   1.576      0.633634
   1.581      0.631651
   1.586      0.629679
   1.592      0.627717
   1.597      0.625766
   1.602      0.623826
   1.607      0.621897
   1.612      0.619977
   1.617      0.618069
   1.622      0.616171
   1.627      0.614283
   1.632      0.612405
   1.637      0.610538
   1.642      0.608682
   1.647      0.606835
   1.652      0.604999
   1.657      0.603172
   1.662      0.601356
   1.667      0.599550
   1.672      0.597754
   1.677      0.595968
   1.682      0.594192
   1.688      0.592426
   1.693      0.590669
   1.698      0.588922
   1.703      0.587185
   1.708      0.585457
   1.713      0.583739
   1.718      0.582031
   1.723      0.580332
   1.728      0.578643
   1.733      0.576962
   1.738      0.575291
   1.743      0.573630
   1.748      0.571977
   1.753      0.570334
   1.758      0.568700
   1.763      0.567075
   1.768      0.565458
   1.773      0.563851
   1.778      0.562253
   1.784      0.560663
   1.789      0.559082
   1.794      0.557510
   1.799      0.555946
   1.804      0.554391
   1.809      0.552844
   1.814      0.551306
   1.819      0.549776
   1.824      0.548255
   1.829      0.546742
   1.834      0.545237
   1.839      0.543740
   1.844      0.542251
   1.849      0.540770
   1.854      0.539297
   1.859      0.537833
   1.864      0.536376
   1.869      0.534927
   1.874      0.533485
   1.880      0.532051
   1.885      0.530625
   1.890      0.529207
   1.895      0.527796
   1.900      0.526392
   1.905      0.524996
   1.910      0.523608
   1.915      0.522226
   1.920      0.520852
   1.925      0.519485
   1.930      0.518125
   1.935      0.516772
   1.940      0.515427
   1.945      0.514088
   1.950      0.512756
   1.955      0.511431
   1.960      0.510113
   1.965      0.508802
   1.970      0.507497
   1.976      0.506199
   1.981      0.504908
   1.986      0.503623
   1.991      0.502345
   1.996      0.501073
   2.001      0.499808
   2.006      0.498549
   2.011      0.497296
