   0.004     -0.011497
   0.008     -0.131717
   0.011     -0.251937
   0.015     -0.376182
   0.019     -0.500862
   0.023     -0.625538
   0.027     -0.750072
   0.030     -0.874391
   0.034     -0.998439
   0.038     -1.122168
   0.042     -1.245535
   0.046     -1.368495
   0.049     -1.491007
   0.053     -1.613028
   0.057     -1.734517
   0.061     -1.855433
   0.065     -1.975733
   0.068     -2.095376
   0.072     -2.214322
   0.076     -2.332528
   0.080     -2.449954
   0.084     -2.566559
   0.087     -2.682300
   0.091     -2.797138
   0.095     -2.911031
   0.099     -3.023939
   0.103     -3.135820
   0.106     -3.246633
   0.110     -3.356339
   0.114     -3.464896
   0.118     -3.572263
   0.122     -3.678402
   0.125     -3.783270
   0.129     -3.886828
   0.133     -3.989035
   0.137     -4.089853
   0.141     -4.189240
   0.144     -4.287156
   0.148     -4.383563
   0.152     -4.478421
   0.156     -4.571689
   0.160     -4.663330
   0.163     -4.753302
   0.167     -4.841569
   0.171     -4.928091
   0.175     -5.012828
   0.179     -5.095744
   0.182     -5.176800
   0.186     -5.255957
   0.190     -5.333180
   0.194     -5.408429
   0.198     -5.481670
   0.201     -5.552866
   0.205     -5.621981
   0.209     -5.688980
   0.213     -5.753829
   0.217     -5.816495
   0.220     -5.876945
   0.224     -5.935147
   0.228     -5.991072
   0.232     -6.044689
   0.236     -6.095970
   0.239     -6.144891
   0.243     -6.191424
   0.247     -6.235549
   0.251     -6.277242
   0.255     -6.316486
   0.258     -6.353262
   0.262     -6.387558
   0.266     -6.419360
   0.270     -6.448660
   0.274     -6.475450
   0.277     -6.499728
   0.281     -6.521493
   0.285     -6.540748
   0.289     -6.557499
   0.293     -6.571757
   0.296     -6.583535
   0.300     -6.592851
   0.304     -6.599724
   0.308     -6.604182
   0.312     -6.606251
   0.315     -6.605966
   0.319     -6.603363
   0.323     -6.598482
   0.327     -6.591368
   0.331     -6.582070
   0.334     -6.570639
   0.338     -6.557130
   0.342     -6.541603
   0.346     -6.524118
   0.350     -6.504741
   0.353     -6.483540
   0.357     -6.460584
   0.361     -6.435945
   0.365     -6.409697
   0.369     -6.381916
   0.372     -6.352679
   0.376     -6.322063
   0.380     -6.290146
   0.384     -6.257006
   0.388     -6.222723
   0.391     -6.187374
   0.395     -6.151034
   0.399     -6.113782
   0.403     -6.075689
   0.407     -6.036830
   0.410     -5.997274
   0.414     -5.957089
   0.418     -5.916340
   0.422     -5.875092
   0.426     -5.833402
   0.429     -5.791328
   0.433     -5.748923
   0.437     -5.706237
   0.441     -5.663316
   0.445     -5.620205
   0.448     -5.576942
   0.452     -5.533563
   0.456     -5.490103
   0.460     -5.446589
   0.464     -5.403050
   0.467     -5.359508
   0.471     -5.315985
   0.475     -5.272497
   0.479     -5.229060
   0.483     -5.185687
   0.486     -5.142389
   0.490     -5.099174
   0.494     -5.056050
   0.498     -5.013020
   0.502     -4.970090
   0.505     -4.927262
   0.509     -4.884537
   0.513     -4.841916
   0.517     -4.799399
   0.521     -4.756986
   0.524     -4.714675
   0.528     -4.672464
   0.532     -4.630354
   0.536     -4.588342
   0.540     -4.546426
   0.543     -4.504605
   0.547     -4.462878
   0.551     -4.421243
   0.555     -4.379701
   0.559     -4.338250
   0.562     -4.296889
   0.566     -4.255621
   0.570     -4.214443
   0.574     -4.173358
   0.578     -4.132366
   0.581     -4.091469
   0.585     -4.050668
   0.589     -4.009965
   0.593     -3.969363
   0.597     -3.928863
   0.600     -3.888467
   0.604     -3.848180
   0.608     -3.808003
   0.612     -3.767940
   0.616     -3.727993
   0.619     -3.688166
   0.623     -3.648463
   0.627     -3.608885
   0.631     -3.569437
   0.635     -3.530122
   0.638     -3.490942
   0.642     -3.451903
   0.646     -3.413005
   0.650     -3.374254
   0.654     -3.335651
   0.657     -3.297201
   0.661     -3.258905
   0.665     -3.220768
   0.669     -3.182791
   0.673     -3.144978
   0.676     -3.107331
   0.680     -3.069853
   0.684     -3.032547
   0.688     -2.995414
   0.692     -2.958458
   0.695     -2.921680
   0.699     -2.885083
   0.703     -2.848669
   0.707     -2.812440
   0.711     -2.776397
   0.714     -2.740543
   0.718     -2.704880
   0.722     -2.669409
   0.726     -2.634131
   0.730     -2.599049
   0.733     -2.564163
   0.737     -2.529476
   0.741     -2.494988
   0.745     -2.460701
   0.749     -2.426615
   0.752     -2.392732
   0.756     -2.359054
   0.760     -2.325580
   0.764     -2.292312
   0.768     -2.259251
   0.771     -2.226398
   0.775     -2.193752
   0.779     -2.161316
   0.783     -2.129089
   0.787     -2.097072
   0.790     -2.065265
   0.794     -2.033670
   0.798     -2.002286
   0.802     -1.971113
   0.806     -1.940153
   0.809     -1.909405
   0.813     -1.878870
   0.817     -1.848547
   0.821     -1.818438
   0.825     -1.788541
   0.828     -1.758857
   0.832     -1.729386
   0.836     -1.700128
   0.840     -1.671083
   0.844     -1.642250
   0.847     -1.613631
   0.851     -1.585223
   0.855     -1.557028
   0.859     -1.529045
   0.863     -1.501273
   0.866     -1.473713
   0.870     -1.446364
   0.874     -1.419226
   0.878     -1.392298
   0.882     -1.365580
   0.885     -1.339071
   0.889     -1.312771
   0.893     -1.286680
   0.897     -1.260797
   0.901     -1.235121
   0.904     -1.209652
   0.908     -1.184389
   0.912     -1.159332
   0.916     -1.134480
   0.920     -1.109832
   0.923     -1.085388
   0.927     -1.061148
   0.931     -1.037109
   0.935     -1.013272
   0.939     -0.989636
   0.942     -0.966200
   0.946     -0.942964
   0.950     -0.919926
   0.954     -0.897086
   0.958     -0.874443
   0.961     -0.851997
   0.965     -0.829745
   0.969     -0.807689
   0.973     -0.785826
   0.977     -0.764155
   0.980     -0.742677
   0.984     -0.721390
   0.988     -0.700294
   0.992     -0.679386
   0.996     -0.658667
   0.999     -0.638135
   1.003     -0.617791
   1.007     -0.597631
   1.011     -0.577657
   1.015     -0.557866
   1.018     -0.538258
   1.022     -0.518832
   1.026     -0.499586
   1.030     -0.480521
   1.034     -0.461635
   1.037     -0.442927
   1.041     -0.424395
   1.045     -0.406040
   1.049     -0.387860
   1.053     -0.369854
   1.056     -0.352021
   1.060     -0.334360
   1.064     -0.316870
   1.068     -0.299551
   1.072     -0.282400
   1.075     -0.265418
   1.079     -0.248602
   1.083     -0.231953
   1.087     -0.215468
   1.091     -0.199148
   1.094     -0.182991
   1.098     -0.166996
   1.102     -0.151162
   1.106     -0.135488
   1.110     -0.119973
   1.113     -0.104616
   1.117     -0.089416
   1.121     -0.074372
   1.125     -0.059483
   1.129     -0.044747
   1.132     -0.030165
   1.136     -0.015735
   1.140     -0.001456
   1.144      0.012673
   1.148      0.026653
   1.151      0.040485
   1.155      0.054170
   1.159      0.067709
   1.163      0.081103
   1.167      0.094354
   1.170      0.107461
   1.174      0.120426
   1.178      0.133249
   1.182      0.145933
   1.186      0.158478
   1.189      0.170885
   1.193      0.183154
   1.197      0.195287
   1.201      0.207285
   1.205      0.219149
   1.208      0.230879
   1.212      0.242477
   1.216      0.253943
   1.220      0.265279
   1.224      0.276486
   1.227      0.287564
   1.231      0.298514
   1.235      0.309337
   1.239      0.320035
   1.243      0.330608
   1.246      0.341057
   1.250      0.351382
   1.254      0.361586
   1.258      0.371668
   1.262      0.381630
   1.265      0.391473
   1.269      0.401197
   1.273      0.410803
   1.277      0.420293
   1.281      0.429666
   1.284      0.438925
   1.288      0.448070
   1.292      0.457101
   1.296      0.466020
   1.300      0.474827
   1.303      0.483524
   1.307      0.492110
   1.311      0.500588
   1.315      0.508958
   1.319      0.517220
   1.322      0.525376
   1.326      0.533426
   1.330      0.541371
   1.334      0.549212
   1.338      0.556950
   1.341      0.564586
   1.345      0.572120
   1.349      0.579553
   1.353      0.586886
   1.357      0.594120
   1.360      0.601256
   1.364      0.608294
   1.368      0.615235
   1.372      0.622080
   1.376      0.628830
   1.379      0.635485
   1.383      0.642046
   1.387      0.648514
   1.391      0.654890
   1.395      0.661174
   1.398      0.667368
   1.402      0.673471
   1.406      0.679485
   1.410      0.685411
   1.414      0.691248
   1.417      0.696998
   1.421      0.702662
   1.425      0.708240
   1.429      0.713733
   1.433      0.719142
   1.436      0.724466
   1.440      0.729708
   1.444      0.734868
   1.448      0.739946
   1.452      0.744943
   1.455      0.749859
   1.459      0.754696
   1.463      0.759455
   1.467      0.764134
   1.471      0.768737
   1.474      0.773262
   1.478      0.777710
   1.482      0.782084
   1.486      0.786382
   1.490      0.790605
   1.493      0.794755
   1.497      0.798832
   1.501      0.802836
   1.505      0.806768
   1.509      0.810628
   1.512      0.814418
   1.516      0.818138
   1.520      0.821789
   1.524      0.825370
   1.528      0.828883
   1.531      0.832328
   1.535      0.835706
   1.539      0.839018
   1.543      0.842263
   1.547      0.845443
   1.550      0.848558
   1.554      0.851609
   1.558      0.854596
   1.562      0.857520
   1.566      0.860381
   1.569      0.863180
   1.573      0.865917
   1.577      0.868594
   1.581      0.871210
   1.585      0.873766
   1.588      0.876262
   1.592      0.878699
   1.596      0.881079
   1.600      0.883400
   1.604      0.885664
   1.607      0.887871
   1.611      0.890021
   1.615      0.892116
   1.619      0.894155
   1.623      0.896140
   1.626      0.898070
   1.630      0.899946
   1.634      0.901769
   1.638      0.903539
   1.642      0.905257
   1.645      0.906922
   1.649      0.908536
   1.653      0.910099
   1.657      0.911612
   1.661      0.913074
   1.664      0.914487
   1.668      0.915850
   1.672      0.917165
   1.676      0.918431
   1.680      0.919650
   1.683      0.920821
   1.687      0.921945
   1.691      0.923022
   1.695      0.924054
   1.699      0.925040
   1.702      0.925980
   1.706      0.926876
   1.710      0.927727
   1.714      0.928534
   1.718      0.929298
   1.721      0.930018
   1.725      0.930696
   1.729      0.931331
   1.733      0.931925
   1.737      0.932476
   1.740      0.932987
   1.744      0.933457
   1.748      0.933886
   1.752      0.934275
   1.756      0.934625
   1.759      0.934935
   1.763      0.935207
   1.767      0.935440
   1.771      0.935635
   1.775      0.935792
   1.778      0.935912
   1.782      0.935994
   1.786      0.936041
   1.790      0.936050
   1.794      0.936024
   1.797      0.935962
   1.801      0.935865
   1.805      0.935733
   1.809      0.935567
   1.813      0.935366
   1.816      0.935131
   1.820      0.934863
   1.824      0.934562
   1.828      0.934228
   1.832      0.933861
   1.835      0.933462
   1.839      0.933031
   1.843      0.932569
   1.847      0.932075
   1.851      0.931551
   1.854      0.930995
   1.858      0.930410
   1.862      0.929795
   1.866      0.929150
   1.870      0.928475
   1.873      0.927772
   1.877      0.927039
   1.881      0.926279
   1.885      0.925490
   1.889      0.924673
   1.892      0.923829
   1.896      0.922957
   1.900      0.922059
   1.904      0.921133
   1.908      0.920182
   1.911      0.919204
   1.915      0.918200
   1.919      0.917171
   1.923      0.916116
   1.927      0.915036
   1.930      0.913932
   1.934      0.912803
   1.938      0.911650
   1.942      0.910473
   1.946      0.909273
   1.949      0.908049
   1.953      0.906801
   1.957      0.905531
   1.961      0.904239
   1.965      0.902924
   1.968      0.901586
   1.972      0.900227
   1.976      0.898847
   1.980      0.897445
   1.984      0.896021
   1.987      0.894577
   1.991      0.893113
   1.995      0.891628
   1.999      0.890122
   2.003      0.888597
   2.006      0.887052
   2.010      0.885488
   2.014      0.883904
   2.018      0.882302
   2.022      0.880680
   2.025      0.879041
   2.029      0.877382
   2.033      0.875706
   2.037      0.874012
   2.041      0.872300
   2.044      0.870571
   2.048      0.868825
   2.052      0.867061
   2.056      0.865281
   2.060      0.863484
   2.063      0.861671
   2.067      0.859842
   2.071      0.857997
   2.075      0.856136
   2.079      0.854260
   2.082      0.852368
   2.086      0.850461
   2.090      0.848539
   2.094      0.846602
   2.098      0.844651
   2.101      0.842686
   2.105      0.840706
   2.109      0.838713
   2.113      0.836706
   2.117      0.834685
   2.120      0.832650
   2.124      0.830603
   2.128      0.828543
   2.132      0.826469
   2.136      0.824383
   2.139      0.822285
   2.143      0.820174
   2.147      0.818052
   2.151      0.815917
   2.155      0.813771
   2.158      0.811613
   2.162      0.809443
   2.166      0.807263
   2.170      0.805071
   2.174      0.802869
   2.177      0.800655
   2.181      0.798432
   2.185      0.796197
   2.189      0.793953
   2.193      0.791699
   2.196      0.789434
   2.200      0.787160
   2.204      0.784877
   2.208      0.782584
   2.212      0.780281
   2.215      0.777970
   2.219      0.775650
   2.223      0.773321
   2.227      0.770983
   2.231      0.768637
   2.234      0.766282
   2.238      0.763919
   2.242      0.761549
   2.246      0.759170
   2.250      0.756784
   2.253      0.754390
   2.257      0.751988
   2.261      0.749580
   2.265      0.747164
   2.269      0.744741
   2.272      0.742311
   2.276      0.739875
   2.280      0.737432
   2.284      0.734982
   2.288      0.732526
   2.291      0.730064
   2.295      0.727596
   2.299      0.725122
   2.303      0.722642
   2.307      0.720156
   2.310      0.717665
   2.314      0.715168
   2.318      0.712667
   2.322      0.710160
   2.326      0.707648
   2.329      0.705131
   2.333      0.702609
   2.337      0.700083
   2.341      0.697552
   2.345      0.695017
   2.348      0.692477
   2.352      0.689933
   2.356      0.687385
   2.360      0.684834
   2.364      0.682278
   2.367      0.679719
   2.371      0.677156
   2.375      0.674590
   2.379      0.672020
   2.383      0.669447
   2.386      0.666871
   2.390      0.664292
   2.394      0.661710
   2.398      0.659125
   2.402      0.656537
   2.405      0.653947
   2.409      0.651354
   2.413      0.648759
   2.417      0.646162
   2.421      0.643563
   2.424      0.640961
   2.428      0.638358
   2.432      0.635752
   2.436      0.633145
   2.440      0.630536
   2.443      0.627926
   2.447      0.625314
   2.451      0.622701
   2.455      0.620086
   2.459      0.617471
   2.462      0.614854
   2.466      0.612236
   2.470      0.609618
   2.474      0.606998
   2.478      0.604378
   2.481      0.601757
   2.485      0.599136
   2.489      0.596514
   2.493      0.593892
   2.497      0.591270
   2.500      0.588648
   2.504      0.586025
   2.508      0.583403
   2.512      0.580780
   2.516      0.578158
   2.519      0.575536
   2.523      0.572914
   2.527      0.570293
   2.531      0.567673
   2.535      0.565052
   2.538      0.562433
   2.542      0.559814
   2.546      0.557197
   2.550      0.554580
   2.554      0.551964
   2.557      0.549349
   2.561      0.546736
   2.565      0.544123
   2.569      0.541512
   2.573      0.538902
   2.576      0.536294
   2.580      0.533687
   2.584      0.531082
   2.588      0.528479
   2.592      0.525877
   2.595      0.523277
   2.599      0.520680
   2.603      0.518084
   2.607      0.515490
   2.611      0.512898
   2.614      0.510308
   2.618      0.507721
   2.622      0.505136
   2.626      0.502553
   2.630      0.499973
   2.633      0.497395
   2.637      0.494820
   2.641      0.492248
   2.645      0.489678
   2.649      0.487111
   2.652      0.484547
   2.656      0.481986
   2.660      0.479427
   2.664      0.476872
   2.668      0.474320
   2.671      0.471771
   2.675      0.469225
   2.679      0.466683
   2.683      0.464144
   2.687      0.461608
   2.690      0.459076
   2.694      0.456547
   2.698      0.454022
   2.702      0.451500
   2.706      0.448982
   2.709      0.446468
   2.713      0.443958
   2.717      0.441451
   2.721      0.438949
   2.725      0.436450
   2.728      0.433955
   2.732      0.431465
   2.736      0.428978
   2.740      0.426496
   2.744      0.424018
   2.747      0.421544
   2.751      0.419074
   2.755      0.416609
   2.759      0.414149
   2.763      0.411692
   2.766      0.409241
   2.770      0.406793
   2.774      0.404351
   2.778      0.401913
   2.782      0.399480
   2.785      0.397052
   2.789      0.394628
   2.793      0.392209
   2.797      0.389795
   2.801      0.387386
   2.804      0.384983
   2.808      0.382584
   2.812      0.380190
   2.816      0.377801
   2.820      0.375418
   2.823      0.373039
   2.827      0.370666
   2.831      0.368299
   2.835      0.365936
   2.839      0.363579
   2.842      0.361227
   2.846      0.358881
   2.850      0.356541
   2.854      0.354205
   2.858      0.351876
   2.861      0.349552
   2.865      0.347233
   2.869      0.344921
   2.873      0.342614
   2.877      0.340313
   2.880      0.338017
   2.884      0.335728
   2.888      0.333444
   2.892      0.331166
   2.896      0.328895
   2.899      0.326629
   2.903      0.324369
   2.907      0.322115
   2.911      0.319867
   2.915      0.317626
   2.918      0.315390
   2.922      0.313161
   2.926      0.310938
   2.930      0.308721
   2.934      0.306511
   2.937      0.304307
   2.941      0.302109
   2.945      0.299917
   2.949      0.297732
   2.953      0.295554
   2.956      0.293381
   2.960      0.291216
   2.964      0.289057
   2.968      0.286904
   2.972      0.284758
   2.975      0.282618
   2.979      0.280486
   2.983      0.278360
   2.987      0.276240
   2.991      0.274127
   2.994      0.272021
   2.998      0.269922
   3.002      0.267830
   3.006      0.265744
   3.010      0.263666
   3.013      0.261594
   3.017      0.259529
   3.021      0.257471
   3.025      0.255420
   3.029      0.253376
   3.032      0.251339
   3.036      0.249308
   3.040      0.247285
   3.044      0.245269
   3.048      0.243261
   3.051      0.241259
   3.055      0.239264
   3.059      0.237277
   3.063      0.235296
   3.067      0.233323
   3.070      0.231358
   3.074      0.229399
   3.078      0.227448
   3.082      0.225504
   3.086      0.223567
   3.089      0.221637
   3.093      0.219715
   3.097      0.217801
   3.101      0.215893
   3.105      0.213993
   3.108      0.212101
   3.112      0.210216
   3.116      0.208338
   3.120      0.206468
   3.124      0.204605
   3.127      0.202750
   3.131      0.200903
   3.135      0.199063
   3.139      0.197230
   3.143      0.195405
   3.146      0.193588
   3.150      0.191778
   3.154      0.189976
   3.158      0.188181
   3.162      0.186395
   3.165      0.184616
   3.169      0.182844
   3.173      0.181080
   3.177      0.179324
   3.181      0.177576
   3.184      0.175835
   3.188      0.174103
   3.192      0.172378
   3.196      0.170660
   3.200      0.168951
   3.203      0.167249
   3.207      0.165555
   3.211      0.163869
   3.215      0.162191
   3.219      0.160521
   3.222      0.158859
   3.226      0.157204
   3.230      0.155557
   3.234      0.153919
   3.238      0.152288
   3.241      0.150665
   3.245      0.149050
   3.249      0.147443
   3.253      0.145844
   3.257      0.144253
   3.260      0.142670
   3.264      0.141095
   3.268      0.139528
   3.272      0.137969
   3.276      0.136418
   3.279      0.134874
   3.283      0.133339
   3.287      0.131812
   3.291      0.130294
   3.295      0.128783
   3.298      0.127280
   3.302      0.125785
   3.306      0.124298
   3.310      0.122820
   3.314      0.121349
   3.317      0.119887
   3.321      0.118433
   3.325      0.116987
   3.329      0.115549
   3.333      0.114119
   3.336      0.112697
   3.340      0.111283
   3.344      0.109878
   3.348      0.108481
   3.352      0.107092
   3.355      0.105711
   3.359      0.104338
   3.363      0.102973
   3.367      0.101617
   3.371      0.100268
   3.374      0.098928
   3.378      0.097596
   3.382      0.096273
   3.386      0.094957
   3.390      0.093650
   3.393      0.092351
   3.397      0.091060
   3.401      0.089778
   3.405      0.088503
   3.409      0.087237
   3.412      0.085979
   3.416      0.084729
   3.420      0.083488
   3.424      0.082254
   3.428      0.081029
   3.431      0.079813
   3.435      0.078604
   3.439      0.077404
   3.443      0.076212
   3.447      0.075028
   3.450      0.073852
   3.454      0.072685
   3.458      0.071526
   3.462      0.070375
   3.466      0.069233
   3.469      0.068098
   3.473      0.066972
   3.477      0.065855
   3.481      0.064745
   3.485      0.063644
   3.488      0.062551
   3.492      0.061466
   3.496      0.060389
   3.500      0.059321
   3.504      0.058261
   3.507      0.057209
   3.511      0.056166
   3.515      0.055131
   3.519      0.054104
   3.523      0.053085
   3.526      0.052074
   3.530      0.051072
   3.534      0.050078
   3.538      0.049092
   3.542      0.048114
   3.545      0.047145
   3.549      0.046184
   3.553      0.045231
   3.557      0.044286
   3.561      0.043350
   3.564      0.042422
   3.568      0.041502
   3.572      0.040590
   3.576      0.039686
   3.580      0.038791
   3.583      0.037903
   3.587      0.037024
   3.591      0.036153
   3.595      0.035291
   3.599      0.034436
   3.602      0.033590
   3.606      0.032752
   3.610      0.031921
   3.614      0.031100
   3.618      0.030286
   3.621      0.029480
   3.625      0.028683
   3.629      0.027893
   3.633      0.027112
   3.637      0.026339
   3.640      0.025573
   3.644      0.024816
   3.648      0.024067
   3.652      0.023326
   3.656      0.022594
   3.659      0.021869
   3.663      0.021152
   3.667      0.020443
   3.671      0.019742
   3.675      0.019049
   3.678      0.018364
   3.682      0.017687
   3.686      0.017018
   3.690      0.016357
   3.694      0.015704
   3.697      0.015059
   3.701      0.014421
   3.705      0.013791
   3.709      0.013170
   3.713      0.012555
   3.716      0.011949
   3.720      0.011350
   3.724      0.010760
   3.728      0.010176
   3.732      0.009601
   3.735      0.009032
   3.739      0.008472
   3.743      0.007919
   3.747      0.007373
   3.751      0.006835
   3.754      0.006304
   3.758      0.005780
   3.762      0.005263
   3.766      0.004754
   3.770      0.004251
   3.773      0.003755
   3.777      0.003266
   3.781      0.002783
   3.785      0.002306
   3.789      0.001835
   3.792      0.001370
   3.796      0.000910
   3.800      0.000453
   3.804      0.000000
