   0.000     -3.967729
   0.007     -3.971985
   0.014     -3.978343
   0.022     -3.987357
   0.029     -3.998966
   0.036     -4.013060
   0.043     -4.029565
   0.050     -4.048379
   0.057     -4.069454
   0.065     -4.092684
   0.072     -4.117947
   0.079     -4.145171
   0.086     -4.174237
   0.093     -4.205053
   0.101     -4.237516
   0.108     -4.271513
   0.115     -4.306946
   0.122     -4.343695
   0.129     -4.381638
   0.136     -4.420661
   0.144     -4.460637
   0.151     -4.501438
   0.158     -4.542952
   0.165     -4.585049
   0.172     -4.627620
   0.179     -4.670543
   0.187     -4.713709
   0.194     -4.757010
   0.201     -4.800331
   0.208     -4.843569
   0.215     -4.886618
   0.223     -4.929373
   0.230     -4.971732
   0.237     -5.013583
   0.244     -5.054827
   0.251     -5.095351
   0.258     -5.135055
   0.266     -5.173820
   0.273     -5.211540
   0.280     -5.248102
   0.287     -5.283389
   0.294     -5.317283
   0.302     -5.349664
   0.309     -5.380411
   0.316     -5.409401
   0.323     -5.436508
   0.330     -5.461607
   0.337     -5.484571
   0.345     -5.505269
   0.352     -5.523576
   0.359     -5.539363
   0.366     -5.552504
   0.373     -5.562873
   0.381     -5.570346
   0.388     -5.574802
   0.395     -5.576124
   0.402     -5.574197
   0.409     -5.568913
   0.416     -5.560165
   0.424     -5.547857
   0.431     -5.531898
   0.438     -5.512202
   0.445     -5.488696
   0.452     -5.461311
   0.460     -5.429992
   0.467     -5.394691
   0.474     -5.355373
   0.481     -5.312017
   0.488     -5.264609
   0.495     -5.213152
   0.503     -5.157664
   0.510     -5.098167
   0.517     -5.034731
   0.524     -4.967429
   0.531     -4.896308
   0.538     -4.821443
   0.546     -4.742947
   0.553     -4.660943
   0.560     -4.575567
   0.567     -4.486970
   0.574     -4.395318
   0.582     -4.300794
   0.589     -4.203594
   0.596     -4.103926
   0.603     -4.002014
   0.610     -3.898089
   0.617     -3.792399
   0.625     -3.685198
   0.632     -3.576749
   0.639     -3.467322
   0.646     -3.357196
   0.653     -3.246651
   0.661     -3.135971
   0.668     -3.025440
   0.675     -2.915341
   0.682     -2.805961
   0.689     -2.697571
   0.696     -2.590447
   0.704     -2.484847
   0.711     -2.381028
   0.718     -2.279230
   0.725     -2.179678
   0.732     -2.082588
   0.740     -1.988152
   0.747     -1.896550
   0.754     -1.807939
   0.761     -1.722456
   0.768     -1.640219
   0.775     -1.561322
   0.783     -1.485837
   0.790     -1.413817
   0.797     -1.345287
   0.804     -1.280255
   0.811     -1.218707
   0.818     -1.160609
   0.826     -1.105902
   0.833     -1.054520
   0.840     -1.006373
   0.847     -0.961352
   0.854     -0.919347
   0.862     -0.880227
   0.869     -0.843848
   0.876     -0.810073
   0.883     -0.778746
   0.890     -0.749706
   0.897     -0.722804
   0.905     -0.697876
   0.912     -0.674761
   0.919     -0.653310
   0.926     -0.633371
   0.933     -0.614790
   0.941     -0.597436
   0.948     -0.581176
   0.955     -0.565879
   0.962     -0.551433
   0.969     -0.537732
   0.976     -0.524674
   0.984     -0.512172
   0.991     -0.500145
   0.998     -0.488524
   1.005     -0.477246
   1.012     -0.466254
   1.020     -0.455505
   1.027     -0.444964
   1.034     -0.434594
   1.041     -0.424370
   1.048     -0.414277
   1.055     -0.404299
   1.063     -0.394422
   1.070     -0.384641
   1.077     -0.374960
   1.084     -0.365373
   1.091     -0.355880
   1.099     -0.346488
   1.106     -0.337206
   1.113     -0.328035
   1.120     -0.318980
   1.127     -0.310052
   1.134     -0.301259
   1.142     -0.292604
   1.149     -0.284095
   1.156     -0.275738
   1.163     -0.267540
   1.170     -0.259504
   1.177     -0.251633
   1.185     -0.243933
   1.192     -0.236406
   1.199     -0.229053
   1.206     -0.221875
   1.213     -0.214874
   1.221     -0.208049
   1.228     -0.201400
   1.235     -0.194926
   1.242     -0.188626
   1.249     -0.182496
   1.256     -0.176535
   1.264     -0.170742
   1.271     -0.165113
   1.278     -0.159643
   1.285     -0.154327
   1.292     -0.149170
   1.300     -0.144168
   1.307     -0.139315
   1.314     -0.134608
   1.321     -0.130043
   1.328     -0.125616
   1.335     -0.121324
   1.343     -0.117162
   1.350     -0.113127
   1.357     -0.109215
   1.364     -0.105423
   1.371     -0.101748
   1.379     -0.098186
   1.386     -0.094734
   1.393     -0.091389
   1.400     -0.088149
   1.407     -0.085009
   1.414     -0.081968
   1.422     -0.079022
   1.429     -0.076169
   1.436     -0.073406
   1.443     -0.070730
   1.450     -0.068139
   1.457     -0.065631
   1.465     -0.063204
   1.472     -0.060854
   1.479     -0.058579
   1.486     -0.056378
   1.493     -0.054248
   1.501     -0.052188
   1.508     -0.050194
   1.515     -0.048266
   1.522     -0.046401
   1.529     -0.044598
   1.536     -0.042854
   1.544     -0.041167
   1.551     -0.039537
   1.558     -0.037962
   1.565     -0.036439
   1.572     -0.034967
   1.580     -0.033545
   1.587     -0.032171
   1.594     -0.030843
   1.601     -0.029561
   1.608     -0.028323
   1.615     -0.027128
   1.623     -0.025973
   1.630     -0.024859
   1.637     -0.023783
   1.644     -0.022745
   1.651     -0.021743
   1.659     -0.020776
   1.666     -0.019844
   1.673     -0.018944
   1.680     -0.018077
   1.687     -0.017241
   1.694     -0.016434
   1.702     -0.015657
   1.709     -0.014908
   1.716     -0.014186
   1.723     -0.013490
   1.730     -0.012820
   1.738     -0.012174
   1.745     -0.011553
   1.752     -0.010954
   1.759     -0.010378
   1.766     -0.009823
   1.773     -0.009290
   1.781     -0.008776
   1.788     -0.008282
   1.795     -0.007807
   1.802     -0.007350
   1.809     -0.006911
   1.816     -0.006489
   1.824     -0.006083
   1.831     -0.005694
   1.838     -0.005319
   1.845     -0.004960
   1.852     -0.004614
   1.860     -0.004283
   1.867     -0.003965
   1.874     -0.003659
   1.881     -0.003367
   1.888     -0.003086
   1.895     -0.002817
   1.903     -0.002559
   1.910     -0.002311
   1.917     -0.002074
   1.924     -0.001847
   1.931     -0.001630
   1.939     -0.001422
   1.946     -0.001223
   1.953     -0.001033
   1.960     -0.000850
   1.967     -0.000676
   1.974     -0.000510
   1.982     -0.000351
   1.989     -0.000199
   1.996     -0.000054
   2.003      0.000084
   2.010      0.000216
   2.018      0.000342
   2.025      0.000462
   2.032      0.000577
   2.039      0.000686
   2.046      0.000789
   2.053      0.000888
   2.061      0.000982
   2.068      0.001071
   2.075      0.001156
   2.082      0.001236
   2.089      0.001313
   2.096      0.001385
   2.104      0.001454
   2.111      0.001519
   2.118      0.001581
   2.125      0.001640
   2.132      0.001695
   2.140      0.001747
   2.147      0.001796
   2.154      0.001843
   2.161      0.001887
   2.168      0.001928
   2.175      0.001967
   2.183      0.002003
   2.190      0.002037
   2.197      0.002070
   2.204      0.002100
   2.211      0.002128
   2.219      0.002154
   2.226      0.002179
   2.233      0.002201
   2.240      0.002223
   2.247      0.002242
   2.254      0.002261
   2.262      0.002277
   2.269      0.002293
   2.276      0.002307
   2.283      0.002320
   2.290      0.002332
   2.298      0.002343
   2.305      0.002353
   2.312      0.002362
   2.319      0.002370
   2.326      0.002377
   2.333      0.002383
   2.341      0.002388
   2.348      0.002393
   2.355      0.002397
   2.362      0.002400
   2.369      0.002403
   2.377      0.002405
   2.384      0.002406
   2.391      0.002407
   2.398      0.002408
   2.405      0.002408
   2.412      0.002407
   2.420      0.002407
   2.427      0.002405
   2.434      0.002404
   2.441      0.002402
   2.448      0.002400
   2.455      0.002397
   2.463      0.002394
   2.470      0.002391
   2.477      0.002388
   2.484      0.002384
   2.491      0.002380
   2.499      0.002376
   2.506      0.002372
   2.513      0.002368
   2.520      0.002363
   2.527      0.002359
   2.534      0.002354
   2.542      0.002349
   2.549      0.002344
   2.556      0.002339
   2.563      0.002334
   2.570      0.002328
   2.578      0.002323
   2.585      0.002318
   2.592      0.002312
   2.599      0.002307
   2.606      0.002301
   2.613      0.002295
   2.621      0.002290
   2.628      0.002284
   2.635      0.002278
   2.642      0.002273
   2.649      0.002267
   2.657      0.002261
   2.664      0.002255
   2.671      0.002249
   2.678      0.002244
   2.685      0.002238
   2.692      0.002232
   2.700      0.002226
   2.707      0.002220
   2.714      0.002215
   2.721      0.002209
   2.728      0.002203
   2.736      0.002198
   2.743      0.002192
   2.750      0.002186
   2.757      0.002180
   2.764      0.002175
   2.771      0.002169
   2.779      0.002164
   2.786      0.002158
   2.793      0.002153
   2.800      0.002147
   2.807      0.002142
   2.814      0.002136
   2.822      0.002131
   2.829      0.002125
   2.836      0.002120
   2.843      0.002115
   2.850      0.002109
   2.858      0.002104
