   0.000      0.955721
   0.007      0.955721
   0.014      0.955721
   0.022      0.955721
   0.029      0.955721
   0.036      0.955721
   0.043      0.955721
   0.050      0.955720
   0.057      0.955720
   0.065      0.955718
   0.072      0.955717
   0.079      0.955714
   0.086      0.955712
   0.093      0.955708
   0.101      0.955703
   0.108      0.955697
   0.115      0.955690
   0.122      0.955681
   0.129      0.955671
   0.136      0.955659
   0.144      0.955645
   0.151      0.955628
   0.158      0.955609
   0.165      0.955586
   0.172      0.955561
   0.179      0.955533
   0.187      0.955500
   0.194      0.955464
   0.201      0.955424
   0.208      0.955378
   0.215      0.955328
   0.223      0.955273
   0.230      0.955211
   0.237      0.955144
   0.244      0.955070
   0.251      0.954990
   0.258      0.954902
   0.266      0.954806
   0.273      0.954702
   0.280      0.954589
   0.287      0.954467
   0.294      0.954336
   0.302      0.954195
   0.309      0.954043
   0.316      0.953880
   0.323      0.953705
   0.330      0.953518
   0.337      0.953319
   0.345      0.953106
   0.352      0.952880
   0.359      0.952639
   0.366      0.952384
   0.373      0.952113
   0.381      0.951826
   0.388      0.951523
   0.395      0.951202
   0.402      0.950864
   0.409      0.950508
   0.416      0.950132
   0.424      0.949738
   0.431      0.949323
   0.438      0.948888
   0.445      0.948431
   0.452      0.947953
   0.460      0.947452
   0.467      0.946929
   0.474      0.946382
   0.481      0.945812
   0.488      0.945217
   0.495      0.944597
   0.503      0.943952
   0.510      0.943280
   0.517      0.942583
   0.524      0.941858
   0.531      0.941106
   0.538      0.940327
   0.546      0.939519
   0.553      0.938683
   0.560      0.937818
   0.567      0.936924
   0.574      0.936000
   0.582      0.935046
   0.589      0.934062
   0.596      0.933048
   0.603      0.932003
   0.610      0.930927
   0.617      0.929820
   0.625      0.928681
   0.632      0.927512
   0.639      0.926311
   0.646      0.925078
   0.653      0.923813
   0.661      0.922517
   0.668      0.921189
   0.675      0.919829
   0.682      0.918437
   0.689      0.917014
   0.696      0.915559
   0.704      0.914072
   0.711      0.912554
   0.718      0.911005
   0.725      0.909425
   0.732      0.907813
   0.740      0.906171
   0.747      0.904499
   0.754      0.902796
   0.761      0.901063
   0.768      0.899300
   0.775      0.897509
   0.783      0.895688
   0.790      0.893838
   0.797      0.891960
   0.804      0.890053
   0.811      0.888119
   0.818      0.886158
   0.826      0.884170
   0.833      0.882156
   0.840      0.880115
   0.847      0.878050
   0.854      0.875958
   0.862      0.873843
   0.869      0.871703
   0.876      0.869540
   0.883      0.867353
   0.890      0.865144
   0.897      0.862912
   0.905      0.860659
   0.912      0.858384
   0.919      0.856090
   0.926      0.853774
   0.933      0.851440
   0.941      0.849086
   0.948      0.846714
   0.955      0.844324
   0.962      0.841916
   0.969      0.839491
   0.976      0.837050
   0.984      0.834593
   0.991      0.832121
   0.998      0.829634
   1.005      0.827133
   1.012      0.824618
   1.020      0.822090
   1.027      0.819549
   1.034      0.816996
   1.041      0.814432
   1.048      0.811856
   1.055      0.809270
   1.063      0.806673
   1.070      0.804067
   1.077      0.801452
   1.084      0.798828
   1.091      0.796197
   1.099      0.793557
   1.106      0.790911
   1.113      0.788258
   1.120      0.785598
   1.127      0.782933
   1.134      0.780263
   1.142      0.777588
   1.149      0.774908
   1.156      0.772225
   1.163      0.769537
   1.170      0.766847
   1.177      0.764155
   1.185      0.761459
   1.192      0.758763
   1.199      0.756064
   1.206      0.753365
   1.213      0.750664
   1.221      0.747964
   1.228      0.745264
   1.235      0.742564
   1.242      0.739864
   1.249      0.737166
   1.256      0.734470
   1.264      0.731775
   1.271      0.729082
   1.278      0.726392
   1.285      0.723705
   1.292      0.721020
   1.300      0.718339
   1.307      0.715662
   1.314      0.712989
   1.321      0.710319
   1.328      0.707655
   1.335      0.704995
   1.343      0.702340
   1.350      0.699691
   1.357      0.697047
   1.364      0.694409
   1.371      0.691776
   1.379      0.689150
   1.386      0.686531
   1.393      0.683918
   1.400      0.681312
   1.407      0.678714
   1.414      0.676122
   1.422      0.673538
   1.429      0.670962
   1.436      0.668393
   1.443      0.665833
   1.450      0.663281
   1.457      0.660737
   1.465      0.658202
   1.472      0.655675
   1.479      0.653157
   1.486      0.650648
   1.493      0.648148
   1.501      0.645658
   1.508      0.643177
   1.515      0.640705
   1.522      0.638243
   1.529      0.635790
   1.536      0.633348
   1.544      0.630915
   1.551      0.628493
   1.558      0.626080
   1.565      0.623678
   1.572      0.621286
   1.580      0.618904
   1.587      0.616533
   1.594      0.614173
   1.601      0.611823
   1.608      0.609483
   1.615      0.607155
   1.623      0.604837
   1.630      0.602530
   1.637      0.600234
   1.644      0.597949
   1.651      0.595675
   1.659      0.593412
   1.666      0.591160
   1.673      0.588919
   1.680      0.586689
   1.687      0.584471
   1.694      0.582263
   1.702      0.580067
   1.709      0.577882
   1.716      0.575709
   1.723      0.573546
   1.730      0.571395
   1.738      0.569255
   1.745      0.567127
   1.752      0.565010
   1.759      0.562904
   1.766      0.560809
   1.773      0.558726
   1.781      0.556654
   1.788      0.554593
   1.795      0.552544
   1.802      0.550506
   1.809      0.548479
   1.816      0.546464
   1.824      0.544459
   1.831      0.542466
   1.838      0.540484
   1.845      0.538514
   1.852      0.536554
   1.860      0.534605
   1.867      0.532668
   1.874      0.530742
   1.881      0.528827
   1.888      0.526922
   1.895      0.525029
   1.903      0.523147
   1.910      0.521275
   1.917      0.519415
   1.924      0.517565
   1.931      0.515726
   1.939      0.513898
   1.946      0.512080
   1.953      0.510274
   1.960      0.508478
   1.967      0.506692
   1.974      0.504917
   1.982      0.503153
   1.989      0.501399
   1.996      0.499655
   2.003      0.497922
   2.010      0.496199
   2.018      0.494486
   2.025      0.492783
   2.032      0.491091
   2.039      0.489409
   2.046      0.487737
   2.053      0.486074
   2.061      0.484422
   2.068      0.482780
   2.075      0.481147
   2.082      0.479525
   2.089      0.477912
   2.096      0.476309
   2.104      0.474715
   2.111      0.473131
   2.118      0.471556
   2.125      0.469991
   2.132      0.468435
   2.140      0.466889
   2.147      0.465352
   2.154      0.463824
   2.161      0.462305
   2.168      0.460796
   2.175      0.459295
   2.183      0.457804
   2.190      0.456321
   2.197      0.454848
   2.204      0.453383
   2.211      0.451927
   2.219      0.450479
   2.226      0.449041
   2.233      0.447610
   2.240      0.446189
   2.247      0.444776
   2.254      0.443371
   2.262      0.441975
   2.269      0.440587
   2.276      0.439207
   2.283      0.437835
   2.290      0.436472
   2.298      0.435116
   2.305      0.433769
   2.312      0.432429
   2.319      0.431098
   2.326      0.429774
   2.333      0.428458
   2.341      0.427150
   2.348      0.425850
   2.355      0.424557
   2.362      0.423271
   2.369      0.421993
   2.377      0.420723
   2.384      0.419460
   2.391      0.418205
   2.398      0.416956
   2.405      0.415715
   2.412      0.414481
   2.420      0.413254
   2.427      0.412035
   2.434      0.410822
   2.441      0.409616
   2.448      0.408417
   2.455      0.407225
   2.463      0.406040
   2.470      0.404862
   2.477      0.403690
   2.484      0.402525
   2.491      0.401366
   2.499      0.400214
   2.506      0.399069
   2.513      0.397930
   2.520      0.396797
   2.527      0.395671
   2.534      0.394551
   2.542      0.393438
   2.549      0.392330
   2.556      0.391229
   2.563      0.390134
   2.570      0.389044
   2.578      0.387961
   2.585      0.386884
   2.592      0.385813
   2.599      0.384748
   2.606      0.383688
   2.613      0.382634
   2.621      0.381586
   2.628      0.380544
   2.635      0.379507
   2.642      0.378476
   2.649      0.377451
   2.657      0.376431
   2.664      0.375416
   2.671      0.374407
   2.678      0.373404
   2.685      0.372405
   2.692      0.371412
   2.700      0.370425
   2.707      0.369442
   2.714      0.368465
   2.721      0.367493
   2.728      0.366526
   2.736      0.365564
   2.743      0.364607
   2.750      0.363655
   2.757      0.362708
   2.764      0.361766
   2.771      0.360828
   2.779      0.359896
   2.786      0.358969
   2.793      0.358046
   2.800      0.357128
   2.807      0.356214
   2.814      0.355306
   2.822      0.354402
   2.829      0.353502
   2.836      0.352607
   2.843      0.351717
   2.850      0.350831
   2.858      0.349949
