   0.000      1.103038
   0.007      1.103036
   0.014      1.103028
   0.022      1.103015
   0.029      1.102998
   0.036      1.102975
   0.043      1.102946
   0.050      1.102913
   0.057      1.102874
   0.065      1.102830
   0.072      1.102780
   0.079      1.102725
   0.086      1.102664
   0.093      1.102597
   0.101      1.102525
   0.108      1.102446
   0.115      1.102361
   0.122      1.102270
   0.129      1.102172
   0.136      1.102067
   0.144      1.101955
   0.151      1.101837
   0.158      1.101710
   0.165      1.101576
   0.172      1.101435
   0.179      1.101285
   0.187      1.101126
   0.194      1.100959
   0.201      1.100782
   0.208      1.100596
   0.215      1.100400
   0.223      1.100194
   0.230      1.099978
   0.237      1.099750
   0.244      1.099511
   0.251      1.099260
   0.258      1.098996
   0.266      1.098720
   0.273      1.098430
   0.280      1.098126
   0.287      1.097808
   0.294      1.097474
   0.302      1.097125
   0.309      1.096759
   0.316      1.096377
   0.323      1.095977
   0.330      1.095558
   0.337      1.095120
   0.345      1.094663
   0.352      1.094185
   0.359      1.093685
   0.366      1.093164
   0.373      1.092619
   0.381      1.092051
   0.388      1.091458
   0.395      1.090839
   0.402      1.090194
   0.409      1.089522
   0.416      1.088822
   0.424      1.088092
   0.431      1.087332
   0.438      1.086542
   0.445      1.085719
   0.452      1.084864
   0.460      1.083975
   0.467      1.083051
   0.474      1.082091
   0.481      1.081095
   0.488      1.080061
   0.495      1.078989
   0.503      1.077878
   0.510      1.076726
   0.517      1.075534
   0.524      1.074300
   0.531      1.073023
   0.538      1.071703
   0.546      1.070339
   0.553      1.068931
   0.560      1.067477
   0.567      1.065977
   0.574      1.064430
   0.582      1.062837
   0.589      1.061196
   0.596      1.059507
   0.603      1.057771
   0.610      1.055985
   0.617      1.054151
   0.625      1.052268
   0.632      1.050336
   0.639      1.048354
   0.646      1.046324
   0.653      1.044244
   0.661      1.042115
   0.668      1.039937
   0.675      1.037711
   0.682      1.035436
   0.689      1.033113
   0.696      1.030742
   0.704      1.028324
   0.711      1.025859
   0.718      1.023347
   0.725      1.020790
   0.732      1.018188
   0.740      1.015541
   0.747      1.012851
   0.754      1.010117
   0.761      1.007341
   0.768      1.004524
   0.775      1.001667
   0.783      0.998769
   0.790      0.995833
   0.797      0.992859
   0.804      0.989849
   0.811      0.986802
   0.818      0.983720
   0.826      0.980605
   0.833      0.977457
   0.840      0.974277
   0.847      0.971066
   0.854      0.967826
   0.862      0.964557
   0.869      0.961261
   0.876      0.957938
   0.883      0.954590
   0.890      0.951218
   0.897      0.947822
   0.905      0.944405
   0.912      0.940966
   0.919      0.937507
   0.926      0.934030
   0.933      0.930535
   0.941      0.927022
   0.948      0.923495
   0.955      0.919952
   0.962      0.916395
   0.969      0.912826
   0.976      0.909245
   0.984      0.905654
   0.991      0.902052
   0.998      0.898441
   1.005      0.894823
   1.012      0.891197
   1.020      0.887565
   1.027      0.883928
   1.034      0.880286
   1.041      0.876641
   1.048      0.872993
   1.055      0.869343
   1.063      0.865691
   1.070      0.862040
   1.077      0.858388
   1.084      0.854737
   1.091      0.851088
   1.099      0.847442
   1.106      0.843799
   1.113      0.840159
   1.120      0.836524
   1.127      0.832893
   1.134      0.829269
   1.142      0.825650
   1.149      0.822038
   1.156      0.818434
   1.163      0.814837
   1.170      0.811249
   1.177      0.807669
   1.185      0.804099
   1.192      0.800539
   1.199      0.796989
   1.206      0.793449
   1.213      0.789921
   1.221      0.786404
   1.228      0.782899
   1.235      0.779407
   1.242      0.775927
   1.249      0.772460
   1.256      0.769006
   1.264      0.765566
   1.271      0.762140
   1.278      0.758728
   1.285      0.755331
   1.292      0.751948
   1.300      0.748580
   1.307      0.745228
   1.314      0.741891
   1.321      0.738570
   1.328      0.735265
   1.335      0.731975
   1.343      0.728702
   1.350      0.725446
   1.357      0.722206
   1.364      0.718983
   1.371      0.715777
   1.379      0.712588
   1.386      0.709416
   1.393      0.706261
   1.400      0.703124
   1.407      0.700004
   1.414      0.696902
   1.422      0.693818
   1.429      0.690751
   1.436      0.687702
   1.443      0.684671
   1.450      0.681658
   1.457      0.678662
   1.465      0.675685
   1.472      0.672726
   1.479      0.669785
   1.486      0.666861
   1.493      0.663956
   1.501      0.661069
   1.508      0.658201
   1.515      0.655350
   1.522      0.652517
   1.529      0.649702
   1.536      0.646906
   1.544      0.644127
   1.551      0.641367
   1.558      0.638624
   1.565      0.635899
   1.572      0.633192
   1.580      0.630503
   1.587      0.627832
   1.594      0.625179
   1.601      0.622543
   1.608      0.619925
   1.615      0.617324
   1.623      0.614741
   1.630      0.612175
   1.637      0.609627
   1.644      0.607096
   1.651      0.604582
   1.659      0.602086
   1.666      0.599606
   1.673      0.597144
   1.680      0.594698
   1.687      0.592269
   1.694      0.589857
   1.702      0.587462
   1.709      0.585083
   1.716      0.582720
   1.723      0.580374
   1.730      0.578044
   1.738      0.575730
   1.745      0.573433
   1.752      0.571151
   1.759      0.568885
   1.766      0.566635
   1.773      0.564401
   1.781      0.562182
   1.788      0.559979
   1.795      0.557791
   1.802      0.555618
   1.809      0.553460
   1.816      0.551318
   1.824      0.549190
   1.831      0.547078
   1.838      0.544980
   1.845      0.542896
   1.852      0.540827
   1.860      0.538773
   1.867      0.536733
   1.874      0.534707
   1.881      0.532695
   1.888      0.530697
   1.895      0.528713
   1.903      0.526742
   1.910      0.524786
   1.917      0.522843
   1.924      0.520913
   1.931      0.518996
   1.939      0.517093
   1.946      0.515203
   1.953      0.513326
   1.960      0.511462
   1.967      0.509611
   1.974      0.507772
   1.982      0.505946
   1.989      0.504132
   1.996      0.502331
   2.003      0.500542
   2.010      0.498765
   2.018      0.497001
   2.025      0.495248
   2.032      0.493507
   2.039      0.491778
   2.046      0.490060
   2.053      0.488354
   2.061      0.486660
   2.068      0.484976
   2.075      0.483305
   2.082      0.481644
   2.089      0.479994
   2.096      0.478355
   2.104      0.476728
   2.111      0.475111
   2.118      0.473504
   2.125      0.471908
   2.132      0.470323
   2.140      0.468748
   2.147      0.467184
   2.154      0.465629
   2.161      0.464085
   2.168      0.462551
   2.175      0.461027
   2.183      0.459512
   2.190      0.458008
   2.197      0.456513
   2.204      0.455027
   2.211      0.453552
   2.219      0.452085
   2.226      0.450628
   2.233      0.449180
   2.240      0.447742
   2.247      0.446312
   2.254      0.444892
   2.262      0.443480
   2.269      0.442078
   2.276      0.440684
   2.283      0.439299
   2.290      0.437922
   2.298      0.436554
   2.305      0.435195
   2.312      0.433843
   2.319      0.432501
   2.326      0.431166
   2.333      0.429840
   2.341      0.428521
   2.348      0.427211
   2.355      0.425909
   2.362      0.424615
   2.369      0.423328
   2.377      0.422049
   2.384      0.420778
   2.391      0.419515
   2.398      0.418259
   2.405      0.417010
   2.412      0.415769
   2.420      0.414535
   2.427      0.413309
   2.434      0.412090
   2.441      0.410878
   2.448      0.409673
   2.455      0.408475
   2.463      0.407284
   2.470      0.406100
   2.477      0.404923
   2.484      0.403753
   2.491      0.402589
   2.499      0.401432
   2.506      0.400282
   2.513      0.399139
   2.520      0.398001
   2.527      0.396871
   2.534      0.395746
   2.542      0.394628
   2.549      0.393517
   2.556      0.392411
   2.563      0.391312
   2.570      0.390219
   2.578      0.389132
   2.585      0.388051
   2.592      0.386976
   2.599      0.385907
   2.606      0.384844
   2.613      0.383787
   2.621      0.382736
   2.628      0.381690
   2.635      0.380650
   2.642      0.379615
   2.649      0.378587
   2.657      0.377563
   2.664      0.376546
   2.671      0.375534
   2.678      0.374527
   2.685      0.373525
   2.692      0.372529
   2.700      0.371539
   2.707      0.370553
   2.714      0.369573
   2.721      0.368598
   2.728      0.367628
   2.736      0.366663
   2.743      0.365703
   2.750      0.364748
   2.757      0.363798
   2.764      0.362853
   2.771      0.361913
   2.779      0.360978
   2.786      0.360048
   2.793      0.359122
   2.800      0.358201
   2.807      0.357285
   2.814      0.356374
   2.822      0.355467
   2.829      0.354565
   2.836      0.353667
   2.843      0.352774
   2.850      0.351885
   2.858      0.351001
