   0.005      0.001315
   0.011      0.015109
   0.016      0.028903
   0.022      0.043167
   0.027      0.057492
   0.032      0.071833
   0.038      0.086177
   0.043      0.100520
   0.049      0.114860
   0.054      0.129195
   0.059      0.143524
   0.065      0.157846
   0.070      0.172160
   0.076      0.186465
   0.081      0.200760
   0.086      0.215046
   0.092      0.229320
   0.097      0.243582
   0.103      0.257832
   0.108      0.272068
   0.113      0.286290
   0.119      0.300497
   0.124      0.314688
   0.130      0.328863
   0.135      0.343020
   0.140      0.357159
   0.146      0.371280
   0.151      0.385381
   0.157      0.399461
   0.162      0.413521
   0.167      0.427558
   0.173      0.441572
   0.178      0.455563
   0.184      0.469530
   0.189      0.483471
   0.194      0.497387
   0.200      0.511275
   0.205      0.525136
   0.211      0.538969
   0.216      0.552772
   0.221      0.566546
   0.227      0.580288
   0.232      0.593999
   0.238      0.607677
   0.243      0.621322
   0.248      0.634932
   0.254      0.648508
   0.259      0.662047
   0.265      0.675550
   0.270      0.689015
   0.275      0.702442
   0.281      0.715829
   0.286      0.729176
   0.292      0.742482
   0.297      0.755746
   0.302      0.768968
   0.308      0.782145
   0.313      0.795278
   0.319      0.808366
   0.324      0.821407
   0.329      0.834400
   0.335      0.847346
   0.340      0.860243
   0.346      0.873090
   0.351      0.885885
   0.356      0.898630
   0.362      0.911321
   0.367      0.923959
   0.373      0.936542
   0.378      0.949070
   0.383      0.961542
   0.389      0.973957
   0.394      0.986313
   0.400      0.998611
   0.405      1.010848
   0.410      1.023025
   0.416      1.035139
   0.421      1.047191
   0.427      1.059180
   0.432      1.071104
   0.437      1.082962
   0.443      1.094754
   0.448      1.106478
   0.454      1.118135
   0.459      1.129722
   0.464      1.141239
   0.470      1.152685
   0.475      1.164058
   0.481      1.175359
   0.486      1.186587
   0.491      1.197739
   0.497      1.208816
   0.502      1.219816
   0.508      1.230739
   0.513      1.241583
   0.518      1.252348
   0.524      1.263032
   0.529      1.273636
   0.535      1.284157
   0.540      1.294595
   0.545      1.304950
   0.551      1.315219
   0.556      1.325403
   0.562      1.335500
   0.567      1.345510
   0.572      1.355431
   0.578      1.365263
   0.583      1.375005
   0.589      1.384656
   0.594      1.394215
   0.599      1.403681
   0.605      1.413054
   0.610      1.422332
   0.616      1.431514
   0.621      1.440601
   0.626      1.449590
   0.632      1.458481
   0.637      1.467274
   0.643      1.475967
   0.648      1.484559
   0.653      1.493050
   0.659      1.501440
   0.664      1.509726
   0.670      1.517909
   0.675      1.525987
   0.680      1.533960
   0.686      1.541827
   0.691      1.549587
   0.697      1.557240
   0.702      1.564784
   0.707      1.572219
   0.713      1.579545
   0.718      1.586760
   0.724      1.593864
   0.729      1.600855
   0.734      1.607734
   0.740      1.614500
   0.745      1.621152
   0.751      1.627689
   0.756      1.634111
   0.761      1.640416
   0.767      1.646605
   0.772      1.652677
   0.778      1.658631
   0.783      1.664466
   0.788      1.670182
   0.794      1.675778
   0.799      1.681254
   0.805      1.686609
   0.810      1.691843
   0.815      1.696954
   0.821      1.701943
   0.826      1.706809
   0.832      1.711552
   0.837      1.716170
   0.842      1.720664
   0.848      1.725033
   0.853      1.729277
   0.859      1.733394
   0.864      1.737385
   0.869      1.741250
   0.875      1.744987
   0.880      1.748597
   0.886      1.752078
   0.891      1.755432
   0.896      1.758656
   0.902      1.761752
   0.907      1.764718
   0.913      1.767555
   0.918      1.770261
   0.923      1.772838
   0.929      1.775283
   0.934      1.777598
   0.940      1.779782
   0.945      1.781835
   0.950      1.783756
   0.956      1.785545
   0.961      1.787203
   0.967      1.788728
   0.972      1.790121
   0.977      1.791382
   0.983      1.792510
   0.988      1.793505
   0.994      1.794368
   0.999      1.795098
   1.004      1.795695
   1.010      1.796159
   1.015      1.796490
   1.021      1.796688
   1.026      1.796753
   1.031      1.796684
   1.037      1.796483
   1.042      1.796148
   1.048      1.795680
   1.053      1.795080
   1.058      1.794346
   1.064      1.793479
   1.069      1.792480
   1.075      1.791348
   1.080      1.790084
   1.085      1.788686
   1.091      1.787157
   1.096      1.785496
   1.102      1.783702
   1.107      1.781777
   1.112      1.779720
   1.118      1.777532
   1.123      1.775213
   1.129      1.772763
   1.134      1.770182
   1.139      1.767471
   1.145      1.764630
   1.150      1.761659
   1.156      1.758558
   1.161      1.755328
   1.166      1.751970
   1.172      1.748483
   1.177      1.744868
   1.183      1.741125
   1.188      1.737255
   1.193      1.733259
   1.199      1.729135
   1.204      1.724886
   1.210      1.720511
   1.215      1.716010
   1.220      1.711386
   1.226      1.706637
   1.231      1.701764
   1.237      1.696768
   1.242      1.691649
   1.247      1.686409
   1.253      1.681047
   1.258      1.675563
   1.264      1.669960
   1.269      1.664237
   1.274      1.658394
   1.280      1.652433
   1.285      1.646354
   1.291      1.640158
   1.296      1.633845
   1.301      1.627416
   1.307      1.620872
   1.312      1.614213
   1.318      1.607441
   1.323      1.600555
   1.328      1.593557
   1.334      1.586447
   1.339      1.579227
   1.345      1.571896
   1.350      1.564456
   1.355      1.556907
   1.361      1.549251
   1.366      1.541488
   1.372      1.533619
   1.377      1.525645
   1.382      1.517566
   1.388      1.509384
   1.393      1.501100
   1.399      1.492713
   1.404      1.484226
   1.409      1.475640
   1.415      1.466954
   1.420      1.458170
   1.426      1.449290
   1.431      1.440313
   1.436      1.431242
   1.442      1.422077
   1.447      1.412818
   1.453      1.403468
   1.458      1.394027
   1.463      1.384496
   1.469      1.374877
   1.474      1.365169
   1.480      1.355375
   1.485      1.345496
   1.490      1.335532
   1.496      1.325486
   1.501      1.315357
   1.507      1.305147
   1.512      1.294858
   1.517      1.284490
   1.523      1.274044
   1.528      1.263523
   1.534      1.252927
   1.539      1.242257
   1.544      1.231515
   1.550      1.220702
   1.555      1.209819
   1.561      1.198867
   1.566      1.187849
   1.571      1.176764
   1.577      1.165615
   1.582      1.154403
   1.588      1.143129
   1.593      1.131795
   1.598      1.120401
   1.604      1.108950
   1.609      1.097443
   1.615      1.085881
   1.620      1.074266
   1.625      1.062598
   1.631      1.050881
   1.636      1.039114
   1.642      1.027300
   1.647      1.015440
   1.652      1.003536
   1.658      0.991589
   1.663      0.979600
   1.669      0.967571
   1.674      0.955505
   1.679      0.943401
   1.685      0.931263
   1.690      0.919090
   1.696      0.906886
   1.701      0.894652
   1.706      0.882388
   1.712      0.870098
   1.717      0.857782
   1.723      0.845442
   1.728      0.833080
   1.733      0.820697
   1.739      0.808295
   1.744      0.795876
   1.750      0.783441
   1.755      0.770992
   1.760      0.758531
   1.766      0.746059
   1.771      0.733579
   1.777      0.721090
   1.782      0.708597
   1.787      0.696099
   1.793      0.683598
   1.798      0.671098
   1.804      0.658598
   1.809      0.646101
   1.814      0.633608
   1.820      0.621121
   1.825      0.608642
   1.831      0.596173
   1.836      0.583714
   1.841      0.571269
   1.847      0.558837
   1.852      0.546422
   1.858      0.534024
   1.863      0.521646
   1.868      0.509289
   1.874      0.496954
   1.879      0.484643
   1.885      0.472358
   1.890      0.460101
   1.895      0.447872
   1.901      0.435674
   1.906      0.423509
   1.912      0.411377
   1.917      0.399280
   1.922      0.387220
   1.928      0.375199
   1.933      0.363217
   1.939      0.351277
   1.944      0.339379
   1.949      0.327526
   1.955      0.315719
   1.960      0.303959
   1.966      0.292247
   1.971      0.280586
   1.976      0.268976
   1.982      0.257419
   1.987      0.245916
   1.993      0.234469
   1.998      0.223079
   2.003      0.211747
   2.009      0.200474
   2.014      0.189263
   2.020      0.178113
   2.025      0.167027
   2.030      0.156005
   2.036      0.145048
   2.041      0.134159
   2.047      0.123338
   2.052      0.112586
   2.057      0.101904
   2.063      0.091294
   2.068      0.080756
   2.074      0.070291
   2.079      0.059901
   2.084      0.049587
   2.090      0.039349
   2.095      0.029188
   2.101      0.019106
   2.106      0.009103
   2.111     -0.000819
   2.117     -0.010661
   2.122     -0.020420
   2.128     -0.030097
   2.133     -0.039691
   2.138     -0.049200
   2.144     -0.058624
   2.149     -0.067962
   2.155     -0.077214
   2.160     -0.086379
   2.165     -0.095456
   2.171     -0.104445
   2.176     -0.113345
   2.182     -0.122155
   2.187     -0.130875
   2.192     -0.139505
   2.198     -0.148043
   2.203     -0.156490
   2.209     -0.164845
   2.214     -0.173107
   2.219     -0.181276
   2.225     -0.189352
   2.230     -0.197335
   2.236     -0.205223
   2.241     -0.213018
   2.246     -0.220718
   2.252     -0.228323
   2.257     -0.235833
   2.263     -0.243247
   2.268     -0.250567
   2.273     -0.257791
   2.279     -0.264919
   2.284     -0.271951
   2.290     -0.278887
   2.295     -0.285727
   2.300     -0.292471
   2.306     -0.299119
   2.311     -0.305671
   2.317     -0.312127
   2.322     -0.318486
   2.327     -0.324750
   2.333     -0.330918
   2.338     -0.336989
   2.344     -0.342965
   2.349     -0.348846
   2.354     -0.354631
   2.360     -0.360321
   2.365     -0.365915
   2.371     -0.371415
   2.376     -0.376820
   2.381     -0.382131
   2.387     -0.387348
   2.392     -0.392470
   2.398     -0.397500
   2.403     -0.402436
   2.408     -0.407279
   2.414     -0.412029
   2.419     -0.416688
   2.425     -0.421255
   2.430     -0.425730
   2.435     -0.430115
   2.441     -0.434408
   2.446     -0.438612
   2.452     -0.442726
   2.457     -0.446752
   2.462     -0.450688
   2.468     -0.454536
   2.473     -0.458297
   2.479     -0.461971
   2.484     -0.465558
   2.489     -0.469059
   2.495     -0.472474
   2.500     -0.475805
   2.506     -0.479051
   2.511     -0.482214
   2.516     -0.485293
   2.522     -0.488290
   2.527     -0.491206
   2.533     -0.494040
   2.538     -0.496793
   2.543     -0.499467
   2.549     -0.502061
   2.554     -0.504576
   2.560     -0.507014
   2.565     -0.509375
   2.570     -0.511659
   2.576     -0.513867
   2.581     -0.516000
   2.587     -0.518058
   2.592     -0.520043
   2.597     -0.521955
   2.603     -0.523794
   2.608     -0.525562
   2.614     -0.527259
   2.619     -0.528886
   2.624     -0.530444
   2.630     -0.531933
   2.635     -0.533354
   2.641     -0.534708
   2.646     -0.535996
   2.651     -0.537218
   2.657     -0.538376
   2.662     -0.539469
   2.668     -0.540499
   2.673     -0.541467
   2.678     -0.542372
   2.684     -0.543217
   2.689     -0.544002
   2.695     -0.544727
   2.700     -0.545393
   2.705     -0.546002
   2.711     -0.546553
   2.716     -0.547049
   2.722     -0.547488
   2.727     -0.547873
   2.732     -0.548203
   2.738     -0.548481
   2.743     -0.548705
   2.749     -0.548878
   2.754     -0.549000
   2.759     -0.549071
   2.765     -0.549093
   2.770     -0.549066
   2.776     -0.548992
   2.781     -0.548869
   2.786     -0.548701
   2.792     -0.548486
   2.797     -0.548226
   2.803     -0.547922
   2.808     -0.547574
   2.813     -0.547184
   2.819     -0.546751
   2.824     -0.546277
   2.830     -0.545762
   2.835     -0.545206
   2.840     -0.544612
   2.846     -0.543979
   2.851     -0.543308
   2.857     -0.542599
   2.862     -0.541855
   2.867     -0.541074
   2.873     -0.540258
   2.878     -0.539407
   2.884     -0.538522
   2.889     -0.537604
   2.894     -0.536654
   2.900     -0.535672
   2.905     -0.534658
   2.911     -0.533614
   2.916     -0.532539
   2.921     -0.531435
   2.927     -0.530303
   2.932     -0.529142
   2.938     -0.527953
   2.943     -0.526738
   2.948     -0.525496
   2.954     -0.524228
   2.959     -0.522935
   2.965     -0.521618
   2.970     -0.520276
   2.975     -0.518911
   2.981     -0.517523
   2.986     -0.516112
   2.992     -0.514680
   2.997     -0.513226
   3.002     -0.511751
   3.008     -0.510256
   3.013     -0.508742
   3.019     -0.507208
   3.024     -0.505655
   3.029     -0.504084
   3.035     -0.502495
   3.040     -0.500889
   3.046     -0.499266
   3.051     -0.497627
   3.056     -0.495972
   3.062     -0.494301
   3.067     -0.492616
   3.073     -0.490916
   3.078     -0.489202
   3.083     -0.487474
   3.089     -0.485733
   3.094     -0.483979
   3.100     -0.482213
   3.105     -0.480435
   3.110     -0.478645
   3.116     -0.476845
   3.121     -0.475033
   3.127     -0.473211
   3.132     -0.471379
   3.137     -0.469537
   3.143     -0.467686
   3.148     -0.465826
   3.154     -0.463958
   3.159     -0.462081
   3.164     -0.460196
   3.170     -0.458304
   3.175     -0.456405
   3.181     -0.454499
   3.186     -0.452586
   3.191     -0.450667
   3.197     -0.448742
   3.202     -0.446811
   3.208     -0.444875
   3.213     -0.442934
   3.218     -0.440988
   3.224     -0.439038
   3.229     -0.437083
   3.235     -0.435125
   3.240     -0.433163
   3.245     -0.431197
   3.251     -0.429228
   3.256     -0.427257
   3.262     -0.425283
   3.267     -0.423306
   3.272     -0.421327
   3.278     -0.419346
   3.283     -0.417364
   3.289     -0.415380
   3.294     -0.413394
   3.299     -0.411408
   3.305     -0.409421
   3.310     -0.407433
   3.316     -0.405445
   3.321     -0.403456
   3.326     -0.401467
   3.332     -0.399479
   3.337     -0.397491
   3.343     -0.395503
   3.348     -0.393516
   3.353     -0.391530
   3.359     -0.389545
   3.364     -0.387561
   3.370     -0.385578
   3.375     -0.383597
   3.380     -0.381617
   3.386     -0.379639
   3.391     -0.377663
   3.397     -0.375690
   3.402     -0.373718
   3.407     -0.371749
   3.413     -0.369782
   3.418     -0.367818
   3.424     -0.365857
   3.429     -0.363898
   3.434     -0.361943
   3.440     -0.359991
   3.445     -0.358041
   3.451     -0.356096
   3.456     -0.354153
   3.461     -0.352214
   3.467     -0.350279
   3.472     -0.348348
   3.478     -0.346420
   3.483     -0.344496
   3.488     -0.342577
   3.494     -0.340661
   3.499     -0.338750
   3.505     -0.336843
   3.510     -0.334940
   3.515     -0.333042
   3.521     -0.331149
   3.526     -0.329260
   3.532     -0.327375
   3.537     -0.325496
   3.542     -0.323621
   3.548     -0.321751
   3.553     -0.319886
   3.559     -0.318026
   3.564     -0.316172
   3.569     -0.314322
   3.575     -0.312477
   3.580     -0.310638
   3.586     -0.308804
   3.591     -0.306976
   3.596     -0.305153
   3.602     -0.303335
   3.607     -0.301523
   3.613     -0.299716
   3.618     -0.297915
   3.623     -0.296120
   3.629     -0.294330
   3.634     -0.292546
   3.640     -0.290768
   3.645     -0.288995
   3.650     -0.287228
   3.656     -0.285468
   3.661     -0.283713
   3.667     -0.281964
   3.672     -0.280221
   3.677     -0.278483
   3.683     -0.276752
   3.688     -0.275027
   3.694     -0.273308
   3.699     -0.271595
   3.704     -0.269889
   3.710     -0.268188
   3.715     -0.266493
   3.721     -0.264805
   3.726     -0.263123
   3.731     -0.261447
   3.737     -0.259777
   3.742     -0.258113
   3.748     -0.256456
   3.753     -0.254805
   3.758     -0.253160
   3.764     -0.251521
   3.769     -0.249889
   3.775     -0.248263
   3.780     -0.246644
   3.785     -0.245030
   3.791     -0.243423
   3.796     -0.241823
   3.802     -0.240228
   3.807     -0.238641
   3.812     -0.237059
   3.818     -0.235484
   3.823     -0.233915
   3.829     -0.232352
   3.834     -0.230796
   3.839     -0.229247
   3.845     -0.227703
   3.850     -0.226166
   3.856     -0.224636
   3.861     -0.223111
   3.866     -0.221593
   3.872     -0.220082
   3.877     -0.218577
   3.883     -0.217078
   3.888     -0.215586
   3.893     -0.214100
   3.899     -0.212620
   3.904     -0.211147
   3.910     -0.209680
   3.915     -0.208219
   3.920     -0.206765
   3.926     -0.205317
   3.931     -0.203876
   3.937     -0.202440
   3.942     -0.201011
   3.947     -0.199589
   3.953     -0.198173
   3.958     -0.196763
   3.964     -0.195359
   3.969     -0.193962
   3.974     -0.192571
   3.980     -0.191186
   3.985     -0.189807
   3.991     -0.188435
   3.996     -0.187069
   4.001     -0.185709
   4.007     -0.184355
   4.012     -0.183008
   4.018     -0.181667
   4.023     -0.180332
   4.028     -0.179003
   4.034     -0.177680
   4.039     -0.176364
   4.045     -0.175053
   4.050     -0.173749
   4.055     -0.172451
   4.061     -0.171159
   4.066     -0.169874
   4.072     -0.168594
   4.077     -0.167320
   4.082     -0.166053
   4.088     -0.164791
   4.093     -0.163535
   4.099     -0.162286
   4.104     -0.161043
   4.109     -0.159805
   4.115     -0.158574
   4.120     -0.157348
   4.126     -0.156129
   4.131     -0.154915
   4.136     -0.153708
   4.142     -0.152506
   4.147     -0.151310
   4.153     -0.150120
   4.158     -0.148936
   4.163     -0.147758
   4.169     -0.146586
   4.174     -0.145419
   4.180     -0.144258
   4.185     -0.143104
   4.190     -0.141955
   4.196     -0.140811
   4.201     -0.139674
   4.207     -0.138542
   4.212     -0.137416
   4.217     -0.136296
   4.223     -0.135181
   4.228     -0.134072
   4.234     -0.132969
   4.239     -0.131871
   4.244     -0.130779
   4.250     -0.129693
   4.255     -0.128612
   4.261     -0.127537
   4.266     -0.126468
   4.271     -0.125404
   4.277     -0.124345
   4.282     -0.123292
   4.288     -0.122245
   4.293     -0.121203
   4.298     -0.120167
   4.304     -0.119136
   4.309     -0.118110
   4.315     -0.117090
   4.320     -0.116076
   4.325     -0.115066
   4.331     -0.114062
   4.336     -0.113064
   4.342     -0.112071
   4.347     -0.111083
   4.352     -0.110101
   4.358     -0.109124
   4.363     -0.108152
   4.369     -0.107185
   4.374     -0.106224
   4.379     -0.105268
   4.385     -0.104317
   4.390     -0.103371
   4.396     -0.102431
   4.401     -0.101496
   4.406     -0.100565
   4.412     -0.099641
   4.417     -0.098721
   4.423     -0.097806
   4.428     -0.096896
   4.433     -0.095992
   4.439     -0.095092
   4.444     -0.094198
   4.450     -0.093308
   4.455     -0.092424
   4.460     -0.091545
   4.466     -0.090670
   4.471     -0.089801
   4.477     -0.088936
   4.482     -0.088077
   4.487     -0.087222
   4.493     -0.086372
   4.498     -0.085527
   4.504     -0.084687
   4.509     -0.083852
   4.514     -0.083022
   4.520     -0.082196
   4.525     -0.081376
   4.531     -0.080560
   4.536     -0.079749
   4.541     -0.078942
   4.547     -0.078141
   4.552     -0.077344
   4.558     -0.076551
   4.563     -0.075764
   4.568     -0.074981
   4.574     -0.074203
   4.579     -0.073429
   4.585     -0.072660
   4.590     -0.071895
   4.595     -0.071136
   4.601     -0.070380
   4.606     -0.069630
   4.612     -0.068884
   4.617     -0.068142
   4.622     -0.067405
   4.628     -0.066672
   4.633     -0.065944
   4.639     -0.065220
   4.644     -0.064501
   4.649     -0.063786
   4.655     -0.063076
   4.660     -0.062370
   4.666     -0.061668
   4.671     -0.060971
   4.676     -0.060278
   4.682     -0.059589
   4.687     -0.058904
   4.693     -0.058224
   4.698     -0.057549
   4.703     -0.056877
   4.709     -0.056210
   4.714     -0.055547
   4.720     -0.054888
   4.725     -0.054233
   4.730     -0.053583
   4.736     -0.052936
   4.741     -0.052294
   4.747     -0.051656
   4.752     -0.051022
   4.757     -0.050393
   4.763     -0.049767
   4.768     -0.049145
   4.774     -0.048528
   4.779     -0.047914
   4.784     -0.047304
   4.790     -0.046699
   4.795     -0.046097
   4.801     -0.045500
   4.806     -0.044906
   4.811     -0.044316
   4.817     -0.043731
   4.822     -0.043149
   4.828     -0.042571
   4.833     -0.041997
   4.838     -0.041427
   4.844     -0.040860
   4.849     -0.040298
   4.855     -0.039739
   4.860     -0.039184
   4.865     -0.038633
   4.871     -0.038085
   4.876     -0.037542
   4.882     -0.037002
   4.887     -0.036466
   4.892     -0.035933
   4.898     -0.035405
   4.903     -0.034880
   4.909     -0.034358
   4.914     -0.033840
   4.919     -0.033326
   4.925     -0.032816
   4.930     -0.032309
   4.936     -0.031805
   4.941     -0.031306
   4.946     -0.030809
   4.952     -0.030317
   4.957     -0.029828
   4.963     -0.029342
   4.968     -0.028860
   4.973     -0.028381
   4.979     -0.027906
   4.984     -0.027434
   4.990     -0.026966
   4.995     -0.026501
   5.000     -0.026039
   5.006     -0.025581
   5.011     -0.025126
   5.017     -0.024675
   5.022     -0.024227
   5.027     -0.023782
   5.033     -0.023341
   5.038     -0.022903
   5.044     -0.022468
   5.049     -0.022036
   5.054     -0.021608
   5.060     -0.021183
   5.065     -0.020761
   5.071     -0.020342
   5.076     -0.019927
   5.081     -0.019514
   5.087     -0.019105
   5.092     -0.018699
   5.098     -0.018296
   5.103     -0.017897
   5.108     -0.017500
   5.114     -0.017107
   5.119     -0.016716
   5.125     -0.016329
   5.130     -0.015944
   5.135     -0.015563
   5.141     -0.015185
   5.146     -0.014809
   5.152     -0.014437
   5.157     -0.014068
   5.162     -0.013701
   5.168     -0.013338
   5.173     -0.012977
   5.179     -0.012620
   5.184     -0.012265
   5.189     -0.011913
   5.195     -0.011564
   5.200     -0.011218
   5.206     -0.010875
   5.211     -0.010534
   5.216     -0.010196
   5.222     -0.009862
   5.227     -0.009529
   5.233     -0.009200
   5.238     -0.008873
   5.243     -0.008550
   5.249     -0.008228
   5.254     -0.007910
   5.260     -0.007594
   5.265     -0.007281
   5.270     -0.006970
   5.276     -0.006663
   5.281     -0.006357
   5.287     -0.006055
   5.292     -0.005754
   5.297     -0.005457
   5.303     -0.005162
   5.308     -0.004869
   5.314     -0.004579
   5.319     -0.004292
   5.324     -0.004007
   5.330     -0.003724
   5.335     -0.003444
   5.341     -0.003166
   5.346     -0.002890
   5.351     -0.002617
   5.357     -0.002346
   5.362     -0.002077
   5.368     -0.001811
   5.373     -0.001547
   5.378     -0.001284
   5.384     -0.001024
   5.389     -0.000766
   5.395     -0.000509
   5.400     -0.000254
   5.405      0.000000
