   0.005      0.000495
   0.011      0.005696
   0.016      0.010897
   0.022      0.016276
   0.027      0.021679
   0.032      0.027090
   0.038      0.032503
   0.043      0.037919
   0.049      0.043337
   0.054      0.048756
   0.059      0.054176
   0.065      0.059598
   0.070      0.065021
   0.076      0.070445
   0.081      0.075871
   0.086      0.081299
   0.092      0.086729
   0.097      0.092161
   0.103      0.097594
   0.108      0.103030
   0.113      0.108468
   0.119      0.113908
   0.124      0.119351
   0.130      0.124797
   0.135      0.130244
   0.140      0.135695
   0.146      0.141148
   0.151      0.146605
   0.157      0.152064
   0.162      0.157526
   0.167      0.162991
   0.173      0.168460
   0.178      0.173932
   0.184      0.179407
   0.189      0.184885
   0.194      0.190367
   0.200      0.195852
   0.205      0.201341
   0.211      0.206833
   0.216      0.212329
   0.221      0.217829
   0.227      0.223332
   0.232      0.228839
   0.238      0.234350
   0.243      0.239864
   0.248      0.245382
   0.254      0.250904
   0.259      0.256430
   0.265      0.261959
   0.270      0.267492
   0.275      0.273029
   0.281      0.278570
   0.286      0.284114
   0.292      0.289662
   0.297      0.295213
   0.302      0.300768
   0.308      0.306327
   0.313      0.311889
   0.319      0.317455
   0.324      0.323024
   0.329      0.328596
   0.335      0.334172
   0.340      0.339750
   0.346      0.345332
   0.351      0.350917
   0.356      0.356504
   0.362      0.362095
   0.367      0.367688
   0.373      0.373284
   0.378      0.378882
   0.383      0.384482
   0.389      0.390085
   0.394      0.395690
   0.400      0.401297
   0.405      0.406905
   0.410      0.412515
   0.416      0.418126
   0.421      0.423739
   0.427      0.429353
   0.432      0.434968
   0.437      0.440583
   0.443      0.446199
   0.448      0.451816
   0.454      0.457432
   0.459      0.463049
   0.464      0.468665
   0.470      0.474280
   0.475      0.479895
   0.481      0.485509
   0.486      0.491121
   0.491      0.496732
   0.497      0.502342
   0.502      0.507949
   0.508      0.513554
   0.513      0.519156
   0.518      0.524756
   0.524      0.530352
   0.529      0.535945
   0.535      0.541534
   0.540      0.547119
   0.545      0.552699
   0.551      0.558275
   0.556      0.563846
   0.562      0.569411
   0.567      0.574970
   0.572      0.580524
   0.578      0.586071
   0.583      0.591611
   0.589      0.597144
   0.594      0.602669
   0.599      0.608187
   0.605      0.613696
   0.610      0.619196
   0.616      0.624688
   0.621      0.630169
   0.626      0.635641
   0.632      0.641103
   0.637      0.646553
   0.643      0.651993
   0.648      0.657420
   0.653      0.662836
   0.659      0.668239
   0.664      0.673629
   0.670      0.679006
   0.675      0.684369
   0.680      0.689718
   0.686      0.695052
   0.691      0.700370
   0.697      0.705673
   0.702      0.710959
   0.707      0.716229
   0.713      0.721482
   0.718      0.726717
   0.724      0.731934
   0.729      0.737132
   0.734      0.742311
   0.740      0.747471
   0.745      0.752610
   0.751      0.757729
   0.756      0.762826
   0.761      0.767902
   0.767      0.772956
   0.772      0.777987
   0.778      0.782995
   0.783      0.787979
   0.788      0.792939
   0.794      0.797874
   0.799      0.802784
   0.805      0.807669
   0.810      0.812527
   0.815      0.817358
   0.821      0.822162
   0.826      0.826939
   0.832      0.831687
   0.837      0.836406
   0.842      0.841096
   0.848      0.845756
   0.853      0.850386
   0.859      0.854985
   0.864      0.859553
   0.869      0.864089
   0.875      0.868593
   0.880      0.873065
   0.886      0.877502
   0.891      0.881907
   0.896      0.886277
   0.902      0.890612
   0.907      0.894913
   0.913      0.899177
   0.918      0.903406
   0.923      0.907598
   0.929      0.911754
   0.934      0.915872
   0.940      0.919952
   0.945      0.923994
   0.950      0.927998
   0.956      0.931962
   0.961      0.935887
   0.967      0.939772
   0.972      0.943617
   0.977      0.947422
   0.983      0.951185
   0.988      0.954907
   0.994      0.958587
   0.999      0.962226
   1.004      0.965821
   1.010      0.969375
   1.015      0.972885
   1.021      0.976351
   1.026      0.979774
   1.031      0.983153
   1.037      0.986488
   1.042      0.989778
   1.048      0.993023
   1.053      0.996223
   1.058      0.999378
   1.064      1.002487
   1.069      1.005550
   1.075      1.008567
   1.080      1.011538
   1.085      1.014463
   1.091      1.017340
   1.096      1.020171
   1.102      1.022955
   1.107      1.025692
   1.112      1.028381
   1.118      1.031022
   1.123      1.033616
   1.129      1.036163
   1.134      1.038661
   1.139      1.041111
   1.145      1.043514
   1.150      1.045868
   1.156      1.048174
   1.161      1.050431
   1.166      1.052640
   1.172      1.054801
   1.177      1.056913
   1.183      1.058977
   1.188      1.060993
   1.193      1.062959
   1.199      1.064878
   1.204      1.066748
   1.210      1.068569
   1.215      1.070342
   1.220      1.072067
   1.226      1.073744
   1.231      1.075372
   1.237      1.076952
   1.242      1.078484
   1.247      1.079968
   1.253      1.081404
   1.258      1.082792
   1.264      1.084133
   1.269      1.085426
   1.274      1.086671
   1.280      1.087870
   1.285      1.089021
   1.291      1.090125
   1.296      1.091183
   1.301      1.092193
   1.307      1.093158
   1.312      1.094076
   1.318      1.094948
   1.323      1.095774
   1.328      1.096555
   1.334      1.097290
   1.339      1.097980
   1.345      1.098625
   1.350      1.099225
   1.355      1.099781
   1.361      1.100292
   1.366      1.100759
   1.372      1.101183
   1.377      1.101563
   1.382      1.101900
   1.388      1.102194
   1.393      1.102445
   1.399      1.102654
   1.404      1.102821
   1.409      1.102946
   1.415      1.103029
   1.420      1.103071
   1.426      1.103073
   1.431      1.103033
   1.436      1.102954
   1.442      1.102834
   1.447      1.102675
   1.453      1.102476
   1.458      1.102239
   1.463      1.101963
   1.469      1.101648
   1.474      1.101295
   1.480      1.100905
   1.485      1.100477
   1.490      1.100013
   1.496      1.099511
   1.501      1.098973
   1.507      1.098400
   1.512      1.097790
   1.517      1.097145
   1.523      1.096466
   1.528      1.095751
   1.534      1.095003
   1.539      1.094220
   1.544      1.093404
   1.550      1.092555
   1.555      1.091672
   1.561      1.090758
   1.566      1.089811
   1.571      1.088832
   1.577      1.087822
   1.582      1.086780
   1.588      1.085708
   1.593      1.084605
   1.598      1.083473
   1.604      1.082310
   1.609      1.081118
   1.615      1.079898
   1.620      1.078648
   1.625      1.077370
   1.631      1.076064
   1.636      1.074731
   1.642      1.073370
   1.647      1.071982
   1.652      1.070567
   1.658      1.069126
   1.663      1.067659
   1.669      1.066167
   1.674      1.064649
   1.679      1.063106
   1.685      1.061539
   1.690      1.059947
   1.696      1.058332
   1.701      1.056692
   1.706      1.055030
   1.712      1.053344
   1.717      1.051636
   1.723      1.049905
   1.728      1.048152
   1.733      1.046378
   1.739      1.044582
   1.744      1.042765
   1.750      1.040927
   1.755      1.039068
   1.760      1.037190
   1.766      1.035291
   1.771      1.033373
   1.777      1.031436
   1.782      1.029479
   1.787      1.027504
   1.793      1.025511
   1.798      1.023499
   1.804      1.021470
   1.809      1.019423
   1.814      1.017358
   1.820      1.015277
   1.825      1.013179
   1.831      1.011065
   1.836      1.008934
   1.841      1.006788
   1.847      1.004626
   1.852      1.002448
   1.858      1.000256
   1.863      0.998049
   1.868      0.995827
   1.874      0.993591
   1.879      0.991341
   1.885      0.989077
   1.890      0.986799
   1.895      0.984509
   1.901      0.982205
   1.906      0.979888
   1.912      0.977559
   1.917      0.975218
   1.922      0.972864
   1.928      0.970499
   1.933      0.968122
   1.939      0.965734
   1.944      0.963335
   1.949      0.960925
   1.955      0.958504
   1.960      0.956072
   1.966      0.953631
   1.971      0.951179
   1.976      0.948718
   1.982      0.946247
   1.987      0.943767
   1.993      0.941277
   1.998      0.938779
   2.003      0.936272
   2.009      0.933756
   2.014      0.931232
   2.020      0.928700
   2.025      0.926160
   2.030      0.923613
   2.036      0.921058
   2.041      0.918495
   2.047      0.915925
   2.052      0.913349
   2.057      0.910765
   2.063      0.908175
   2.068      0.905578
   2.074      0.902976
   2.079      0.900367
   2.084      0.897752
   2.090      0.895132
   2.095      0.892506
   2.101      0.889875
   2.106      0.887238
   2.111      0.884597
   2.117      0.881951
   2.122      0.879299
   2.128      0.876644
   2.133      0.873984
   2.138      0.871320
   2.144      0.868651
   2.149      0.865979
   2.155      0.863303
   2.160      0.860624
   2.165      0.857941
   2.171      0.855254
   2.176      0.852565
   2.182      0.849872
   2.187      0.847177
   2.192      0.844478
   2.198      0.841777
   2.203      0.839074
   2.209      0.836368
   2.214      0.833660
   2.219      0.830950
   2.225      0.828238
   2.230      0.825524
   2.236      0.822809
   2.241      0.820092
   2.246      0.817373
   2.252      0.814653
   2.257      0.811932
   2.263      0.809210
   2.268      0.806487
   2.273      0.803762
   2.279      0.801038
   2.284      0.798312
   2.290      0.795586
   2.295      0.792860
   2.300      0.790133
   2.306      0.787406
   2.311      0.784679
   2.317      0.781952
   2.322      0.779225
   2.327      0.776498
   2.333      0.773771
   2.338      0.771045
   2.344      0.768319
   2.349      0.765594
   2.354      0.762870
   2.360      0.760146
   2.365      0.757424
   2.371      0.754702
   2.376      0.751981
   2.381      0.749262
   2.387      0.746543
   2.392      0.743826
   2.398      0.741111
   2.403      0.738397
   2.408      0.735684
   2.414      0.732973
   2.419      0.730264
   2.425      0.727556
   2.430      0.724851
   2.435      0.722147
   2.441      0.719446
   2.446      0.716746
   2.452      0.714049
   2.457      0.711354
   2.462      0.708661
   2.468      0.705971
   2.473      0.703283
   2.479      0.700598
   2.484      0.697915
   2.489      0.695236
   2.495      0.692558
   2.500      0.689884
   2.506      0.687212
   2.511      0.684544
   2.516      0.681878
   2.522      0.679215
   2.527      0.676556
   2.533      0.673900
   2.538      0.671247
   2.543      0.668597
   2.549      0.665950
   2.554      0.663307
   2.560      0.660668
   2.565      0.658032
   2.570      0.655399
   2.576      0.652770
   2.581      0.650145
   2.587      0.647524
   2.592      0.644906
   2.597      0.642292
   2.603      0.639682
   2.608      0.637076
   2.614      0.634474
   2.619      0.631876
   2.624      0.629282
   2.630      0.626692
   2.635      0.624106
   2.641      0.621525
   2.646      0.618948
   2.651      0.616375
   2.657      0.613806
   2.662      0.611242
   2.668      0.608682
   2.673      0.606127
   2.678      0.603576
   2.684      0.601029
   2.689      0.598487
   2.695      0.595950
   2.700      0.593418
   2.705      0.590890
   2.711      0.588367
   2.716      0.585848
   2.722      0.583334
   2.727      0.580826
   2.732      0.578322
   2.738      0.575822
   2.743      0.573328
   2.749      0.570839
   2.754      0.568355
   2.759      0.565876
   2.765      0.563402
   2.770      0.560933
   2.776      0.558469
   2.781      0.556010
   2.786      0.553556
   2.792      0.551108
   2.797      0.548665
   2.803      0.546227
   2.808      0.543794
   2.813      0.541367
   2.819      0.538945
   2.824      0.536528
   2.830      0.534117
   2.835      0.531711
   2.840      0.529311
   2.846      0.526916
   2.851      0.524526
   2.857      0.522142
   2.862      0.519764
   2.867      0.517391
   2.873      0.515023
   2.878      0.512662
   2.884      0.510306
   2.889      0.507955
   2.894      0.505610
   2.900      0.503271
   2.905      0.500938
   2.911      0.498610
   2.916      0.496288
   2.921      0.493972
   2.927      0.491661
   2.932      0.489356
   2.938      0.487057
   2.943      0.484764
   2.948      0.482477
   2.954      0.480196
   2.959      0.477920
   2.965      0.475650
   2.970      0.473386
   2.975      0.471128
   2.981      0.468876
   2.986      0.466630
   2.992      0.464390
   2.997      0.462156
   3.002      0.459928
   3.008      0.457706
   3.013      0.455490
   3.019      0.453279
   3.024      0.451075
   3.029      0.448877
   3.035      0.446685
   3.040      0.444499
   3.046      0.442319
   3.051      0.440145
   3.056      0.437977
   3.062      0.435816
   3.067      0.433660
   3.073      0.431510
   3.078      0.429367
   3.083      0.427230
   3.089      0.425099
   3.094      0.422974
   3.100      0.420855
   3.105      0.418742
   3.110      0.416636
   3.116      0.414536
   3.121      0.412441
   3.127      0.410354
   3.132      0.408272
   3.137      0.406196
   3.143      0.404127
   3.148      0.402064
   3.154      0.400007
   3.159      0.397956
   3.164      0.395912
   3.170      0.393874
   3.175      0.391842
   3.181      0.389816
   3.186      0.387796
   3.191      0.385783
   3.197      0.383776
   3.202      0.381775
   3.208      0.379781
   3.213      0.377793
   3.218      0.375811
   3.224      0.373835
   3.229      0.371865
   3.235      0.369902
   3.240      0.367945
   3.245      0.365995
   3.251      0.364050
   3.256      0.362112
   3.262      0.360180
   3.267      0.358255
   3.272      0.356336
   3.278      0.354423
   3.283      0.352516
   3.289      0.350615
   3.294      0.348721
   3.299      0.346833
   3.305      0.344952
   3.310      0.343076
   3.316      0.341207
   3.321      0.339345
   3.326      0.337488
   3.332      0.335638
   3.337      0.333794
   3.343      0.331956
   3.348      0.330125
   3.353      0.328300
   3.359      0.326481
   3.364      0.324668
   3.370      0.322862
   3.375      0.321061
   3.380      0.319267
   3.386      0.317480
   3.391      0.315698
   3.397      0.313923
   3.402      0.312154
   3.407      0.310392
   3.413      0.308635
   3.418      0.306885
   3.424      0.305141
   3.429      0.303403
   3.434      0.301672
   3.440      0.299946
   3.445      0.298227
   3.451      0.296514
   3.456      0.294807
   3.461      0.293107
   3.467      0.291412
   3.472      0.289724
   3.478      0.288042
   3.483      0.286366
   3.488      0.284697
   3.494      0.283033
   3.499      0.281376
   3.505      0.279725
   3.510      0.278079
   3.515      0.276441
   3.521      0.274808
   3.526      0.273181
   3.532      0.271560
   3.537      0.269946
   3.542      0.268338
   3.548      0.266735
   3.553      0.265139
   3.559      0.263549
   3.564      0.261965
   3.569      0.260387
   3.575      0.258815
   3.580      0.257250
   3.586      0.255690
   3.591      0.254136
   3.596      0.252589
   3.602      0.251047
   3.607      0.249511
   3.613      0.247982
   3.618      0.246458
   3.623      0.244940
   3.629      0.243429
   3.634      0.241923
   3.640      0.240423
   3.645      0.238930
   3.650      0.237442
   3.656      0.235960
   3.661      0.234484
   3.667      0.233014
   3.672      0.231550
   3.677      0.230092
   3.683      0.228640
   3.688      0.227193
   3.694      0.225753
   3.699      0.224318
   3.704      0.222889
   3.710      0.221467
   3.715      0.220049
   3.721      0.218638
   3.726      0.217233
   3.731      0.215833
   3.737      0.214439
   3.742      0.213051
   3.748      0.211669
   3.753      0.210293
   3.758      0.208922
   3.764      0.207557
   3.769      0.206198
   3.775      0.204845
   3.780      0.203497
   3.785      0.202155
   3.791      0.200819
   3.796      0.199488
   3.802      0.198163
   3.807      0.196844
   3.812      0.195530
   3.818      0.194222
   3.823      0.192920
   3.829      0.191623
   3.834      0.190332
   3.839      0.189047
   3.845      0.187767
   3.850      0.186492
   3.856      0.185224
   3.861      0.183961
   3.866      0.182703
   3.872      0.181451
   3.877      0.180204
   3.883      0.178963
   3.888      0.177728
   3.893      0.176498
   3.899      0.175273
   3.904      0.174054
   3.910      0.172840
   3.915      0.171632
   3.920      0.170429
   3.926      0.169232
   3.931      0.168040
   3.937      0.166853
   3.942      0.165672
   3.947      0.164496
   3.953      0.163326
   3.958      0.162161
   3.964      0.161001
   3.969      0.159847
   3.974      0.158698
   3.980      0.157554
   3.985      0.156415
   3.991      0.155282
   3.996      0.154154
   4.001      0.153031
   4.007      0.151914
   4.012      0.150802
   4.018      0.149694
   4.023      0.148593
   4.028      0.147496
   4.034      0.146404
   4.039      0.145318
   4.045      0.144237
   4.050      0.143161
   4.055      0.142090
   4.061      0.141024
   4.066      0.139963
   4.072      0.138908
   4.077      0.137857
   4.082      0.136812
   4.088      0.135771
   4.093      0.134736
   4.099      0.133705
   4.104      0.132680
   4.109      0.131660
   4.115      0.130644
   4.120      0.129634
   4.126      0.128628
   4.131      0.127628
   4.136      0.126632
   4.142      0.125641
   4.147      0.124656
   4.153      0.123675
   4.158      0.122699
   4.163      0.121727
   4.169      0.120761
   4.174      0.119800
   4.180      0.118843
   4.185      0.117891
   4.190      0.116944
   4.196      0.116002
   4.201      0.115064
   4.207      0.114132
   4.212      0.113204
   4.217      0.112280
   4.223      0.111362
   4.228      0.110448
   4.234      0.109539
   4.239      0.108634
   4.244      0.107735
   4.250      0.106839
   4.255      0.105949
   4.261      0.105063
   4.266      0.104182
   4.271      0.103305
   4.277      0.102433
   4.282      0.101565
   4.288      0.100702
   4.293      0.099844
   4.298      0.098990
   4.304      0.098140
   4.309      0.097296
   4.315      0.096455
   4.320      0.095619
   4.325      0.094788
   4.331      0.093961
   4.336      0.093138
   4.342      0.092320
   4.347      0.091506
   4.352      0.090697
   4.358      0.089892
   4.363      0.089091
   4.369      0.088295
   4.374      0.087503
   4.379      0.086715
   4.385      0.085932
   4.390      0.085153
   4.396      0.084378
   4.401      0.083607
   4.406      0.082841
   4.412      0.082079
   4.417      0.081322
   4.423      0.080568
   4.428      0.079819
   4.433      0.079073
   4.439      0.078332
   4.444      0.077596
   4.450      0.076863
   4.455      0.076134
   4.460      0.075410
   4.466      0.074690
   4.471      0.073973
   4.477      0.073261
   4.482      0.072553
   4.487      0.071849
   4.493      0.071149
   4.498      0.070453
   4.504      0.069761
   4.509      0.069073
   4.514      0.068389
   4.520      0.067709
   4.525      0.067033
   4.531      0.066361
   4.536      0.065693
   4.541      0.065028
   4.547      0.064368
   4.552      0.063711
   4.558      0.063059
   4.563      0.062410
   4.568      0.061765
   4.574      0.061124
   4.579      0.060487
   4.585      0.059853
   4.590      0.059224
   4.595      0.058598
   4.601      0.057976
   4.606      0.057357
   4.612      0.056742
   4.617      0.056132
   4.622      0.055524
   4.628      0.054921
   4.633      0.054321
   4.639      0.053725
   4.644      0.053132
   4.649      0.052543
   4.655      0.051958
   4.660      0.051377
   4.666      0.050799
   4.671      0.050224
   4.676      0.049653
   4.682      0.049086
   4.687      0.048522
   4.693      0.047962
   4.698      0.047405
   4.703      0.046852
   4.709      0.046302
   4.714      0.045756
   4.720      0.045214
   4.725      0.044674
   4.730      0.044138
   4.736      0.043606
   4.741      0.043077
   4.747      0.042552
   4.752      0.042029
   4.757      0.041511
   4.763      0.040995
   4.768      0.040483
   4.774      0.039974
   4.779      0.039469
   4.784      0.038967
   4.790      0.038468
   4.795      0.037972
   4.801      0.037480
   4.806      0.036991
   4.811      0.036505
   4.817      0.036023
   4.822      0.035544
   4.828      0.035067
   4.833      0.034595
   4.838      0.034125
   4.844      0.033658
   4.849      0.033195
   4.855      0.032735
   4.860      0.032278
   4.865      0.031824
   4.871      0.031373
   4.876      0.030925
   4.882      0.030480
   4.887      0.030038
   4.892      0.029600
   4.898      0.029164
   4.903      0.028732
   4.909      0.028302
   4.914      0.027876
   4.919      0.027452
   4.925      0.027032
   4.930      0.026614
   4.936      0.026199
   4.941      0.025788
   4.946      0.025379
   4.952      0.024973
   4.957      0.024570
   4.963      0.024170
   4.968      0.023773
   4.973      0.023379
   4.979      0.022987
   4.984      0.022599
   4.990      0.022213
   4.995      0.021830
   5.000      0.021450
   5.006      0.021072
   5.011      0.020698
   5.017      0.020326
   5.022      0.019957
   5.027      0.019590
   5.033      0.019227
   5.038      0.018866
   5.044      0.018508
   5.049      0.018152
   5.054      0.017799
   5.060      0.017449
   5.065      0.017102
   5.071      0.016757
   5.076      0.016415
   5.081      0.016075
   5.087      0.015738
   5.092      0.015403
   5.098      0.015072
   5.103      0.014742
   5.108      0.014416
   5.114      0.014091
   5.119      0.013770
   5.125      0.013451
   5.130      0.013134
   5.135      0.012820
   5.141      0.012508
   5.146      0.012199
   5.152      0.011892
   5.157      0.011588
   5.162      0.011286
   5.168      0.010987
   5.173      0.010690
   5.179      0.010395
   5.184      0.010103
   5.189      0.009813
   5.195      0.009526
   5.200      0.009241
   5.206      0.008958
   5.211      0.008677
   5.216      0.008399
   5.222      0.008123
   5.227      0.007850
   5.233      0.007579
   5.238      0.007309
   5.243      0.007043
   5.249      0.006778
   5.254      0.006516
   5.260      0.006256
   5.265      0.005998
   5.270      0.005742
   5.276      0.005488
   5.281      0.005237
   5.287      0.004987
   5.292      0.004740
   5.297      0.004495
   5.303      0.004252
   5.308      0.004011
   5.314      0.003772
   5.319      0.003535
   5.324      0.003300
   5.330      0.003068
   5.335      0.002837
   5.341      0.002608
   5.346      0.002381
   5.351      0.002156
   5.357      0.001933
   5.362      0.001711
   5.368      0.001492
   5.373      0.001274
   5.378      0.001058
   5.384      0.000843
   5.389      0.000631
   5.395      0.000419
   5.400      0.000209
   5.405      0.000000
