   0.005      0.543618
   0.011      0.543687
   0.016      0.543755
   0.022      0.543870
   0.027      0.544031
   0.032      0.544238
   0.038      0.544491
   0.043      0.544790
   0.049      0.545135
   0.054      0.545526
   0.059      0.545964
   0.065      0.546447
   0.070      0.546977
   0.076      0.547554
   0.081      0.548176
   0.086      0.548845
   0.092      0.549561
   0.097      0.550323
   0.103      0.551131
   0.108      0.551986
   0.113      0.552888
   0.119      0.553837
   0.124      0.554832
   0.130      0.555874
   0.135      0.556963
   0.140      0.558099
   0.146      0.559283
   0.151      0.560513
   0.157      0.561790
   0.162      0.563114
   0.167      0.564486
   0.173      0.565905
   0.178      0.567371
   0.184      0.568885
   0.189      0.570446
   0.194      0.572055
   0.200      0.573711
   0.205      0.575415
   0.211      0.577166
   0.216      0.578965
   0.221      0.580812
   0.227      0.582707
   0.232      0.584649
   0.238      0.586640
   0.243      0.588678
   0.248      0.590764
   0.254      0.592899
   0.259      0.595081
   0.265      0.597312
   0.270      0.599590
   0.275      0.601917
   0.281      0.604291
   0.286      0.606714
   0.292      0.609186
   0.297      0.611705
   0.302      0.614272
   0.308      0.616888
   0.313      0.619552
   0.319      0.622264
   0.324      0.625024
   0.329      0.627833
   0.335      0.630690
   0.340      0.633594
   0.346      0.636547
   0.351      0.639548
   0.356      0.642597
   0.362      0.645694
   0.367      0.648839
   0.373      0.652032
   0.378      0.655273
   0.383      0.658561
   0.389      0.661897
   0.394      0.665280
   0.400      0.668711
   0.405      0.672190
   0.410      0.675715
   0.416      0.679288
   0.421      0.682907
   0.427      0.686574
   0.432      0.690287
   0.437      0.694046
   0.443      0.697852
   0.448      0.701704
   0.454      0.705602
   0.459      0.709546
   0.464      0.713535
   0.470      0.717569
   0.475      0.721649
   0.481      0.725773
   0.486      0.729941
   0.491      0.734154
   0.497      0.738411
   0.502      0.742711
   0.508      0.747054
   0.513      0.751441
   0.518      0.755869
   0.524      0.760340
   0.529      0.764853
   0.535      0.769407
   0.540      0.774001
   0.545      0.778637
   0.551      0.783312
   0.556      0.788026
   0.562      0.792780
   0.567      0.797572
   0.572      0.802402
   0.578      0.807269
   0.583      0.812173
   0.589      0.817114
   0.594      0.822089
   0.599      0.827100
   0.605      0.832145
   0.610      0.837224
   0.616      0.842336
   0.621      0.847480
   0.626      0.852655
   0.632      0.857861
   0.637      0.863098
   0.643      0.868363
   0.648      0.873657
   0.653      0.878978
   0.659      0.884326
   0.664      0.889700
   0.670      0.895098
   0.675      0.900521
   0.680      0.905967
   0.686      0.911435
   0.691      0.916924
   0.697      0.922433
   0.702      0.927961
   0.707      0.933508
   0.713      0.939071
   0.718      0.944650
   0.724      0.950245
   0.729      0.955853
   0.734      0.961473
   0.740      0.967106
   0.745      0.972748
   0.751      0.978400
   0.756      0.984059
   0.761      0.989725
   0.767      0.995397
   0.772      1.001073
   0.778      1.006752
   0.783      1.012433
   0.788      1.018114
   0.794      1.023794
   0.799      1.029472
   0.805      1.035146
   0.810      1.040815
   0.815      1.046478
   0.821      1.052133
   0.826      1.057780
   0.832      1.063416
   0.837      1.069040
   0.842      1.074650
   0.848      1.080247
   0.853      1.085827
   0.859      1.091389
   0.864      1.096933
   0.869      1.102456
   0.875      1.107957
   0.880      1.113435
   0.886      1.118889
   0.891      1.124316
   0.896      1.129716
   0.902      1.135086
   0.907      1.140426
   0.913      1.145734
   0.918      1.151009
   0.923      1.156249
   0.929      1.161453
   0.934      1.166619
   0.940      1.171746
   0.945      1.176832
   0.950      1.181877
   0.956      1.186878
   0.961      1.191834
   0.967      1.196745
   0.972      1.201608
   0.977      1.206423
   0.983      1.211187
   0.988      1.215900
   0.994      1.220560
   0.999      1.225167
   1.004      1.229718
   1.010      1.234213
   1.015      1.238650
   1.021      1.243028
   1.026      1.247346
   1.031      1.251603
   1.037      1.255798
   1.042      1.259929
   1.048      1.263996
   1.053      1.267997
   1.058      1.271931
   1.064      1.275798
   1.069      1.279596
   1.075      1.283325
   1.080      1.286983
   1.085      1.290569
   1.091      1.294084
   1.096      1.297525
   1.102      1.300892
   1.107      1.304185
   1.112      1.307402
   1.118      1.310543
   1.123      1.313607
   1.129      1.316593
   1.134      1.319502
   1.139      1.322331
   1.145      1.325082
   1.150      1.327752
   1.156      1.330343
   1.161      1.332852
   1.166      1.335281
   1.172      1.337628
   1.177      1.339893
   1.183      1.342076
   1.188      1.344176
   1.193      1.346194
   1.199      1.348128
   1.204      1.349980
   1.210      1.351748
   1.215      1.353433
   1.220      1.355034
   1.226      1.356552
   1.231      1.357986
   1.237      1.359337
   1.242      1.360604
   1.247      1.361788
   1.253      1.362889
   1.258      1.363906
   1.264      1.364840
   1.269      1.365691
   1.274      1.366460
   1.280      1.367147
   1.285      1.367751
   1.291      1.368274
   1.296      1.368715
   1.301      1.369075
   1.307      1.369355
   1.312      1.369554
   1.318      1.369674
   1.323      1.369714
   1.328      1.369675
   1.334      1.369558
   1.339      1.369363
   1.345      1.369091
   1.350      1.368743
   1.355      1.368318
   1.361      1.367817
   1.366      1.367242
   1.372      1.366593
   1.377      1.365870
   1.382      1.365074
   1.388      1.364206
   1.393      1.363267
   1.399      1.362257
   1.404      1.361177
   1.409      1.360027
   1.415      1.358809
   1.420      1.357524
   1.426      1.356172
   1.431      1.354753
   1.436      1.353269
   1.442      1.351721
   1.447      1.350109
   1.453      1.348434
   1.458      1.346697
   1.463      1.344899
   1.469      1.343041
   1.474      1.341123
   1.480      1.339147
   1.485      1.337113
   1.490      1.335022
   1.496      1.332875
   1.501      1.330672
   1.507      1.328416
   1.512      1.326106
   1.517      1.323743
   1.523      1.321329
   1.528      1.318863
   1.534      1.316348
   1.539      1.313784
   1.544      1.311171
   1.550      1.308511
   1.555      1.305805
   1.561      1.303052
   1.566      1.300255
   1.571      1.297414
   1.577      1.294530
   1.582      1.291603
   1.588      1.288635
   1.593      1.285626
   1.598      1.282577
   1.604      1.279489
   1.609      1.276363
   1.615      1.273199
   1.620      1.269999
   1.625      1.266763
   1.631      1.263492
   1.636      1.260186
   1.642      1.256847
   1.647      1.253475
   1.652      1.250071
   1.658      1.246636
   1.663      1.243170
   1.669      1.239674
   1.674      1.236149
   1.679      1.232596
   1.685      1.229015
   1.690      1.225407
   1.696      1.221772
   1.701      1.218112
   1.706      1.214427
   1.712      1.210718
   1.717      1.206985
   1.723      1.203228
   1.728      1.199450
   1.733      1.195650
   1.739      1.191828
   1.744      1.187986
   1.750      1.184124
   1.755      1.180243
   1.760      1.176343
   1.766      1.172425
   1.771      1.168489
   1.777      1.164536
   1.782      1.160567
   1.787      1.156582
   1.793      1.152581
   1.798      1.148565
   1.804      1.144535
   1.809      1.140492
   1.814      1.136435
   1.820      1.132365
   1.825      1.128283
   1.831      1.124188
   1.836      1.120083
   1.841      1.115967
   1.847      1.111840
   1.852      1.107703
   1.858      1.103557
   1.863      1.099401
   1.868      1.095237
   1.874      1.091065
   1.879      1.086884
   1.885      1.082697
   1.890      1.078502
   1.895      1.074301
   1.901      1.070094
   1.906      1.065880
   1.912      1.061662
   1.917      1.057438
   1.922      1.053210
   1.928      1.048977
   1.933      1.044740
   1.939      1.040500
   1.944      1.036256
   1.949      1.032009
   1.955      1.027760
   1.960      1.023508
   1.966      1.019255
   1.971      1.015000
   1.976      1.010743
   1.982      1.006486
   1.987      1.002228
   1.993      0.997969
   1.998      0.993710
   2.003      0.989451
   2.009      0.985193
   2.014      0.980936
   2.020      0.976679
   2.025      0.972424
   2.030      0.968170
   2.036      0.963917
   2.041      0.959667
   2.047      0.955419
   2.052      0.951174
   2.057      0.946931
   2.063      0.942692
   2.068      0.938455
   2.074      0.934222
   2.079      0.929992
   2.084      0.925767
   2.090      0.921545
   2.095      0.917328
   2.101      0.913115
   2.106      0.908907
   2.111      0.904704
   2.117      0.900506
   2.122      0.896313
   2.128      0.892126
   2.133      0.887944
   2.138      0.883768
   2.144      0.879598
   2.149      0.875434
   2.155      0.871277
   2.160      0.867126
   2.165      0.862982
   2.171      0.858844
   2.176      0.854714
   2.182      0.850590
   2.187      0.846474
   2.192      0.842366
   2.198      0.838265
   2.203      0.834172
   2.209      0.830086
   2.214      0.826009
   2.219      0.821940
   2.225      0.817879
   2.230      0.813826
   2.236      0.809782
   2.241      0.805746
   2.246      0.801720
   2.252      0.797702
   2.257      0.793693
   2.263      0.789693
   2.268      0.785703
   2.273      0.781722
   2.279      0.777750
   2.284      0.773787
   2.290      0.769835
   2.295      0.765892
   2.300      0.761959
   2.306      0.758036
   2.311      0.754122
   2.317      0.750219
   2.322      0.746326
   2.327      0.742444
   2.333      0.738571
   2.338      0.734709
   2.344      0.730858
   2.349      0.727017
   2.354      0.723187
   2.360      0.719367
   2.365      0.715559
   2.371      0.711761
   2.376      0.707974
   2.381      0.704198
   2.387      0.700433
   2.392      0.696680
   2.398      0.692937
   2.403      0.689206
   2.408      0.685485
   2.414      0.681777
   2.419      0.678079
   2.425      0.674393
   2.430      0.670719
   2.435      0.667056
   2.441      0.663404
   2.446      0.659765
   2.452      0.656137
   2.457      0.652521
   2.462      0.648916
   2.468      0.645323
   2.473      0.641743
   2.479      0.638174
   2.484      0.634617
   2.489      0.631072
   2.495      0.627539
   2.500      0.624018
   2.506      0.620509
   2.511      0.617012
   2.516      0.613527
   2.522      0.610055
   2.527      0.606594
   2.533      0.603146
   2.538      0.599710
   2.543      0.596287
   2.549      0.592875
   2.554      0.589476
   2.560      0.586089
   2.565      0.582714
   2.570      0.579352
   2.576      0.576002
   2.581      0.572665
   2.587      0.569340
   2.592      0.566027
   2.597      0.562726
   2.603      0.559439
   2.608      0.556163
   2.614      0.552900
   2.619      0.549649
   2.624      0.546411
   2.630      0.543186
   2.635      0.539972
   2.641      0.536772
   2.646      0.533583
   2.651      0.530407
   2.657      0.527244
   2.662      0.524093
   2.668      0.520955
   2.673      0.517829
   2.678      0.514716
   2.684      0.511615
   2.689      0.508526
   2.695      0.505451
   2.700      0.502387
   2.705      0.499336
   2.711      0.496298
   2.716      0.493271
   2.722      0.490258
   2.727      0.487257
   2.732      0.484268
   2.738      0.481292
   2.743      0.478328
   2.749      0.475377
   2.754      0.472438
   2.759      0.469511
   2.765      0.466597
   2.770      0.463695
   2.776      0.460805
   2.781      0.457928
   2.786      0.455063
   2.792      0.452211
   2.797      0.449371
   2.803      0.446543
   2.808      0.443727
   2.813      0.440924
   2.819      0.438133
   2.824      0.435354
   2.830      0.432588
   2.835      0.429833
   2.840      0.427091
   2.846      0.424361
   2.851      0.421643
   2.857      0.418937
   2.862      0.416244
   2.867      0.413562
   2.873      0.410893
   2.878      0.408235
   2.884      0.405590
   2.889      0.402957
   2.894      0.400335
   2.900      0.397726
   2.905      0.395128
   2.911      0.392543
   2.916      0.389969
   2.921      0.387407
   2.927      0.384857
   2.932      0.382319
   2.938      0.379793
   2.943      0.377279
   2.948      0.374776
   2.954      0.372285
   2.959      0.369805
   2.965      0.367338
   2.970      0.364882
   2.975      0.362437
   2.981      0.360005
   2.986      0.357584
   2.992      0.355174
   2.997      0.352776
   3.002      0.350389
   3.008      0.348014
   3.013      0.345650
   3.019      0.343298
   3.024      0.340957
   3.029      0.338628
   3.035      0.336310
   3.040      0.334003
   3.046      0.331707
   3.051      0.329423
   3.056      0.327150
   3.062      0.324888
   3.067      0.322637
   3.073      0.320397
   3.078      0.318168
   3.083      0.315951
   3.089      0.313744
   3.094      0.311549
   3.100      0.309364
   3.105      0.307191
   3.110      0.305028
   3.116      0.302876
   3.121      0.300735
   3.127      0.298605
   3.132      0.296486
   3.137      0.294377
   3.143      0.292279
   3.148      0.290192
   3.154      0.288115
   3.159      0.286049
   3.164      0.283994
   3.170      0.281949
   3.175      0.279915
   3.181      0.277891
   3.186      0.275878
   3.191      0.273875
   3.197      0.271883
   3.202      0.269901
   3.208      0.267929
   3.213      0.265968
   3.218      0.264016
   3.224      0.262075
   3.229      0.260145
   3.235      0.258224
   3.240      0.256314
   3.245      0.254413
   3.251      0.252523
   3.256      0.250643
   3.262      0.248773
   3.267      0.246913
   3.272      0.245062
   3.278      0.243222
   3.283      0.241391
   3.289      0.239571
   3.294      0.237760
   3.299      0.235959
   3.305      0.234167
   3.310      0.232385
   3.316      0.230613
   3.321      0.228851
   3.326      0.227098
   3.332      0.225355
   3.337      0.223621
   3.343      0.221897
   3.348      0.220182
   3.353      0.218477
   3.359      0.216781
   3.364      0.215094
   3.370      0.213417
   3.375      0.211749
   3.380      0.210090
   3.386      0.208441
   3.391      0.206800
   3.397      0.205169
   3.402      0.203547
   3.407      0.201934
   3.413      0.200330
   3.418      0.198735
   3.424      0.197150
   3.429      0.195573
   3.434      0.194005
   3.440      0.192445
   3.445      0.190895
   3.451      0.189354
   3.456      0.187821
   3.461      0.186297
   3.467      0.184782
   3.472      0.183275
   3.478      0.181777
   3.483      0.180288
   3.488      0.178807
   3.494      0.177335
   3.499      0.175871
   3.505      0.174416
   3.510      0.172969
   3.515      0.171530
   3.521      0.170100
   3.526      0.168679
   3.532      0.167265
   3.537      0.165860
   3.542      0.164463
   3.548      0.163075
   3.553      0.161694
   3.559      0.160322
   3.564      0.158957
   3.569      0.157601
   3.575      0.156253
   3.580      0.154913
   3.586      0.153581
   3.591      0.152256
   3.596      0.150940
   3.602      0.149631
   3.607      0.148331
   3.613      0.147038
   3.618      0.145753
   3.623      0.144476
   3.629      0.143206
   3.634      0.141944
   3.640      0.140690
   3.645      0.139443
   3.650      0.138204
   3.656      0.136972
   3.661      0.135748
   3.667      0.134531
   3.672      0.133322
   3.677      0.132120
   3.683      0.130926
   3.688      0.129739
   3.694      0.128559
   3.699      0.127387
   3.704      0.126222
   3.710      0.125064
   3.715      0.123913
   3.721      0.122769
   3.726      0.121633
   3.731      0.120503
   3.737      0.119381
   3.742      0.118266
   3.748      0.117157
   3.753      0.116056
   3.758      0.114962
   3.764      0.113874
   3.769      0.112794
   3.775      0.111720
   3.780      0.110653
   3.785      0.109593
   3.791      0.108539
   3.796      0.107492
   3.802      0.106452
   3.807      0.105419
   3.812      0.104392
   3.818      0.103372
   3.823      0.102358
   3.829      0.101351
   3.834      0.100351
   3.839      0.099356
   3.845      0.098369
   3.850      0.097388
   3.856      0.096413
   3.861      0.095444
   3.866      0.094482
   3.872      0.093526
   3.877      0.092576
   3.883      0.091633
   3.888      0.090696
   3.893      0.089765
   3.899      0.088840
   3.904      0.087921
   3.910      0.087008
   3.915      0.086102
   3.920      0.085201
   3.926      0.084306
   3.931      0.083418
   3.937      0.082535
   3.942      0.081658
   3.947      0.080787
   3.953      0.079922
   3.958      0.079063
   3.964      0.078210
   3.969      0.077362
   3.974      0.076520
   3.980      0.075684
   3.985      0.074853
   3.991      0.074028
   3.996      0.073209
   4.001      0.072396
   4.007      0.071588
   4.012      0.070785
   4.018      0.069988
   4.023      0.069196
   4.028      0.068410
   4.034      0.067630
   4.039      0.066855
   4.045      0.066085
   4.050      0.065320
   4.055      0.064561
   4.061      0.063807
   4.066      0.063059
   4.072      0.062315
   4.077      0.061577
   4.082      0.060844
   4.088      0.060117
   4.093      0.059394
   4.099      0.058677
   4.104      0.057964
   4.109      0.057257
   4.115      0.056554
   4.120      0.055857
   4.126      0.055165
   4.131      0.054477
   4.136      0.053795
   4.142      0.053118
   4.147      0.052445
   4.153      0.051777
   4.158      0.051114
   4.163      0.050456
   4.169      0.049803
   4.174      0.049154
   4.180      0.048510
   4.185      0.047871
   4.190      0.047236
   4.196      0.046606
   4.201      0.045981
   4.207      0.045361
   4.212      0.044744
   4.217      0.044133
   4.223      0.043526
   4.228      0.042924
   4.234      0.042326
   4.239      0.041732
   4.244      0.041143
   4.250      0.040558
   4.255      0.039978
   4.261      0.039402
   4.266      0.038830
   4.271      0.038263
   4.277      0.037700
   4.282      0.037141
   4.288      0.036587
   4.293      0.036037
   4.298      0.035490
   4.304      0.034949
   4.309      0.034411
   4.315      0.033877
   4.320      0.033348
   4.325      0.032822
   4.331      0.032301
   4.336      0.031784
   4.342      0.031270
   4.347      0.030761
   4.352      0.030255
   4.358      0.029754
   4.363      0.029257
   4.369      0.028763
   4.374      0.028273
   4.379      0.027787
   4.385      0.027305
   4.390      0.026827
   4.396      0.026353
   4.401      0.025882
   4.406      0.025415
   4.412      0.024952
   4.417      0.024492
   4.423      0.024037
   4.428      0.023584
   4.433      0.023136
   4.439      0.022691
   4.444      0.022250
   4.450      0.021812
   4.455      0.021378
   4.460      0.020947
   4.466      0.020520
   4.471      0.020096
   4.477      0.019676
   4.482      0.019259
   4.487      0.018846
   4.493      0.018436
   4.498      0.018030
   4.504      0.017627
   4.509      0.017227
   4.514      0.016830
   4.520      0.016437
   4.525      0.016047
   4.531      0.015661
   4.536      0.015277
   4.541      0.014897
   4.547      0.014520
   4.552      0.014146
   4.558      0.013776
   4.563      0.013408
   4.568      0.013044
   4.574      0.012682
   4.579      0.012324
   4.585      0.011969
   4.590      0.011617
   4.595      0.011268
   4.601      0.010922
   4.606      0.010578
   4.612      0.010238
   4.617      0.009901
   4.622      0.009567
   4.628      0.009235
   4.633      0.008907
   4.639      0.008581
   4.644      0.008258
   4.649      0.007938
   4.655      0.007620
   4.660      0.007306
   4.666      0.006994
   4.671      0.006685
   4.676      0.006378
   4.682      0.006075
   4.687      0.005773
   4.693      0.005475
   4.698      0.005179
   4.703      0.004886
   4.709      0.004595
   4.714      0.004306
   4.720      0.004021
   4.725      0.003737
   4.730      0.003456
   4.736      0.003178
   4.741      0.002901
   4.747      0.002627
   4.752      0.002356
   4.757      0.002086
   4.763      0.001819
   4.768      0.001554
   4.774      0.001290
   4.779      0.001029
   4.784      0.000770
   4.790      0.000512
   4.795      0.000255
   4.801      0.000000
