   0.005     -0.000189
   0.011      0.000094
   0.016      0.000377
   0.022      0.000848
   0.027      0.001508
   0.032      0.002356
   0.038      0.003392
   0.043      0.004616
   0.049      0.006028
   0.054      0.007627
   0.059      0.009413
   0.065      0.011386
   0.070      0.013546
   0.076      0.015891
   0.081      0.018423
   0.086      0.021139
   0.092      0.024040
   0.097      0.027125
   0.103      0.030394
   0.108      0.033845
   0.113      0.037479
   0.119      0.041294
   0.124      0.045290
   0.130      0.049466
   0.135      0.053821
   0.140      0.058355
   0.146      0.063066
   0.151      0.067954
   0.157      0.073018
   0.162      0.078256
   0.167      0.083668
   0.173      0.089252
   0.178      0.095008
   0.184      0.100935
   0.189      0.107030
   0.194      0.113294
   0.200      0.119724
   0.205      0.126320
   0.211      0.133079
   0.216      0.140002
   0.221      0.147085
   0.227      0.154329
   0.232      0.161731
   0.238      0.169290
   0.243      0.177004
   0.248      0.184871
   0.254      0.192891
   0.259      0.201061
   0.265      0.209379
   0.270      0.217844
   0.275      0.226455
   0.281      0.235208
   0.286      0.244103
   0.292      0.253137
   0.297      0.262308
   0.302      0.271615
   0.308      0.281055
   0.313      0.290626
   0.319      0.300327
   0.324      0.310154
   0.329      0.320106
   0.335      0.330181
   0.340      0.340376
   0.346      0.350689
   0.351      0.361117
   0.356      0.371659
   0.362      0.382311
   0.367      0.393072
   0.373      0.403938
   0.378      0.414908
   0.383      0.425979
   0.389      0.437148
   0.394      0.448412
   0.400      0.459769
   0.405      0.471216
   0.410      0.482750
   0.416      0.494370
   0.421      0.506071
   0.427      0.517851
   0.432      0.529707
   0.437      0.541636
   0.443      0.553636
   0.448      0.565703
   0.454      0.577835
   0.459      0.590028
   0.464      0.602279
   0.470      0.614586
   0.475      0.626945
   0.481      0.639353
   0.486      0.651808
   0.491      0.664305
   0.497      0.676842
   0.502      0.689416
   0.508      0.702023
   0.513      0.714661
   0.518      0.727325
   0.524      0.740013
   0.529      0.752722
   0.535      0.765448
   0.540      0.778188
   0.545      0.790938
   0.551      0.803696
   0.556      0.816458
   0.562      0.829221
   0.567      0.841981
   0.572      0.854735
   0.578      0.867481
   0.583      0.880213
   0.589      0.892930
   0.594      0.905628
   0.599      0.918303
   0.605      0.930952
   0.610      0.943572
   0.616      0.956160
   0.621      0.968712
   0.626      0.981226
   0.632      0.993697
   0.637      1.006122
   0.643      1.018499
   0.648      1.030824
   0.653      1.043094
   0.659      1.055305
   0.664      1.067456
   0.670      1.079541
   0.675      1.091559
   0.680      1.103506
   0.686      1.115379
   0.691      1.127176
   0.697      1.138892
   0.702      1.150526
   0.707      1.162074
   0.713      1.173534
   0.718      1.184902
   0.724      1.196175
   0.729      1.207352
   0.734      1.218429
   0.740      1.229403
   0.745      1.240272
   0.751      1.251033
   0.756      1.261684
   0.761      1.272223
   0.767      1.282646
   0.772      1.292951
   0.778      1.303136
   0.783      1.313200
   0.788      1.323138
   0.794      1.332950
   0.799      1.342633
   0.805      1.352185
   0.810      1.361604
   0.815      1.370888
   0.821      1.380035
   0.826      1.389044
   0.832      1.397912
   0.837      1.406638
   0.842      1.415221
   0.848      1.423658
   0.853      1.431948
   0.859      1.440091
   0.864      1.448083
   0.869      1.455925
   0.875      1.463615
   0.880      1.471151
   0.886      1.478533
   0.891      1.485760
   0.896      1.492830
   0.902      1.499744
   0.907      1.506499
   0.913      1.513095
   0.918      1.519533
   0.923      1.525810
   0.929      1.531927
   0.934      1.537883
   0.940      1.543677
   0.945      1.549311
   0.950      1.554782
   0.956      1.560092
   0.961      1.565240
   0.967      1.570225
   0.972      1.575049
   0.977      1.579712
   0.983      1.584212
   0.988      1.588552
   0.994      1.592731
   0.999      1.596749
   1.004      1.600608
   1.010      1.604307
   1.015      1.607847
   1.021      1.611230
   1.026      1.614455
   1.031      1.617524
   1.037      1.620438
   1.042      1.623197
   1.048      1.625802
   1.053      1.628255
   1.058      1.630557
   1.064      1.632708
   1.069      1.634711
   1.075      1.636566
   1.080      1.638275
   1.085      1.639839
   1.091      1.641259
   1.096      1.642538
   1.102      1.643676
   1.107      1.644675
   1.112      1.645536
   1.118      1.646262
   1.123      1.646853
   1.129      1.647313
   1.134      1.647641
   1.139      1.647840
   1.145      1.647913
   1.150      1.647859
   1.156      1.647682
   1.161      1.647383
   1.166      1.646964
   1.172      1.646427
   1.177      1.645773
   1.183      1.645004
   1.188      1.644123
   1.193      1.643131
   1.199      1.642030
   1.204      1.640822
   1.210      1.639509
   1.215      1.638092
   1.220      1.636574
   1.226      1.634956
   1.231      1.633241
   1.237      1.631429
   1.242      1.629524
   1.247      1.627526
   1.253      1.625438
   1.258      1.623262
   1.264      1.620998
   1.269      1.618650
   1.274      1.616219
   1.280      1.613706
   1.285      1.611114
   1.291      1.608444
   1.296      1.605698
   1.301      1.602878
   1.307      1.599985
   1.312      1.597021
   1.318      1.593987
   1.323      1.590886
   1.328      1.587719
   1.334      1.584488
   1.339      1.581194
   1.345      1.577839
   1.350      1.574424
   1.355      1.570951
   1.361      1.567421
   1.366      1.563836
   1.372      1.560197
   1.377      1.556506
   1.382      1.552764
   1.388      1.548972
   1.393      1.545132
   1.399      1.541245
   1.404      1.537313
   1.409      1.533336
   1.415      1.529316
   1.420      1.525254
   1.426      1.521151
   1.431      1.517008
   1.436      1.512828
   1.442      1.508609
   1.447      1.504355
   1.453      1.500065
   1.458      1.495741
   1.463      1.491383
   1.469      1.486993
   1.474      1.482572
   1.480      1.478121
   1.485      1.473639
   1.490      1.469129
   1.496      1.464591
   1.501      1.460026
   1.507      1.455434
   1.512      1.450817
   1.517      1.446175
   1.523      1.441509
   1.528      1.436819
   1.534      1.432106
   1.539      1.427372
   1.544      1.422615
   1.550      1.417838
   1.555      1.413040
   1.561      1.408222
   1.566      1.403385
   1.571      1.398530
   1.577      1.393656
   1.582      1.388764
   1.588      1.383855
   1.593      1.378929
   1.598      1.373986
   1.604      1.369028
   1.609      1.364053
   1.615      1.359064
   1.620      1.354060
   1.625      1.349041
   1.631      1.344009
   1.636      1.338962
   1.642      1.333902
   1.647      1.328829
   1.652      1.323744
   1.658      1.318646
   1.663      1.313535
   1.669      1.308413
   1.674      1.303280
   1.679      1.298135
   1.685      1.292979
   1.690      1.287812
   1.696      1.282635
   1.701      1.277448
   1.706      1.272251
   1.712      1.267044
   1.717      1.261828
   1.723      1.256603
   1.728      1.251368
   1.733      1.246126
   1.739      1.240874
   1.744      1.235615
   1.750      1.230347
   1.755      1.225072
   1.760      1.219789
   1.766      1.214499
   1.771      1.209202
   1.777      1.203898
   1.782      1.198588
   1.787      1.193271
   1.793      1.187949
   1.798      1.182620
   1.804      1.177286
   1.809      1.171946
   1.814      1.166602
   1.820      1.161252
   1.825      1.155898
   1.831      1.150539
   1.836      1.145176
   1.841      1.139809
   1.847      1.134439
   1.852      1.129065
   1.858      1.123687
   1.863      1.118307
   1.868      1.112924
   1.874      1.107538
   1.879      1.102151
   1.885      1.096761
   1.890      1.091369
   1.895      1.085976
   1.901      1.080582
   1.906      1.075186
   1.912      1.069790
   1.917      1.064394
   1.922      1.058997
   1.928      1.053600
   1.933      1.048203
   1.939      1.042807
   1.944      1.037411
   1.949      1.032017
   1.955      1.026624
   1.960      1.021232
   1.966      1.015842
   1.971      1.010454
   1.976      1.005068
   1.982      0.999685
   1.987      0.994305
   1.993      0.988927
   1.998      0.983553
   2.003      0.978183
   2.009      0.972816
   2.014      0.967453
   2.020      0.962094
   2.025      0.956740
   2.030      0.951391
   2.036      0.946047
   2.041      0.940708
   2.047      0.935374
   2.052      0.930047
   2.057      0.924725
   2.063      0.919409
   2.068      0.914100
   2.074      0.908798
   2.079      0.903502
   2.084      0.898214
   2.090      0.892933
   2.095      0.887659
   2.101      0.882394
   2.106      0.877136
   2.111      0.871887
   2.117      0.866647
   2.122      0.861415
   2.128      0.856192
   2.133      0.850978
   2.138      0.845774
   2.144      0.840579
   2.149      0.835395
   2.155      0.830220
   2.160      0.825055
   2.165      0.819901
   2.171      0.814758
   2.176      0.809625
   2.182      0.804503
   2.187      0.799393
   2.192      0.794294
   2.198      0.789207
   2.203      0.784132
   2.209      0.779068
   2.214      0.774017
   2.219      0.768979
   2.225      0.763952
   2.230      0.758939
   2.236      0.753939
   2.241      0.748951
   2.246      0.743977
   2.252      0.739016
   2.257      0.734069
   2.263      0.729136
   2.268      0.724217
   2.273      0.719312
   2.279      0.714421
   2.284      0.709544
   2.290      0.704682
   2.295      0.699835
   2.300      0.695003
   2.306      0.690186
   2.311      0.685384
   2.317      0.680597
   2.322      0.675826
   2.327      0.671070
   2.333      0.666330
   2.338      0.661606
   2.344      0.656898
   2.349      0.652206
   2.354      0.647530
   2.360      0.642871
   2.365      0.638228
   2.371      0.633602
   2.376      0.628992
   2.381      0.624400
   2.387      0.619824
   2.392      0.615265
   2.398      0.610724
   2.403      0.606200
   2.408      0.601694
   2.414      0.597204
   2.419      0.592733
   2.425      0.588279
   2.430      0.583843
   2.435      0.579425
   2.441      0.575025
   2.446      0.570643
   2.452      0.566279
   2.457      0.561934
   2.462      0.557607
   2.468      0.553298
   2.473      0.549007
   2.479      0.544736
   2.484      0.540483
   2.489      0.536249
   2.495      0.532033
   2.500      0.527836
   2.506      0.523659
   2.511      0.519500
   2.516      0.515360
   2.522      0.511240
   2.527      0.507139
   2.533      0.503057
   2.538      0.498994
   2.543      0.494951
   2.549      0.490927
   2.554      0.486922
   2.560      0.482937
   2.565      0.478972
   2.570      0.475026
   2.576      0.471100
   2.581      0.467194
   2.587      0.463307
   2.592      0.459440
   2.597      0.455593
   2.603      0.451765
   2.608      0.447958
   2.614      0.444170
   2.619      0.440403
   2.624      0.436655
   2.630      0.432927
   2.635      0.429219
   2.641      0.425532
   2.646      0.421864
   2.651      0.418216
   2.657      0.414589
   2.662      0.410981
   2.668      0.407394
   2.673      0.403827
   2.678      0.400279
   2.684      0.396752
   2.689      0.393246
   2.695      0.389759
   2.700      0.386292
   2.705      0.382845
   2.711      0.379419
   2.716      0.376013
   2.722      0.372626
   2.727      0.369260
   2.732      0.365914
   2.738      0.362588
   2.743      0.359283
   2.749      0.355997
   2.754      0.352731
   2.759      0.349486
   2.765      0.346261
   2.770      0.343055
   2.776      0.339870
   2.781      0.336705
   2.786      0.333560
   2.792      0.330434
   2.797      0.327329
   2.803      0.324244
   2.808      0.321179
   2.813      0.318133
   2.819      0.315107
   2.824      0.312102
   2.830      0.309116
   2.835      0.306149
   2.840      0.303203
   2.846      0.300276
   2.851      0.297369
   2.857      0.294482
   2.862      0.291614
   2.867      0.288766
   2.873      0.285937
   2.878      0.283128
   2.884      0.280338
   2.889      0.277568
   2.894      0.274817
   2.900      0.272085
   2.905      0.269373
   2.911      0.266679
   2.916      0.264005
   2.921      0.261351
   2.927      0.258715
   2.932      0.256098
   2.938      0.253501
   2.943      0.250922
   2.948      0.248362
   2.954      0.245821
   2.959      0.243299
   2.965      0.240795
   2.970      0.238310
   2.975      0.235844
   2.981      0.233396
   2.986      0.230967
   2.992      0.228556
   2.997      0.226164
   3.002      0.223790
   3.008      0.221434
   3.013      0.219097
   3.019      0.216777
   3.024      0.214476
   3.029      0.212193
   3.035      0.209927
   3.040      0.207680
   3.046      0.205450
   3.051      0.203238
   3.056      0.201043
   3.062      0.198867
   3.067      0.196707
   3.073      0.194566
   3.078      0.192441
   3.083      0.190334
   3.089      0.188245
   3.094      0.186172
   3.100      0.184117
   3.105      0.182078
   3.110      0.180057
   3.116      0.178052
   3.121      0.176065
   3.127      0.174094
   3.132      0.172139
   3.137      0.170202
   3.143      0.168280
   3.148      0.166376
   3.154      0.164487
   3.159      0.162615
   3.164      0.160759
   3.170      0.158920
   3.175      0.157096
   3.181      0.155288
   3.186      0.153496
   3.191      0.151720
   3.197      0.149960
   3.202      0.148215
   3.208      0.146486
   3.213      0.144773
   3.218      0.143075
   3.224      0.141392
   3.229      0.139724
   3.235      0.138072
   3.240      0.136435
   3.245      0.134812
   3.251      0.133205
   3.256      0.131613
   3.262      0.130035
   3.267      0.128472
   3.272      0.126923
   3.278      0.125389
   3.283      0.123870
   3.289      0.122364
   3.294      0.120874
   3.299      0.119397
   3.305      0.117934
   3.310      0.116485
   3.316      0.115051
   3.321      0.113630
   3.326      0.112223
   3.332      0.110829
   3.337      0.109449
   3.343      0.108083
   3.348      0.106730
   3.353      0.105390
   3.359      0.104064
   3.364      0.102750
   3.370      0.101450
   3.375      0.100163
   3.380      0.098889
   3.386      0.097627
   3.391      0.096378
   3.397      0.095142
   3.402      0.093919
   3.407      0.092708
   3.413      0.091509
   3.418      0.090323
   3.424      0.089148
   3.429      0.087986
   3.434      0.086836
   3.440      0.085699
   3.445      0.084572
   3.451      0.083458
   3.456      0.082356
   3.461      0.081265
   3.467      0.080185
   3.472      0.079117
   3.478      0.078061
   3.483      0.077016
   3.488      0.075982
   3.494      0.074959
   3.499      0.073947
   3.505      0.072946
   3.510      0.071956
   3.515      0.070977
   3.521      0.070009
   3.526      0.069051
   3.532      0.068104
   3.537      0.067167
   3.542      0.066241
   3.548      0.065325
   3.553      0.064419
   3.559      0.063523
   3.564      0.062637
   3.569      0.061762
   3.575      0.060896
   3.580      0.060040
   3.586      0.059194
   3.591      0.058358
   3.596      0.057531
   3.602      0.056713
   3.607      0.055906
   3.613      0.055107
   3.618      0.054318
   3.623      0.053538
   3.629      0.052767
   3.634      0.052005
   3.640      0.051252
   3.645      0.050508
   3.650      0.049772
   3.656      0.049046
   3.661      0.048328
   3.667      0.047618
   3.672      0.046918
   3.677      0.046225
   3.683      0.045541
   3.688      0.044866
   3.694      0.044198
   3.699      0.043539
   3.704      0.042887
   3.710      0.042244
   3.715      0.041609
   3.721      0.040981
   3.726      0.040361
   3.731      0.039749
   3.737      0.039145
   3.742      0.038548
   3.748      0.037958
   3.753      0.037376
   3.758      0.036801
   3.764      0.036234
   3.769      0.035674
   3.775      0.035121
   3.780      0.034575
   3.785      0.034036
   3.791      0.033504
   3.796      0.032979
   3.802      0.032460
   3.807      0.031948
   3.812      0.031443
   3.818      0.030945
   3.823      0.030453
   3.829      0.029968
   3.834      0.029489
   3.839      0.029016
   3.845      0.028550
   3.850      0.028089
   3.856      0.027635
   3.861      0.027188
   3.866      0.026746
   3.872      0.026310
   3.877      0.025880
   3.883      0.025455
   3.888      0.025037
   3.893      0.024624
   3.899      0.024217
   3.904      0.023815
   3.910      0.023419
   3.915      0.023029
   3.920      0.022644
   3.926      0.022264
   3.931      0.021890
   3.937      0.021521
   3.942      0.021157
   3.947      0.020798
   3.953      0.020444
   3.958      0.020095
   3.964      0.019751
   3.969      0.019412
   3.974      0.019078
   3.980      0.018749
   3.985      0.018424
   3.991      0.018105
   3.996      0.017789
   4.001      0.017479
   4.007      0.017173
   4.012      0.016871
   4.018      0.016574
   4.023      0.016281
   4.028      0.015993
   4.034      0.015708
   4.039      0.015429
   4.045      0.015153
   4.050      0.014881
   4.055      0.014613
   4.061      0.014350
   4.066      0.014090
   4.072      0.013835
   4.077      0.013583
   4.082      0.013335
   4.088      0.013091
   4.093      0.012850
   4.099      0.012614
   4.104      0.012381
   4.109      0.012151
   4.115      0.011925
   4.120      0.011703
   4.126      0.011484
   4.131      0.011269
   4.136      0.011057
   4.142      0.010848
   4.147      0.010643
   4.153      0.010441
   4.158      0.010242
   4.163      0.010046
   4.169      0.009854
   4.174      0.009664
   4.180      0.009478
   4.185      0.009294
   4.190      0.009114
   4.196      0.008937
   4.201      0.008762
   4.207      0.008590
   4.212      0.008421
   4.217      0.008255
   4.223      0.008092
   4.228      0.007932
   4.234      0.007774
   4.239      0.007618
   4.244      0.007466
   4.250      0.007316
   4.255      0.007168
   4.261      0.007023
   4.266      0.006881
   4.271      0.006740
   4.277      0.006603
   4.282      0.006467
   4.288      0.006334
   4.293      0.006204
   4.298      0.006075
   4.304      0.005949
   4.309      0.005825
   4.315      0.005703
   4.320      0.005584
   4.325      0.005466
   4.331      0.005351
   4.336      0.005237
   4.342      0.005126
   4.347      0.005016
   4.352      0.004909
   4.358      0.004804
   4.363      0.004700
   4.369      0.004598
   4.374      0.004498
   4.379      0.004400
   4.385      0.004304
   4.390      0.004210
   4.396      0.004117
   4.401      0.004026
   4.406      0.003937
   4.412      0.003849
   4.417      0.003763
   4.423      0.003679
   4.428      0.003596
   4.433      0.003515
   4.439      0.003435
   4.444      0.003357
   4.450      0.003281
   4.455      0.003205
   4.460      0.003132
   4.466      0.003059
   4.471      0.002989
   4.477      0.002919
   4.482      0.002851
   4.487      0.002784
   4.493      0.002719
   4.498      0.002654
   4.504      0.002592
   4.509      0.002530
   4.514      0.002470
   4.520      0.002410
   4.525      0.002352
   4.531      0.002296
   4.536      0.002240
   4.541      0.002185
   4.547      0.002132
   4.552      0.002080
   4.558      0.002028
   4.563      0.001978
   4.568      0.001929
   4.574      0.001881
   4.579      0.001834
   4.585      0.001788
   4.590      0.001743
   4.595      0.001698
   4.601      0.001655
   4.606      0.001613
   4.612      0.001571
   4.617      0.001531
   4.622      0.001491
   4.628      0.001452
   4.633      0.001414
   4.639      0.001377
   4.644      0.001341
   4.649      0.001306
   4.655      0.001271
   4.660      0.001237
   4.666      0.001204
   4.671      0.001171
   4.676      0.001140
   4.682      0.001109
   4.687      0.001078
   4.693      0.001049
   4.698      0.001020
   4.703      0.000992
   4.709      0.000964
   4.714      0.000937
   4.720      0.000911
   4.725      0.000885
   4.730      0.000860
   4.736      0.000836
   4.741      0.000812
   4.747      0.000788
   4.752      0.000766
   4.757      0.000743
   4.763      0.000722
   4.768      0.000700
   4.774      0.000680
   4.779      0.000660
   4.784      0.000640
   4.790      0.000621
   4.795      0.000602
   4.801      0.000584
   4.806      0.000566
   4.811      0.000549
   4.817      0.000532
   4.822      0.000515
   4.828      0.000499
   4.833      0.000484
   4.838      0.000469
   4.844      0.000454
   4.849      0.000439
   4.855      0.000425
   4.860      0.000412
   4.865      0.000398
   4.871      0.000385
   4.876      0.000373
   4.882      0.000360
   4.887      0.000349
   4.892      0.000337
   4.898      0.000326
   4.903      0.000315
   4.909      0.000304
   4.914      0.000294
   4.919      0.000284
   4.925      0.000274
   4.930      0.000264
   4.936      0.000255
   4.941      0.000246
   4.946      0.000237
   4.952      0.000229
   4.957      0.000220
   4.963      0.000212
   4.968      0.000205
   4.973      0.000197
   4.979      0.000190
   4.984      0.000183
   4.990      0.000176
   4.995      0.000169
   5.000      0.000163
   5.006      0.000157
   5.011      0.000150
   5.017      0.000145
   5.022      0.000139
   5.027      0.000133
   5.033      0.000128
   5.038      0.000123
   5.044      0.000118
   5.049      0.000113
   5.054      0.000108
   5.060      0.000104
   5.065      0.000099
   5.071      0.000095
   5.076      0.000091
   5.081      0.000087
   5.087      0.000083
   5.092      0.000080
   5.098      0.000076
   5.103      0.000073
   5.108      0.000069
   5.114      0.000066
   5.119      0.000063
   5.125      0.000060
   5.130      0.000057
   5.135      0.000055
   5.141      0.000052
   5.146      0.000049
   5.152      0.000047
   5.157      0.000045
   5.162      0.000042
   5.168      0.000040
   5.173      0.000038
   5.179      0.000036
   5.184      0.000034
   5.189      0.000032
   5.195      0.000031
   5.200      0.000029
   5.206      0.000027
   5.211      0.000026
   5.216      0.000024
   5.222      0.000023
   5.227      0.000021
   5.233      0.000020
   5.238      0.000019
   5.243      0.000018
   5.249      0.000016
   5.254      0.000015
   5.260      0.000014
   5.265      0.000013
   5.270      0.000012
   5.276      0.000011
   5.281      0.000011
   5.287      0.000010
   5.292      0.000009
   5.297      0.000008
   5.303      0.000008
   5.308      0.000007
   5.314      0.000006
   5.319      0.000006
   5.324      0.000005
   5.330      0.000005
   5.335      0.000004
   5.341      0.000004
   5.346      0.000003
   5.351      0.000003
   5.357      0.000003
   5.362      0.000002
   5.368      0.000002
   5.373      0.000002
   5.378      0.000001
   5.384      0.000001
   5.389      0.000001
   5.395      0.000000
   5.400      0.000000
   5.405      0.000000
