   0.000      0.994457
   0.007      0.994457
   0.014      0.994457
   0.022      0.994457
   0.029      0.994456
   0.036      0.994456
   0.043      0.994456
   0.050      0.994455
   0.057      0.994453
   0.065      0.994451
   0.072      0.994449
   0.079      0.994445
   0.086      0.994440
   0.093      0.994434
   0.101      0.994426
   0.108      0.994416
   0.115      0.994404
   0.122      0.994390
   0.129      0.994373
   0.136      0.994353
   0.144      0.994329
   0.151      0.994301
   0.158      0.994269
   0.165      0.994233
   0.172      0.994191
   0.179      0.994144
   0.187      0.994091
   0.194      0.994032
   0.201      0.993965
   0.208      0.993891
   0.215      0.993809
   0.223      0.993719
   0.230      0.993619
   0.237      0.993510
   0.244      0.993390
   0.251      0.993259
   0.258      0.993117
   0.266      0.992962
   0.273      0.992795
   0.280      0.992614
   0.287      0.992419
   0.294      0.992209
   0.302      0.991984
   0.309      0.991742
   0.316      0.991483
   0.323      0.991206
   0.330      0.990912
   0.337      0.990597
   0.345      0.990263
   0.352      0.989909
   0.359      0.989533
   0.366      0.989135
   0.373      0.988714
   0.381      0.988270
   0.388      0.987801
   0.395      0.987308
   0.402      0.986789
   0.409      0.986244
   0.416      0.985671
   0.424      0.985071
   0.431      0.984443
   0.438      0.983785
   0.445      0.983099
   0.452      0.982382
   0.460      0.981634
   0.467      0.980855
   0.474      0.980044
   0.481      0.979200
   0.488      0.978324
   0.495      0.977415
   0.503      0.976471
   0.510      0.975494
   0.517      0.974482
   0.524      0.973435
   0.531      0.972353
   0.538      0.971235
   0.546      0.970081
   0.553      0.968892
   0.560      0.967666
   0.567      0.966404
   0.574      0.965106
   0.582      0.963771
   0.589      0.962399
   0.596      0.960991
   0.603      0.959546
   0.610      0.958064
   0.617      0.956546
   0.625      0.954991
   0.632      0.953400
   0.639      0.951773
   0.646      0.950109
   0.653      0.948410
   0.661      0.946676
   0.668      0.944906
   0.675      0.943101
   0.682      0.941262
   0.689      0.939388
   0.696      0.937481
   0.704      0.935540
   0.711      0.933566
   0.718      0.931560
   0.725      0.929521
   0.732      0.927451
   0.740      0.925349
   0.747      0.923218
   0.754      0.921056
   0.761      0.918864
   0.768      0.916644
   0.775      0.914396
   0.783      0.912119
   0.790      0.909816
   0.797      0.907487
   0.804      0.905131
   0.811      0.902751
   0.818      0.900346
   0.826      0.897917
   0.833      0.895465
   0.840      0.892990
   0.847      0.890494
   0.854      0.887976
   0.862      0.885438
   0.869      0.882881
   0.876      0.880304
   0.883      0.877709
   0.890      0.875096
   0.897      0.872465
   0.905      0.869819
   0.912      0.867156
   0.919      0.864479
   0.926      0.861787
   0.933      0.859081
   0.941      0.856363
   0.948      0.853631
   0.955      0.850888
   0.962      0.848133
   0.969      0.845368
   0.976      0.842593
   0.984      0.839808
   0.991      0.837015
   0.998      0.834213
   1.005      0.831404
   1.012      0.828587
   1.020      0.825764
   1.027      0.822935
   1.034      0.820100
   1.041      0.817260
   1.048      0.814416
   1.055      0.811568
   1.063      0.808717
   1.070      0.805862
   1.077      0.803005
   1.084      0.800147
   1.091      0.797286
   1.099      0.794425
   1.106      0.791562
   1.113      0.788700
   1.120      0.785838
   1.127      0.782976
   1.134      0.780116
   1.142      0.777257
   1.149      0.774399
   1.156      0.771544
   1.163      0.768691
   1.170      0.765841
   1.177      0.762994
   1.185      0.760151
   1.192      0.757312
   1.199      0.754477
   1.206      0.751646
   1.213      0.748820
   1.221      0.745999
   1.228      0.743184
   1.235      0.740374
   1.242      0.737570
   1.249      0.734772
   1.256      0.731980
   1.264      0.729196
   1.271      0.726418
   1.278      0.723647
   1.285      0.720883
   1.292      0.718127
   1.300      0.715379
   1.307      0.712638
   1.314      0.709906
   1.321      0.707182
   1.328      0.704466
   1.335      0.701759
   1.343      0.699061
   1.350      0.696372
   1.357      0.693692
   1.364      0.691021
   1.371      0.688360
   1.379      0.685708
   1.386      0.683066
   1.393      0.680433
   1.400      0.677811
   1.407      0.675198
   1.414      0.672596
   1.422      0.670004
   1.429      0.667422
   1.436      0.664850
   1.443      0.662289
   1.450      0.659739
   1.457      0.657199
   1.465      0.654670
   1.472      0.652152
   1.479      0.649645
   1.486      0.647149
   1.493      0.644663
   1.501      0.642189
   1.508      0.639726
   1.515      0.637274
   1.522      0.634833
   1.529      0.632404
   1.536      0.629986
   1.544      0.627579
   1.551      0.625183
   1.558      0.622799
   1.565      0.620426
   1.572      0.618065
   1.580      0.615715
   1.587      0.613377
   1.594      0.611050
   1.601      0.608734
   1.608      0.606430
   1.615      0.604138
   1.623      0.601857
   1.630      0.599588
   1.637      0.597330
   1.644      0.595083
   1.651      0.592849
   1.659      0.590625
   1.666      0.588413
   1.673      0.586213
   1.680      0.584024
   1.687      0.581847
   1.694      0.579681
   1.702      0.577527
   1.709      0.575384
   1.716      0.573252
   1.723      0.571132
   1.730      0.569023
   1.738      0.566925
   1.745      0.564839
   1.752      0.562764
   1.759      0.560700
   1.766      0.558648
   1.773      0.556607
   1.781      0.554576
   1.788      0.552557
   1.795      0.550550
   1.802      0.548553
   1.809      0.546567
   1.816      0.544592
   1.824      0.542628
   1.831      0.540675
   1.838      0.538733
   1.845      0.536802
   1.852      0.534882
   1.860      0.532972
   1.867      0.531073
   1.874      0.529185
   1.881      0.527307
   1.888      0.525440
   1.895      0.523584
   1.903      0.521738
   1.910      0.519902
   1.917      0.518077
   1.924      0.516262
   1.931      0.514458
   1.939      0.512664
   1.946      0.510880
   1.953      0.509106
   1.960      0.507342
   1.967      0.505589
   1.974      0.503845
   1.982      0.502111
   1.989      0.500388
   1.996      0.498674
   2.003      0.496970
   2.010      0.495276
   2.018      0.493591
   2.025      0.491916
   2.032      0.490251
   2.039      0.488595
   2.046      0.486949
   2.053      0.485313
   2.061      0.483685
   2.068      0.482067
   2.075      0.480459
   2.082      0.478860
   2.089      0.477269
   2.096      0.475689
   2.104      0.474117
   2.111      0.472554
   2.118      0.471000
   2.125      0.469455
   2.132      0.467919
   2.140      0.466392
   2.147      0.464874
   2.154      0.463364
   2.161      0.461863
   2.168      0.460371
   2.175      0.458887
   2.183      0.457412
   2.190      0.455946
   2.197      0.454487
   2.204      0.453037
   2.211      0.451596
   2.219      0.450163
   2.226      0.448738
   2.233      0.447321
   2.240      0.445912
   2.247      0.444511
   2.254      0.443118
   2.262      0.441734
   2.269      0.440357
   2.276      0.438988
   2.283      0.437627
   2.290      0.436273
   2.298      0.434928
   2.305      0.433590
   2.312      0.432259
   2.319      0.430936
   2.326      0.429621
   2.333      0.428313
   2.341      0.427013
   2.348      0.425720
   2.355      0.424434
   2.362      0.423155
   2.369      0.421884
   2.377      0.420620
   2.384      0.419363
   2.391      0.418113
   2.398      0.416870
   2.405      0.415635
   2.412      0.414406
   2.420      0.413184
   2.427      0.411968
   2.434      0.410760
   2.441      0.409558
   2.448      0.408363
   2.455      0.407175
   2.463      0.405993
   2.470      0.404818
   2.477      0.403650
   2.484      0.402488
   2.491      0.401332
   2.499      0.400183
   2.506      0.399040
   2.513      0.397903
   2.520      0.396773
   2.527      0.395648
   2.534      0.394530
   2.542      0.393419
   2.549      0.392313
   2.556      0.391213
   2.563      0.390119
   2.570      0.389032
   2.578      0.387950
   2.585      0.386874
   2.592      0.385803
   2.599      0.384739
   2.606      0.383680
   2.613      0.382628
   2.621      0.381580
   2.628      0.380539
   2.635      0.379503
   2.642      0.378472
   2.649      0.377447
   2.657      0.376428
   2.664      0.375414
   2.671      0.374405
   2.678      0.373402
   2.685      0.372404
   2.692      0.371411
   2.700      0.370423
   2.707      0.369441
   2.714      0.368464
   2.721      0.367492
   2.728      0.366525
   2.736      0.365563
   2.743      0.364606
   2.750      0.363655
   2.757      0.362708
   2.764      0.361766
   2.771      0.360828
   2.779      0.359896
   2.786      0.358969
   2.793      0.358046
   2.800      0.357128
   2.807      0.356214
   2.814      0.355306
   2.822      0.354402
   2.829      0.353502
   2.836      0.352607
   2.843      0.351717
   2.850      0.350831
   2.858      0.349949
