   0.000      1.370948
   0.007      1.370923
   0.014      1.370847
   0.022      1.370721
   0.029      1.370545
   0.036      1.370318
   0.043      1.370040
   0.050      1.369711
   0.057      1.369331
   0.065      1.368898
   0.072      1.368414
   0.079      1.367876
   0.086      1.367286
   0.093      1.366641
   0.101      1.365941
   0.108      1.365186
   0.115      1.364375
   0.122      1.363507
   0.129      1.362581
   0.136      1.361595
   0.144      1.360550
   0.151      1.359444
   0.158      1.358276
   0.165      1.357044
   0.172      1.355748
   0.179      1.354386
   0.187      1.352956
   0.194      1.351459
   0.201      1.349891
   0.208      1.348252
   0.215      1.346541
   0.223      1.344755
   0.230      1.342893
   0.237      1.340954
   0.244      1.338935
   0.251      1.336837
   0.258      1.334656
   0.266      1.332391
   0.273      1.330041
   0.280      1.327604
   0.287      1.325079
   0.294      1.322463
   0.302      1.319756
   0.309      1.316956
   0.316      1.314062
   0.323      1.311071
   0.330      1.307984
   0.337      1.304798
   0.345      1.301513
   0.352      1.298127
   0.359      1.294640
   0.366      1.291050
   0.373      1.287358
   0.381      1.283562
   0.388      1.279662
   0.395      1.275658
   0.402      1.271550
   0.409      1.267337
   0.416      1.263021
   0.424      1.258601
   0.431      1.254079
   0.438      1.249455
   0.445      1.244730
   0.452      1.239906
   0.460      1.234984
   0.467      1.229965
   0.474      1.224853
   0.481      1.219649
   0.488      1.214355
   0.495      1.208974
   0.503      1.203510
   0.510      1.197964
   0.517      1.192341
   0.524      1.186644
   0.531      1.180877
   0.538      1.175043
   0.546      1.169146
   0.553      1.163192
   0.560      1.157183
   0.567      1.151125
   0.574      1.145022
   0.582      1.138879
   0.589      1.132700
   0.596      1.126491
   0.603      1.120255
   0.610      1.113999
   0.617      1.107726
   0.625      1.101443
   0.632      1.095152
   0.639      1.088860
   0.646      1.082572
   0.653      1.076290
   0.661      1.070021
   0.668      1.063769
   0.675      1.057538
   0.682      1.051331
   0.689      1.045154
   0.696      1.039010
   0.704      1.032902
   0.711      1.026834
   0.718      1.020810
   0.725      1.014832
   0.732      1.008904
   0.740      1.003028
   0.747      0.997206
   0.754      0.991442
   0.761      0.985736
   0.768      0.980092
   0.775      0.974510
   0.783      0.968993
   0.790      0.963541
   0.797      0.958156
   0.804      0.952840
   0.811      0.947592
   0.818      0.942413
   0.826      0.937304
   0.833      0.932266
   0.840      0.927298
   0.847      0.922401
   0.854      0.917574
   0.862      0.912818
   0.869      0.908132
   0.876      0.903515
   0.883      0.898968
   0.890      0.894490
   0.897      0.890079
   0.905      0.885735
   0.912      0.881457
   0.919      0.877245
   0.926      0.873097
   0.933      0.869012
   0.941      0.864988
   0.948      0.861026
   0.955      0.857123
   0.962      0.853279
   0.969      0.849491
   0.976      0.845759
   0.984      0.842081
   0.991      0.838456
   0.998      0.834882
   1.005      0.831359
   1.012      0.827883
   1.020      0.824455
   1.027      0.821073
   1.034      0.817735
   1.041      0.814439
   1.048      0.811186
   1.055      0.807972
   1.063      0.804796
   1.070      0.801658
   1.077      0.798555
   1.084      0.795487
   1.091      0.792453
   1.099      0.789450
   1.106      0.786477
   1.113      0.783534
   1.120      0.780619
   1.127      0.777731
   1.134      0.774869
   1.142      0.772031
   1.149      0.769217
   1.156      0.766426
   1.163      0.763656
   1.170      0.760906
   1.177      0.758176
   1.185      0.755464
   1.192      0.752770
   1.199      0.750093
   1.206      0.747432
   1.213      0.744786
   1.221      0.742154
   1.228      0.739536
   1.235      0.736931
   1.242      0.734338
   1.249      0.731757
   1.256      0.729187
   1.264      0.726628
   1.271      0.724079
   1.278      0.721539
   1.285      0.719008
   1.292      0.716486
   1.300      0.713972
   1.307      0.711466
   1.314      0.708967
   1.321      0.706475
   1.328      0.703990
   1.335      0.701512
   1.343      0.699040
   1.350      0.696573
   1.357      0.694113
   1.364      0.691658
   1.371      0.689208
   1.379      0.686764
   1.386      0.684324
   1.393      0.681890
   1.400      0.679461
   1.407      0.677036
   1.414      0.674616
   1.422      0.672201
   1.429      0.669790
   1.436      0.667385
   1.443      0.664983
   1.450      0.662587
   1.457      0.660194
   1.465      0.657807
   1.472      0.655424
   1.479      0.653046
   1.486      0.650673
   1.493      0.648305
   1.501      0.645942
   1.508      0.643583
   1.515      0.641230
   1.522      0.638882
   1.529      0.636539
   1.536      0.634202
   1.544      0.631870
   1.551      0.629544
   1.558      0.627224
   1.565      0.624909
   1.572      0.622600
   1.580      0.620298
   1.587      0.618002
   1.594      0.615712
   1.601      0.613429
   1.608      0.611152
   1.615      0.608882
   1.623      0.606619
   1.630      0.604363
   1.637      0.602114
   1.644      0.599873
   1.651      0.597639
   1.659      0.595412
   1.666      0.593193
   1.673      0.590983
   1.680      0.588780
   1.687      0.586585
   1.694      0.584398
   1.702      0.582220
   1.709      0.580050
   1.716      0.577889
   1.723      0.575736
   1.730      0.573592
   1.738      0.571457
   1.745      0.569331
   1.752      0.567215
   1.759      0.565107
   1.766      0.563009
   1.773      0.560920
   1.781      0.558841
   1.788      0.556771
   1.795      0.554711
   1.802      0.552660
   1.809      0.550620
   1.816      0.548589
   1.824      0.546568
   1.831      0.544557
   1.838      0.542557
   1.845      0.540566
   1.852      0.538586
   1.860      0.536615
   1.867      0.534655
   1.874      0.532706
   1.881      0.530767
   1.888      0.528838
   1.895      0.526920
   1.903      0.525012
   1.910      0.523114
   1.917      0.521227
   1.924      0.519351
   1.931      0.517485
   1.939      0.515630
   1.946      0.513785
   1.953      0.511951
   1.960      0.510127
   1.967      0.508314
   1.974      0.506511
   1.982      0.504719
   1.989      0.502938
   1.996      0.501167
   2.003      0.499407
   2.010      0.497657
   2.018      0.495917
   2.025      0.494189
   2.032      0.492470
   2.039      0.490762
   2.046      0.489064
   2.053      0.487377
   2.061      0.485700
   2.068      0.484033
   2.075      0.482377
   2.082      0.480730
   2.089      0.479094
   2.096      0.477468
   2.104      0.475852
   2.111      0.474246
   2.118      0.472650
   2.125      0.471064
   2.132      0.469488
   2.140      0.467922
   2.147      0.466365
   2.154      0.464818
   2.161      0.463281
   2.168      0.461754
   2.175      0.460236
   2.183      0.458727
   2.190      0.457228
   2.197      0.455738
   2.204      0.454258
   2.211      0.452787
   2.219      0.451325
   2.226      0.449872
   2.233      0.448428
   2.240      0.446993
   2.247      0.445567
   2.254      0.444150
   2.262      0.442742
   2.269      0.441343
   2.276      0.439952
   2.283      0.438570
   2.290      0.437196
   2.298      0.435830
   2.305      0.434474
   2.312      0.433125
   2.319      0.431785
   2.326      0.430453
   2.333      0.429129
   2.341      0.427813
   2.348      0.426505
   2.355      0.425205
   2.362      0.423912
   2.369      0.422628
   2.377      0.421351
   2.384      0.420082
   2.391      0.418821
   2.398      0.417567
   2.405      0.416321
   2.412      0.415082
   2.420      0.413850
   2.427      0.412626
   2.434      0.411409
   2.441      0.410199
   2.448      0.408996
   2.455      0.407800
   2.463      0.406611
   2.470      0.405429
   2.477      0.404254
   2.484      0.403085
   2.491      0.401924
   2.499      0.400769
   2.506      0.399621
   2.513      0.398479
   2.520      0.397344
   2.527      0.396215
   2.534      0.395092
   2.542      0.393976
   2.549      0.392866
   2.556      0.391763
   2.563      0.390665
   2.570      0.389574
   2.578      0.388489
   2.585      0.387410
   2.592      0.386337
   2.599      0.385270
   2.606      0.384208
   2.613      0.383153
   2.621      0.382103
   2.628      0.381059
   2.635      0.380021
   2.642      0.378988
   2.649      0.377961
   2.657      0.376939
   2.664      0.375923
   2.671      0.374913
   2.678      0.373908
   2.685      0.372908
   2.692      0.371914
   2.700      0.370924
   2.707      0.369941
   2.714      0.368962
   2.721      0.367988
   2.728      0.367020
   2.736      0.366057
   2.743      0.365098
   2.750      0.364145
   2.757      0.363197
   2.764      0.362253
   2.771      0.361315
   2.779      0.360381
   2.786      0.359453
   2.793      0.358528
   2.800      0.357609
   2.807      0.356695
   2.814      0.355785
   2.822      0.354879
   2.829      0.353979
   2.836      0.353082
   2.843      0.352191
   2.850      0.351304
   2.858      0.350421
