   0.005     -0.001982
   0.011     -0.022762
   0.016     -0.043543
   0.022     -0.065027
   0.027     -0.086600
   0.032     -0.108191
   0.038     -0.129779
   0.043     -0.151359
   0.049     -0.172925
   0.054     -0.194475
   0.059     -0.216005
   0.065     -0.237515
   0.070     -0.259001
   0.076     -0.280461
   0.081     -0.301893
   0.086     -0.323296
   0.092     -0.344667
   0.097     -0.366003
   0.103     -0.387304
   0.108     -0.408566
   0.113     -0.429788
   0.119     -0.450968
   0.124     -0.472103
   0.130     -0.493192
   0.135     -0.514232
   0.140     -0.535221
   0.146     -0.556158
   0.151     -0.577039
   0.157     -0.597864
   0.162     -0.618630
   0.167     -0.639334
   0.173     -0.659976
   0.178     -0.680552
   0.184     -0.701062
   0.189     -0.721501
   0.194     -0.741870
   0.200     -0.762165
   0.205     -0.782385
   0.211     -0.802527
   0.216     -0.822590
   0.221     -0.842571
   0.227     -0.862469
   0.232     -0.882281
   0.238     -0.902005
   0.243     -0.921640
   0.248     -0.941183
   0.254     -0.960632
   0.259     -0.979985
   0.265     -0.999241
   0.270     -1.018396
   0.275     -1.037450
   0.281     -1.056400
   0.286     -1.075244
   0.292     -1.093980
   0.297     -1.112606
   0.302     -1.131120
   0.308     -1.149520
   0.313     -1.167804
   0.319     -1.185970
   0.324     -1.204016
   0.329     -1.221940
   0.335     -1.239741
   0.340     -1.257415
   0.346     -1.274962
   0.351     -1.292379
   0.356     -1.309664
   0.362     -1.326816
   0.367     -1.343832
   0.373     -1.360711
   0.378     -1.377451
   0.383     -1.394049
   0.389     -1.410504
   0.394     -1.426815
   0.400     -1.442978
   0.405     -1.458994
   0.410     -1.474858
   0.416     -1.490571
   0.421     -1.506130
   0.427     -1.521533
   0.432     -1.536779
   0.437     -1.551866
   0.443     -1.566792
   0.448     -1.581556
   0.454     -1.596155
   0.459     -1.610589
   0.464     -1.624855
   0.470     -1.638953
   0.475     -1.652880
   0.481     -1.666635
   0.486     -1.680217
   0.491     -1.693623
   0.497     -1.706854
   0.502     -1.719906
   0.508     -1.732779
   0.513     -1.745472
   0.518     -1.757983
   0.524     -1.770310
   0.529     -1.782453
   0.535     -1.794410
   0.540     -1.806180
   0.545     -1.817762
   0.551     -1.829155
   0.556     -1.840358
   0.562     -1.851368
   0.567     -1.862187
   0.572     -1.872811
   0.578     -1.883242
   0.583     -1.893476
   0.589     -1.903515
   0.594     -1.913356
   0.599     -1.922999
   0.605     -1.932443
   0.610     -1.941687
   0.616     -1.950731
   0.621     -1.959574
   0.626     -1.968216
   0.632     -1.976655
   0.637     -1.984891
   0.643     -1.992923
   0.648     -2.000752
   0.653     -2.008376
   0.659     -2.015795
   0.664     -2.023010
   0.670     -2.030018
   0.675     -2.036821
   0.680     -2.043417
   0.686     -2.049807
   0.691     -2.055991
   0.697     -2.061968
   0.702     -2.067737
   0.707     -2.073300
   0.713     -2.078656
   0.718     -2.083804
   0.724     -2.088746
   0.729     -2.093480
   0.734     -2.098007
   0.740     -2.102328
   0.745     -2.106442
   0.751     -2.110349
   0.756     -2.114050
   0.761     -2.117544
   0.767     -2.120833
   0.772     -2.123916
   0.778     -2.126794
   0.783     -2.129468
   0.788     -2.131936
   0.794     -2.134201
   0.799     -2.136262
   0.805     -2.138119
   0.810     -2.139774
   0.815     -2.141227
   0.821     -2.142478
   0.826     -2.143528
   0.832     -2.144378
   0.837     -2.145027
   0.842     -2.145478
   0.848     -2.145729
   0.853     -2.145783
   0.859     -2.145640
   0.864     -2.145300
   0.869     -2.144764
   0.875     -2.144033
   0.880     -2.143107
   0.886     -2.141989
   0.891     -2.140677
   0.896     -2.139174
   0.902     -2.137480
   0.907     -2.135595
   0.913     -2.133522
   0.918     -2.131259
   0.923     -2.128810
   0.929     -2.126174
   0.934     -2.123353
   0.940     -2.120347
   0.945     -2.117157
   0.950     -2.113785
   0.956     -2.110232
   0.961     -2.106498
   0.967     -2.102585
   0.972     -2.098494
   0.977     -2.094225
   0.983     -2.089781
   0.988     -2.085161
   0.994     -2.080369
   0.999     -2.075403
   1.004     -2.070267
   1.010     -2.064960
   1.015     -2.059485
   1.021     -2.053843
   1.026     -2.048034
   1.031     -2.042061
   1.037     -2.035924
   1.042     -2.029625
   1.048     -2.023165
   1.053     -2.016546
   1.058     -2.009769
   1.064     -2.002835
   1.069     -1.995746
   1.075     -1.988503
   1.080     -1.981109
   1.085     -1.973563
   1.091     -1.965868
   1.096     -1.958026
   1.102     -1.950037
   1.107     -1.941903
   1.112     -1.933627
   1.118     -1.925208
   1.123     -1.916649
   1.129     -1.907952
   1.134     -1.899118
   1.139     -1.890149
   1.145     -1.881045
   1.150     -1.871810
   1.156     -1.862445
   1.161     -1.852951
   1.166     -1.843330
   1.172     -1.833585
   1.177     -1.823716
   1.183     -1.813727
   1.188     -1.803618
   1.193     -1.793393
   1.199     -1.783053
   1.204     -1.772600
   1.210     -1.762036
   1.215     -1.751365
   1.220     -1.740588
   1.226     -1.729707
   1.231     -1.718726
   1.237     -1.707646
   1.242     -1.696469
   1.247     -1.685199
   1.253     -1.673838
   1.258     -1.662388
   1.264     -1.650852
   1.269     -1.639232
   1.274     -1.627531
   1.280     -1.615751
   1.285     -1.603896
   1.291     -1.591967
   1.296     -1.579966
   1.301     -1.567898
   1.307     -1.555764
   1.312     -1.543566
   1.318     -1.531307
   1.323     -1.518990
   1.328     -1.506618
   1.334     -1.494192
   1.339     -1.481715
   1.345     -1.469190
   1.350     -1.456619
   1.355     -1.444004
   1.361     -1.431348
   1.366     -1.418653
   1.372     -1.405922
   1.377     -1.393156
   1.382     -1.380357
   1.388     -1.367529
   1.393     -1.354672
   1.399     -1.341789
   1.404     -1.328883
   1.409     -1.315953
   1.415     -1.303004
   1.420     -1.290036
   1.426     -1.277051
   1.431     -1.264051
   1.436     -1.251038
   1.442     -1.238013
   1.447     -1.224978
   1.453     -1.211934
   1.458     -1.198884
   1.463     -1.185828
   1.469     -1.172769
   1.474     -1.159708
   1.480     -1.146646
   1.485     -1.133585
   1.490     -1.120527
   1.496     -1.107473
   1.501     -1.094424
   1.507     -1.081382
   1.512     -1.068349
   1.517     -1.055326
   1.523     -1.042314
   1.528     -1.029315
   1.534     -1.016330
   1.539     -1.003361
   1.544     -0.990409
   1.550     -0.977475
   1.555     -0.964561
   1.561     -0.951669
   1.566     -0.938799
   1.571     -0.925952
   1.577     -0.913131
   1.582     -0.900337
   1.588     -0.887570
   1.593     -0.874832
   1.598     -0.862124
   1.604     -0.849447
   1.609     -0.836803
   1.615     -0.824193
   1.620     -0.811618
   1.625     -0.799079
   1.631     -0.786577
   1.636     -0.774114
   1.642     -0.761690
   1.647     -0.749306
   1.652     -0.736964
   1.658     -0.724664
   1.663     -0.712407
   1.669     -0.700195
   1.674     -0.688029
   1.679     -0.675909
   1.685     -0.663836
   1.690     -0.651811
   1.696     -0.639835
   1.701     -0.627909
   1.706     -0.616034
   1.712     -0.604210
   1.717     -0.592439
   1.723     -0.580720
   1.728     -0.569055
   1.733     -0.557445
   1.739     -0.545890
   1.744     -0.534391
   1.750     -0.522948
   1.755     -0.511563
   1.760     -0.500235
   1.766     -0.488966
   1.771     -0.477755
   1.777     -0.466605
   1.782     -0.455514
   1.787     -0.444484
   1.793     -0.433515
   1.798     -0.422608
   1.804     -0.411763
   1.809     -0.400981
   1.814     -0.390262
   1.820     -0.379606
   1.825     -0.369014
   1.831     -0.358486
   1.836     -0.348023
   1.841     -0.337625
   1.847     -0.327292
   1.852     -0.317025
   1.858     -0.306824
   1.863     -0.296689
   1.868     -0.286621
   1.874     -0.276620
   1.879     -0.266686
   1.885     -0.256819
   1.890     -0.247020
   1.895     -0.237289
   1.901     -0.227625
   1.906     -0.218030
   1.912     -0.208504
   1.917     -0.199046
   1.922     -0.189657
   1.928     -0.180336
   1.933     -0.171085
   1.939     -0.161903
   1.944     -0.152790
   1.949     -0.143747
   1.955     -0.134773
   1.960     -0.125869
   1.966     -0.117034
   1.971     -0.108269
   1.976     -0.099574
   1.982     -0.090949
   1.987     -0.082393
   1.993     -0.073907
   1.998     -0.065491
   2.003     -0.057145
   2.009     -0.048869
   2.014     -0.040663
   2.020     -0.032527
   2.025     -0.024460
   2.030     -0.016464
   2.036     -0.008537
   2.041     -0.000679
   2.047      0.007108
   2.052      0.014826
   2.057      0.022475
   2.063      0.030054
   2.068      0.037563
   2.074      0.045004
   2.079      0.052375
   2.084      0.059677
   2.090      0.066911
   2.095      0.074075
   2.101      0.081171
   2.106      0.088198
   2.111      0.095157
   2.117      0.102048
   2.122      0.108870
   2.128      0.115624
   2.133      0.122311
   2.138      0.128930
   2.144      0.135481
   2.149      0.141965
   2.155      0.148382
   2.160      0.154732
   2.165      0.161015
   2.171      0.167232
   2.176      0.173382
   2.182      0.179466
   2.187      0.185484
   2.192      0.191436
   2.198      0.197322
   2.203      0.203144
   2.209      0.208900
   2.214      0.214591
   2.219      0.220218
   2.225      0.225780
   2.230      0.231278
   2.236      0.236712
   2.241      0.242082
   2.246      0.247389
   2.252      0.252632
   2.257      0.257813
   2.263      0.262930
   2.268      0.267986
   2.273      0.272979
   2.279      0.277910
   2.284      0.282779
   2.290      0.287587
   2.295      0.292334
   2.300      0.297020
   2.306      0.301646
   2.311      0.306211
   2.317      0.310716
   2.322      0.315161
   2.327      0.319547
   2.333      0.323873
   2.338      0.328141
   2.344      0.332350
   2.349      0.336501
   2.354      0.340593
   2.360      0.344628
   2.365      0.348605
   2.371      0.352526
   2.376      0.356389
   2.381      0.360196
   2.387      0.363947
   2.392      0.367641
   2.398      0.371280
   2.403      0.374864
   2.408      0.378392
   2.414      0.381866
   2.419      0.385286
   2.425      0.388651
   2.430      0.391962
   2.435      0.395220
   2.441      0.398425
   2.446      0.401577
   2.452      0.404676
   2.457      0.407723
   2.462      0.410718
   2.468      0.413662
   2.473      0.416554
   2.479      0.419395
   2.484      0.422185
   2.489      0.424925
   2.495      0.427615
   2.500      0.430255
   2.506      0.432846
   2.511      0.435388
   2.516      0.437881
   2.522      0.440325
   2.527      0.442721
   2.533      0.445070
   2.538      0.447371
   2.543      0.449624
   2.549      0.451831
   2.554      0.453991
   2.560      0.456105
   2.565      0.458173
   2.570      0.460195
   2.576      0.462172
   2.581      0.464105
   2.587      0.465992
   2.592      0.467835
   2.597      0.469634
   2.603      0.471389
   2.608      0.473101
   2.614      0.474770
   2.619      0.476396
   2.624      0.477979
   2.630      0.479520
   2.635      0.481020
   2.641      0.482478
   2.646      0.483894
   2.651      0.485270
   2.657      0.486605
   2.662      0.487900
   2.668      0.489155
   2.673      0.490370
   2.678      0.491546
   2.684      0.492683
   2.689      0.493781
   2.695      0.494841
   2.700      0.495862
   2.705      0.496845
   2.711      0.497791
   2.716      0.498700
   2.722      0.499572
   2.727      0.500407
   2.732      0.501206
   2.738      0.501969
   2.743      0.502696
   2.749      0.503388
   2.754      0.504044
   2.759      0.504666
   2.765      0.505253
   2.770      0.505806
   2.776      0.506325
   2.781      0.506811
   2.786      0.507262
   2.792      0.507681
   2.797      0.508067
   2.803      0.508421
   2.808      0.508743
   2.813      0.509032
   2.819      0.509290
   2.824      0.509516
   2.830      0.509712
   2.835      0.509876
   2.840      0.510011
   2.846      0.510115
   2.851      0.510189
   2.857      0.510233
   2.862      0.510248
   2.867      0.510234
   2.873      0.510191
   2.878      0.510119
   2.884      0.510019
   2.889      0.509891
   2.894      0.509736
   2.900      0.509553
   2.905      0.509342
   2.911      0.509105
   2.916      0.508841
   2.921      0.508551
   2.927      0.508235
   2.932      0.507892
   2.938      0.507524
   2.943      0.507131
   2.948      0.506713
   2.954      0.506269
   2.959      0.505802
   2.965      0.505310
   2.970      0.504793
   2.975      0.504253
   2.981      0.503690
   2.986      0.503103
   2.992      0.502493
   2.997      0.501860
   3.002      0.501205
   3.008      0.500527
   3.013      0.499828
   3.019      0.499106
   3.024      0.498363
   3.029      0.497598
   3.035      0.496813
   3.040      0.496006
   3.046      0.495179
   3.051      0.494332
   3.056      0.493464
   3.062      0.492576
   3.067      0.491669
   3.073      0.490743
   3.078      0.489797
   3.083      0.488832
   3.089      0.487848
   3.094      0.486846
   3.100      0.485825
   3.105      0.484786
   3.110      0.483730
   3.116      0.482656
   3.121      0.481564
   3.127      0.480455
   3.132      0.479329
   3.137      0.478187
   3.143      0.477028
   3.148      0.475852
   3.154      0.474660
   3.159      0.473453
   3.164      0.472230
   3.170      0.470991
   3.175      0.469737
   3.181      0.468468
   3.186      0.467184
   3.191      0.465885
   3.197      0.464572
   3.202      0.463245
   3.208      0.461903
   3.213      0.460548
   3.218      0.459179
   3.224      0.457796
   3.229      0.456401
   3.235      0.454992
   3.240      0.453570
   3.245      0.452136
   3.251      0.450689
   3.256      0.449230
   3.262      0.447758
   3.267      0.446275
   3.272      0.444780
   3.278      0.443274
   3.283      0.441756
   3.289      0.440227
   3.294      0.438687
   3.299      0.437136
   3.305      0.435575
   3.310      0.434003
   3.316      0.432420
   3.321      0.430828
   3.326      0.429226
   3.332      0.427614
   3.337      0.425992
   3.343      0.424361
   3.348      0.422721
   3.353      0.421071
   3.359      0.419413
   3.364      0.417746
   3.370      0.416070
   3.375      0.414386
   3.380      0.412694
   3.386      0.410994
   3.391      0.409286
   3.397      0.407570
   3.402      0.405846
   3.407      0.404115
   3.413      0.402377
   3.418      0.400632
   3.424      0.398879
   3.429      0.397120
   3.434      0.395354
   3.440      0.393582
   3.445      0.391803
   3.451      0.390018
   3.456      0.388227
   3.461      0.386431
   3.467      0.384628
   3.472      0.382820
   3.478      0.381006
   3.483      0.379187
   3.488      0.377363
   3.494      0.375534
   3.499      0.373699
   3.505      0.371861
   3.510      0.370017
   3.515      0.368169
   3.521      0.366317
   3.526      0.364460
   3.532      0.362600
   3.537      0.360735
   3.542      0.358867
   3.548      0.356994
   3.553      0.355119
   3.559      0.353240
   3.564      0.351358
   3.569      0.349472
   3.575      0.347584
   3.580      0.345692
   3.586      0.343798
   3.591      0.341901
   3.596      0.340002
   3.602      0.338100
   3.607      0.336196
   3.613      0.334289
   3.618      0.332381
   3.623      0.330471
   3.629      0.328559
   3.634      0.326645
   3.640      0.324730
   3.645      0.322813
   3.650      0.320895
   3.656      0.318975
   3.661      0.317055
   3.667      0.315133
   3.672      0.313211
   3.677      0.311288
   3.683      0.309364
   3.688      0.307439
   3.694      0.305514
   3.699      0.303589
   3.704      0.301663
   3.710      0.299737
   3.715      0.297811
   3.721      0.295886
   3.726      0.293960
   3.731      0.292035
   3.737      0.290110
   3.742      0.288185
   3.748      0.286261
   3.753      0.284338
   3.758      0.282415
   3.764      0.280493
   3.769      0.278572
   3.775      0.276653
   3.780      0.274734
   3.785      0.272816
   3.791      0.270900
   3.796      0.268986
   3.802      0.267072
   3.807      0.265161
   3.812      0.263251
   3.818      0.261343
   3.823      0.259436
   3.829      0.257532
   3.834      0.255629
   3.839      0.253729
   3.845      0.251831
   3.850      0.249935
   3.856      0.248042
   3.861      0.246151
   3.866      0.244262
   3.872      0.242377
   3.877      0.240493
   3.883      0.238613
   3.888      0.236736
   3.893      0.234861
   3.899      0.232989
   3.904      0.231121
   3.910      0.229256
   3.915      0.227394
   3.920      0.225535
   3.926      0.223679
   3.931      0.221828
   3.937      0.219979
   3.942      0.218135
   3.947      0.216293
   3.953      0.214456
   3.958      0.212623
   3.964      0.210793
   3.969      0.208968
   3.974      0.207146
   3.980      0.205329
   3.985      0.203515
   3.991      0.201706
   3.996      0.199902
   4.001      0.198101
   4.007      0.196306
   4.012      0.194514
   4.018      0.192727
   4.023      0.190945
   4.028      0.189168
   4.034      0.187395
   4.039      0.185627
   4.045      0.183864
   4.050      0.182106
   4.055      0.180353
   4.061      0.178605
   4.066      0.176863
   4.072      0.175125
   4.077      0.173393
   4.082      0.171666
   4.088      0.169944
   4.093      0.168228
   4.099      0.166517
   4.104      0.164812
   4.109      0.163112
   4.115      0.161418
   4.120      0.159730
   4.126      0.158047
   4.131      0.156371
   4.136      0.154700
   4.142      0.153035
   4.147      0.151376
   4.153      0.149723
   4.158      0.148076
   4.163      0.146435
   4.169      0.144801
   4.174      0.143173
   4.180      0.141551
   4.185      0.139935
   4.190      0.138326
   4.196      0.136723
   4.201      0.135126
   4.207      0.133536
   4.212      0.131953
   4.217      0.130377
   4.223      0.128807
   4.228      0.127243
   4.234      0.125687
   4.239      0.124137
   4.244      0.122594
   4.250      0.121058
   4.255      0.119529
   4.261      0.118007
   4.266      0.116492
   4.271      0.114984
   4.277      0.113483
   4.282      0.111990
   4.288      0.110503
   4.293      0.109024
   4.298      0.107552
   4.304      0.106087
   4.309      0.104630
   4.315      0.103180
   4.320      0.101738
   4.325      0.100303
   4.331      0.098876
   4.336      0.097456
   4.342      0.096044
   4.347      0.094639
   4.352      0.093242
   4.358      0.091853
   4.363      0.090472
   4.369      0.089099
   4.374      0.087733
   4.379      0.086375
   4.385      0.085025
   4.390      0.083683
   4.396      0.082349
   4.401      0.081023
   4.406      0.079706
   4.412      0.078396
   4.417      0.077094
   4.423      0.075801
   4.428      0.074515
   4.433      0.073238
   4.439      0.071970
   4.444      0.070709
   4.450      0.069457
   4.455      0.068214
   4.460      0.066978
   4.466      0.065751
   4.471      0.064533
   4.477      0.063323
   4.482      0.062122
   4.487      0.060929
   4.493      0.059745
   4.498      0.058570
   4.504      0.057403
   4.509      0.056245
   4.514      0.055095
   4.520      0.053955
   4.525      0.052823
   4.531      0.051700
   4.536      0.050586
   4.541      0.049481
   4.547      0.048384
   4.552      0.047297
   4.558      0.046219
   4.563      0.045149
   4.568      0.044089
   4.574      0.043038
   4.579      0.041996
   4.585      0.040963
   4.590      0.039939
   4.595      0.038924
   4.601      0.037919
   4.606      0.036923
   4.612      0.035936
   4.617      0.034958
   4.622      0.033990
   4.628      0.033031
   4.633      0.032082
   4.639      0.031141
   4.644      0.030211
   4.649      0.029289
   4.655      0.028378
   4.660      0.027476
   4.666      0.026583
   4.671      0.025700
   4.676      0.024826
   4.682      0.023962
   4.687      0.023108
   4.693      0.022263
   4.698      0.021428
   4.703      0.020603
   4.709      0.019788
   4.714      0.018982
   4.720      0.018186
   4.725      0.017400
   4.730      0.016624
   4.736      0.015858
   4.741      0.015101
   4.747      0.014354
   4.752      0.013618
   4.757      0.012891
   4.763      0.012174
   4.768      0.011467
   4.774      0.010771
   4.779      0.010084
   4.784      0.009407
   4.790      0.008740
   4.795      0.008084
   4.801      0.007437
   4.806      0.006801
   4.811      0.006175
   4.817      0.005559
   4.822      0.004953
   4.828      0.004357
   4.833      0.003772
   4.838      0.003197
   4.844      0.002632
   4.849      0.002077
   4.855      0.001533
   4.860      0.000998
   4.865      0.000475
   4.871     -0.000039
   4.876     -0.000542
   4.882     -0.001035
   4.887     -0.001518
   4.892     -0.001990
   4.898     -0.002453
   4.903     -0.002917
   4.909     -0.003359
   4.914     -0.003790
   4.919     -0.004211
   4.925     -0.004621
   4.930     -0.005021
   4.936     -0.005410
   4.941     -0.005789
   4.946     -0.006158
   4.952     -0.006516
   4.957     -0.006864
   4.963     -0.007201
   4.968     -0.007528
   4.973     -0.007845
   4.979     -0.008151
   4.984     -0.008446
   4.990     -0.008732
   4.995     -0.009006
   5.000     -0.009271
   5.006     -0.009525
   5.011     -0.009768
   5.017     -0.010001
   5.022     -0.010224
   5.027     -0.010436
   5.033     -0.010638
   5.038     -0.010829
   5.044     -0.011010
   5.049     -0.011180
   5.054     -0.011340
   5.060     -0.011490
   5.065     -0.011629
   5.071     -0.011758
   5.076     -0.011876
   5.081     -0.011984
   5.087     -0.012081
   5.092     -0.012168
   5.098     -0.012245
   5.103     -0.012311
   5.108     -0.012367
   5.114     -0.012413
   5.119     -0.012448
   5.125     -0.012473
   5.130     -0.012487
   5.135     -0.012491
   5.141     -0.012485
   5.146     -0.012468
   5.152     -0.012442
   5.157     -0.012404
   5.162     -0.012357
   5.168     -0.012299
   5.173     -0.012231
   5.179     -0.012153
   5.184     -0.012065
   5.189     -0.011966
   5.195     -0.011858
   5.200     -0.011739
   5.206     -0.011610
   5.211     -0.011470
   5.216     -0.011321
   5.222     -0.011161
   5.227     -0.010992
   5.233     -0.010812
   5.238     -0.010622
   5.243     -0.010423
   5.249     -0.010213
   5.254     -0.009993
   5.260     -0.009763
   5.265     -0.009524
   5.270     -0.009274
   5.276     -0.009015
   5.281     -0.008745
   5.287     -0.008466
   5.292     -0.008177
   5.297     -0.007879
   5.303     -0.007570
   5.308     -0.007252
   5.314     -0.006925
   5.319     -0.006587
   5.324     -0.006241
   5.330     -0.005885
   5.335     -0.005519
   5.341     -0.005145
   5.346     -0.004761
   5.351     -0.004368
   5.357     -0.003966
   5.362     -0.003556
   5.368     -0.003137
   5.373     -0.002709
   5.378     -0.002274
   5.384     -0.001831
   5.389     -0.001382
   5.395     -0.000925
   5.400     -0.000464
   5.405      0.000000
