   0.006      0.000519
   0.012     -0.000260
   0.017     -0.001038
   0.023     -0.002334
   0.029     -0.004146
   0.035     -0.006472
   0.041     -0.009309
   0.046     -0.012653
   0.052     -0.016500
   0.058     -0.020846
   0.064     -0.025684
   0.070     -0.031010
   0.075     -0.036816
   0.081     -0.043096
   0.087     -0.049843
   0.093     -0.057048
   0.099     -0.064703
   0.104     -0.072801
   0.110     -0.081330
   0.116     -0.090283
   0.122     -0.099649
   0.128     -0.109418
   0.133     -0.119579
   0.139     -0.130120
   0.145     -0.141030
   0.151     -0.152297
   0.157     -0.163909
   0.162     -0.175853
   0.168     -0.188116
   0.174     -0.200686
   0.180     -0.213548
   0.186     -0.226688
   0.191     -0.240094
   0.197     -0.253751
   0.203     -0.267644
   0.209     -0.281759
   0.215     -0.296082
   0.220     -0.310598
   0.226     -0.325292
   0.232     -0.340149
   0.238     -0.355155
   0.244     -0.370294
   0.249     -0.385553
   0.255     -0.400915
   0.261     -0.416367
   0.267     -0.431894
   0.273     -0.447481
   0.278     -0.463114
   0.284     -0.478778
   0.290     -0.494460
   0.296     -0.510145
   0.302     -0.525821
   0.307     -0.541472
   0.313     -0.557087
   0.319     -0.572653
   0.325     -0.588156
   0.331     -0.603584
   0.336     -0.618926
   0.342     -0.634169
   0.348     -0.649303
   0.354     -0.664316
   0.360     -0.679197
   0.365     -0.693937
   0.371     -0.708525
   0.377     -0.722952
   0.383     -0.737208
   0.389     -0.751286
   0.394     -0.765176
   0.400     -0.778870
   0.406     -0.792361
   0.412     -0.805642
   0.418     -0.818706
   0.423     -0.831546
   0.429     -0.844157
   0.435     -0.856532
   0.441     -0.868667
   0.447     -0.880557
   0.452     -0.892197
   0.458     -0.903584
   0.464     -0.914712
   0.470     -0.925579
   0.476     -0.936182
   0.481     -0.946519
   0.487     -0.956585
   0.493     -0.966380
   0.499     -0.975902
   0.505     -0.985149
   0.510     -0.994119
   0.516     -1.002812
   0.522     -1.011227
   0.528     -1.019363
   0.534     -1.027220
   0.539     -1.034798
   0.545     -1.042097
   0.551     -1.049117
   0.557     -1.055858
   0.563     -1.062321
   0.568     -1.068508
   0.574     -1.074417
   0.580     -1.080052
   0.586     -1.085412
   0.592     -1.090499
   0.597     -1.095314
   0.603     -1.099859
   0.609     -1.104135
   0.615     -1.108142
   0.621     -1.111884
   0.626     -1.115361
   0.632     -1.118576
   0.638     -1.121529
   0.644     -1.124222
   0.650     -1.126658
   0.655     -1.128837
   0.661     -1.130761
   0.667     -1.132433
   0.673     -1.133853
   0.679     -1.135025
   0.684     -1.135948
   0.690     -1.136625
   0.696     -1.137058
   0.702     -1.137248
   0.708     -1.137197
   0.713     -1.136907
   0.719     -1.136379
   0.725     -1.135615
   0.731     -1.134617
   0.737     -1.133386
   0.742     -1.131923
   0.748     -1.130231
   0.754     -1.128311
   0.760     -1.126165
   0.766     -1.123794
   0.771     -1.121200
   0.777     -1.118385
   0.783     -1.115350
   0.789     -1.112097
   0.795     -1.108628
   0.800     -1.104944
   0.806     -1.101047
   0.812     -1.096939
   0.818     -1.092622
   0.824     -1.088098
   0.829     -1.083368
   0.835     -1.078434
   0.841     -1.073299
   0.847     -1.067965
   0.853     -1.062433
   0.858     -1.056705
   0.864     -1.050785
   0.870     -1.044674
   0.876     -1.038373
   0.882     -1.031887
   0.887     -1.025217
   0.893     -1.018365
   0.899     -1.011334
   0.905     -1.004127
   0.911     -0.996746
   0.916     -0.989194
   0.922     -0.981474
   0.928     -0.973588
   0.934     -0.965540
   0.940     -0.957332
   0.945     -0.948967
   0.951     -0.940448
   0.957     -0.931779
   0.963     -0.922962
   0.969     -0.914000
   0.974     -0.904897
   0.980     -0.895657
   0.986     -0.886281
   0.992     -0.876774
   0.998     -0.867140
   1.003     -0.857380
   1.009     -0.847499
   1.015     -0.837501
   1.021     -0.827388
   1.027     -0.817164
   1.032     -0.806833
   1.038     -0.796398
   1.044     -0.785863
   1.050     -0.775231
   1.056     -0.764505
   1.061     -0.753690
   1.067     -0.742789
   1.073     -0.731804
   1.079     -0.720741
   1.085     -0.709601
   1.090     -0.698390
   1.096     -0.687109
   1.102     -0.675763
   1.108     -0.664355
   1.114     -0.652889
   1.119     -0.641367
   1.125     -0.629793
   1.131     -0.618170
   1.137     -0.606502
   1.143     -0.594792
   1.148     -0.583042
   1.154     -0.571257
   1.160     -0.559439
   1.166     -0.547591
   1.172     -0.535716
   1.177     -0.523817
   1.183     -0.511897
   1.189     -0.499959
   1.195     -0.488006
   1.201     -0.476040
   1.206     -0.464064
   1.212     -0.452081
   1.218     -0.440093
   1.224     -0.428102
   1.230     -0.416112
   1.235     -0.404125
   1.241     -0.392142
   1.247     -0.380167
   1.253     -0.368201
   1.259     -0.356247
   1.264     -0.344307
   1.270     -0.332383
   1.276     -0.320477
   1.282     -0.308591
   1.288     -0.296726
   1.293     -0.284886
   1.299     -0.273071
   1.305     -0.261283
   1.311     -0.249525
   1.317     -0.237797
   1.322     -0.226102
   1.328     -0.214440
   1.334     -0.202814
   1.340     -0.191225
   1.346     -0.179675
   1.351     -0.168164
   1.357     -0.156694
   1.363     -0.145268
   1.369     -0.133884
   1.375     -0.122546
   1.380     -0.111255
   1.386     -0.100011
   1.392     -0.088815
   1.398     -0.077669
   1.404     -0.066574
   1.409     -0.055531
   1.415     -0.044541
   1.421     -0.033605
   1.427     -0.022724
   1.433     -0.011899
   1.438     -0.001131
   1.444      0.009580
   1.450      0.020232
   1.456      0.030824
   1.462      0.041356
   1.467      0.051827
   1.473      0.062236
   1.479      0.072582
   1.485      0.082864
   1.491      0.093082
   1.496      0.103235
   1.502      0.113322
   1.508      0.123342
   1.514      0.133296
   1.520      0.143181
   1.525      0.152997
   1.531      0.162745
   1.537      0.172422
   1.543      0.182028
   1.549      0.191563
   1.554      0.201026
   1.560      0.210417
   1.566      0.219734
   1.572      0.228978
   1.578      0.238147
   1.583      0.247241
   1.589      0.256259
   1.595      0.265201
   1.601      0.274066
   1.607      0.282854
   1.612      0.291564
   1.618      0.300196
   1.624      0.308749
   1.630      0.317222
   1.636      0.325615
   1.641      0.333928
   1.647      0.342159
   1.653      0.350309
   1.659      0.358378
   1.665      0.366363
   1.670      0.374266
   1.676      0.382086
   1.682      0.389822
   1.688      0.397473
   1.694      0.405041
   1.699      0.412523
   1.705      0.419920
   1.711      0.427231
   1.717      0.434457
   1.723      0.441596
   1.728      0.448649
   1.734      0.455615
   1.740      0.462494
   1.746      0.469285
   1.752      0.475989
   1.757      0.482606
   1.763      0.489135
   1.769      0.495575
   1.775      0.501928
   1.781      0.508192
   1.786      0.514368
   1.792      0.520456
   1.798      0.526456
   1.804      0.532367
   1.810      0.538191
   1.815      0.543926
   1.821      0.549573
   1.827      0.555132
   1.833      0.560603
   1.839      0.565987
   1.844      0.571283
   1.850      0.576492
   1.856      0.581615
   1.862      0.586651
   1.868      0.591600
   1.873      0.596464
   1.879      0.601242
   1.885      0.605936
   1.891      0.610545
   1.897      0.615069
   1.902      0.619511
   1.908      0.623869
   1.914      0.628144
   1.920      0.632338
   1.926      0.636451
   1.931      0.640482
   1.937      0.644434
   1.943      0.648307
   1.949      0.652101
   1.955      0.655817
   1.960      0.659456
   1.966      0.663019
   1.972      0.666506
   1.978      0.669918
   1.984      0.673256
   1.989      0.676521
   1.995      0.679713
   2.001      0.682834
   2.007      0.685883
   2.013      0.688863
   2.018      0.691774
   2.024      0.694616
   2.030      0.697390
   2.036      0.700098
   2.042      0.702739
   2.047      0.705315
   2.053      0.707827
   2.059      0.710274
   2.065      0.712659
   2.071      0.714981
   2.076      0.717242
   2.082      0.719441
   2.088      0.721581
   2.094      0.723661
   2.100      0.725682
   2.105      0.727645
   2.111      0.729550
   2.117      0.731399
   2.123      0.733191
   2.129      0.734928
   2.134      0.736610
   2.140      0.738238
   2.146      0.739812
   2.152      0.741334
   2.158      0.742803
   2.163      0.744220
   2.169      0.745586
   2.175      0.746902
   2.181      0.748168
   2.187      0.749385
   2.192      0.750552
   2.198      0.751672
   2.204      0.752744
   2.210      0.753769
   2.216      0.754748
   2.221      0.755681
   2.227      0.756568
   2.233      0.757411
   2.239      0.758209
   2.245      0.758964
   2.250      0.759675
   2.256      0.760344
   2.262      0.760970
   2.268      0.761555
   2.274      0.762099
   2.279      0.762602
   2.285      0.763064
   2.291      0.763487
   2.297      0.763871
   2.303      0.764216
   2.308      0.764523
   2.314      0.764792
   2.320      0.765023
   2.326      0.765218
   2.332      0.765376
   2.337      0.765498
   2.343      0.765585
   2.349      0.765636
   2.355      0.765653
   2.361      0.765636
   2.366      0.765584
   2.372      0.765499
   2.378      0.765381
   2.384      0.765231
   2.390      0.765048
   2.395      0.764834
   2.401      0.764588
   2.407      0.764311
   2.413      0.764004
   2.419      0.763666
   2.424      0.763299
   2.430      0.762902
   2.436      0.762476
   2.442      0.762021
   2.448      0.761537
   2.453      0.761026
   2.459      0.760487
   2.465      0.759920
   2.471      0.759327
   2.477      0.758707
   2.482      0.758061
   2.488      0.757388
   2.494      0.756690
   2.500      0.755967
   2.506      0.755219
   2.511      0.754446
   2.517      0.753649
   2.523      0.752828
   2.529      0.751983
   2.535      0.751114
   2.540      0.750223
   2.546      0.749308
   2.552      0.748372
   2.558      0.747412
   2.564      0.746432
   2.569      0.745429
   2.575      0.744405
   2.581      0.743360
   2.587      0.742294
   2.593      0.741208
   2.598      0.740102
   2.604      0.738975
   2.610      0.737829
   2.616      0.736663
   2.622      0.735479
   2.627      0.734275
   2.633      0.733053
   2.639      0.731812
   2.645      0.730553
   2.651      0.729277
   2.656      0.727982
   2.662      0.726670
   2.668      0.725342
   2.674      0.723996
   2.680      0.722633
   2.685      0.721254
   2.691      0.719859
   2.697      0.718448
   2.703      0.717021
   2.709      0.715578
   2.714      0.714120
   2.720      0.712647
   2.726      0.711159
   2.732      0.709656
   2.738      0.708139
   2.743      0.706608
   2.749      0.705062
   2.755      0.703503
   2.761      0.701930
   2.767      0.700344
   2.772      0.698744
   2.778      0.697131
   2.784      0.695506
   2.790      0.693867
   2.796      0.692217
   2.801      0.690553
   2.807      0.688878
   2.813      0.687191
   2.819      0.685492
   2.825      0.683782
   2.830      0.682060
   2.836      0.680327
   2.842      0.678583
   2.848      0.676828
   2.854      0.675062
   2.859      0.673286
   2.865      0.671499
   2.871      0.669702
   2.877      0.667895
   2.883      0.666078
   2.888      0.664252
   2.894      0.662416
   2.900      0.660570
   2.906      0.658716
   2.912      0.656852
   2.917      0.654979
   2.923      0.653097
   2.929      0.651207
   2.935      0.649308
   2.941      0.647401
   2.946      0.645486
   2.952      0.643562
   2.958      0.641631
   2.964      0.639692
   2.970      0.637745
   2.975      0.635791
   2.981      0.633829
   2.987      0.631860
   2.993      0.629883
   2.999      0.627900
   3.004      0.625910
   3.010      0.623913
   3.016      0.621910
   3.022      0.619900
   3.028      0.617883
   3.033      0.615861
   3.039      0.613832
   3.045      0.611797
   3.051      0.609756
   3.057      0.607710
   3.062      0.605658
   3.068      0.603600
   3.074      0.601537
   3.080      0.599468
   3.086      0.597394
   3.091      0.595316
   3.097      0.593232
   3.103      0.591143
   3.109      0.589049
   3.115      0.586951
   3.120      0.584848
   3.126      0.582741
   3.132      0.580629
   3.138      0.578513
   3.144      0.576393
   3.149      0.574268
   3.155      0.572140
   3.161      0.570008
   3.167      0.567871
   3.173      0.565732
   3.178      0.563588
   3.184      0.561441
   3.190      0.559291
   3.196      0.557137
   3.202      0.554980
   3.207      0.552820
   3.213      0.550657
   3.219      0.548490
   3.225      0.546321
   3.231      0.544149
   3.236      0.541974
   3.242      0.539797
   3.248      0.537617
   3.254      0.535434
   3.260      0.533249
   3.265      0.531062
   3.271      0.528872
   3.277      0.526680
   3.283      0.524486
   3.289      0.522290
   3.294      0.520092
   3.300      0.517893
   3.306      0.515691
   3.312      0.513487
   3.318      0.511282
   3.323      0.509075
   3.329      0.506867
   3.335      0.504657
   3.341      0.502446
   3.347      0.500233
   3.352      0.498019
   3.358      0.495804
   3.364      0.493588
   3.370      0.491371
   3.376      0.489152
   3.381      0.486933
   3.387      0.484713
   3.393      0.482492
   3.399      0.480270
   3.405      0.478047
   3.410      0.475824
   3.416      0.473600
   3.422      0.471376
   3.428      0.469151
   3.434      0.466926
   3.439      0.464700
   3.445      0.462474
   3.451      0.460248
   3.457      0.458022
   3.463      0.455795
   3.468      0.453568
   3.474      0.451342
   3.480      0.449115
   3.486      0.446888
   3.492      0.444662
   3.497      0.442435
   3.503      0.440209
   3.509      0.437983
   3.515      0.435757
   3.521      0.433532
   3.526      0.431307
   3.532      0.429083
   3.538      0.426859
   3.544      0.424635
   3.550      0.422412
   3.555      0.420190
   3.561      0.417969
   3.567      0.415748
   3.573      0.413528
   3.579      0.411308
   3.584      0.409090
   3.590      0.406872
   3.596      0.404656
   3.602      0.402440
   3.608      0.400225
   3.613      0.398011
   3.619      0.395799
   3.625      0.393587
   3.631      0.391377
   3.637      0.389168
   3.642      0.386960
   3.648      0.384754
   3.654      0.382548
   3.660      0.380344
   3.666      0.378142
   3.671      0.375941
   3.677      0.373741
   3.683      0.371543
   3.689      0.369346
   3.695      0.367151
   3.700      0.364957
   3.706      0.362765
   3.712      0.360575
   3.718      0.358387
   3.724      0.356200
   3.729      0.354015
   3.735      0.351831
   3.741      0.349650
   3.747      0.347470
   3.753      0.345292
   3.758      0.343116
   3.764      0.340942
   3.770      0.338770
   3.776      0.336600
   3.782      0.334432
   3.787      0.332266
   3.793      0.330102
   3.799      0.327940
   3.805      0.325780
   3.811      0.323623
   3.816      0.321467
   3.822      0.319314
   3.828      0.317163
   3.834      0.315014
   3.840      0.312868
   3.845      0.310724
   3.851      0.308582
   3.857      0.306442
   3.863      0.304305
   3.869      0.302171
   3.874      0.300038
   3.880      0.297908
   3.886      0.295781
   3.892      0.293656
   3.898      0.291534
   3.903      0.289414
   3.909      0.287296
   3.915      0.285182
   3.921      0.283070
   3.927      0.280960
   3.932      0.278853
   3.938      0.276749
   3.944      0.274647
   3.950      0.272548
   3.956      0.270452
   3.961      0.268359
   3.967      0.266268
   3.973      0.264180
   3.979      0.262095
   3.985      0.260013
   3.990      0.257933
   3.996      0.255857
   4.002      0.253783
   4.008      0.251712
   4.014      0.249644
   4.019      0.247579
   4.025      0.245516
   4.031      0.243457
   4.037      0.241401
   4.043      0.239348
   4.048      0.237297
   4.054      0.235250
   4.060      0.233206
   4.066      0.231164
   4.072      0.229126
   4.077      0.227091
   4.083      0.225059
   4.089      0.223030
   4.095      0.221004
   4.101      0.218981
   4.106      0.216962
   4.112      0.214945
   4.118      0.212932
   4.124      0.210922
   4.130      0.208915
   4.135      0.206911
   4.141      0.204910
   4.147      0.202913
   4.153      0.200919
   4.159      0.198928
   4.164      0.196940
   4.170      0.194956
   4.176      0.192975
   4.182      0.190997
   4.188      0.189023
   4.193      0.187052
   4.199      0.185084
   4.205      0.183120
   4.211      0.181159
   4.217      0.179201
   4.222      0.177246
   4.228      0.175295
   4.234      0.173348
   4.240      0.171404
   4.246      0.169463
   4.251      0.167525
   4.257      0.165591
   4.263      0.163661
   4.269      0.161734
   4.275      0.159810
   4.280      0.157890
   4.286      0.155973
   4.292      0.154060
   4.298      0.152150
   4.304      0.150244
   4.309      0.148341
   4.315      0.146442
   4.321      0.144546
   4.327      0.142654
   4.333      0.140765
   4.338      0.138880
   4.344      0.136999
   4.350      0.135121
   4.356      0.133246
   4.362      0.131375
   4.367      0.129508
   4.373      0.127644
   4.379      0.125784
   4.385      0.123928
   4.391      0.122075
   4.396      0.120225
   4.402      0.118380
   4.408      0.116538
   4.414      0.114699
   4.420      0.112864
   4.425      0.111033
   4.431      0.109205
   4.437      0.107382
   4.443      0.105561
   4.449      0.103745
   4.454      0.101932
   4.460      0.100122
   4.466      0.098317
   4.472      0.096515
   4.478      0.094717
   4.483      0.092922
   4.489      0.091131
   4.495      0.089344
   4.501      0.087561
   4.507      0.085781
   4.512      0.084005
   4.518      0.082232
   4.524      0.080464
   4.530      0.078699
   4.536      0.076938
   4.541      0.075180
   4.547      0.073426
   4.553      0.071676
   4.559      0.069930
   4.565      0.068188
   4.570      0.066449
   4.576      0.064714
   4.582      0.062983
   4.588      0.061255
   4.594      0.059531
   4.599      0.057811
   4.605      0.056095
   4.611      0.054383
   4.617      0.052674
   4.623      0.050969
   4.628      0.049268
   4.634      0.047570
   4.640      0.045877
   4.646      0.044187
   4.652      0.042501
   4.657      0.040819
   4.663      0.039140
   4.669      0.037466
   4.675      0.035795
   4.681      0.034128
   4.686      0.032465
   4.692      0.030805
   4.698      0.029149
   4.704      0.027498
   4.710      0.025850
   4.715      0.024205
   4.721      0.022565
   4.727      0.020928
   4.733      0.019296
   4.739      0.017667
   4.744      0.016041
   4.750      0.014420
   4.756      0.012802
   4.762      0.011189
   4.768      0.009579
   4.773      0.007973
   4.779      0.006371
   4.785      0.004772
   4.791      0.003178
   4.797      0.001587
   4.802      0.000000
