   0.006     -0.001582
   0.012      0.000792
   0.017      0.003165
   0.023      0.007120
   0.029      0.012651
   0.035      0.019756
   0.041      0.028426
   0.046      0.038656
   0.052      0.050437
   0.058      0.063759
   0.064      0.078611
   0.070      0.094980
   0.075      0.112853
   0.081      0.132216
   0.087      0.153051
   0.093      0.175341
   0.099      0.199068
   0.104      0.224213
   0.110      0.250753
   0.116      0.278668
   0.122      0.307933
   0.128      0.338524
   0.133      0.370417
   0.139      0.403583
   0.145      0.437996
   0.151      0.473627
   0.157      0.510447
   0.162      0.548423
   0.168      0.587526
   0.174      0.627722
   0.180      0.668977
   0.186      0.711258
   0.191      0.754530
   0.197      0.798755
   0.203      0.843898
   0.209      0.889922
   0.215      0.936786
   0.220      0.984454
   0.226      1.032885
   0.232      1.082039
   0.238      1.131876
   0.244      1.182353
   0.249      1.233431
   0.255      1.285065
   0.261      1.337214
   0.267      1.389835
   0.273      1.442885
   0.278      1.496320
   0.284      1.550096
   0.290      1.604169
   0.296      1.658495
   0.302      1.713030
   0.307      1.767730
   0.313      1.822550
   0.319      1.877446
   0.325      1.932373
   0.331      1.987289
   0.336      2.042148
   0.342      2.096907
   0.348      2.151522
   0.354      2.205950
   0.360      2.260149
   0.365      2.314076
   0.371      2.367689
   0.377      2.420945
   0.383      2.473805
   0.389      2.526227
   0.394      2.578172
   0.400      2.629600
   0.406      2.680473
   0.412      2.730752
   0.418      2.780401
   0.423      2.829383
   0.429      2.877663
   0.435      2.925205
   0.441      2.971976
   0.447      3.017944
   0.452      3.063075
   0.458      3.107340
   0.464      3.150708
   0.470      3.193151
   0.476      3.234640
   0.481      3.275149
   0.487      3.314652
   0.493      3.353125
   0.499      3.390544
   0.505      3.426888
   0.510      3.462136
   0.516      3.496267
   0.522      3.529263
   0.528      3.561108
   0.534      3.591784
   0.539      3.621278
   0.545      3.649576
   0.551      3.676665
   0.557      3.702534
   0.563      3.727175
   0.568      3.750578
   0.574      3.772736
   0.580      3.793643
   0.586      3.813296
   0.592      3.831689
   0.597      3.848822
   0.603      3.864692
   0.609      3.879301
   0.615      3.892650
   0.621      3.904741
   0.626      3.915578
   0.632      3.925166
   0.638      3.933511
   0.644      3.940620
   0.650      3.946502
   0.655      3.951165
   0.661      3.954620
   0.667      3.956878
   0.673      3.957951
   0.679      3.957853
   0.684      3.956597
   0.690      3.954198
   0.696      3.950672
   0.702      3.946036
   0.708      3.940308
   0.713      3.933504
   0.719      3.925644
   0.725      3.916747
   0.731      3.906834
   0.737      3.895924
   0.742      3.884040
   0.748      3.871203
   0.754      3.857435
   0.760      3.842759
   0.766      3.827199
   0.771      3.810776
   0.777      3.793516
   0.783      3.775443
   0.789      3.756580
   0.795      3.736953
   0.800      3.716586
   0.806      3.695505
   0.812      3.673734
   0.818      3.651298
   0.824      3.628224
   0.829      3.604535
   0.835      3.580258
   0.841      3.555418
   0.847      3.530040
   0.853      3.504149
   0.858      3.477770
   0.864      3.450928
   0.870      3.423648
   0.876      3.395953
   0.882      3.367869
   0.887      3.339419
   0.893      3.310628
   0.899      3.281517
   0.905      3.252112
   0.911      3.222434
   0.916      3.192506
   0.922      3.162350
   0.928      3.131988
   0.934      3.101441
   0.940      3.070730
   0.945      3.039876
   0.951      3.008898
   0.957      2.977816
   0.963      2.946650
   0.969      2.915418
   0.974      2.884138
   0.980      2.852828
   0.986      2.821506
   0.992      2.790188
   0.998      2.758890
   1.003      2.727628
   1.009      2.696418
   1.015      2.665275
   1.021      2.634212
   1.027      2.603243
   1.032      2.572383
   1.038      2.541642
   1.044      2.511035
   1.050      2.480573
   1.056      2.450266
   1.061      2.420127
   1.067      2.390164
   1.073      2.360389
   1.079      2.330811
   1.085      2.301438
   1.090      2.272279
   1.096      2.243342
   1.102      2.214635
   1.108      2.186165
   1.114      2.157939
   1.119      2.129963
   1.125      2.102243
   1.131      2.074784
   1.137      2.047592
   1.143      2.020671
   1.148      1.994026
   1.154      1.967661
   1.160      1.941580
   1.166      1.915785
   1.172      1.890280
   1.177      1.865068
   1.183      1.840150
   1.189      1.815530
   1.195      1.791208
   1.201      1.767186
   1.206      1.743465
   1.212      1.720047
   1.218      1.696931
   1.224      1.674119
   1.230      1.651610
   1.235      1.629405
   1.241      1.607503
   1.247      1.585904
   1.253      1.564606
   1.259      1.543610
   1.264      1.522915
   1.270      1.502518
   1.276      1.482418
   1.282      1.462615
   1.288      1.443106
   1.293      1.423890
   1.299      1.404964
   1.305      1.386327
   1.311      1.367975
   1.317      1.349908
   1.322      1.332123
   1.328      1.314616
   1.334      1.297386
   1.340      1.280429
   1.346      1.263743
   1.351      1.247325
   1.357      1.231172
   1.363      1.215282
   1.369      1.199650
   1.375      1.184274
   1.380      1.169151
   1.386      1.154278
   1.392      1.139651
   1.398      1.125267
   1.404      1.111123
   1.409      1.097215
   1.415      1.083541
   1.421      1.070096
   1.427      1.056878
   1.433      1.043882
   1.438      1.031107
   1.444      1.018547
   1.450      1.006201
   1.456      0.994063
   1.462      0.982132
   1.467      0.970403
   1.473      0.958874
   1.479      0.947540
   1.485      0.936399
   1.491      0.925448
   1.496      0.914682
   1.502      0.904098
   1.508      0.893694
   1.514      0.883466
   1.520      0.873410
   1.525      0.863525
   1.531      0.853805
   1.537      0.844249
   1.543      0.834852
   1.549      0.825613
   1.554      0.816527
   1.560      0.807593
   1.566      0.798806
   1.572      0.790164
   1.578      0.781664
   1.583      0.773303
   1.589      0.765079
   1.595      0.756987
   1.601      0.749027
   1.607      0.741194
   1.612      0.733486
   1.618      0.725901
   1.624      0.718435
   1.630      0.711087
   1.636      0.703853
   1.641      0.696732
   1.647      0.689720
   1.653      0.682816
   1.659      0.676016
   1.665      0.669319
   1.670      0.662722
   1.676      0.656223
   1.682      0.649820
   1.688      0.643511
   1.694      0.637293
   1.699      0.631164
   1.705      0.625123
   1.711      0.619166
   1.717      0.613294
   1.723      0.607502
   1.728      0.601790
   1.734      0.596156
   1.740      0.590598
   1.746      0.585114
   1.752      0.579702
   1.757      0.574362
   1.763      0.569090
   1.769      0.563886
   1.775      0.558747
   1.781      0.553674
   1.786      0.548663
   1.792      0.543714
   1.798      0.538825
   1.804      0.533995
   1.810      0.529223
   1.815      0.524506
   1.821      0.519845
   1.827      0.515238
   1.833      0.510684
   1.839      0.506181
   1.844      0.501729
   1.850      0.497326
   1.856      0.492972
   1.862      0.488665
   1.868      0.484405
   1.873      0.480191
   1.879      0.476021
   1.885      0.471895
   1.891      0.467813
   1.897      0.463773
   1.902      0.459775
   1.908      0.455817
   1.914      0.451900
   1.920      0.448023
   1.926      0.444185
   1.931      0.440385
   1.937      0.436622
   1.943      0.432897
   1.949      0.429209
   1.955      0.425557
   1.960      0.421941
   1.966      0.418360
   1.972      0.414814
   1.978      0.411302
   1.984      0.407824
   1.989      0.404380
   1.995      0.400968
   2.001      0.397590
   2.007      0.394244
   2.013      0.390930
   2.018      0.387647
   2.024      0.384396
   2.030      0.381176
   2.036      0.377986
   2.042      0.374827
   2.047      0.371698
   2.053      0.368598
   2.059      0.365528
   2.065      0.362487
   2.071      0.359474
   2.076      0.356489
   2.082      0.353533
   2.088      0.350604
   2.094      0.347703
   2.100      0.344829
   2.105      0.341982
   2.111      0.339161
   2.117      0.336366
   2.123      0.333598
   2.129      0.330855
   2.134      0.328138
   2.140      0.325445
   2.146      0.322778
   2.152      0.320135
   2.158      0.317516
   2.163      0.314922
   2.169      0.312351
   2.175      0.309804
   2.181      0.307280
   2.187      0.304779
   2.192      0.302302
   2.198      0.299846
   2.204      0.297413
   2.210      0.295002
   2.216      0.292613
   2.221      0.290246
   2.227      0.287900
   2.233      0.285575
   2.239      0.283271
   2.245      0.280988
   2.250      0.278725
   2.256      0.276483
   2.262      0.274260
   2.268      0.272058
   2.274      0.269875
   2.279      0.267712
   2.285      0.265568
   2.291      0.263443
   2.297      0.261337
   2.303      0.259250
   2.308      0.257181
   2.314      0.255130
   2.320      0.253098
   2.326      0.251083
   2.332      0.249086
   2.337      0.247107
   2.343      0.245145
   2.349      0.243201
   2.355      0.241273
   2.361      0.239362
   2.366      0.237468
   2.372      0.235591
   2.378      0.233729
   2.384      0.231884
   2.390      0.230055
   2.395      0.228242
   2.401      0.226444
   2.407      0.224662
   2.413      0.222896
   2.419      0.221144
   2.424      0.219408
   2.430      0.217687
   2.436      0.215980
   2.442      0.214288
   2.448      0.212611
   2.453      0.210948
   2.459      0.209299
   2.465      0.207664
   2.471      0.206043
   2.477      0.204436
   2.482      0.202842
   2.488      0.201262
   2.494      0.199695
   2.500      0.198142
   2.506      0.196602
   2.511      0.195074
   2.517      0.193560
   2.523      0.192058
   2.529      0.190569
   2.535      0.189092
   2.540      0.187628
   2.546      0.186176
   2.552      0.184736
   2.558      0.183308
   2.564      0.181892
   2.569      0.180488
   2.575      0.179095
   2.581      0.177714
   2.587      0.176345
   2.593      0.174986
   2.598      0.173639
   2.604      0.172303
   2.610      0.170978
   2.616      0.169664
   2.622      0.168361
   2.627      0.167069
   2.633      0.165787
   2.639      0.164515
   2.645      0.163254
   2.651      0.162003
   2.656      0.160763
   2.662      0.159532
   2.668      0.158312
   2.674      0.157101
   2.680      0.155900
   2.685      0.154709
   2.691      0.153528
   2.697      0.152356
   2.703      0.151194
   2.709      0.150040
   2.714      0.148897
   2.720      0.147762
   2.726      0.146637
   2.732      0.145520
   2.738      0.144412
   2.743      0.143314
   2.749      0.142224
   2.755      0.141143
   2.761      0.140070
   2.767      0.139006
   2.772      0.137950
   2.778      0.136903
   2.784      0.135864
   2.790      0.134833
   2.796      0.133810
   2.801      0.132796
   2.807      0.131789
   2.813      0.130791
   2.819      0.129800
   2.825      0.128817
   2.830      0.127841
   2.836      0.126874
   2.842      0.125913
   2.848      0.124961
   2.854      0.124016
   2.859      0.123078
   2.865      0.122147
   2.871      0.121224
   2.877      0.120308
   2.883      0.119398
   2.888      0.118496
   2.894      0.117601
   2.900      0.116713
   2.906      0.115832
   2.912      0.114957
   2.917      0.114089
   2.923      0.113228
   2.929      0.112373
   2.935      0.111525
   2.941      0.110684
   2.946      0.109849
   2.952      0.109020
   2.958      0.108197
   2.964      0.107381
   2.970      0.106571
   2.975      0.105767
   2.981      0.104970
   2.987      0.104178
   2.993      0.103392
   2.999      0.102612
   3.004      0.101838
   3.010      0.101070
   3.016      0.100308
   3.022      0.099551
   3.028      0.098800
   3.033      0.098055
   3.039      0.097315
   3.045      0.096581
   3.051      0.095852
   3.057      0.095129
   3.062      0.094411
   3.068      0.093698
   3.074      0.092991
   3.080      0.092289
   3.086      0.091592
   3.091      0.090900
   3.097      0.090213
   3.103      0.089532
   3.109      0.088855
   3.115      0.088184
   3.120      0.087517
   3.126      0.086855
   3.132      0.086198
   3.138      0.085546
   3.144      0.084899
   3.149      0.084256
   3.155      0.083618
   3.161      0.082985
   3.167      0.082356
   3.173      0.081732
   3.178      0.081112
   3.184      0.080497
   3.190      0.079886
   3.196      0.079280
   3.202      0.078678
   3.207      0.078081
   3.213      0.077487
   3.219      0.076898
   3.225      0.076313
   3.231      0.075733
   3.236      0.075156
   3.242      0.074584
   3.248      0.074015
   3.254      0.073451
   3.260      0.072891
   3.265      0.072334
   3.271      0.071782
   3.277      0.071234
   3.283      0.070689
   3.289      0.070148
   3.294      0.069611
   3.300      0.069078
   3.306      0.068549
   3.312      0.068023
   3.318      0.067501
   3.323      0.066983
   3.329      0.066468
   3.335      0.065957
   3.341      0.065449
   3.347      0.064945
   3.352      0.064445
   3.358      0.063948
   3.364      0.063454
   3.370      0.062964
   3.376      0.062477
   3.381      0.061993
   3.387      0.061513
   3.393      0.061036
   3.399      0.060563
   3.405      0.060092
   3.410      0.059625
   3.416      0.059161
   3.422      0.058701
   3.428      0.058243
   3.434      0.057789
   3.439      0.057337
   3.445      0.056889
   3.451      0.056443
   3.457      0.056001
   3.463      0.055562
   3.468      0.055125
   3.474      0.054692
   3.480      0.054261
   3.486      0.053834
   3.492      0.053409
   3.497      0.052987
   3.503      0.052568
   3.509      0.052152
   3.515      0.051738
   3.521      0.051327
   3.526      0.050919
   3.532      0.050514
   3.538      0.050111
   3.544      0.049711
   3.550      0.049314
   3.555      0.048919
   3.561      0.048527
   3.567      0.048137
   3.573      0.047750
   3.579      0.047365
   3.584      0.046983
   3.590      0.046604
   3.596      0.046226
   3.602      0.045852
   3.608      0.045480
   3.613      0.045110
   3.619      0.044742
   3.625      0.044377
   3.631      0.044015
   3.637      0.043654
   3.642      0.043296
   3.648      0.042940
   3.654      0.042587
   3.660      0.042235
   3.666      0.041886
   3.671      0.041540
   3.677      0.041195
   3.683      0.040852
   3.689      0.040512
   3.695      0.040174
   3.700      0.039838
   3.706      0.039504
   3.712      0.039172
   3.718      0.038843
   3.724      0.038515
   3.729      0.038189
   3.735      0.037866
   3.741      0.037544
   3.747      0.037224
   3.753      0.036907
   3.758      0.036591
   3.764      0.036277
   3.770      0.035965
   3.776      0.035655
   3.782      0.035347
   3.787      0.035041
   3.793      0.034737
   3.799      0.034434
   3.805      0.034134
   3.811      0.033835
   3.816      0.033538
   3.822      0.033243
   3.828      0.032949
   3.834      0.032658
   3.840      0.032368
   3.845      0.032080
   3.851      0.031793
   3.857      0.031508
   3.863      0.031225
   3.869      0.030944
   3.874      0.030664
   3.880      0.030386
   3.886      0.030109
   3.892      0.029835
   3.898      0.029561
   3.903      0.029290
   3.909      0.029020
   3.915      0.028751
   3.921      0.028484
   3.927      0.028219
   3.932      0.027955
   3.938      0.027692
   3.944      0.027431
   3.950      0.027172
   3.956      0.026914
   3.961      0.026658
   3.967      0.026403
   3.973      0.026149
   3.979      0.025897
   3.985      0.025646
   3.990      0.025397
   3.996      0.025149
   4.002      0.024903
   4.008      0.024657
   4.014      0.024414
   4.019      0.024171
   4.025      0.023930
   4.031      0.023690
   4.037      0.023452
   4.043      0.023214
   4.048      0.022979
   4.054      0.022744
   4.060      0.022511
   4.066      0.022278
   4.072      0.022048
   4.077      0.021818
   4.083      0.021590
   4.089      0.021363
   4.095      0.021137
   4.101      0.020912
   4.106      0.020688
   4.112      0.020466
   4.118      0.020245
   4.124      0.020025
   4.130      0.019806
   4.135      0.019588
   4.141      0.019371
   4.147      0.019156
   4.153      0.018941
   4.159      0.018728
   4.164      0.018516
   4.170      0.018304
   4.176      0.018094
   4.182      0.017885
   4.188      0.017677
   4.193      0.017470
   4.199      0.017264
   4.205      0.017059
   4.211      0.016855
   4.217      0.016653
   4.222      0.016451
   4.228      0.016250
   4.234      0.016050
   4.240      0.015851
   4.246      0.015653
   4.251      0.015456
   4.257      0.015260
   4.263      0.015065
   4.269      0.014870
   4.275      0.014677
   4.280      0.014485
   4.286      0.014293
   4.292      0.014103
   4.298      0.013913
   4.304      0.013724
   4.309      0.013536
   4.315      0.013349
   4.321      0.013163
   4.327      0.012977
   4.333      0.012793
   4.338      0.012609
   4.344      0.012426
   4.350      0.012244
   4.356      0.012063
   4.362      0.011882
   4.367      0.011703
   4.373      0.011524
   4.379      0.011346
   4.385      0.011168
   4.391      0.010992
   4.396      0.010816
   4.402      0.010641
   4.408      0.010467
   4.414      0.010293
   4.420      0.010120
   4.425      0.009948
   4.431      0.009777
   4.437      0.009606
   4.443      0.009436
   4.449      0.009266
   4.454      0.009098
   4.460      0.008930
   4.466      0.008763
   4.472      0.008596
   4.478      0.008430
   4.483      0.008265
   4.489      0.008100
   4.495      0.007936
   4.501      0.007773
   4.507      0.007610
   4.512      0.007448
   4.518      0.007286
   4.524      0.007125
   4.530      0.006965
   4.536      0.006805
   4.541      0.006646
   4.547      0.006487
   4.553      0.006330
   4.559      0.006172
   4.565      0.006015
   4.570      0.005859
   4.576      0.005703
   4.582      0.005548
   4.588      0.005393
   4.594      0.005239
   4.599      0.005086
   4.605      0.004933
   4.611      0.004780
   4.617      0.004628
   4.623      0.004477
   4.628      0.004326
   4.634      0.004175
   4.640      0.004025
   4.646      0.003876
   4.652      0.003726
   4.657      0.003578
   4.663      0.003430
   4.669      0.003282
   4.675      0.003135
   4.681      0.002988
   4.686      0.002842
   4.692      0.002696
   4.698      0.002550
   4.704      0.002405
   4.710      0.002261
   4.715      0.002116
   4.721      0.001973
   4.727      0.001829
   4.733      0.001686
   4.739      0.001544
   4.744      0.001402
   4.750      0.001260
   4.756      0.001118
   4.762      0.000977
   4.768      0.000837
   4.773      0.000696
   4.779      0.000556
   4.785      0.000417
   4.791      0.000277
   4.797      0.000139
   4.802      0.000000
