   0.000      2.126215
   0.008      2.126215
   0.015      2.126215
   0.023      2.126215
   0.031      2.126215
   0.039      2.126214
   0.046      2.126213
   0.054      2.126211
   0.062      2.126206
   0.069      2.126197
   0.077      2.126181
   0.085      2.126156
   0.093      2.126117
   0.100      2.126058
   0.108      2.125974
   0.116      2.125857
   0.123      2.125696
   0.131      2.125480
   0.139      2.125198
   0.147      2.124835
   0.154      2.124375
   0.162      2.123800
   0.170      2.123091
   0.177      2.122229
   0.185      2.121190
   0.193      2.119953
   0.201      2.118494
   0.208      2.116787
   0.216      2.114809
   0.224      2.112534
   0.231      2.109938
   0.239      2.106995
   0.247      2.103682
   0.254      2.099977
   0.262      2.095858
   0.270      2.091304
   0.278      2.086299
   0.285      2.080825
   0.293      2.074870
   0.301      2.068421
   0.308      2.061470
   0.316      2.054011
   0.324      2.046041
   0.332      2.037560
   0.339      2.028568
   0.347      2.019073
   0.355      2.009080
   0.362      1.998602
   0.370      1.987649
   0.378      1.976239
   0.386      1.964387
   0.393      1.952112
   0.401      1.939436
   0.409      1.926382
   0.416      1.912971
   0.424      1.899229
   0.432      1.885182
   0.440      1.870854
   0.447      1.856273
   0.455      1.841465
   0.463      1.826455
   0.470      1.811270
   0.478      1.795935
   0.486      1.780476
   0.494      1.764917
   0.501      1.749281
   0.509      1.733590
   0.517      1.717867
   0.524      1.702132
   0.532      1.686404
   0.540      1.670702
   0.548      1.655042
   0.555      1.639441
   0.563      1.623914
   0.571      1.608473
   0.578      1.593131
   0.586      1.577900
   0.594      1.562790
   0.602      1.547811
   0.609      1.532969
   0.617      1.518274
   0.625      1.503730
   0.632      1.489345
   0.640      1.475122
   0.648      1.461065
   0.655      1.447179
   0.663      1.433465
   0.671      1.419926
   0.679      1.406563
   0.686      1.393379
   0.694      1.380372
   0.702      1.367544
   0.709      1.354895
   0.717      1.342423
   0.725      1.330129
   0.733      1.318011
   0.740      1.306068
   0.748      1.294299
   0.756      1.282702
   0.763      1.271275
   0.771      1.260016
   0.779      1.248924
   0.787      1.237996
   0.794      1.227229
   0.802      1.216622
   0.810      1.206173
   0.817      1.195878
   0.825      1.185735
   0.833      1.175743
   0.841      1.165898
   0.848      1.156198
   0.856      1.146640
   0.864      1.137223
   0.871      1.127943
   0.879      1.118798
   0.887      1.109786
   0.895      1.100904
   0.902      1.092151
   0.910      1.083523
   0.918      1.075018
   0.925      1.066634
   0.933      1.058370
   0.941      1.050222
   0.949      1.042188
   0.956      1.034267
   0.964      1.026456
   0.972      1.018753
   0.979      1.011157
   0.987      1.003665
   0.995      0.996276
   1.003      0.988987
   1.010      0.981796
   1.018      0.974703
   1.026      0.967704
   1.033      0.960799
   1.041      0.953986
   1.049      0.947263
   1.056      0.940628
   1.064      0.934080
   1.072      0.927617
   1.080      0.921238
   1.087      0.914941
   1.095      0.908725
   1.103      0.902588
   1.110      0.896530
   1.118      0.890548
   1.126      0.884641
   1.134      0.878808
   1.141      0.873048
   1.149      0.867359
   1.157      0.861741
   1.164      0.856191
   1.172      0.850709
   1.180      0.845294
   1.188      0.839945
   1.195      0.834660
   1.203      0.829438
   1.211      0.824278
   1.218      0.819180
   1.226      0.814142
   1.234      0.809163
   1.242      0.804242
   1.249      0.799379
   1.257      0.794571
   1.265      0.789820
   1.272      0.785122
   1.280      0.780479
   1.288      0.775888
   1.296      0.771349
   1.303      0.766861
   1.311      0.762424
   1.319      0.758036
   1.326      0.753696
   1.334      0.749405
   1.342      0.745160
   1.350      0.740962
   1.357      0.736810
   1.365      0.732703
   1.373      0.728640
   1.380      0.724620
   1.388      0.720644
   1.396      0.716710
   1.404      0.712817
   1.411      0.708966
   1.419      0.705155
   1.427      0.701383
   1.434      0.697651
   1.442      0.693958
   1.450      0.690302
   1.457      0.686684
   1.465      0.683103
   1.473      0.679558
   1.481      0.676050
   1.488      0.672576
   1.496      0.669137
   1.504      0.665733
   1.511      0.662362
   1.519      0.659025
   1.527      0.655720
   1.535      0.652448
   1.542      0.649208
   1.550      0.645999
   1.558      0.642822
   1.565      0.639675
   1.573      0.636558
   1.581      0.633471
   1.589      0.630413
   1.596      0.627384
   1.604      0.624384
   1.612      0.621411
   1.619      0.618467
   1.627      0.615550
   1.635      0.612660
   1.643      0.609796
   1.650      0.606959
   1.658      0.604148
   1.666      0.601363
   1.673      0.598602
   1.681      0.595867
   1.689      0.593156
   1.697      0.590470
   1.704      0.587807
   1.712      0.585168
   1.720      0.582552
   1.727      0.579960
   1.735      0.577390
   1.743      0.574843
   1.751      0.572317
   1.758      0.569814
   1.766      0.567332
   1.774      0.564872
   1.781      0.562433
   1.789      0.560014
   1.797      0.557616
   1.805      0.555238
   1.812      0.552880
   1.820      0.550543
   1.828      0.548224
   1.835      0.545925
   1.843      0.543645
   1.851      0.541384
   1.859      0.539141
   1.866      0.536917
   1.874      0.534711
   1.882      0.532523
   1.889      0.530352
   1.897      0.528199
   1.905      0.526064
   1.912      0.523945
   1.920      0.521843
   1.928      0.519759
   1.936      0.517690
   1.943      0.515638
   1.951      0.513602
   1.959      0.511582
   1.966      0.509578
   1.974      0.507589
   1.982      0.505616
   1.990      0.503657
   1.997      0.501714
   2.005      0.499786
   2.013      0.497873
   2.020      0.495974
   2.028      0.494089
   2.036      0.492219
   2.044      0.490362
   2.051      0.488520
   2.059      0.486691
   2.067      0.484876
   2.074      0.483075
   2.082      0.481286
   2.090      0.479511
   2.098      0.477749
   2.105      0.475999
   2.113      0.474263
   2.121      0.472539
   2.128      0.470827
   2.136      0.469128
   2.144      0.467441
   2.152      0.465766
   2.159      0.464103
   2.167      0.462452
   2.175      0.460812
   2.182      0.459184
   2.190      0.457568
   2.198      0.455963
   2.206      0.454369
   2.213      0.452786
   2.221      0.451214
   2.229      0.449653
   2.236      0.448102
   2.244      0.446563
   2.252      0.445034
   2.260      0.443515
   2.267      0.442006
   2.275      0.440508
   2.283      0.439020
   2.290      0.437542
   2.298      0.436074
   2.306      0.434616
   2.313      0.433167
   2.321      0.431728
   2.329      0.430298
   2.337      0.428878
   2.344      0.427468
   2.352      0.426066
   2.360      0.424674
   2.367      0.423291
   2.375      0.421916
   2.383      0.420551
   2.391      0.419194
   2.398      0.417846
   2.406      0.416507
   2.414      0.415176
   2.421      0.413854
   2.429      0.412540
   2.437      0.411235
   2.445      0.409938
   2.452      0.408649
   2.460      0.407368
   2.468      0.406095
   2.475      0.404829
   2.483      0.403572
   2.491      0.402323
   2.499      0.401081
   2.506      0.399847
   2.514      0.398620
   2.522      0.397401
   2.529      0.396190
   2.537      0.394986
   2.545      0.393789
   2.553      0.392599
   2.560      0.391416
   2.568      0.390241
   2.576      0.389073
   2.583      0.387911
   2.591      0.386757
   2.599      0.385609
   2.607      0.384468
   2.614      0.383334
   2.622      0.382207
   2.630      0.381086
   2.637      0.379971
   2.645      0.378864
   2.653      0.377762
   2.661      0.376667
   2.668      0.375579
   2.676      0.374496
   2.684      0.373420
   2.691      0.372350
   2.699      0.371286
   2.707      0.370229
   2.714      0.369177
   2.722      0.368131
   2.730      0.367091
   2.738      0.366057
   2.745      0.365029
   2.753      0.364006
   2.761      0.362990
   2.768      0.361978
   2.776      0.360973
   2.784      0.359973
   2.792      0.358979
   2.799      0.357990
   2.807      0.357006
   2.815      0.356028
   2.822      0.355055
   2.830      0.354088
   2.838      0.353126
   2.846      0.352169
   2.853      0.351217
   2.861      0.350270
   2.869      0.349329
   2.876      0.348392
   2.884      0.347461
   2.892      0.346534
   2.900      0.345612
   2.907      0.344696
   2.915      0.343784
   2.923      0.342877
   2.930      0.341974
   2.938      0.341077
   2.946      0.340184
   2.954      0.339296
   2.961      0.338412
   2.969      0.337533
   2.977      0.336659
   2.984      0.335789
   2.992      0.334923
   3.000      0.334062
   3.008      0.333206
   3.015      0.332354
   3.023      0.331506
   3.031      0.330662
   3.038      0.329823
   3.046      0.328988
   3.054      0.328157
   3.062      0.327331
   3.069      0.326508
