   0.000      4.368408
   0.008      4.368890
   0.015      4.370176
   0.023      4.375465
   0.031      4.388819
   0.039      4.413573
   0.046      4.450672
   0.054      4.498931
   0.062      4.555673
   0.069      4.618629
   0.077      4.685820
   0.085      4.755834
   0.093      4.827669
   0.100      4.900520
   0.108      4.973803
   0.116      5.047020
   0.123      5.119736
   0.131      5.191568
   0.139      5.262145
   0.147      5.331409
   0.154      5.398856
   0.162      5.464137
   0.170      5.526969
   0.177      5.587056
   0.185      5.644139
   0.193      5.697942
   0.201      5.748230
   0.208      5.794756
   0.216      5.837287
   0.224      5.875612
   0.231      5.909510
   0.239      5.938795
   0.247      5.963277
   0.254      5.982791
   0.262      5.997175
   0.270      6.006277
   0.278      6.009972
   0.285      6.008141
   0.293      6.000692
   0.301      5.987532
   0.308      5.968589
   0.316      5.943811
   0.324      5.913158
   0.332      5.876606
   0.339      5.834152
   0.347      5.785807
   0.355      5.731595
   0.362      5.671557
   0.370      5.605749
   0.378      5.534254
   0.386      5.457150
   0.393      5.374543
   0.401      5.286565
   0.409      5.193342
   0.416      5.095018
   0.424      4.991764
   0.432      4.883752
   0.440      4.771169
   0.447      4.654223
   0.455      4.533123
   0.463      4.408096
   0.470      4.279375
   0.478      4.147210
   0.486      4.011856
   0.494      3.873578
   0.501      3.732650
   0.509      3.589355
   0.517      3.443979
   0.524      3.296822
   0.532      3.148181
   0.540      2.998367
   0.548      2.847687
   0.555      2.696457
   0.563      2.544993
   0.571      2.393617
   0.578      2.242641
   0.586      2.092390
   0.594      1.943179
   0.602      1.795325
   0.609      1.649139
   0.617      1.504929
   0.625      1.362997
   0.632      1.223641
   0.640      1.087145
   0.648      0.953794
   0.655      0.823850
   0.663      0.697577
   0.671      0.575214
   0.679      0.456990
   0.686      0.343146
   0.694      0.233919
   0.702      0.129470
   0.709      0.029919
   0.717     -0.064584
   0.725     -0.153903
   0.733     -0.237930
   0.740     -0.316581
   0.748     -0.389785
   0.756     -0.457505
   0.763     -0.519713
   0.771     -0.576416
   0.779     -0.627637
   0.787     -0.673422
   0.794     -0.713840
   0.802     -0.748985
   0.810     -0.778967
   0.817     -0.803926
   0.825     -0.824015
   0.833     -0.839409
   0.841     -0.850306
   0.848     -0.856917
   0.856     -0.859470
   0.864     -0.858215
   0.871     -0.853405
   0.879     -0.845315
   0.887     -0.834231
   0.895     -0.820436
   0.902     -0.804238
   0.910     -0.785933
   0.918     -0.765826
   0.925     -0.744236
   0.933     -0.721458
   0.941     -0.697787
   0.949     -0.673536
   0.956     -0.648974
   0.964     -0.624367
   0.972     -0.599992
   0.979     -0.576068
   0.987     -0.552803
   0.995     -0.530411
   1.003     -0.509031
   1.010     -0.488777
   1.018     -0.469761
   1.026     -0.452017
   1.033     -0.435522
   1.041     -0.420211
   1.049     -0.405978
   1.056     -0.392700
   1.064     -0.380163
   1.072     -0.367997
   1.080     -0.356233
   1.087     -0.344821
   1.095     -0.333778
   1.103     -0.323073
   1.110     -0.312666
   1.118     -0.302562
   1.126     -0.292796
   1.134     -0.283330
   1.141     -0.274153
   1.149     -0.265254
   1.157     -0.256627
   1.164     -0.248261
   1.172     -0.240148
   1.180     -0.232282
   1.188     -0.224653
   1.195     -0.217254
   1.203     -0.210077
   1.211     -0.203117
   1.218     -0.196366
   1.226     -0.189818
   1.234     -0.183466
   1.242     -0.177304
   1.249     -0.171327
   1.257     -0.165530
   1.265     -0.159905
   1.272     -0.154448
   1.280     -0.149157
   1.288     -0.144021
   1.296     -0.139040
   1.303     -0.134208
   1.311     -0.129521
   1.319     -0.124974
   1.326     -0.120562
   1.334     -0.116283
   1.342     -0.112132
   1.350     -0.108106
   1.357     -0.104200
   1.365     -0.100411
   1.373     -0.096736
   1.380     -0.093172
   1.388     -0.089714
   1.396     -0.086361
   1.404     -0.083109
   1.411     -0.079955
   1.419     -0.076897
   1.427     -0.073930
   1.434     -0.071055
   1.442     -0.068265
   1.450     -0.065561
   1.457     -0.062940
   1.465     -0.060398
   1.473     -0.057934
   1.481     -0.055545
   1.488     -0.053230
   1.496     -0.050986
   1.504     -0.048810
   1.511     -0.046703
   1.519     -0.044660
   1.527     -0.042681
   1.535     -0.040764
   1.542     -0.038906
   1.550     -0.037106
   1.558     -0.035363
   1.565     -0.033675
   1.573     -0.032039
   1.581     -0.030456
   1.589     -0.028923
   1.596     -0.027439
   1.604     -0.026001
   1.612     -0.024610
   1.619     -0.023264
   1.627     -0.021961
   1.635     -0.020701
   1.643     -0.019481
   1.650     -0.018301
   1.658     -0.017161
   1.666     -0.016057
   1.673     -0.014989
   1.681     -0.013958
   1.689     -0.012960
   1.697     -0.011996
   1.704     -0.011065
   1.712     -0.010164
   1.720     -0.009294
   1.727     -0.008454
   1.735     -0.007644
   1.743     -0.006860
   1.751     -0.006104
   1.758     -0.005374
   1.766     -0.004669
   1.774     -0.003990
   1.781     -0.003334
   1.789     -0.002703
   1.797     -0.002093
   1.805     -0.001505
   1.812     -0.000939
   1.820     -0.000393
   1.828      0.000132
   1.835      0.000638
   1.843      0.001125
   1.851      0.001594
   1.859      0.002045
   1.866      0.002479
   1.874      0.002896
   1.882      0.003298
   1.889      0.003683
   1.897      0.004054
   1.905      0.004410
   1.912      0.004751
   1.920      0.005079
   1.928      0.005393
   1.936      0.005695
   1.943      0.005983
   1.951      0.006260
   1.959      0.006525
   1.966      0.006778
   1.974      0.007020
   1.982      0.007252
   1.990      0.007474
   1.997      0.007685
   2.005      0.007887
   2.013      0.008080
   2.020      0.008263
   2.028      0.008438
   2.036      0.008605
   2.044      0.008763
   2.051      0.008914
   2.059      0.009057
   2.067      0.009192
   2.074      0.009321
   2.082      0.009443
   2.090      0.009558
   2.098      0.009667
   2.105      0.009769
   2.113      0.009866
   2.121      0.009957
   2.128      0.010043
   2.136      0.010123
   2.144      0.010198
   2.152      0.010269
   2.159      0.010334
   2.167      0.010395
   2.175      0.010452
   2.182      0.010504
   2.190      0.010552
   2.198      0.010597
   2.206      0.010638
   2.213      0.010675
   2.221      0.010708
   2.229      0.010739
   2.236      0.010766
   2.244      0.010790
   2.252      0.010811
   2.260      0.010830
   2.267      0.010846
   2.275      0.010859
   2.283      0.010869
   2.290      0.010878
   2.298      0.010884
   2.306      0.010888
   2.313      0.010890
   2.321      0.010890
   2.329      0.010888
   2.337      0.010885
   2.344      0.010880
   2.352      0.010873
   2.360      0.010864
   2.367      0.010855
   2.375      0.010844
   2.383      0.010831
   2.391      0.010817
   2.398      0.010803
   2.406      0.010787
   2.414      0.010770
   2.421      0.010752
   2.429      0.010733
   2.437      0.010714
   2.445      0.010693
   2.452      0.010672
   2.460      0.010650
   2.468      0.010627
   2.475      0.010604
   2.483      0.010581
   2.491      0.010556
   2.499      0.010532
   2.506      0.010506
   2.514      0.010481
   2.522      0.010455
   2.529      0.010429
   2.537      0.010402
   2.545      0.010375
   2.553      0.010348
   2.560      0.010321
   2.568      0.010293
   2.576      0.010266
   2.583      0.010238
   2.591      0.010210
   2.599      0.010182
   2.607      0.010154
   2.614      0.010125
   2.622      0.010097
   2.630      0.010069
   2.637      0.010041
   2.645      0.010012
   2.653      0.009984
   2.661      0.009956
   2.668      0.009928
   2.676      0.009900
   2.684      0.009872
   2.691      0.009844
   2.699      0.009816
   2.707      0.009788
   2.714      0.009761
   2.722      0.009733
   2.730      0.009706
   2.738      0.009679
   2.745      0.009651
   2.753      0.009624
   2.761      0.009598
   2.768      0.009571
   2.776      0.009544
   2.784      0.009518
   2.792      0.009492
   2.799      0.009465
   2.807      0.009439
   2.815      0.009414
   2.822      0.009388
   2.830      0.009362
   2.838      0.009337
   2.846      0.009312
   2.853      0.009286
   2.861      0.009261
   2.869      0.009236
   2.876      0.009212
   2.884      0.009187
   2.892      0.009163
   2.900      0.009138
   2.907      0.009114
   2.915      0.009090
   2.923      0.009066
   2.930      0.009042
   2.938      0.009018
   2.946      0.008995
   2.954      0.008971
   2.961      0.008948
   2.969      0.008925
   2.977      0.008901
   2.984      0.008878
   2.992      0.008856
   3.000      0.008833
   3.008      0.008810
   3.015      0.008788
   3.023      0.008765
   3.031      0.008743
   3.038      0.008721
   3.046      0.008699
   3.054      0.008677
   3.062      0.008655
   3.069      0.008633
