   0.006      0.429738
   0.012      0.429771
   0.017      0.429803
   0.023      0.429858
   0.029      0.429935
   0.035      0.430033
   0.041      0.430153
   0.046      0.430296
   0.052      0.430460
   0.058      0.430646
   0.064      0.430854
   0.070      0.431084
   0.075      0.431336
   0.081      0.431610
   0.087      0.431906
   0.093      0.432225
   0.099      0.432565
   0.104      0.432928
   0.110      0.433313
   0.116      0.433721
   0.122      0.434150
   0.128      0.434602
   0.133      0.435077
   0.139      0.435574
   0.145      0.436094
   0.151      0.436636
   0.157      0.437200
   0.162      0.437788
   0.168      0.438398
   0.174      0.439031
   0.180      0.439687
   0.186      0.440366
   0.191      0.441067
   0.197      0.441792
   0.203      0.442540
   0.209      0.443311
   0.215      0.444105
   0.220      0.444922
   0.226      0.445763
   0.232      0.446627
   0.238      0.447514
   0.244      0.448425
   0.249      0.449360
   0.255      0.450318
   0.261      0.451300
   0.267      0.452306
   0.273      0.453336
   0.278      0.454390
   0.284      0.455467
   0.290      0.456569
   0.296      0.457695
   0.302      0.458845
   0.307      0.460020
   0.313      0.461219
   0.319      0.462443
   0.325      0.463691
   0.331      0.464963
   0.336      0.466261
   0.342      0.467583
   0.348      0.468930
   0.354      0.470302
   0.360      0.471700
   0.365      0.473122
   0.371      0.474570
   0.377      0.476042
   0.383      0.477541
   0.389      0.479064
   0.394      0.480613
   0.400      0.482188
   0.406      0.483789
   0.412      0.485415
   0.418      0.487067
   0.423      0.488745
   0.429      0.490449
   0.435      0.492179
   0.441      0.493935
   0.447      0.495717
   0.452      0.497526
   0.458      0.499361
   0.464      0.501222
   0.470      0.503109
   0.476      0.505024
   0.481      0.506964
   0.487      0.508931
   0.493      0.510925
   0.499      0.512946
   0.505      0.514993
   0.510      0.517067
   0.516      0.519168
   0.522      0.521296
   0.528      0.523450
   0.534      0.525632
   0.539      0.527840
   0.545      0.530075
   0.551      0.532338
   0.557      0.534627
   0.563      0.536943
   0.568      0.539286
   0.574      0.541657
   0.580      0.544054
   0.586      0.546478
   0.592      0.548929
   0.597      0.551407
   0.603      0.553911
   0.609      0.556443
   0.615      0.559001
   0.621      0.561587
   0.626      0.564198
   0.632      0.566837
   0.638      0.569502
   0.644      0.572193
   0.650      0.574911
   0.655      0.577655
   0.661      0.580426
   0.667      0.583222
   0.673      0.586045
   0.679      0.588893
   0.684      0.591767
   0.690      0.594667
   0.696      0.597592
   0.702      0.600542
   0.708      0.603518
   0.713      0.606518
   0.719      0.609543
   0.725      0.612593
   0.731      0.615667
   0.737      0.618765
   0.742      0.621888
   0.748      0.625034
   0.754      0.628203
   0.760      0.631396
   0.766      0.634611
   0.771      0.637849
   0.777      0.641110
   0.783      0.644392
   0.789      0.647696
   0.795      0.651022
   0.800      0.654369
   0.806      0.657736
   0.812      0.661124
   0.818      0.664532
   0.824      0.667960
   0.829      0.671406
   0.835      0.674872
   0.841      0.678356
   0.847      0.681858
   0.853      0.685377
   0.858      0.688913
   0.864      0.692466
   0.870      0.696035
   0.876      0.699620
   0.882      0.703220
   0.887      0.706834
   0.893      0.710462
   0.899      0.714104
   0.905      0.717758
   0.911      0.721425
   0.916      0.725103
   0.922      0.728793
   0.928      0.732493
   0.934      0.736203
   0.940      0.739922
   0.945      0.743650
   0.951      0.747385
   0.957      0.751128
   0.963      0.754877
   0.969      0.758632
   0.974      0.762392
   0.980      0.766157
   0.986      0.769925
   0.992      0.773695
   0.998      0.777468
   1.003      0.781242
   1.009      0.785017
   1.015      0.788791
   1.021      0.792564
   1.027      0.796335
   1.032      0.800103
   1.038      0.803868
   1.044      0.807628
   1.050      0.811383
   1.056      0.815131
   1.061      0.818873
   1.067      0.822606
   1.073      0.826331
   1.079      0.830045
   1.085      0.833749
   1.090      0.837442
   1.096      0.841122
   1.102      0.844788
   1.108      0.848440
   1.114      0.852076
   1.119      0.855697
   1.125      0.859300
   1.131      0.862885
   1.137      0.866450
   1.143      0.869996
   1.148      0.873521
   1.154      0.877023
   1.160      0.880503
   1.166      0.883959
   1.172      0.887390
   1.177      0.890795
   1.183      0.894173
   1.189      0.897524
   1.195      0.900846
   1.201      0.904138
   1.206      0.907400
   1.212      0.910631
   1.218      0.913829
   1.224      0.916994
   1.230      0.920125
   1.235      0.923221
   1.241      0.926281
   1.247      0.929304
   1.253      0.932289
   1.259      0.935236
   1.264      0.938143
   1.270      0.941010
   1.276      0.943836
   1.282      0.946620
   1.288      0.949362
   1.293      0.952060
   1.299      0.954714
   1.305      0.957323
   1.311      0.959886
   1.317      0.962403
   1.322      0.964873
   1.328      0.967295
   1.334      0.969669
   1.340      0.971993
   1.346      0.974268
   1.351      0.976493
   1.357      0.978667
   1.363      0.980789
   1.369      0.982859
   1.375      0.984877
   1.380      0.986843
   1.386      0.988754
   1.392      0.990612
   1.398      0.992415
   1.404      0.994164
   1.409      0.995858
   1.415      0.997497
   1.421      0.999079
   1.427      1.000606
   1.433      1.002076
   1.438      1.003490
   1.444      1.004847
   1.450      1.006148
   1.456      1.007391
   1.462      1.008576
   1.467      1.009705
   1.473      1.010776
   1.479      1.011789
   1.485      1.012745
   1.491      1.013644
   1.496      1.014484
   1.502      1.015268
   1.508      1.015994
   1.514      1.016662
   1.520      1.017273
   1.525      1.017827
   1.531      1.018324
   1.537      1.018765
   1.543      1.019148
   1.549      1.019476
   1.554      1.019747
   1.560      1.019963
   1.566      1.020123
   1.572      1.020228
   1.578      1.020278
   1.583      1.020274
   1.589      1.020215
   1.595      1.020103
   1.601      1.019938
   1.607      1.019720
   1.612      1.019450
   1.618      1.019128
   1.624      1.018755
   1.630      1.018330
   1.636      1.017856
   1.641      1.017332
   1.647      1.016759
   1.653      1.016137
   1.659      1.015467
   1.665      1.014750
   1.670      1.013986
   1.676      1.013176
   1.682      1.012321
   1.688      1.011420
   1.694      1.010476
   1.699      1.009488
   1.705      1.008457
   1.711      1.007384
   1.717      1.006269
   1.723      1.005114
   1.728      1.003918
   1.734      1.002683
   1.740      1.001410
   1.746      1.000098
   1.752      0.998749
   1.757      0.997364
   1.763      0.995943
   1.769      0.994486
   1.775      0.992995
   1.781      0.991470
   1.786      0.989913
   1.792      0.988322
   1.798      0.986700
   1.804      0.985048
   1.810      0.983364
   1.815      0.981652
   1.821      0.979910
   1.827      0.978140
   1.833      0.976342
   1.839      0.974518
   1.844      0.972667
   1.850      0.970790
   1.856      0.968888
   1.862      0.966962
   1.868      0.965012
   1.873      0.963039
   1.879      0.961043
   1.885      0.959025
   1.891      0.956985
   1.897      0.954925
   1.902      0.952844
   1.908      0.950743
   1.914      0.948623
   1.920      0.946484
   1.926      0.944326
   1.931      0.942151
   1.937      0.939958
   1.943      0.937749
   1.949      0.935523
   1.955      0.933280
   1.960      0.931023
   1.966      0.928750
   1.972      0.926462
   1.978      0.924160
   1.984      0.921843
   1.989      0.919514
   1.995      0.917171
   2.001      0.914815
   2.007      0.912446
   2.013      0.910065
   2.018      0.907673
   2.024      0.905269
   2.030      0.902853
   2.036      0.900427
   2.042      0.897990
   2.047      0.895543
   2.053      0.893086
   2.059      0.890620
   2.065      0.888144
   2.071      0.885659
   2.076      0.883165
   2.082      0.880663
   2.088      0.878152
   2.094      0.875634
   2.100      0.873108
   2.105      0.870575
   2.111      0.868034
   2.117      0.865487
   2.123      0.862933
   2.129      0.860372
   2.134      0.857806
   2.140      0.855233
   2.146      0.852655
   2.152      0.850072
   2.158      0.847483
   2.163      0.844889
   2.169      0.842291
   2.175      0.839688
   2.181      0.837080
   2.187      0.834469
   2.192      0.831854
   2.198      0.829234
   2.204      0.826612
   2.210      0.823986
   2.216      0.821357
   2.221      0.818725
   2.227      0.816090
   2.233      0.813453
   2.239      0.810813
   2.245      0.808171
   2.250      0.805527
   2.256      0.802882
   2.262      0.800234
   2.268      0.797585
   2.274      0.794935
   2.279      0.792283
   2.285      0.789630
   2.291      0.786977
   2.297      0.784323
   2.303      0.781668
   2.308      0.779012
   2.314      0.776356
   2.320      0.773700
   2.326      0.771045
   2.332      0.768389
   2.337      0.765733
   2.343      0.763078
   2.349      0.760423
   2.355      0.757769
   2.361      0.755115
   2.366      0.752463
   2.372      0.749811
   2.378      0.747161
   2.384      0.744511
   2.390      0.741863
   2.395      0.739217
   2.401      0.736572
   2.407      0.733928
   2.413      0.731287
   2.419      0.728647
   2.424      0.726009
   2.430      0.723373
   2.436      0.720740
   2.442      0.718108
   2.448      0.715479
   2.453      0.712853
   2.459      0.710229
   2.465      0.707607
   2.471      0.704988
   2.477      0.702372
   2.482      0.699759
   2.488      0.697149
   2.494      0.694542
   2.500      0.691938
   2.506      0.689337
   2.511      0.686740
   2.517      0.684145
   2.523      0.681554
   2.529      0.678967
   2.535      0.676383
   2.540      0.673803
   2.546      0.671227
   2.552      0.668654
   2.558      0.666085
   2.564      0.663520
   2.569      0.660959
   2.575      0.658402
   2.581      0.655849
   2.587      0.653300
   2.593      0.650755
   2.598      0.648214
   2.604      0.645678
   2.610      0.643146
   2.616      0.640619
   2.622      0.638096
   2.627      0.635577
   2.633      0.633063
   2.639      0.630554
   2.645      0.628049
   2.651      0.625549
   2.656      0.623053
   2.662      0.620562
   2.668      0.618076
   2.674      0.615595
   2.680      0.613119
   2.685      0.610647
   2.691      0.608181
   2.697      0.605720
   2.703      0.603264
   2.709      0.600812
   2.714      0.598366
   2.720      0.595925
   2.726      0.593490
   2.732      0.591059
   2.738      0.588634
   2.743      0.586214
   2.749      0.583799
   2.755      0.581390
   2.761      0.578986
   2.767      0.576587
   2.772      0.574194
   2.778      0.571806
   2.784      0.569424
   2.790      0.567047
   2.796      0.564676
   2.801      0.562310
   2.807      0.559950
   2.813      0.557595
   2.819      0.555247
   2.825      0.552903
   2.830      0.550566
   2.836      0.548234
   2.842      0.545907
   2.848      0.543587
   2.854      0.541272
   2.859      0.538963
   2.865      0.536660
   2.871      0.534362
   2.877      0.532070
   2.883      0.529784
   2.888      0.527504
   2.894      0.525230
   2.900      0.522961
   2.906      0.520699
   2.912      0.518442
   2.917      0.516191
   2.923      0.513946
   2.929      0.511707
   2.935      0.509474
   2.941      0.507247
   2.946      0.505026
   2.952      0.502810
   2.958      0.500601
   2.964      0.498398
   2.970      0.496200
   2.975      0.494009
   2.981      0.491823
   2.987      0.489644
   2.993      0.487470
   2.999      0.485303
   3.004      0.483141
   3.010      0.480986
   3.016      0.478836
   3.022      0.476693
   3.028      0.474556
   3.033      0.472424
   3.039      0.470299
   3.045      0.468179
   3.051      0.466066
   3.057      0.463959
   3.062      0.461857
   3.068      0.459762
   3.074      0.457673
   3.080      0.455590
   3.086      0.453513
   3.091      0.451442
   3.097      0.449377
   3.103      0.447318
   3.109      0.445265
   3.115      0.443218
   3.120      0.441177
   3.126      0.439142
   3.132      0.437113
   3.138      0.435090
   3.144      0.433073
   3.149      0.431063
   3.155      0.429058
   3.161      0.427059
   3.167      0.425066
   3.173      0.423079
   3.178      0.421099
   3.184      0.419124
   3.190      0.417155
   3.196      0.415192
   3.202      0.413236
   3.207      0.411285
   3.213      0.409340
   3.219      0.407401
   3.225      0.405468
   3.231      0.403541
   3.236      0.401620
   3.242      0.399705
   3.248      0.397796
   3.254      0.395892
   3.260      0.393995
   3.265      0.392103
   3.271      0.390218
   3.277      0.388338
   3.283      0.386464
   3.289      0.384597
   3.294      0.382735
   3.300      0.380878
   3.306      0.379028
   3.312      0.377184
   3.318      0.375345
   3.323      0.373512
   3.329      0.371685
   3.335      0.369864
   3.341      0.368049
   3.347      0.366239
   3.352      0.364435
   3.358      0.362637
   3.364      0.360845
   3.370      0.359059
   3.376      0.357278
   3.381      0.355503
   3.387      0.353733
   3.393      0.351970
   3.399      0.350212
   3.405      0.348460
   3.410      0.346713
   3.416      0.344972
   3.422      0.343237
   3.428      0.341507
   3.434      0.339783
   3.439      0.338065
   3.445      0.336352
   3.451      0.334645
   3.457      0.332943
   3.463      0.331247
   3.468      0.329557
   3.474      0.327872
   3.480      0.326193
   3.486      0.324519
   3.492      0.322851
   3.497      0.321188
   3.503      0.319530
   3.509      0.317879
   3.515      0.316232
   3.521      0.314591
   3.526      0.312956
   3.532      0.311326
   3.538      0.309701
   3.544      0.308082
   3.550      0.306468
   3.555      0.304859
   3.561      0.303256
   3.567      0.301658
   3.573      0.300066
   3.579      0.298479
   3.584      0.296897
   3.590      0.295320
   3.596      0.293749
   3.602      0.292183
   3.608      0.290622
   3.613      0.289067
   3.619      0.287516
   3.625      0.285971
   3.631      0.284432
   3.637      0.282897
   3.642      0.281367
   3.648      0.279843
   3.654      0.278324
   3.660      0.276810
   3.666      0.275301
   3.671      0.273797
   3.677      0.272298
   3.683      0.270804
   3.689      0.269315
   3.695      0.267832
   3.700      0.266353
   3.706      0.264880
   3.712      0.263411
   3.718      0.261947
   3.724      0.260489
   3.729      0.259035
   3.735      0.257586
   3.741      0.256143
   3.747      0.254704
   3.753      0.253270
   3.758      0.251841
   3.764      0.250416
   3.770      0.248997
   3.776      0.247582
   3.782      0.246173
   3.787      0.244768
   3.793      0.243368
   3.799      0.241972
   3.805      0.240582
   3.811      0.239196
   3.816      0.237815
   3.822      0.236439
   3.828      0.235067
   3.834      0.233700
   3.840      0.232338
   3.845      0.230980
   3.851      0.229627
   3.857      0.228279
   3.863      0.226935
   3.869      0.225596
   3.874      0.224262
   3.880      0.222932
   3.886      0.221607
   3.892      0.220286
   3.898      0.218970
   3.903      0.217658
   3.909      0.216351
   3.915      0.215048
   3.921      0.213750
   3.927      0.212456
   3.932      0.211166
   3.938      0.209882
   3.944      0.208601
   3.950      0.207325
   3.956      0.206053
   3.961      0.204786
   3.967      0.203523
   3.973      0.202264
   3.979      0.201010
   3.985      0.199760
   3.990      0.198514
   3.996      0.197272
   4.002      0.196035
   4.008      0.194802
   4.014      0.193574
   4.019      0.192349
   4.025      0.191129
   4.031      0.189913
   4.037      0.188701
   4.043      0.187493
   4.048      0.186290
   4.054      0.185090
   4.060      0.183895
   4.066      0.182703
   4.072      0.181516
   4.077      0.180333
   4.083      0.179154
   4.089      0.177979
   4.095      0.176808
   4.101      0.175641
   4.106      0.174478
   4.112      0.173320
   4.118      0.172165
   4.124      0.171014
   4.130      0.169866
   4.135      0.168723
   4.141      0.167584
   4.147      0.166449
   4.153      0.165317
   4.159      0.164190
   4.164      0.163066
   4.170      0.161946
   4.176      0.160830
   4.182      0.159718
   4.188      0.158610
   4.193      0.157505
   4.199      0.156404
   4.205      0.155307
   4.211      0.154213
   4.217      0.153124
   4.222      0.152038
   4.228      0.150956
   4.234      0.149877
   4.240      0.148802
   4.246      0.147731
   4.251      0.146663
   4.257      0.145599
   4.263      0.144539
   4.269      0.143482
   4.275      0.142429
   4.280      0.141379
   4.286      0.140333
   4.292      0.139291
   4.298      0.138252
   4.304      0.137216
   4.309      0.136184
   4.315      0.135156
   4.321      0.134131
   4.327      0.133109
   4.333      0.132091
   4.338      0.131077
   4.344      0.130065
   4.350      0.129057
   4.356      0.128053
   4.362      0.127052
   4.367      0.126054
   4.373      0.125060
   4.379      0.124069
   4.385      0.123081
   4.391      0.122096
   4.396      0.121115
   4.402      0.120137
   4.408      0.119163
   4.414      0.118191
   4.420      0.117223
   4.425      0.116258
   4.431      0.115296
   4.437      0.114338
   4.443      0.113383
   4.449      0.112430
   4.454      0.111481
   4.460      0.110535
   4.466      0.109593
   4.472      0.108653
   4.478      0.107717
   4.483      0.106783
   4.489      0.105853
   4.495      0.104925
   4.501      0.104001
   4.507      0.103080
   4.512      0.102162
   4.518      0.101246
   4.524      0.100334
   4.530      0.099425
   4.536      0.098519
   4.541      0.097615
   4.547      0.096715
   4.553      0.095817
   4.559      0.094923
   4.565      0.094031
   4.570      0.093142
   4.576      0.092257
   4.582      0.091374
   4.588      0.090493
   4.594      0.089616
   4.599      0.088742
   4.605      0.087870
   4.611      0.087001
   4.617      0.086135
   4.623      0.085271
   4.628      0.084411
   4.634      0.083553
   4.640      0.082698
   4.646      0.081845
   4.652      0.080996
   4.657      0.080149
   4.663      0.079304
   4.669      0.078463
   4.675      0.077624
   4.681      0.076787
   4.686      0.075953
   4.692      0.075122
   4.698      0.074294
   4.704      0.073468
   4.710      0.072644
   4.715      0.071824
   4.721      0.071005
   4.727      0.070190
   4.733      0.069376
   4.739      0.068566
   4.744      0.067758
   4.750      0.066952
   4.756      0.066149
   4.762      0.065348
   4.768      0.064550
   4.773      0.063754
   4.779      0.062960
   4.785      0.062169
   4.791      0.061381
   4.797      0.060595
   4.802      0.059811
   4.808      0.059029
   4.814      0.058250
   4.820      0.057474
   4.826      0.056699
   4.831      0.055927
   4.837      0.055157
   4.843      0.054390
   4.849      0.053625
   4.855      0.052862
   4.860      0.052101
   4.866      0.051342
   4.872      0.050586
   4.878      0.049832
   4.884      0.049080
   4.889      0.048331
   4.895      0.047584
   4.901      0.046838
   4.907      0.046095
   4.913      0.045354
   4.918      0.044616
   4.924      0.043879
   4.930      0.043144
   4.936      0.042412
   4.942      0.041682
   4.947      0.040953
   4.953      0.040227
   4.959      0.039503
   4.965      0.038781
   4.971      0.038061
   4.976      0.037343
   4.982      0.036627
   4.988      0.035913
   4.994      0.035201
   5.000      0.034491
   5.005      0.033783
   5.011      0.033077
   5.017      0.032372
   5.023      0.031670
   5.029      0.030970
   5.034      0.030271
   5.040      0.029575
   5.046      0.028880
   5.052      0.028187
   5.058      0.027496
   5.063      0.026807
   5.069      0.026120
   5.075      0.025434
   5.081      0.024751
   5.087      0.024069
   5.092      0.023389
   5.098      0.022710
   5.104      0.022034
   5.110      0.021359
   5.116      0.020686
   5.121      0.020015
   5.127      0.019345
   5.133      0.018677
   5.139      0.018011
   5.145      0.017347
   5.150      0.016684
   5.156      0.016023
   5.162      0.015363
   5.168      0.014705
   5.174      0.014049
   5.179      0.013394
   5.185      0.012741
   5.191      0.012090
   5.197      0.011440
   5.203      0.010792
   5.208      0.010145
   5.214      0.009500
   5.220      0.008856
   5.226      0.008214
   5.232      0.007573
   5.237      0.006934
   5.243      0.006297
   5.249      0.005661
   5.255      0.005026
   5.261      0.004393
   5.266      0.003761
   5.272      0.003131
   5.278      0.002502
   5.284      0.001874
   5.290      0.001248
   5.295      0.000623
   5.301      0.000000
