   0.000      3.244961
   0.004      3.244961
   0.009      3.244957
   0.013      3.244944
   0.018      3.244907
   0.022      3.244830
   0.026      3.244690
   0.031      3.244461
   0.035      3.244112
   0.039      3.243609
   0.044      3.242914
   0.048      3.241985
   0.053      3.240779
   0.057      3.239250
   0.061      3.237350
   0.066      3.235032
   0.070      3.232246
   0.075      3.228944
   0.079      3.225078
   0.083      3.220601
   0.088      3.215470
   0.092      3.209641
   0.097      3.203077
   0.101      3.195744
   0.105      3.187609
   0.110      3.178649
   0.114      3.168841
   0.118      3.158173
   0.123      3.146634
   0.127      3.134222
   0.132      3.120941
   0.136      3.106799
   0.140      3.091812
   0.145      3.076002
   0.149      3.059395
   0.154      3.042023
   0.158      3.023922
   0.162      3.005131
   0.167      2.985695
   0.171      2.965658
   0.176      2.945068
   0.180      2.923973
   0.184      2.902422
   0.189      2.880464
   0.193      2.858147
   0.197      2.835517
   0.202      2.812619
   0.206      2.789498
   0.211      2.766193
   0.215      2.742745
   0.219      2.719189
   0.224      2.695561
   0.228      2.671893
   0.233      2.648216
   0.237      2.624557
   0.241      2.600943
   0.246      2.577398
   0.250      2.553946
   0.254      2.530608
   0.259      2.507404
   0.263      2.484352
   0.268      2.461469
   0.272      2.438771
   0.276      2.416274
   0.281      2.393989
   0.285      2.371930
   0.290      2.350107
   0.294      2.328532
   0.298      2.307214
   0.303      2.286160
   0.307      2.265378
   0.312      2.244875
   0.316      2.224656
   0.320      2.204727
   0.325      2.185091
   0.329      2.165752
   0.333      2.146712
   0.338      2.127974
   0.342      2.109539
   0.347      2.091408
   0.351      2.073581
   0.355      2.056058
   0.360      2.038839
   0.364      2.021922
   0.369      2.005305
   0.373      1.988987
   0.377      1.972965
   0.382      1.957237
   0.386      1.941799
   0.391      1.926649
   0.395      1.911783
   0.399      1.897198
   0.404      1.882888
   0.408      1.868850
   0.412      1.855080
   0.417      1.841574
   0.421      1.828325
   0.426      1.815331
   0.430      1.802586
   0.434      1.790085
   0.439      1.777823
   0.443      1.765795
   0.448      1.753996
   0.452      1.742421
   0.456      1.731064
   0.461      1.719921
   0.465      1.708986
   0.469      1.698255
   0.474      1.687722
   0.478      1.677381
   0.483      1.667229
   0.487      1.657260
   0.491      1.647468
   0.496      1.637849
   0.500      1.628399
   0.505      1.619112
   0.509      1.609984
   0.513      1.601009
   0.518      1.592185
   0.522      1.583504
   0.527      1.574965
   0.531      1.566562
   0.535      1.558290
   0.540      1.550146
   0.544      1.542126
   0.548      1.534226
   0.553      1.526441
   0.557      1.518769
   0.562      1.511205
   0.566      1.503746
   0.570      1.496387
   0.575      1.489127
   0.579      1.481961
   0.584      1.474887
   0.588      1.467900
   0.592      1.460999
   0.597      1.454180
   0.601      1.447440
   0.605      1.440777
   0.610      1.434188
   0.614      1.427670
   0.619      1.421221
   0.623      1.414838
   0.627      1.408519
   0.632      1.402262
   0.636      1.396065
   0.641      1.389925
   0.645      1.383841
   0.649      1.377811
   0.654      1.371832
   0.658      1.365903
   0.663      1.360022
   0.667      1.354188
   0.671      1.348399
   0.676      1.342654
   0.680      1.336951
   0.684      1.331288
   0.689      1.325665
   0.693      1.320080
   0.698      1.314533
   0.702      1.309020
   0.706      1.303543
   0.711      1.298099
   0.715      1.292688
   0.720      1.287309
   0.724      1.281961
   0.728      1.276643
   0.733      1.271354
   0.737      1.266094
   0.742      1.260861
   0.746      1.255656
   0.750      1.250477
   0.755      1.245324
   0.759      1.240197
   0.763      1.235095
   0.768      1.230016
   0.772      1.224962
   0.777      1.219932
   0.781      1.214924
   0.785      1.209940
   0.790      1.204978
   0.794      1.200038
   0.799      1.195120
   0.803      1.190223
   0.807      1.185348
   0.812      1.180494
   0.816      1.175661
   0.820      1.170849
   0.825      1.166057
   0.829      1.161286
   0.834      1.156536
   0.838      1.151805
   0.842      1.147095
   0.847      1.142405
   0.851      1.137735
   0.856      1.133085
   0.860      1.128455
   0.864      1.123845
   0.869      1.119254
   0.873      1.114684
   0.878      1.110133
   0.882      1.105603
   0.886      1.101092
   0.891      1.096601
   0.895      1.092130
   0.899      1.087679
   0.904      1.083248
   0.908      1.078837
   0.913      1.074447
   0.917      1.070076
   0.921      1.065725
   0.926      1.061395
   0.930      1.057085
   0.935      1.052796
   0.939      1.048526
   0.943      1.044278
   0.948      1.040050
   0.952      1.035842
   0.957      1.031655
   0.961      1.027489
   0.965      1.023343
   0.970      1.019219
   0.974      1.015115
   0.978      1.011032
   0.983      1.006970
   0.987      1.002930
   0.992      0.998910
   0.996      0.994912
   1.000      0.990934
   1.005      0.986978
   1.009      0.983044
   1.014      0.979130
   1.018      0.975238
   1.022      0.971367
   1.027      0.967518
   1.031      0.963690
   1.035      0.959884
   1.040      0.956099
   1.044      0.952336
   1.049      0.948594
   1.053      0.944874
   1.057      0.941175
   1.062      0.937498
   1.066      0.933843
   1.071      0.930209
   1.075      0.926596
   1.079      0.923005
   1.084      0.919436
   1.088      0.915888
   1.093      0.912361
   1.097      0.908856
   1.101      0.905373
   1.106      0.901910
   1.110      0.898469
   1.114      0.895050
   1.119      0.891651
   1.123      0.888274
   1.128      0.884918
   1.132      0.881583
   1.136      0.878269
   1.141      0.874976
   1.145      0.871704
   1.150      0.868453
   1.154      0.865223
   1.158      0.862013
   1.163      0.858824
   1.167      0.855656
   1.172      0.852507
   1.176      0.849380
   1.180      0.846272
   1.185      0.843185
   1.189      0.840118
   1.193      0.837071
   1.198      0.834044
   1.202      0.831037
   1.207      0.828049
   1.211      0.825081
   1.215      0.822133
   1.220      0.819204
   1.224      0.816294
   1.229      0.813403
   1.233      0.810532
   1.237      0.807679
   1.242      0.804845
   1.246      0.802030
   1.250      0.799233
   1.255      0.796455
   1.259      0.793695
   1.264      0.790954
   1.268      0.788230
   1.272      0.785525
   1.277      0.782837
   1.281      0.780167
   1.286      0.777515
   1.290      0.774880
   1.294      0.772262
   1.299      0.769662
   1.303      0.767078
   1.308      0.764512
   1.312      0.761962
   1.316      0.759429
   1.321      0.756913
   1.325      0.754412
   1.329      0.751928
   1.334      0.749461
   1.338      0.747009
   1.343      0.744573
   1.347      0.742153
   1.351      0.739748
   1.356      0.737359
   1.360      0.734985
   1.365      0.732626
   1.369      0.730282
   1.373      0.727953
   1.378      0.725639
   1.382      0.723340
   1.386      0.721055
   1.391      0.718785
   1.395      0.716529
   1.400      0.714286
   1.404      0.712058
   1.408      0.709844
   1.413      0.707644
   1.417      0.705457
   1.422      0.703284
   1.426      0.701124
   1.430      0.698977
   1.435      0.696843
   1.439      0.694723
   1.444      0.692615
   1.448      0.690520
   1.452      0.688438
   1.457      0.686368
   1.461      0.684311
   1.465      0.682266
   1.470      0.680233
   1.474      0.678212
   1.479      0.676204
   1.483      0.674207
   1.487      0.672222
   1.492      0.670248
   1.496      0.668286
   1.501      0.666336
   1.505      0.664396
   1.509      0.662468
   1.514      0.660551
   1.518      0.658646
   1.523      0.656751
   1.527      0.654866
   1.531      0.652993
   1.536      0.651130
   1.540      0.649278
   1.544      0.647436
   1.549      0.645605
   1.553      0.643784
   1.558      0.641972
   1.562      0.640172
   1.566      0.638381
   1.571      0.636600
   1.575      0.634828
   1.580      0.633067
   1.584      0.631315
   1.588      0.629573
   1.593      0.627840
   1.597      0.626117
   1.601      0.624403
   1.606      0.622699
   1.610      0.621003
   1.615      0.619317
   1.619      0.617640
   1.623      0.615971
   1.628      0.614312
   1.632      0.612662
   1.637      0.611020
   1.641      0.609387
   1.645      0.607762
   1.650      0.606147
   1.654      0.604539
   1.659      0.602940
   1.663      0.601350
   1.667      0.599768
   1.672      0.598194
   1.676      0.596628
   1.680      0.595071
   1.685      0.593521
   1.689      0.591980
   1.694      0.590446
   1.698      0.588921
   1.702      0.587403
   1.707      0.585893
   1.711      0.584391
   1.716      0.582896
   1.720      0.581409
   1.724      0.579930
   1.729      0.578458
   1.733      0.576993
   1.738      0.575536
   1.742      0.574087
   1.746      0.572644
