   0.003     -8.558008
   0.007     -8.557843
   0.010     -8.557677
   0.013     -8.557499
   0.017     -8.557218
   0.020     -8.556858
   0.023     -8.556454
   0.026     -8.555998
   0.030     -8.555476
   0.033     -8.554882
   0.036     -8.554206
   0.040     -8.553437
   0.043     -8.552566
   0.046     -8.551581
   0.050     -8.550472
   0.053     -8.549226
   0.056     -8.547835
   0.059     -8.546286
   0.063     -8.544571
   0.066     -8.542680
   0.069     -8.540605
   0.073     -8.538338
   0.076     -8.535872
   0.079     -8.533201
   0.083     -8.530319
   0.086     -8.527222
   0.089     -8.523904
   0.092     -8.520361
   0.096     -8.516590
   0.099     -8.512586
   0.102     -8.508347
   0.106     -8.503868
   0.109     -8.499147
   0.112     -8.494181
   0.116     -8.488966
   0.119     -8.483500
   0.122     -8.477778
   0.125     -8.471799
   0.129     -8.465559
   0.132     -8.459054
   0.135     -8.452282
   0.139     -8.445239
   0.142     -8.437921
   0.145     -8.430325
   0.148     -8.422448
   0.152     -8.414285
   0.155     -8.405832
   0.158     -8.397087
   0.162     -8.388044
   0.165     -8.378700
   0.168     -8.369051
   0.172     -8.359093
   0.175     -8.348822
   0.178     -8.338233
   0.181     -8.327324
   0.185     -8.316089
   0.188     -8.304526
   0.191     -8.292630
   0.195     -8.280397
   0.198     -8.267824
   0.201     -8.254908
   0.205     -8.241645
   0.208     -8.228032
   0.211     -8.214066
   0.214     -8.199744
   0.218     -8.185064
   0.221     -8.170023
   0.224     -8.154618
   0.228     -8.138849
   0.231     -8.122712
   0.234     -8.106207
   0.238     -8.089332
   0.241     -8.072085
   0.244     -8.054466
   0.247     -8.036473
   0.251     -8.018106
   0.254     -7.999364
   0.257     -7.980246
   0.261     -7.960753
   0.264     -7.940884
   0.267     -7.920638
   0.271     -7.900017
   0.274     -7.879019
   0.277     -7.857644
   0.280     -7.835894
   0.284     -7.813768
   0.287     -7.791268
   0.290     -7.768392
   0.294     -7.745141
   0.297     -7.721517
   0.300     -7.697518
   0.304     -7.673145
   0.307     -7.648398
   0.310     -7.623275
   0.314     -7.597778
   0.317     -7.571904
   0.320     -7.545654
   0.323     -7.519025
   0.327     -7.492018
   0.330     -7.464632
   0.333     -7.436865
   0.337     -7.408716
   0.340     -7.380185
   0.343     -7.351272
   0.346     -7.321975
   0.350     -7.292294
   0.353     -7.262229
   0.356     -7.231780
   0.360     -7.200946
   0.363     -7.169729
   0.366     -7.138127
   0.370     -7.106142
   0.373     -7.073775
   0.376     -7.041026
   0.380     -7.007896
   0.383     -6.974387
   0.386     -6.940500
   0.389     -6.906236
   0.393     -6.871597
   0.396     -6.836584
   0.399     -6.801201
   0.403     -6.765448
   0.406     -6.729328
   0.409     -6.692844
   0.412     -6.655997
   0.416     -6.618791
   0.419     -6.581229
   0.422     -6.543312
   0.426     -6.505045
   0.429     -6.466430
   0.432     -6.427471
   0.436     -6.388171
   0.439     -6.348534
   0.442     -6.308562
   0.446     -6.268261
   0.449     -6.227634
   0.452     -6.186684
   0.455     -6.145416
   0.459     -6.103834
   0.462     -6.061942
   0.465     -6.019744
   0.469     -5.977246
   0.472     -5.934451
   0.475     -5.891365
   0.478     -5.847991
   0.482     -5.804335
   0.485     -5.760402
   0.488     -5.716197
   0.492     -5.671724
   0.495     -5.626989
   0.498     -5.581998
   0.502     -5.536755
   0.505     -5.491266
   0.508     -5.445536
   0.511     -5.399572
   0.515     -5.353379
   0.518     -5.306963
   0.521     -5.260329
   0.525     -5.213484
   0.528     -5.166434
   0.531     -5.119185
   0.535     -5.071744
   0.538     -5.024116
   0.541     -4.976308
   0.544     -4.928327
   0.548     -4.880179
   0.551     -4.831872
   0.554     -4.783411
   0.558     -4.734805
   0.561     -4.686060
   0.564     -4.637183
   0.568     -4.588181
   0.571     -4.539062
   0.574     -4.489833
   0.578     -4.440502
   0.581     -4.391077
   0.584     -4.341563
   0.587     -4.291971
   0.591     -4.242307
   0.594     -4.192579
   0.597     -4.142795
   0.601     -4.092963
   0.604     -4.043092
   0.607     -3.993188
   0.611     -3.943261
   0.614     -3.893318
   0.617     -3.843369
   0.620     -3.793420
   0.624     -3.743480
   0.627     -3.693557
   0.630     -3.643661
   0.634     -3.593798
   0.637     -3.543978
   0.640     -3.494208
   0.643     -3.444496
   0.647     -3.394852
   0.650     -3.345283
   0.653     -3.295797
   0.657     -3.246403
   0.660     -3.197108
   0.663     -3.147920
   0.667     -3.098847
   0.670     -3.049898
   0.673     -3.001079
   0.676     -2.952398
   0.680     -2.903864
   0.683     -2.855483
   0.686     -2.807262
   0.690     -2.759210
   0.693     -2.711332
   0.696     -2.663636
   0.700     -2.616129
   0.703     -2.568817
   0.706     -2.521707
   0.710     -2.474805
   0.713     -2.428117
   0.716     -2.381650
   0.719     -2.335410
   0.723     -2.289401
   0.726     -2.243630
   0.729     -2.198102
   0.733     -2.152823
   0.736     -2.107796
   0.739     -2.063028
   0.743     -2.018523
   0.746     -1.974285
   0.749     -1.930319
   0.752     -1.886628
   0.756     -1.843218
   0.759     -1.800091
   0.762     -1.757252
   0.766     -1.714703
   0.769     -1.672449
   0.772     -1.630491
   0.775     -1.588834
   0.779     -1.547480
   0.782     -1.506431
   0.785     -1.465691
   0.789     -1.425260
   0.792     -1.385143
   0.795     -1.345340
   0.799     -1.305853
   0.802     -1.266685
   0.805     -1.227836
   0.808     -1.189308
   0.812     -1.151103
   0.815     -1.113221
   0.818     -1.075664
   0.822     -1.038433
   0.825     -1.001528
   0.828     -0.964950
   0.832     -0.928700
   0.835     -0.892778
   0.838     -0.857184
   0.842     -0.821919
   0.845     -0.786983
   0.848     -0.752376
   0.851     -0.718098
   0.855     -0.684148
   0.858     -0.650528
   0.861     -0.617235
   0.865     -0.584271
   0.868     -0.551634
   0.871     -0.519324
   0.874     -0.487341
   0.878     -0.455684
   0.881     -0.424352
   0.884     -0.393344
   0.888     -0.362659
   0.891     -0.332298
   0.894     -0.302258
   0.898     -0.272539
   0.901     -0.243139
   0.904     -0.214059
   0.907     -0.185296
   0.911     -0.156849
   0.914     -0.128717
   0.917     -0.100900
   0.921     -0.073395
   0.924     -0.046201
   0.927     -0.019318
   0.931      0.007257
   0.934      0.033525
   0.937      0.059487
   0.941      0.085145
   0.944      0.110500
   0.947      0.135553
   0.950      0.160307
   0.954      0.184763
   0.957      0.208922
   0.960      0.232787
   0.964      0.256358
   0.967      0.279637
   0.970      0.302626
   0.974      0.325327
   0.977      0.347741
   0.980      0.369870
   0.983      0.391716
   0.987      0.413281
   0.990      0.434565
   0.993      0.455572
   0.997      0.476303
   1.000      0.496759
   1.003      0.516942
   1.006      0.536855
   1.010      0.556498
   1.013      0.575874
   1.016      0.594985
   1.020      0.613832
   1.023      0.632418
   1.026      0.650743
   1.030      0.668810
   1.033      0.686621
   1.036      0.704177
   1.040      0.721481
   1.043      0.738534
   1.046      0.755338
   1.049      0.771895
   1.053      0.788206
   1.056      0.804274
   1.059      0.820101
   1.063      0.835687
   1.066      0.851036
   1.069      0.866149
   1.073      0.881028
   1.076      0.895674
   1.079      0.910089
   1.082      0.924276
   1.086      0.938236
   1.089      0.951971
   1.092      0.965482
   1.096      0.978772
   1.099      0.991843
   1.102      1.004695
   1.105      1.017332
   1.109      1.029754
   1.112      1.041964
   1.115      1.053963
   1.119      1.065753
   1.122      1.077336
   1.125      1.088713
   1.129      1.099887
   1.132      1.110859
   1.135      1.121631
   1.139      1.132205
   1.142      1.142582
   1.145      1.152764
   1.148      1.162753
   1.152      1.172550
   1.155      1.182157
   1.158      1.191576
   1.162      1.200809
   1.165      1.209857
   1.168      1.218722
   1.171      1.227406
   1.175      1.235910
   1.178      1.244235
   1.181      1.252384
   1.185      1.260359
   1.188      1.268159
   1.191      1.275789
   1.195      1.283248
   1.198      1.290539
   1.201      1.297662
   1.204      1.304621
   1.208      1.311416
   1.211      1.318048
   1.214      1.324520
   1.218      1.330832
   1.221      1.336987
   1.224      1.342986
   1.228      1.348831
   1.231      1.354522
   1.234      1.360061
   1.238      1.365451
   1.241      1.370691
   1.244      1.375785
   1.247      1.380733
   1.251      1.385536
   1.254      1.390196
   1.257      1.394715
   1.261      1.399094
   1.264      1.403334
   1.267      1.407437
   1.270      1.411404
   1.274      1.415236
   1.277      1.418936
   1.280      1.422503
   1.284      1.425940
   1.287      1.429247
   1.290      1.432427
   1.294      1.435480
   1.297      1.438408
   1.300      1.441212
   1.304      1.443894
   1.307      1.446453
   1.310      1.448893
   1.313      1.451214
   1.317      1.453417
   1.320      1.455504
   1.323      1.457476
   1.327      1.459334
   1.330      1.461079
   1.333      1.462712
   1.337      1.464235
   1.340      1.465649
   1.343      1.466954
   1.346      1.468153
   1.350      1.469246
   1.353      1.470235
   1.356      1.471120
   1.360      1.471903
   1.363      1.472584
   1.366      1.473166
   1.369      1.473648
   1.373      1.474033
   1.376      1.474320
   1.379      1.474512
   1.383      1.474609
   1.386      1.474613
   1.389      1.474524
   1.393      1.474343
   1.396      1.474071
   1.399      1.473710
   1.403      1.473261
   1.406      1.472724
   1.409      1.472100
   1.412      1.471391
   1.416      1.470597
   1.419      1.469719
   1.422      1.468759
   1.426      1.467717
   1.429      1.466594
   1.432      1.465391
   1.435      1.464110
   1.439      1.462750
   1.442      1.461313
   1.445      1.459801
   1.449      1.458212
   1.452      1.456550
   1.455      1.454813
   1.459      1.453004
   1.462      1.451124
   1.465      1.449172
   1.468      1.447150
   1.472      1.445059
   1.475      1.442900
   1.478      1.440672
   1.482      1.438378
   1.485      1.436018
   1.488      1.433593
   1.492      1.431103
   1.495      1.428550
   1.498      1.425934
   1.502      1.423256
   1.505      1.420517
   1.508      1.417717
   1.511      1.414857
   1.515      1.411938
   1.518      1.408961
   1.521      1.405926
   1.525      1.402834
   1.528      1.399687
   1.531      1.396484
   1.534      1.393226
   1.538      1.389914
   1.541      1.386549
   1.544      1.383131
   1.548      1.379661
   1.551      1.376140
   1.554      1.372568
   1.558      1.368946
   1.561      1.365275
   1.564      1.361556
   1.567      1.357788
   1.571      1.353973
   1.574      1.350111
   1.577      1.346203
   1.581      1.342250
   1.584      1.338251
   1.587      1.334208
   1.591      1.330122
   1.594      1.325992
   1.597      1.321820
   1.601      1.317606
   1.604      1.313351
   1.607      1.309054
   1.610      1.304718
   1.614      1.300342
   1.617      1.295927
   1.620      1.291473
   1.624      1.286981
   1.627      1.282452
   1.630      1.277885
   1.633      1.273283
   1.637      1.268644
   1.640      1.263970
   1.643      1.259261
   1.647      1.254518
   1.650      1.249741
   1.653      1.244931
   1.657      1.240087
   1.660      1.235212
   1.663      1.230305
   1.667      1.225366
   1.670      1.220396
   1.673      1.215396
   1.676      1.210366
   1.680      1.205307
   1.683      1.200219
   1.686      1.195102
   1.690      1.189958
   1.693      1.184785
   1.696      1.179586
   1.700      1.174360
   1.703      1.169108
   1.706      1.163831
   1.709      1.158528
   1.713      1.153200
   1.716      1.147848
   1.719      1.142473
   1.723      1.137074
   1.726      1.131652
   1.729      1.126207
   1.732      1.120741
   1.736      1.115253
   1.739      1.109744
   1.742      1.104214
   1.746      1.098664
   1.749      1.093095
   1.752      1.087506
   1.756      1.081898
   1.759      1.076272
   1.762      1.070628
   1.766      1.064967
   1.769      1.059288
   1.772      1.053593
   1.775      1.047882
   1.779      1.042155
   1.782      1.036413
   1.785      1.030656
   1.789      1.024884
   1.792      1.019099
   1.795      1.013300
   1.798      1.007489
   1.802      1.001665
   1.805      0.995828
   1.808      0.989980
   1.812      0.984121
   1.815      0.978251
   1.818      0.972371
   1.822      0.966481
   1.825      0.960581
   1.828      0.954672
   1.831      0.948755
   1.835      0.942830
   1.838      0.936897
   1.841      0.930956
   1.845      0.925009
   1.848      0.919055
   1.851      0.913096
   1.855      0.907130
   1.858      0.901160
   1.861      0.895185
   1.865      0.889206
   1.868      0.883223
   1.871      0.877237
   1.874      0.871247
   1.878      0.865255
   1.881      0.859261
   1.884      0.853265
   1.888      0.847268
   1.891      0.841270
   1.894      0.835271
   1.897      0.829273
   1.901      0.823274
   1.904      0.817277
   1.907      0.811280
   1.911      0.805286
   1.914      0.799293
   1.917      0.793302
   1.921      0.787314
   1.924      0.781329
   1.927      0.775348
   1.930      0.769371
   1.934      0.763398
   1.937      0.757429
   1.940      0.751466
   1.944      0.745508
   1.947      0.739556
   1.950      0.733610
   1.954      0.727671
   1.957      0.721739
   1.960      0.715813
   1.964      0.709896
   1.967      0.703987
   1.970      0.698086
   1.973      0.692193
   1.977      0.686310
   1.980      0.680436
   1.983      0.674572
   1.987      0.668719
   1.990      0.662875
   1.993      0.657043
   1.996      0.651221
   2.000      0.645411
   2.003      0.639613
   2.006      0.633827
   2.010      0.628054
   2.013      0.622293
   2.016      0.616546
   2.020      0.610811
   2.023      0.605091
   2.026      0.599385
   2.030      0.593693
   2.033      0.588015
   2.036      0.582353
   2.039      0.576706
   2.043      0.571074
   2.046      0.565458
   2.049      0.559859
   2.053      0.554276
   2.056      0.548709
   2.059      0.543160
   2.062      0.537628
   2.066      0.532113
   2.069      0.526616
   2.072      0.521138
   2.076      0.515677
   2.079      0.510236
   2.082      0.504813
   2.086      0.499409
   2.089      0.494025
   2.092      0.488660
   2.095      0.483315
   2.099      0.477991
   2.102      0.472686
   2.105      0.467403
   2.109      0.462140
   2.112      0.456898
   2.115      0.451678
   2.119      0.446479
   2.122      0.441302
   2.125      0.436147
   2.128      0.431014
   2.132      0.425904
   2.135      0.420816
   2.138      0.415751
   2.142      0.410709
   2.145      0.405691
   2.148      0.400696
   2.152      0.395724
   2.155      0.390777
   2.158      0.385854
   2.162      0.380954
   2.165      0.376080
   2.168      0.371230
   2.171      0.366404
   2.175      0.361604
   2.178      0.356829
   2.181      0.352079
   2.185      0.347355
   2.188      0.342657
   2.191      0.337984
   2.195      0.333338
   2.198      0.328718
   2.201      0.324124
   2.204      0.319556
   2.208      0.315015
   2.211      0.310501
   2.214      0.306015
   2.218      0.301555
   2.221      0.297122
   2.224      0.292717
   2.228      0.288339
   2.231      0.283990
   2.234      0.279668
   2.237      0.275374
   2.241      0.271108
   2.244      0.266870
   2.247      0.262661
   2.251      0.258480
   2.254      0.254327
   2.257      0.250204
   2.260      0.246109
   2.264      0.242043
   2.267      0.238007
   2.270      0.233999
   2.274      0.230021
   2.277      0.226072
   2.280      0.222153
   2.284      0.218263
   2.287      0.214403
   2.290      0.210573
   2.293      0.206773
   2.297      0.203002
   2.300      0.199262
   2.303      0.195552
   2.307      0.191873
   2.310      0.188223
   2.313      0.184604
   2.317      0.181016
   2.320      0.177458
   2.323      0.173931
   2.326      0.170435
   2.330      0.166969
   2.333      0.163535
   2.336      0.160131
   2.340      0.156759
   2.343      0.153417
   2.346      0.150107
   2.350      0.146828
   2.353      0.143581
   2.356      0.140365
   2.360      0.137180
   2.363      0.134027
   2.366      0.130905
   2.369      0.127815
   2.373      0.124757
   2.376      0.121730
   2.379      0.118735
   2.383      0.115772
   2.386      0.112841
   2.389      0.109942
   2.393      0.107074
   2.396      0.104239
   2.399      0.101436
   2.402      0.098665
   2.406      0.095926
   2.409      0.093219
   2.412      0.090544
   2.416      0.087902
   2.419      0.085291
   2.422      0.082713
   2.425      0.080168
   2.429      0.077655
   2.432      0.075174
   2.435      0.072725
   2.439      0.070310
   2.442      0.067926
   2.445      0.065575
   2.449      0.063256
   2.452      0.060970
   2.455      0.058717
   2.458      0.056496
   2.462      0.054308
   2.465      0.052152
   2.468      0.050029
   2.472      0.047938
   2.475      0.045881
   2.478      0.043855
   2.482      0.041863
   2.485      0.039903
   2.488      0.037976
   2.491      0.036081
   2.495      0.034219
   2.498      0.032390
   2.501      0.030593
   2.505      0.028829
   2.508      0.027098
   2.511      0.025400
   2.515      0.023734
   2.518      0.022101
   2.521      0.020500
   2.525      0.018933
   2.528      0.017398
   2.531      0.015895
   2.534      0.014425
   2.538      0.012988
   2.541      0.011584
   2.544      0.010212
   2.548      0.008873
   2.551      0.007566
   2.554      0.006292
   2.558      0.005050
   2.561      0.003842
   2.564      0.002665
   2.567      0.001521
   2.571      0.000410
   2.574     -0.000669
   2.577     -0.001715
   2.581     -0.002729
   2.584     -0.003711
   2.587     -0.004660
   2.591     -0.005577
   2.594     -0.006461
   2.597     -0.007314
   2.600     -0.008133
   2.604     -0.008921
   2.607     -0.009676
   2.610     -0.010400
   2.614     -0.011091
   2.617     -0.011750
   2.620     -0.012376
   2.623     -0.012971
   2.627     -0.013534
   2.630     -0.014065
   2.633     -0.014564
   2.637     -0.015031
   2.640     -0.015466
   2.643     -0.015869
   2.647     -0.016241
   2.650     -0.016581
   2.653     -0.016889
   2.656     -0.017166
   2.660     -0.017411
   2.663     -0.017625
   2.666     -0.017808
   2.670     -0.017959
   2.673     -0.018079
   2.676     -0.018167
   2.680     -0.018225
   2.683     -0.018251
   2.686     -0.018247
   2.689     -0.018211
   2.693     -0.018145
   2.696     -0.018049
   2.699     -0.017921
   2.703     -0.017763
   2.706     -0.017575
   2.709     -0.017357
   2.713     -0.017108
   2.716     -0.016830
   2.719     -0.016521
   2.723     -0.016183
   2.726     -0.015816
   2.729     -0.015419
   2.732     -0.014992
   2.736     -0.014537
   2.739     -0.014053
   2.742     -0.013541
   2.746     -0.013000
   2.749     -0.012432
   2.752     -0.011835
   2.756     -0.011212
   2.759     -0.010561
   2.762     -0.009884
   2.765     -0.009181
   2.769     -0.008453
   2.772     -0.007699
   2.775     -0.006922
   2.779     -0.006121
   2.782     -0.005299
   2.785     -0.004455
   2.788     -0.003592
   2.792     -0.002712
   2.795     -0.001817
   2.798     -0.000911
   2.802      0.000000
