   0.000      1.581920
   0.006      1.581920
   0.011      1.581920
   0.017      1.581919
   0.023      1.581919
   0.029      1.581917
   0.034      1.581914
   0.040      1.581910
   0.046      1.581903
   0.051      1.581892
   0.057      1.581878
   0.063      1.581858
   0.069      1.581833
   0.074      1.581801
   0.080      1.581761
   0.086      1.581711
   0.091      1.581651
   0.097      1.581580
   0.103      1.581496
   0.109      1.581397
   0.114      1.581283
   0.120      1.581151
   0.126      1.581002
   0.131      1.580831
   0.137      1.580640
   0.143      1.580425
   0.149      1.580185
   0.154      1.579920
   0.160      1.579626
   0.166      1.579303
   0.172      1.578948
   0.177      1.578561
   0.183      1.578139
   0.189      1.577682
   0.194      1.577186
   0.200      1.576652
   0.206      1.576076
   0.212      1.575458
   0.217      1.574796
   0.223      1.574089
   0.229      1.573334
   0.234      1.572530
   0.240      1.571676
   0.246      1.570771
   0.252      1.569813
   0.257      1.568799
   0.263      1.567730
   0.269      1.566604
   0.274      1.565419
   0.280      1.564175
   0.286      1.562869
   0.292      1.561501
   0.297      1.560069
   0.303      1.558573
   0.309      1.557011
   0.314      1.555383
   0.320      1.553687
   0.326      1.551922
   0.332      1.550088
   0.337      1.548184
   0.343      1.546209
   0.349      1.544162
   0.354      1.542043
   0.360      1.539851
   0.366      1.537585
   0.372      1.535245
   0.377      1.532831
   0.383      1.530341
   0.389      1.527777
   0.394      1.525137
   0.400      1.522421
   0.406      1.519630
   0.412      1.516762
   0.417      1.513819
   0.423      1.510799
   0.429      1.507704
   0.435      1.504533
   0.440      1.501286
   0.446      1.497963
   0.452      1.494566
   0.457      1.491094
   0.463      1.487547
   0.469      1.483926
   0.475      1.480232
   0.480      1.476465
   0.486      1.472626
   0.492      1.468715
   0.497      1.464733
   0.503      1.460681
   0.509      1.456560
   0.515      1.452370
   0.520      1.448112
   0.526      1.443788
   0.532      1.439398
   0.537      1.434944
   0.543      1.430426
   0.549      1.425845
   0.555      1.421204
   0.560      1.416502
   0.566      1.411741
   0.572      1.406923
   0.577      1.402048
   0.583      1.397118
   0.589      1.392135
   0.595      1.387099
   0.600      1.382012
   0.606      1.376877
   0.612      1.371693
   0.617      1.366462
   0.623      1.361187
   0.629      1.355868
   0.635      1.350508
   0.640      1.345107
   0.646      1.339667
   0.652      1.334191
   0.657      1.328678
   0.663      1.323132
   0.669      1.317553
   0.675      1.311944
   0.680      1.306306
   0.686      1.300640
   0.692      1.294948
   0.698      1.289232
   0.703      1.283494
   0.709      1.277735
   0.715      1.271956
   0.720      1.266160
   0.726      1.260347
   0.732      1.254520
   0.738      1.248680
   0.743      1.242829
   0.749      1.236968
   0.755      1.231099
   0.760      1.225223
   0.766      1.219342
   0.772      1.213457
   0.778      1.207570
   0.783      1.201682
   0.789      1.195795
   0.795      1.189910
   0.800      1.184028
   0.806      1.178151
   0.812      1.172280
   0.818      1.166417
   0.823      1.160562
   0.829      1.154717
   0.835      1.148883
   0.840      1.143062
   0.846      1.137254
   0.852      1.131461
   0.858      1.125684
   0.863      1.119924
   0.869      1.114181
   0.875      1.108457
   0.880      1.102753
   0.886      1.097070
   0.892      1.091409
   0.898      1.085770
   0.903      1.080155
   0.909      1.074564
   0.915      1.068998
   0.920      1.063458
   0.926      1.057945
   0.932      1.052459
   0.938      1.047001
   0.943      1.041571
   0.949      1.036170
   0.955      1.030799
   0.960      1.025459
   0.966      1.020149
   0.972      1.014870
   0.978      1.009623
   0.983      1.004408
   0.989      0.999226
   0.995      0.994076
   1.001      0.988960
   1.006      0.983877
   1.012      0.978829
   1.018      0.973814
   1.023      0.968833
   1.029      0.963887
   1.035      0.958976
   1.041      0.954100
   1.046      0.949258
   1.052      0.944452
   1.058      0.939681
   1.063      0.934946
   1.069      0.930246
   1.075      0.925581
   1.081      0.920952
   1.086      0.916358
   1.092      0.911800
   1.098      0.907277
   1.103      0.902790
   1.109      0.898338
   1.115      0.893921
   1.121      0.889540
   1.126      0.885194
   1.132      0.880882
   1.138      0.876606
   1.143      0.872364
   1.149      0.868157
   1.155      0.863984
   1.161      0.859845
   1.166      0.855741
   1.172      0.851670
   1.178      0.847633
   1.183      0.843629
   1.189      0.839659
   1.195      0.835722
   1.201      0.831818
   1.206      0.827946
   1.212      0.824107
   1.218      0.820300
   1.223      0.816524
   1.229      0.812781
   1.235      0.809068
   1.241      0.805387
   1.246      0.801737
   1.252      0.798117
   1.258      0.794528
   1.264      0.790968
   1.269      0.787439
   1.275      0.783939
   1.281      0.780468
   1.286      0.777026
   1.292      0.773613
   1.298      0.770229
   1.304      0.766872
   1.309      0.763543
   1.315      0.760242
   1.321      0.756969
   1.326      0.753722
   1.332      0.750502
   1.338      0.747308
   1.344      0.744141
   1.349      0.741000
   1.355      0.737884
   1.361      0.734794
   1.366      0.731729
   1.372      0.728689
   1.378      0.725673
   1.384      0.722682
   1.389      0.719715
   1.395      0.716771
   1.401      0.713851
   1.406      0.710955
   1.412      0.708081
   1.418      0.705231
   1.424      0.702403
   1.429      0.699597
   1.435      0.696813
   1.441      0.694051
   1.446      0.691311
   1.452      0.688592
   1.458      0.685894
   1.464      0.683217
   1.469      0.680560
   1.475      0.677924
   1.481      0.675309
   1.486      0.672713
   1.492      0.670137
   1.498      0.667580
   1.504      0.665043
   1.509      0.662525
   1.515      0.660026
   1.521      0.657546
   1.527      0.655084
   1.532      0.652640
   1.538      0.650215
   1.544      0.647807
   1.549      0.645417
   1.555      0.643045
   1.561      0.640690
   1.567      0.638352
   1.572      0.636031
   1.578      0.633727
   1.584      0.631440
   1.589      0.629168
   1.595      0.626914
   1.601      0.624675
   1.607      0.622452
   1.612      0.620245
   1.618      0.618053
   1.624      0.615877
   1.629      0.613717
   1.635      0.611571
   1.641      0.609440
   1.647      0.607324
   1.652      0.605223
   1.658      0.603136
   1.664      0.601063
   1.669      0.599005
   1.675      0.596960
   1.681      0.594930
   1.687      0.592913
   1.692      0.590910
   1.698      0.588921
   1.704      0.586944
   1.709      0.584981
   1.715      0.583032
   1.721      0.581095
   1.727      0.579170
   1.732      0.577259
   1.738      0.575360
   1.744      0.573474
   1.749      0.571600
   1.755      0.569738
   1.761      0.567888
   1.767      0.566050
   1.772      0.564224
   1.778      0.562410
   1.784      0.560607
   1.789      0.558816
   1.795      0.557037
   1.801      0.555268
   1.807      0.553511
   1.812      0.551765
   1.818      0.550030
   1.824      0.548306
   1.830      0.546592
   1.835      0.544889
   1.841      0.543197
   1.847      0.541516
   1.852      0.539844
   1.858      0.538183
   1.864      0.536532
   1.870      0.534892
   1.875      0.533261
   1.881      0.531640
   1.887      0.530029
   1.892      0.528428
   1.898      0.526836
   1.904      0.525254
   1.910      0.523681
   1.915      0.522118
   1.921      0.520564
   1.927      0.519019
   1.932      0.517484
   1.938      0.515957
   1.944      0.514440
   1.950      0.512931
   1.955      0.511431
   1.961      0.509940
   1.967      0.508458
   1.972      0.506984
   1.978      0.505519
   1.984      0.504062
   1.990      0.502614
   1.995      0.501173
   2.001      0.499741
   2.007      0.498318
   2.012      0.496902
   2.018      0.495494
   2.024      0.494095
   2.030      0.492703
   2.035      0.491319
   2.041      0.489943
   2.047      0.488574
   2.052      0.487213
   2.058      0.485860
   2.064      0.484514
   2.070      0.483175
   2.075      0.481844
   2.081      0.480521
   2.087      0.479204
   2.093      0.477895
   2.098      0.476593
   2.104      0.475298
   2.110      0.474010
   2.115      0.472728
   2.121      0.471454
   2.127      0.470187
   2.133      0.468926
   2.138      0.467673
   2.144      0.466425
   2.150      0.465185
   2.155      0.463951
   2.161      0.462724
   2.167      0.461503
   2.173      0.460288
   2.178      0.459080
   2.184      0.457878
   2.190      0.456683
   2.195      0.455494
   2.201      0.454310
   2.207      0.453133
   2.213      0.451963
   2.218      0.450798
   2.224      0.449639
   2.230      0.448486
   2.235      0.447339
   2.241      0.446198
   2.247      0.445062
   2.253      0.443933
   2.258      0.442809
   2.264      0.441691
   2.270      0.440578
   2.275      0.439471
