   0.000      1.879714
   0.006      1.879677
   0.011      1.879512
   0.017      1.879254
   0.023      1.878831
   0.029      1.878224
   0.034      1.877413
   0.040      1.876392
   0.046      1.875159
   0.051      1.873717
   0.057      1.872070
   0.063      1.870221
   0.069      1.868176
   0.074      1.865938
   0.080      1.863514
   0.086      1.860908
   0.091      1.858126
   0.097      1.855173
   0.103      1.852054
   0.109      1.848774
   0.114      1.845339
   0.120      1.841753
   0.126      1.838021
   0.131      1.834148
   0.137      1.830139
   0.143      1.825998
   0.149      1.821731
   0.154      1.817341
   0.160      1.812832
   0.166      1.808210
   0.172      1.803478
   0.177      1.798641
   0.183      1.793702
   0.189      1.788665
   0.194      1.783534
   0.200      1.778312
   0.206      1.773004
   0.212      1.767613
   0.217      1.762142
   0.223      1.756595
   0.229      1.750975
   0.234      1.745285
   0.240      1.739527
   0.246      1.733706
   0.252      1.727824
   0.257      1.721885
   0.263      1.715889
   0.269      1.709842
   0.274      1.703744
   0.280      1.697599
   0.286      1.691409
   0.292      1.685177
   0.297      1.678905
   0.303      1.672595
   0.309      1.666250
   0.314      1.659871
   0.320      1.653461
   0.326      1.647022
   0.332      1.640556
   0.337      1.634065
   0.343      1.627550
   0.349      1.621014
   0.354      1.614458
   0.360      1.607884
   0.366      1.601294
   0.372      1.594690
   0.377      1.588072
   0.383      1.581443
   0.389      1.574804
   0.394      1.568156
   0.400      1.561501
   0.406      1.554840
   0.412      1.548175
   0.417      1.541506
   0.423      1.534836
   0.429      1.528165
   0.435      1.521494
   0.440      1.514825
   0.446      1.508158
   0.452      1.501495
   0.457      1.494837
   0.463      1.488185
   0.469      1.481539
   0.475      1.474901
   0.480      1.468272
   0.486      1.461652
   0.492      1.455042
   0.497      1.448443
   0.503      1.441856
   0.509      1.435282
   0.515      1.428721
   0.520      1.422175
   0.526      1.415643
   0.532      1.409126
   0.537      1.402626
   0.543      1.396142
   0.549      1.389676
   0.555      1.383227
   0.560      1.376797
   0.566      1.370386
   0.572      1.363995
   0.577      1.357623
   0.583      1.351272
   0.589      1.344942
   0.595      1.338633
   0.600      1.332346
   0.606      1.326081
   0.612      1.319838
   0.617      1.313619
   0.623      1.307423
   0.629      1.301250
   0.635      1.295101
   0.640      1.288977
   0.646      1.282877
   0.652      1.276803
   0.657      1.270753
   0.663      1.264729
   0.669      1.258730
   0.675      1.252757
   0.680      1.246811
   0.686      1.240890
   0.692      1.234996
   0.698      1.229129
   0.703      1.223289
   0.709      1.217476
   0.715      1.211690
   0.720      1.205931
   0.726      1.200200
   0.732      1.194497
   0.738      1.188821
   0.743      1.183173
   0.749      1.177553
   0.755      1.171962
   0.760      1.166398
   0.766      1.160862
   0.772      1.155355
   0.778      1.149877
   0.783      1.144426
   0.789      1.139005
   0.795      1.133611
   0.800      1.128247
   0.806      1.122911
   0.812      1.117603
   0.818      1.112324
   0.823      1.107074
   0.829      1.101853
   0.835      1.096660
   0.840      1.091496
   0.846      1.086361
   0.852      1.081254
   0.858      1.076176
   0.863      1.071126
   0.869      1.066105
   0.875      1.061113
   0.880      1.056149
   0.886      1.051214
   0.892      1.046307
   0.898      1.041429
   0.903      1.036579
   0.909      1.031757
   0.915      1.026964
   0.920      1.022199
   0.926      1.017462
   0.932      1.012752
   0.938      1.008071
   0.943      1.003418
   0.949      0.998793
   0.955      0.994196
   0.960      0.989626
   0.966      0.985084
   0.972      0.980569
   0.978      0.976082
   0.983      0.971622
   0.989      0.967190
   0.995      0.962784
   1.001      0.958406
   1.006      0.954055
   1.012      0.949730
   1.018      0.945432
   1.023      0.941161
   1.029      0.936917
   1.035      0.932699
   1.041      0.928507
   1.046      0.924342
   1.052      0.920203
   1.058      0.916090
   1.063      0.912002
   1.069      0.907941
   1.075      0.903905
   1.081      0.899895
   1.086      0.895910
   1.092      0.891951
   1.098      0.888017
   1.103      0.884107
   1.109      0.880223
   1.115      0.876364
   1.121      0.872529
   1.126      0.868719
   1.132      0.864934
   1.138      0.861173
   1.143      0.857436
   1.149      0.853723
   1.155      0.850034
   1.161      0.846369
   1.166      0.842728
   1.172      0.839110
   1.178      0.835516
   1.183      0.831945
   1.189      0.828398
   1.195      0.824873
   1.201      0.821372
   1.206      0.817893
   1.212      0.814437
   1.218      0.811003
   1.223      0.807592
   1.229      0.804203
   1.235      0.800837
   1.241      0.797492
   1.246      0.794169
   1.252      0.790868
   1.258      0.787589
   1.264      0.784331
   1.269      0.781095
   1.275      0.777880
   1.281      0.774686
   1.286      0.771513
   1.292      0.768361
   1.298      0.765230
   1.304      0.762119
   1.309      0.759029
   1.315      0.755959
   1.321      0.752909
   1.326      0.749879
   1.332      0.746870
   1.338      0.743880
   1.344      0.740910
   1.349      0.737959
   1.355      0.735028
   1.361      0.732117
   1.366      0.729224
   1.372      0.726351
   1.378      0.723496
   1.384      0.720660
   1.389      0.717843
   1.395      0.715045
   1.401      0.712265
   1.406      0.709503
   1.412      0.706760
   1.418      0.704035
   1.424      0.701327
   1.429      0.698638
   1.435      0.695966
   1.441      0.693311
   1.446      0.690675
   1.452      0.688055
   1.458      0.685453
   1.464      0.682868
   1.469      0.680299
   1.475      0.677748
   1.481      0.675214
   1.486      0.672696
   1.492      0.670194
   1.498      0.667709
   1.504      0.665240
   1.509      0.662788
   1.515      0.660351
   1.521      0.657931
   1.527      0.655526
   1.532      0.653137
   1.538      0.650763
   1.544      0.648405
   1.549      0.646063
   1.555      0.643735
   1.561      0.641423
   1.567      0.639126
   1.572      0.636844
   1.578      0.634576
   1.584      0.632323
   1.589      0.630085
   1.595      0.627861
   1.601      0.625652
   1.607      0.623457
   1.612      0.621276
   1.618      0.619110
   1.624      0.616957
   1.629      0.614818
   1.635      0.612693
   1.641      0.610581
   1.647      0.608483
   1.652      0.606398
   1.658      0.604327
   1.664      0.602269
   1.669      0.600224
   1.675      0.598193
   1.681      0.596174
   1.687      0.594168
   1.692      0.592174
   1.698      0.590194
   1.704      0.588226
   1.709      0.586270
   1.715      0.584327
   1.721      0.582396
   1.727      0.580477
   1.732      0.578570
   1.738      0.576676
   1.744      0.574793
   1.749      0.572922
   1.755      0.571062
   1.761      0.569215
   1.767      0.567378
   1.772      0.565554
   1.778      0.563740
   1.784      0.561938
   1.789      0.560147
   1.795      0.558367
   1.801      0.556598
   1.807      0.554840
   1.812      0.553093
   1.818      0.551356
   1.824      0.549630
   1.830      0.547915
   1.835      0.546210
   1.841      0.544516
   1.847      0.542832
   1.852      0.541158
   1.858      0.539494
   1.864      0.537840
   1.870      0.536197
   1.875      0.534563
   1.881      0.532939
   1.887      0.531325
   1.892      0.529720
   1.898      0.528125
   1.904      0.526539
   1.910      0.524963
   1.915      0.523397
   1.921      0.521839
   1.927      0.520291
   1.932      0.518752
   1.938      0.517222
   1.944      0.515701
   1.950      0.514188
   1.955      0.512685
   1.961      0.511190
   1.967      0.509704
   1.972      0.508227
   1.978      0.506758
   1.984      0.505298
   1.990      0.503846
   1.995      0.502402
   2.001      0.500967
   2.007      0.499539
   2.012      0.498120
   2.018      0.496709
   2.024      0.495306
   2.030      0.493911
   2.035      0.492523
   2.041      0.491144
   2.047      0.489772
   2.052      0.488407
   2.058      0.487051
   2.064      0.485702
   2.070      0.484360
   2.075      0.483026
   2.081      0.481699
   2.087      0.480379
   2.093      0.479066
   2.098      0.477761
   2.104      0.476463
   2.110      0.475172
   2.115      0.473887
   2.121      0.472610
   2.127      0.471339
   2.133      0.470076
   2.138      0.468819
   2.144      0.467569
   2.150      0.466325
   2.155      0.465088
   2.161      0.463858
   2.167      0.462634
   2.173      0.461417
   2.178      0.460205
   2.184      0.459001
   2.190      0.457802
   2.195      0.456610
   2.201      0.455424
   2.207      0.454244
   2.213      0.453070
   2.218      0.451903
   2.224      0.450741
   2.230      0.449585
   2.235      0.448435
   2.241      0.447292
   2.247      0.446153
   2.253      0.445021
   2.258      0.443894
   2.264      0.442773
   2.270      0.441658
   2.275      0.440548
