   0.000      1.259227
   0.006      1.259227
   0.012      1.259227
   0.018      1.259227
   0.023      1.259227
   0.029      1.259227
   0.035      1.259227
   0.041      1.259227
   0.047      1.259227
   0.053      1.259227
   0.059      1.259226
   0.064      1.259226
   0.070      1.259226
   0.076      1.259226
   0.082      1.259225
   0.088      1.259224
   0.094      1.259223
   0.099      1.259221
   0.105      1.259219
   0.111      1.259216
   0.117      1.259212
   0.123      1.259208
   0.129      1.259202
   0.135      1.259194
   0.140      1.259185
   0.146      1.259174
   0.152      1.259161
   0.158      1.259145
   0.164      1.259125
   0.170      1.259103
   0.176      1.259076
   0.181      1.259045
   0.187      1.259009
   0.193      1.258967
   0.199      1.258919
   0.205      1.258865
   0.211      1.258803
   0.216      1.258733
   0.222      1.258653
   0.228      1.258565
   0.234      1.258465
   0.240      1.258355
   0.246      1.258232
   0.252      1.258096
   0.257      1.257946
   0.263      1.257781
   0.269      1.257601
   0.275      1.257404
   0.281      1.257189
   0.287      1.256956
   0.293      1.256703
   0.298      1.256429
   0.304      1.256134
   0.310      1.255816
   0.316      1.255475
   0.322      1.255110
   0.328      1.254719
   0.333      1.254302
   0.339      1.253858
   0.345      1.253385
   0.351      1.252884
   0.357      1.252352
   0.363      1.251790
   0.369      1.251196
   0.374      1.250570
   0.380      1.249911
   0.386      1.249217
   0.392      1.248489
   0.398      1.247725
   0.404      1.246925
   0.410      1.246087
   0.415      1.245213
   0.421      1.244299
   0.427      1.243347
   0.433      1.242355
   0.439      1.241323
   0.445      1.240250
   0.450      1.239135
   0.456      1.237979
   0.462      1.236780
   0.468      1.235538
   0.474      1.234253
   0.480      1.232924
   0.486      1.231550
   0.491      1.230132
   0.497      1.228669
   0.503      1.227160
   0.509      1.225606
   0.515      1.224006
   0.521      1.222359
   0.527      1.220666
   0.532      1.218926
   0.538      1.217139
   0.544      1.215304
   0.550      1.213423
   0.556      1.211495
   0.562      1.209518
   0.567      1.207495
   0.573      1.205424
   0.579      1.203306
   0.585      1.201140
   0.591      1.198927
   0.597      1.196667
   0.603      1.194359
   0.608      1.192005
   0.614      1.189604
   0.620      1.187157
   0.626      1.184663
   0.632      1.182124
   0.638      1.179539
   0.644      1.176908
   0.649      1.174233
   0.655      1.171513
   0.661      1.168749
   0.667      1.165941
   0.673      1.163091
   0.679      1.160197
   0.684      1.157262
   0.690      1.154284
   0.696      1.151266
   0.702      1.148207
   0.708      1.145109
   0.714      1.141971
   0.720      1.138795
   0.725      1.135580
   0.731      1.132329
   0.737      1.129041
   0.743      1.125718
   0.749      1.122359
   0.755      1.118966
   0.761      1.115540
   0.766      1.112081
   0.772      1.108590
   0.778      1.105068
   0.784      1.101517
   0.790      1.097935
   0.796      1.094326
   0.801      1.090688
   0.807      1.087024
   0.813      1.083334
   0.819      1.079619
   0.825      1.075880
   0.831      1.072118
   0.837      1.068334
   0.842      1.064528
   0.848      1.060702
   0.854      1.056856
   0.860      1.052992
   0.866      1.049110
   0.872      1.045211
   0.878      1.041296
   0.883      1.037367
   0.889      1.033423
   0.895      1.029466
   0.901      1.025498
   0.907      1.021517
   0.913      1.017527
   0.918      1.013527
   0.924      1.009518
   0.930      1.005502
   0.936      1.001479
   0.942      0.997449
   0.948      0.993415
   0.954      0.989376
   0.959      0.985334
   0.965      0.981290
   0.971      0.977243
   0.977      0.973196
   0.983      0.969148
   0.989      0.965101
   0.995      0.961055
   1.000      0.957011
   1.006      0.952970
   1.012      0.948933
   1.018      0.944899
   1.024      0.940871
   1.030      0.936849
   1.035      0.932833
   1.041      0.928823
   1.047      0.924822
   1.053      0.920829
   1.059      0.916844
   1.065      0.912869
   1.071      0.908904
   1.076      0.904950
   1.082      0.901007
   1.088      0.897076
   1.094      0.893156
   1.100      0.889250
   1.106      0.885357
   1.112      0.881477
   1.117      0.877612
   1.123      0.873761
   1.129      0.869925
   1.135      0.866104
   1.141      0.862300
   1.147      0.858511
   1.152      0.854739
   1.158      0.850984
   1.164      0.847246
   1.170      0.843526
   1.176      0.839823
   1.182      0.836139
   1.188      0.832472
   1.193      0.828825
   1.199      0.825196
   1.205      0.821587
   1.211      0.817997
   1.217      0.814426
   1.223      0.810875
   1.229      0.807344
   1.234      0.803833
   1.240      0.800342
   1.246      0.796872
   1.252      0.793422
   1.258      0.789992
   1.264      0.786584
   1.269      0.783196
   1.275      0.779829
   1.281      0.776483
   1.287      0.773158
   1.293      0.769854
   1.299      0.766571
   1.305      0.763309
   1.310      0.760069
   1.316      0.756850
   1.322      0.753652
   1.328      0.750475
   1.334      0.747319
   1.340      0.744184
   1.346      0.741071
   1.351      0.737979
   1.357      0.734907
   1.363      0.731857
   1.369      0.728828
   1.375      0.725820
   1.381      0.722832
   1.386      0.719866
   1.392      0.716920
   1.398      0.713995
   1.404      0.711090
   1.410      0.708206
   1.416      0.705342
   1.422      0.702498
   1.427      0.699675
   1.433      0.696872
   1.439      0.694088
   1.445      0.691325
   1.451      0.688581
   1.457      0.685857
   1.463      0.683153
   1.468      0.680467
   1.474      0.677802
   1.480      0.675155
   1.486      0.672527
   1.492      0.669918
   1.498      0.667328
   1.504      0.664756
   1.509      0.662203
   1.515      0.659668
   1.521      0.657152
   1.527      0.654653
   1.533      0.652173
   1.539      0.649710
   1.544      0.647264
   1.550      0.644837
   1.556      0.642426
   1.562      0.640033
   1.568      0.637657
   1.574      0.635297
   1.580      0.632955
   1.585      0.630629
   1.591      0.628319
   1.597      0.626026
   1.603      0.623749
   1.609      0.621488
   1.615      0.619243
   1.621      0.617014
   1.626      0.614801
   1.632      0.612602
   1.638      0.610419
   1.644      0.608252
   1.650      0.606099
   1.656      0.603961
   1.661      0.601839
   1.667      0.599730
   1.673      0.597636
   1.679      0.595557
   1.685      0.593492
   1.691      0.591441
   1.697      0.589403
   1.702      0.587380
   1.708      0.585370
   1.714      0.583374
   1.720      0.581392
   1.726      0.579422
   1.732      0.577466
   1.738      0.575523
   1.743      0.573593
   1.749      0.571676
   1.755      0.569771
   1.761      0.567879
   1.767      0.565999
   1.773      0.564132
   1.778      0.562277
   1.784      0.560434
   1.790      0.558603
   1.796      0.556784
   1.802      0.554977
   1.808      0.553181
   1.814      0.551397
   1.819      0.549625
   1.825      0.547863
   1.831      0.546113
   1.837      0.544374
   1.843      0.542646
   1.849      0.540929
   1.855      0.539223
   1.860      0.537528
   1.866      0.535843
   1.872      0.534169
   1.878      0.532505
   1.884      0.530851
   1.890      0.529208
   1.895      0.527574
   1.901      0.525951
   1.907      0.524338
   1.913      0.522734
   1.919      0.521141
   1.925      0.519557
   1.931      0.517982
   1.936      0.516418
   1.942      0.514862
   1.948      0.513316
   1.954      0.511779
   1.960      0.510251
   1.966      0.508733
   1.972      0.507223
   1.977      0.505723
   1.983      0.504231
   1.989      0.502748
   1.995      0.501274
   2.001      0.499808
   2.007      0.498351
   2.012      0.496902
   2.018      0.495462
   2.024      0.494030
   2.030      0.492606
   2.036      0.491191
   2.042      0.489783
   2.048      0.488384
   2.053      0.486992
   2.059      0.485609
   2.065      0.484233
   2.071      0.482865
   2.077      0.481505
   2.083      0.480153
   2.089      0.478808
   2.094      0.477470
   2.100      0.476140
   2.106      0.474818
   2.112      0.473502
   2.118      0.472194
   2.124      0.470893
   2.129      0.469600
   2.135      0.468313
   2.141      0.467034
   2.147      0.465761
   2.153      0.464495
   2.159      0.463237
   2.165      0.461985
   2.170      0.460739
   2.176      0.459501
   2.182      0.458269
   2.188      0.457044
   2.194      0.455825
   2.200      0.454613
   2.206      0.453407
   2.211      0.452207
   2.217      0.451014
   2.223      0.449827
   2.229      0.448646
   2.235      0.447472
   2.241      0.446304
   2.246      0.445141
   2.252      0.443985
   2.258      0.442835
   2.264      0.441691
   2.270      0.440552
   2.276      0.439420
   2.282      0.438293
   2.287      0.437172
   2.293      0.436057
   2.299      0.434947
   2.305      0.433843
   2.311      0.432745
   2.317      0.431652
   2.323      0.430565
   2.328      0.429483
