   0.000      1.808767
   0.006      1.808767
   0.012      1.808767
   0.018      1.808764
   0.023      1.808757
   0.029      1.808743
   0.035      1.808717
   0.041      1.808674
   0.047      1.808608
   0.053      1.808514
   0.059      1.808383
   0.064      1.808209
   0.070      1.807982
   0.076      1.807693
   0.082      1.807335
   0.088      1.806897
   0.094      1.806369
   0.099      1.805743
   0.105      1.805008
   0.111      1.804156
   0.117      1.803178
   0.123      1.802064
   0.129      1.800807
   0.135      1.799400
   0.140      1.797835
   0.146      1.796107
   0.152      1.794211
   0.158      1.792142
   0.164      1.789897
   0.170      1.787473
   0.176      1.784871
   0.181      1.782087
   0.187      1.779124
   0.193      1.775983
   0.199      1.772664
   0.205      1.769171
   0.211      1.765508
   0.216      1.761677
   0.222      1.757684
   0.228      1.753532
   0.234      1.749227
   0.240      1.744774
   0.246      1.740178
   0.252      1.735444
   0.257      1.730578
   0.263      1.725584
   0.269      1.720468
   0.275      1.715235
   0.281      1.709890
   0.287      1.704437
   0.293      1.698881
   0.298      1.693227
   0.304      1.687479
   0.310      1.681640
   0.316      1.675716
   0.322      1.669710
   0.328      1.663625
   0.333      1.657465
   0.339      1.651235
   0.345      1.644936
   0.351      1.638574
   0.357      1.632150
   0.363      1.625669
   0.369      1.619134
   0.374      1.612547
   0.380      1.605912
   0.386      1.599231
   0.392      1.592508
   0.398      1.585746
   0.404      1.578947
   0.410      1.572115
   0.415      1.565251
   0.421      1.558358
   0.427      1.551440
   0.433      1.544498
   0.439      1.537534
   0.445      1.530552
   0.450      1.523554
   0.456      1.516541
   0.462      1.509517
   0.468      1.502482
   0.474      1.495440
   0.480      1.488392
   0.486      1.481339
   0.491      1.474285
   0.497      1.467230
   0.503      1.460177
   0.509      1.453127
   0.515      1.446081
   0.521      1.439042
   0.527      1.432011
   0.532      1.424989
   0.538      1.417978
   0.544      1.410979
   0.550      1.403993
   0.556      1.397022
   0.562      1.390066
   0.567      1.383128
   0.573      1.376207
   0.579      1.369306
   0.585      1.362425
   0.591      1.355565
   0.597      1.348727
   0.603      1.341912
   0.608      1.335121
   0.614      1.328354
   0.620      1.321613
   0.626      1.314898
   0.632      1.308210
   0.638      1.301549
   0.644      1.294916
   0.649      1.288313
   0.655      1.281738
   0.661      1.275193
   0.667      1.268679
   0.673      1.262195
   0.679      1.255743
   0.684      1.249322
   0.690      1.242934
   0.696      1.236578
   0.702      1.230255
   0.708      1.223965
   0.714      1.217708
   0.720      1.211485
   0.725      1.205296
   0.731      1.199142
   0.737      1.193021
   0.743      1.186936
   0.749      1.180885
   0.755      1.174869
   0.761      1.168889
   0.766      1.162943
   0.772      1.157033
   0.778      1.151159
   0.784      1.145320
   0.790      1.139517
   0.796      1.133749
   0.801      1.128017
   0.807      1.122321
   0.813      1.116661
   0.819      1.111036
   0.825      1.105448
   0.831      1.099895
   0.837      1.094378
   0.842      1.088896
   0.848      1.083450
   0.854      1.078040
   0.860      1.072666
   0.866      1.067327
   0.872      1.062023
   0.878      1.056754
   0.883      1.051521
   0.889      1.046323
   0.895      1.041160
   0.901      1.036032
   0.907      1.030939
   0.913      1.025881
   0.918      1.020857
   0.924      1.015867
   0.930      1.010912
   0.936      1.005991
   0.942      1.001103
   0.948      0.996250
   0.954      0.991430
   0.959      0.986644
   0.965      0.981891
   0.971      0.977172
   0.977      0.972485
   0.983      0.967832
   0.989      0.963211
   0.995      0.958622
   1.000      0.954066
   1.006      0.949542
   1.012      0.945050
   1.018      0.940590
   1.024      0.936161
   1.030      0.931764
   1.035      0.927397
   1.041      0.923062
   1.047      0.918758
   1.053      0.914484
   1.059      0.910241
   1.065      0.906028
   1.071      0.901845
   1.076      0.897692
   1.082      0.893569
   1.088      0.889475
   1.094      0.885410
   1.100      0.881374
   1.106      0.877367
   1.112      0.873389
   1.117      0.869439
   1.123      0.865518
   1.129      0.861624
   1.135      0.857758
   1.141      0.853920
   1.147      0.850110
   1.152      0.846326
   1.158      0.842570
   1.164      0.838840
   1.170      0.835138
   1.176      0.831461
   1.182      0.827811
   1.188      0.824187
   1.193      0.820589
   1.199      0.817016
   1.205      0.813469
   1.211      0.809947
   1.217      0.806450
   1.223      0.802978
   1.229      0.799531
   1.234      0.796108
   1.240      0.792709
   1.246      0.789335
   1.252      0.785985
   1.258      0.782658
   1.264      0.779355
   1.269      0.776075
   1.275      0.772818
   1.281      0.769585
   1.287      0.766374
   1.293      0.763186
   1.299      0.760020
   1.305      0.756876
   1.310      0.753755
   1.316      0.750655
   1.322      0.747577
   1.328      0.744521
   1.334      0.741486
   1.340      0.738473
   1.346      0.735480
   1.351      0.732508
   1.357      0.729557
   1.363      0.726627
   1.369      0.723716
   1.375      0.720826
   1.381      0.717956
   1.386      0.715106
   1.392      0.712276
   1.398      0.709465
   1.404      0.706673
   1.410      0.703901
   1.416      0.701148
   1.422      0.698414
   1.427      0.695698
   1.433      0.693001
   1.439      0.690322
   1.445      0.687662
   1.451      0.685020
   1.457      0.682396
   1.463      0.679789
   1.468      0.677200
   1.474      0.674629
   1.480      0.672076
   1.486      0.669539
   1.492      0.667020
   1.498      0.664517
   1.504      0.662032
   1.509      0.659563
   1.515      0.657110
   1.521      0.654674
   1.527      0.652254
   1.533      0.649851
   1.539      0.647463
   1.544      0.645092
   1.550      0.642736
   1.556      0.640395
   1.562      0.638070
   1.568      0.635761
   1.574      0.633466
   1.580      0.631187
   1.585      0.628923
   1.591      0.626674
   1.597      0.624439
   1.603      0.622219
   1.609      0.620013
   1.615      0.617822
   1.621      0.615645
   1.626      0.613482
   1.632      0.611333
   1.638      0.609198
   1.644      0.607077
   1.650      0.604969
   1.656      0.602875
   1.661      0.600795
   1.667      0.598728
   1.673      0.596674
   1.679      0.594633
   1.685      0.592605
   1.691      0.590590
   1.697      0.588588
   1.702      0.586598
   1.708      0.584621
   1.714      0.582657
   1.720      0.580705
   1.726      0.578765
   1.732      0.576837
   1.738      0.574921
   1.743      0.573018
   1.749      0.571126
   1.755      0.569246
   1.761      0.567378
   1.767      0.565521
   1.773      0.563676
   1.778      0.561842
   1.784      0.560020
   1.790      0.558209
   1.796      0.556409
   1.802      0.554619
   1.808      0.552841
   1.814      0.551074
   1.819      0.549317
   1.825      0.547572
   1.831      0.545836
   1.837      0.544112
   1.843      0.542397
   1.849      0.540693
   1.855      0.539000
   1.860      0.537316
   1.866      0.535643
   1.872      0.533979
   1.878      0.532326
   1.884      0.530682
   1.890      0.529048
   1.895      0.527424
   1.901      0.525810
   1.907      0.524205
   1.913      0.522609
   1.919      0.521023
   1.925      0.519446
   1.931      0.517879
   1.936      0.516320
   1.942      0.514771
   1.948      0.513231
   1.954      0.511700
   1.960      0.510177
   1.966      0.508664
   1.972      0.507159
   1.977      0.505663
   1.983      0.504175
   1.989      0.502696
   1.995      0.501225
   2.001      0.499763
   2.007      0.498309
   2.012      0.496864
   2.018      0.495426
   2.024      0.493997
   2.030      0.492576
   2.036      0.491163
   2.042      0.489758
   2.048      0.488361
   2.053      0.486971
   2.059      0.485589
   2.065      0.484216
   2.071      0.482849
   2.077      0.481491
   2.083      0.480139
   2.089      0.478796
   2.094      0.477459
   2.100      0.476130
   2.106      0.474809
   2.112      0.473494
   2.118      0.472187
   2.124      0.470887
   2.129      0.469594
   2.135      0.468308
   2.141      0.467029
   2.147      0.465757
   2.153      0.464492
   2.159      0.463234
   2.165      0.461982
   2.170      0.460737
   2.176      0.459499
   2.182      0.458267
   2.188      0.457042
   2.194      0.455824
   2.200      0.454612
   2.206      0.453406
   2.211      0.452207
   2.217      0.451014
   2.223      0.449827
   2.229      0.448646
   2.235      0.447472
   2.241      0.446303
   2.246      0.445141
   2.252      0.443985
   2.258      0.442835
   2.264      0.441691
   2.270      0.440552
   2.276      0.439420
   2.282      0.438293
   2.287      0.437172
   2.293      0.436057
   2.299      0.434947
   2.305      0.433843
   2.311      0.432745
   2.317      0.431652
   2.323      0.430565
   2.328      0.429483
