   0.000      1.784580
   0.006      1.784556
   0.012      1.784485
   0.018      1.784367
   0.023      1.784202
   0.029      1.783989
   0.035      1.783728
   0.041      1.783420
   0.047      1.783062
   0.053      1.782656
   0.059      1.782201
   0.064      1.781696
   0.070      1.781140
   0.076      1.780534
   0.082      1.779875
   0.088      1.779164
   0.094      1.778400
   0.099      1.777581
   0.105      1.776708
   0.111      1.775778
   0.117      1.774790
   0.123      1.773744
   0.129      1.772639
   0.135      1.771473
   0.140      1.770244
   0.146      1.768952
   0.152      1.767595
   0.158      1.766171
   0.164      1.764679
   0.170      1.763117
   0.176      1.761484
   0.181      1.759777
   0.187      1.757996
   0.193      1.756138
   0.199      1.754201
   0.205      1.752184
   0.211      1.750085
   0.216      1.747902
   0.222      1.745632
   0.228      1.743275
   0.234      1.740828
   0.240      1.738289
   0.246      1.735657
   0.252      1.732929
   0.257      1.730104
   0.263      1.727181
   0.269      1.724156
   0.275      1.721030
   0.281      1.717801
   0.287      1.714466
   0.293      1.711026
   0.298      1.707478
   0.304      1.703822
   0.310      1.700057
   0.316      1.696182
   0.322      1.692197
   0.328      1.688101
   0.333      1.683894
   0.339      1.679576
   0.345      1.675147
   0.351      1.670608
   0.357      1.665958
   0.363      1.661200
   0.369      1.656334
   0.374      1.651360
   0.380      1.646280
   0.386      1.641097
   0.392      1.635810
   0.398      1.630423
   0.404      1.624938
   0.410      1.619356
   0.415      1.613679
   0.421      1.607911
   0.427      1.602054
   0.433      1.596111
   0.439      1.590084
   0.445      1.583976
   0.450      1.577791
   0.456      1.571531
   0.462      1.565200
   0.468      1.558800
   0.474      1.552335
   0.480      1.545809
   0.486      1.539223
   0.491      1.532582
   0.497      1.525888
   0.503      1.519145
   0.509      1.512357
   0.515      1.505525
   0.521      1.498654
   0.527      1.491746
   0.532      1.484804
   0.538      1.477831
   0.544      1.470831
   0.550      1.463806
   0.556      1.456758
   0.562      1.449691
   0.567      1.442607
   0.573      1.435509
   0.579      1.428399
   0.585      1.421280
   0.591      1.414153
   0.597      1.407023
   0.603      1.399889
   0.608      1.392756
   0.614      1.385624
   0.620      1.378496
   0.626      1.371374
   0.632      1.364260
   0.638      1.357155
   0.644      1.350061
   0.649      1.342980
   0.655      1.335914
   0.661      1.328864
   0.667      1.321831
   0.673      1.314818
   0.679      1.307824
   0.684      1.300852
   0.690      1.293904
   0.696      1.286979
   0.702      1.280079
   0.708      1.273206
   0.714      1.266360
   0.720      1.259543
   0.725      1.252754
   0.731      1.245996
   0.737      1.239269
   0.743      1.232573
   0.749      1.225910
   0.755      1.219280
   0.761      1.212684
   0.766      1.206122
   0.772      1.199596
   0.778      1.193105
   0.784      1.186650
   0.790      1.180232
   0.796      1.173851
   0.801      1.167508
   0.807      1.161202
   0.813      1.154934
   0.819      1.148705
   0.825      1.142515
   0.831      1.136364
   0.837      1.130252
   0.842      1.124179
   0.848      1.118147
   0.854      1.112154
   0.860      1.106201
   0.866      1.100288
   0.872      1.094416
   0.878      1.088584
   0.883      1.082792
   0.889      1.077040
   0.895      1.071329
   0.901      1.065659
   0.907      1.060029
   0.913      1.054439
   0.918      1.048890
   0.924      1.043381
   0.930      1.037913
   0.936      1.032484
   0.942      1.027096
   0.948      1.021748
   0.954      1.016440
   0.959      1.011171
   0.965      1.005942
   0.971      1.000753
   0.977      0.995603
   0.983      0.990492
   0.989      0.985420
   0.995      0.980388
   1.000      0.975394
   1.006      0.970438
   1.012      0.965521
   1.018      0.960641
   1.024      0.955800
   1.030      0.950997
   1.035      0.946231
   1.041      0.941502
   1.047      0.936810
   1.053      0.932155
   1.059      0.927537
   1.065      0.922955
   1.071      0.918409
   1.076      0.913899
   1.082      0.909424
   1.088      0.904985
   1.094      0.900582
   1.100      0.896213
   1.106      0.891878
   1.112      0.887578
   1.117      0.883312
   1.123      0.879080
   1.129      0.874882
   1.135      0.870717
   1.141      0.866585
   1.147      0.862486
   1.152      0.858419
   1.158      0.854385
   1.164      0.850383
   1.170      0.846412
   1.176      0.842473
   1.182      0.838566
   1.188      0.834689
   1.193      0.830843
   1.199      0.827027
   1.205      0.823242
   1.211      0.819487
   1.217      0.815761
   1.223      0.812065
   1.229      0.808398
   1.234      0.804760
   1.240      0.801150
   1.246      0.797569
   1.252      0.794016
   1.258      0.790491
   1.264      0.786994
   1.269      0.783524
   1.275      0.780081
   1.281      0.776665
   1.287      0.773276
   1.293      0.769913
   1.299      0.766577
   1.305      0.763266
   1.310      0.759981
   1.316      0.756722
   1.322      0.753487
   1.328      0.750278
   1.334      0.747093
   1.340      0.743933
   1.346      0.740797
   1.351      0.737686
   1.357      0.734598
   1.363      0.731534
   1.369      0.728493
   1.375      0.725475
   1.381      0.722480
   1.386      0.719508
   1.392      0.716559
   1.398      0.713631
   1.404      0.710726
   1.410      0.707843
   1.416      0.704981
   1.422      0.702141
   1.427      0.699322
   1.433      0.696525
   1.439      0.693748
   1.445      0.690991
   1.451      0.688255
   1.457      0.685540
   1.463      0.682844
   1.468      0.680169
   1.474      0.677513
   1.480      0.674876
   1.486      0.672259
   1.492      0.669661
   1.498      0.667082
   1.504      0.664522
   1.509      0.661980
   1.515      0.659457
   1.521      0.656952
   1.527      0.654465
   1.533      0.651996
   1.539      0.649544
   1.544      0.647111
   1.550      0.644694
   1.556      0.642295
   1.562      0.639913
   1.568      0.637547
   1.574      0.635199
   1.580      0.632867
   1.585      0.630551
   1.591      0.628252
   1.597      0.625968
   1.603      0.623701
   1.609      0.621450
   1.615      0.619214
   1.621      0.616993
   1.626      0.614788
   1.632      0.612599
   1.638      0.610424
   1.644      0.608264
   1.650      0.606119
   1.656      0.603989
   1.661      0.601873
   1.667      0.599771
   1.673      0.597684
   1.679      0.595611
   1.685      0.593552
   1.691      0.591506
   1.697      0.589475
   1.702      0.587457
   1.708      0.585452
   1.714      0.583461
   1.720      0.581483
   1.726      0.579518
   1.732      0.577566
   1.738      0.575627
   1.743      0.573700
   1.749      0.571787
   1.755      0.569885
   1.761      0.567997
   1.767      0.566120
   1.773      0.564256
   1.778      0.562403
   1.784      0.560563
   1.790      0.558734
   1.796      0.556917
   1.802      0.555112
   1.808      0.553318
   1.814      0.551536
   1.819      0.549765
   1.825      0.548005
   1.831      0.546256
   1.837      0.544518
   1.843      0.542792
   1.849      0.541076
   1.855      0.539370
   1.860      0.537676
   1.866      0.535992
   1.872      0.534318
   1.878      0.532654
   1.884      0.531001
   1.890      0.529358
   1.895      0.527725
   1.901      0.526102
   1.907      0.524489
   1.913      0.522886
   1.919      0.521293
   1.925      0.519709
   1.931      0.518134
   1.936      0.516569
   1.942      0.515014
   1.948      0.513468
   1.954      0.511931
   1.960      0.510403
   1.966      0.508884
   1.972      0.507374
   1.977      0.505873
   1.983      0.504381
   1.989      0.502898
   1.995      0.501423
   2.001      0.499957
   2.007      0.498500
   2.012      0.497051
   2.018      0.495610
   2.024      0.494178
   2.030      0.492754
   2.036      0.491338
   2.042      0.489930
   2.048      0.488530
   2.053      0.487138
   2.059      0.485755
   2.065      0.484378
   2.071      0.483010
   2.077      0.481650
   2.083      0.480297
   2.089      0.478951
   2.094      0.477613
   2.100      0.476283
   2.106      0.474960
   2.112      0.473644
   2.118      0.472336
   2.124      0.471035
   2.129      0.469741
   2.135      0.468454
   2.141      0.467174
   2.147      0.465901
   2.153      0.464635
   2.159      0.463376
   2.165      0.462123
   2.170      0.460878
   2.176      0.459639
   2.182      0.458406
   2.188      0.457181
   2.194      0.455962
   2.200      0.454749
   2.206      0.453543
   2.211      0.452343
   2.217      0.451149
   2.223      0.449962
   2.229      0.448781
   2.235      0.447606
   2.241      0.446438
   2.246      0.445275
   2.252      0.444118
   2.258      0.442968
   2.264      0.441823
   2.270      0.440685
   2.276      0.439552
   2.282      0.438425
   2.287      0.437303
   2.293      0.436188
   2.299      0.435078
   2.305      0.433974
   2.311      0.432875
   2.317      0.431782
   2.323      0.430694
   2.328      0.429612
