   0.000      2.185251
   0.006      2.185081
   0.012      2.184572
   0.018      2.183724
   0.023      2.182539
   0.029      2.181016
   0.035      2.179157
   0.041      2.176963
   0.047      2.174436
   0.053      2.171577
   0.059      2.168388
   0.064      2.164871
   0.070      2.161027
   0.076      2.156859
   0.082      2.152369
   0.088      2.147560
   0.094      2.142434
   0.099      2.136994
   0.105      2.131244
   0.111      2.125186
   0.117      2.118826
   0.123      2.112166
   0.129      2.105212
   0.135      2.097967
   0.140      2.090437
   0.146      2.082627
   0.152      2.074544
   0.158      2.066192
   0.164      2.057578
   0.170      2.048709
   0.176      2.039592
   0.181      2.030235
   0.187      2.020644
   0.193      2.010828
   0.199      2.000795
   0.205      1.990554
   0.211      1.980113
   0.216      1.969481
   0.222      1.958667
   0.228      1.947680
   0.234      1.936530
   0.240      1.925225
   0.246      1.913776
   0.252      1.902191
   0.257      1.890481
   0.263      1.878653
   0.269      1.866719
   0.275      1.854686
   0.281      1.842565
   0.287      1.830364
   0.293      1.818093
   0.298      1.805761
   0.304      1.793375
   0.310      1.780946
   0.316      1.768481
   0.322      1.755989
   0.328      1.743479
   0.333      1.730958
   0.339      1.718435
   0.345      1.705916
   0.351      1.693411
   0.357      1.680926
   0.363      1.668470
   0.369      1.656048
   0.374      1.643668
   0.380      1.631337
   0.386      1.619062
   0.392      1.606849
   0.398      1.594704
   0.404      1.582634
   0.410      1.570645
   0.415      1.558742
   0.421      1.546931
   0.427      1.535217
   0.433      1.523607
   0.439      1.512103
   0.445      1.500712
   0.450      1.489437
   0.456      1.478284
   0.462      1.467256
   0.468      1.456356
   0.474      1.445588
   0.480      1.434956
   0.486      1.424462
   0.491      1.414108
   0.497      1.403898
   0.503      1.393833
   0.509      1.383914
   0.515      1.374144
   0.521      1.364522
   0.527      1.355051
   0.532      1.345730
   0.538      1.336560
   0.544      1.327541
   0.550      1.318673
   0.556      1.309954
   0.562      1.301385
   0.567      1.292964
   0.573      1.284691
   0.579      1.276563
   0.585      1.268580
   0.591      1.260739
   0.597      1.253039
   0.603      1.245478
   0.608      1.238053
   0.614      1.230763
   0.620      1.223604
   0.626      1.216576
   0.632      1.209674
   0.638      1.202897
   0.644      1.196242
   0.649      1.189705
   0.655      1.183285
   0.661      1.176978
   0.667      1.170782
   0.673      1.164693
   0.679      1.158710
   0.684      1.152828
   0.690      1.147046
   0.696      1.141360
   0.702      1.135767
   0.708      1.130265
   0.714      1.124851
   0.720      1.119522
   0.725      1.114275
   0.731      1.109108
   0.737      1.104018
   0.743      1.099002
   0.749      1.094058
   0.755      1.089183
   0.761      1.084374
   0.766      1.079631
   0.772      1.074949
   0.778      1.070326
   0.784      1.065762
   0.790      1.061252
   0.796      1.056796
   0.801      1.052390
   0.807      1.048034
   0.813      1.043724
   0.819      1.039460
   0.825      1.035239
   0.831      1.031059
   0.837      1.026920
   0.842      1.022818
   0.848      1.018753
   0.854      1.014723
   0.860      1.010727
   0.866      1.006763
   0.872      1.002830
   0.878      0.998926
   0.883      0.995050
   0.889      0.991201
   0.895      0.987379
   0.901      0.983581
   0.907      0.979806
   0.913      0.976055
   0.918      0.972325
   0.924      0.968616
   0.930      0.964928
   0.936      0.961258
   0.942      0.957607
   0.948      0.953974
   0.954      0.950358
   0.959      0.946758
   0.965      0.943174
   0.971      0.939606
   0.977      0.936052
   0.983      0.932512
   0.989      0.928986
   0.995      0.925474
   1.000      0.921974
   1.006      0.918488
   1.012      0.915013
   1.018      0.911550
   1.024      0.908099
   1.030      0.904659
   1.035      0.901231
   1.041      0.897813
   1.047      0.894407
   1.053      0.891010
   1.059      0.887625
   1.065      0.884249
   1.071      0.880884
   1.076      0.877529
   1.082      0.874184
   1.088      0.870848
   1.094      0.867523
   1.100      0.864208
   1.106      0.860902
   1.112      0.857606
   1.117      0.854320
   1.123      0.851044
   1.129      0.847778
   1.135      0.844522
   1.141      0.841275
   1.147      0.838039
   1.152      0.834813
   1.158      0.831596
   1.164      0.828390
   1.170      0.825195
   1.176      0.822009
   1.182      0.818834
   1.188      0.815669
   1.193      0.812516
   1.199      0.809372
   1.205      0.806240
   1.211      0.803118
   1.217      0.800008
   1.223      0.796908
   1.229      0.793820
   1.234      0.790743
   1.240      0.787677
   1.246      0.784623
   1.252      0.781581
   1.258      0.778550
   1.264      0.775531
   1.269      0.772524
   1.275      0.769529
   1.281      0.766546
   1.287      0.763576
   1.293      0.760618
   1.299      0.757672
   1.305      0.754739
   1.310      0.751819
   1.316      0.748911
   1.322      0.746016
   1.328      0.743134
   1.334      0.740265
   1.340      0.737409
   1.346      0.734567
   1.351      0.731737
   1.357      0.728921
   1.363      0.726118
   1.369      0.723329
   1.375      0.720554
   1.381      0.717791
   1.386      0.715043
   1.392      0.712308
   1.398      0.709587
   1.404      0.706880
   1.410      0.704187
   1.416      0.701508
   1.422      0.698842
   1.427      0.696191
   1.433      0.693553
   1.439      0.690930
   1.445      0.688321
   1.451      0.685725
   1.457      0.683144
   1.463      0.680577
   1.468      0.678024
   1.474      0.675486
   1.480      0.672961
   1.486      0.670451
   1.492      0.667955
   1.498      0.665473
   1.504      0.663005
   1.509      0.660552
   1.515      0.658112
   1.521      0.655687
   1.527      0.653276
   1.533      0.650878
   1.539      0.648495
   1.544      0.646127
   1.550      0.643772
   1.556      0.641431
   1.562      0.639104
   1.568      0.636791
   1.574      0.634492
   1.580      0.632207
   1.585      0.629935
   1.591      0.627678
   1.597      0.625434
   1.603      0.623204
   1.609      0.620987
   1.615      0.618784
   1.621      0.616595
   1.626      0.614419
   1.632      0.612257
   1.638      0.610108
   1.644      0.607972
   1.650      0.605850
   1.656      0.603740
   1.661      0.601644
   1.667      0.599561
   1.673      0.597491
   1.679      0.595434
   1.685      0.593390
   1.691      0.591358
   1.697      0.589340
   1.702      0.587334
   1.708      0.585340
   1.714      0.583359
   1.720      0.581391
   1.726      0.579435
   1.732      0.577491
   1.738      0.575559
   1.743      0.573640
   1.749      0.571732
   1.755      0.569837
   1.761      0.567953
   1.767      0.566081
   1.773      0.564221
   1.778      0.562373
   1.784      0.560536
   1.790      0.558711
   1.796      0.556897
   1.802      0.555094
   1.808      0.553303
   1.814      0.551523
   1.819      0.549753
   1.825      0.547995
   1.831      0.546248
   1.837      0.544512
   1.843      0.542786
   1.849      0.541071
   1.855      0.539367
   1.860      0.537673
   1.866      0.535989
   1.872      0.534316
   1.878      0.532653
   1.884      0.531000
   1.890      0.529358
   1.895      0.527725
   1.901      0.526102
   1.907      0.524490
   1.913      0.522886
   1.919      0.521293
   1.925      0.519709
   1.931      0.518135
   1.936      0.516570
   1.942      0.515014
   1.948      0.513468
   1.954      0.511931
   1.960      0.510403
   1.966      0.508885
   1.972      0.507375
   1.977      0.505874
   1.983      0.504382
   1.989      0.502898
   1.995      0.501424
   2.001      0.499958
   2.007      0.498500
   2.012      0.497051
   2.018      0.495610
   2.024      0.494178
   2.030      0.492754
   2.036      0.491338
   2.042      0.489930
   2.048      0.488530
   2.053      0.487138
   2.059      0.485755
   2.065      0.484378
   2.071      0.483010
   2.077      0.481650
   2.083      0.480297
   2.089      0.478951
   2.094      0.477613
   2.100      0.476283
   2.106      0.474960
   2.112      0.473644
   2.118      0.472336
   2.124      0.471035
   2.129      0.469741
   2.135      0.468454
   2.141      0.467174
   2.147      0.465901
   2.153      0.464635
   2.159      0.463376
   2.165      0.462123
   2.170      0.460878
   2.176      0.459639
   2.182      0.458406
   2.188      0.457181
   2.194      0.455962
   2.200      0.454749
   2.206      0.453543
   2.211      0.452343
   2.217      0.451149
   2.223      0.449962
   2.229      0.448781
   2.235      0.447606
   2.241      0.446438
   2.246      0.445275
   2.252      0.444118
   2.258      0.442968
   2.264      0.441823
   2.270      0.440685
   2.276      0.439552
   2.282      0.438425
   2.287      0.437303
   2.293      0.436188
   2.299      0.435078
   2.305      0.433974
   2.311      0.432875
   2.317      0.431782
   2.323      0.430694
   2.328      0.429612
