   0.004     -0.008374
   0.009     -0.096035
   0.013     -0.183696
   0.018     -0.274302
   0.022     -0.365231
   0.026     -0.456162
   0.031     -0.546996
   0.035     -0.637684
   0.040     -0.728189
   0.044     -0.818481
   0.048     -0.908533
   0.053     -0.998320
   0.057     -1.087817
   0.062     -1.176998
   0.066     -1.265841
   0.070     -1.354319
   0.075     -1.442411
   0.079     -1.530090
   0.084     -1.617333
   0.088     -1.704114
   0.092     -1.790410
   0.097     -1.876194
   0.101     -1.961442
   0.106     -2.046127
   0.110     -2.130224
   0.114     -2.213706
   0.119     -2.296547
   0.123     -2.378720
   0.128     -2.460199
   0.132     -2.540957
   0.136     -2.620965
   0.141     -2.700197
   0.145     -2.778625
   0.150     -2.856222
   0.154     -2.932959
   0.158     -3.008808
   0.163     -3.083741
   0.167     -3.157729
   0.172     -3.230745
   0.176     -3.302758
   0.180     -3.373741
   0.185     -3.443664
   0.189     -3.512499
   0.194     -3.580215
   0.198     -3.646783
   0.202     -3.712174
   0.207     -3.776359
   0.211     -3.839306
   0.216     -3.900987
   0.220     -3.961372
   0.224     -4.020431
   0.229     -4.078133
   0.233     -4.134450
   0.238     -4.189351
   0.242     -4.242806
   0.246     -4.294788
   0.251     -4.345266
   0.255     -4.394212
   0.260     -4.441597
   0.264     -4.487394
   0.268     -4.531575
   0.273     -4.574115
   0.277     -4.614987
   0.282     -4.654167
   0.286     -4.691631
   0.290     -4.727356
   0.295     -4.761322
   0.299     -4.793508
   0.304     -4.823896
   0.308     -4.852470
   0.312     -4.879215
   0.317     -4.904117
   0.321     -4.927166
   0.326     -4.948355
   0.330     -4.967675
   0.334     -4.985125
   0.339     -5.000702
   0.343     -5.014408
   0.348     -5.026247
   0.352     -5.036228
   0.356     -5.044359
   0.361     -5.050654
   0.365     -5.055129
   0.370     -5.057803
   0.374     -5.058699
   0.378     -5.057842
   0.383     -5.055260
   0.387     -5.050984
   0.392     -5.045049
   0.396     -5.037491
   0.400     -5.028352
   0.405     -5.017672
   0.409     -5.005496
   0.414     -4.991872
   0.418     -4.976849
   0.422     -4.960478
   0.427     -4.942812
   0.431     -4.923904
   0.436     -4.903811
   0.440     -4.882590
   0.444     -4.860296
   0.449     -4.836990
   0.453     -4.812728
   0.458     -4.787570
   0.462     -4.761574
   0.466     -4.734797
   0.471     -4.707297
   0.475     -4.679130
   0.480     -4.650351
   0.484     -4.621014
   0.488     -4.591171
   0.493     -4.560872
   0.497     -4.530167
   0.502     -4.499102
   0.506     -4.467721
   0.510     -4.436066
   0.515     -4.404176
   0.519     -4.372090
   0.524     -4.339840
   0.528     -4.307460
   0.532     -4.274978
   0.537     -4.242422
   0.541     -4.209816
   0.546     -4.177183
   0.550     -4.144540
   0.554     -4.111907
   0.559     -4.079298
   0.563     -4.046726
   0.568     -4.014202
   0.572     -3.981735
   0.576     -3.949335
   0.581     -3.917005
   0.585     -3.884752
   0.590     -3.852579
   0.594     -3.820488
   0.598     -3.788481
   0.603     -3.756559
   0.607     -3.724721
   0.612     -3.692967
   0.616     -3.661297
   0.620     -3.629709
   0.625     -3.598201
   0.629     -3.566773
   0.634     -3.535421
   0.638     -3.504145
   0.642     -3.472943
   0.647     -3.441813
   0.651     -3.410754
   0.656     -3.379766
   0.660     -3.348846
   0.664     -3.317994
   0.669     -3.287210
   0.673     -3.256494
   0.678     -3.225845
   0.682     -3.195265
   0.686     -3.164753
   0.691     -3.134310
   0.695     -3.103938
   0.700     -3.073637
   0.704     -3.043410
   0.708     -3.013257
   0.713     -2.983181
   0.717     -2.953182
   0.722     -2.923264
   0.726     -2.893428
   0.730     -2.863676
   0.735     -2.834010
   0.739     -2.804433
   0.744     -2.774947
   0.748     -2.745553
   0.752     -2.716254
   0.757     -2.687052
   0.761     -2.657949
   0.766     -2.628948
   0.770     -2.600049
   0.774     -2.571256
   0.779     -2.542570
   0.783     -2.513993
   0.788     -2.485527
   0.792     -2.457173
   0.796     -2.428934
   0.801     -2.400811
   0.805     -2.372806
   0.810     -2.344921
   0.814     -2.317157
   0.818     -2.289515
   0.823     -2.261997
   0.827     -2.234605
   0.832     -2.207339
   0.836     -2.180202
   0.840     -2.153194
   0.845     -2.126317
   0.849     -2.099572
   0.854     -2.072960
   0.858     -2.046482
   0.862     -2.020139
   0.867     -1.993932
   0.871     -1.967862
   0.876     -1.941931
   0.880     -1.916138
   0.884     -1.890486
   0.889     -1.864973
   0.893     -1.839603
   0.898     -1.814374
   0.902     -1.789288
   0.906     -1.764345
   0.911     -1.739547
   0.915     -1.714893
   0.920     -1.690385
   0.924     -1.666022
   0.928     -1.641805
   0.933     -1.617735
   0.937     -1.593812
   0.942     -1.570036
   0.946     -1.546408
   0.950     -1.522929
   0.955     -1.499598
   0.959     -1.476415
   0.964     -1.453381
   0.968     -1.430497
   0.972     -1.407762
   0.977     -1.385176
   0.981     -1.362740
   0.986     -1.340454
   0.990     -1.318318
   0.994     -1.296331
   0.999     -1.274495
   1.003     -1.252808
   1.008     -1.231271
   1.012     -1.209885
   1.016     -1.188648
   1.021     -1.167561
   1.025     -1.146624
   1.030     -1.125836
   1.034     -1.105198
   1.038     -1.084709
   1.043     -1.064369
   1.047     -1.044178
   1.052     -1.024136
   1.056     -1.004242
   1.060     -0.984497
   1.065     -0.964900
   1.069     -0.945451
   1.074     -0.926149
   1.078     -0.906994
   1.082     -0.887986
   1.087     -0.869125
   1.091     -0.850410
   1.096     -0.831841
   1.100     -0.813417
   1.104     -0.795138
   1.109     -0.777004
   1.113     -0.759014
   1.118     -0.741168
   1.122     -0.723466
   1.126     -0.705906
   1.131     -0.688489
   1.135     -0.671214
   1.140     -0.654081
   1.144     -0.637089
   1.148     -0.620237
   1.153     -0.603525
   1.157     -0.586953
   1.162     -0.570521
   1.166     -0.554226
   1.170     -0.538070
   1.175     -0.522051
   1.179     -0.506169
   1.184     -0.490424
   1.188     -0.474814
   1.192     -0.459340
   1.197     -0.444000
   1.201     -0.428794
   1.206     -0.413722
   1.210     -0.398783
   1.214     -0.383976
   1.219     -0.369300
   1.223     -0.354756
   1.228     -0.340343
   1.232     -0.326059
   1.236     -0.311904
   1.241     -0.297878
   1.245     -0.283980
   1.250     -0.270209
   1.254     -0.256565
   1.258     -0.243047
   1.263     -0.229655
   1.267     -0.216387
   1.272     -0.203244
   1.276     -0.190224
   1.280     -0.177327
   1.285     -0.164552
   1.289     -0.151898
   1.294     -0.139366
   1.298     -0.126954
   1.302     -0.114661
   1.307     -0.102487
   1.311     -0.090431
   1.316     -0.078493
   1.320     -0.066672
   1.324     -0.054967
   1.329     -0.043378
   1.333     -0.031904
   1.338     -0.020543
   1.342     -0.009297
   1.346      0.001837
   1.351      0.012858
   1.355      0.023768
   1.360      0.034567
   1.364      0.045256
   1.368      0.055835
   1.373      0.066305
   1.377      0.076667
   1.382      0.086922
   1.386      0.097070
   1.390      0.107111
   1.395      0.117047
   1.399      0.126878
   1.404      0.136604
   1.408      0.146227
   1.412      0.155747
   1.417      0.165165
   1.421      0.174481
   1.426      0.183697
   1.430      0.192812
   1.434      0.201827
   1.439      0.210743
   1.443      0.219561
   1.448      0.228282
   1.452      0.236905
   1.456      0.245432
   1.461      0.253863
   1.465      0.262199
   1.470      0.270440
   1.474      0.278588
   1.478      0.286643
   1.483      0.294604
   1.487      0.302474
   1.492      0.310253
   1.496      0.317941
   1.500      0.325539
   1.505      0.333047
   1.509      0.340467
   1.514      0.347798
   1.518      0.355042
   1.522      0.362198
   1.527      0.369269
   1.531      0.376254
   1.536      0.383153
   1.540      0.389968
   1.544      0.396699
   1.549      0.403347
   1.553      0.409912
   1.558      0.416394
   1.562      0.422795
   1.566      0.429116
   1.571      0.435355
   1.575      0.441515
   1.580      0.447596
   1.584      0.453598
   1.588      0.459522
   1.593      0.465369
   1.597      0.471138
   1.602      0.476831
   1.606      0.482449
   1.610      0.487991
   1.615      0.493458
   1.619      0.498851
   1.624      0.504171
   1.628      0.509418
   1.632      0.514592
   1.637      0.519694
   1.641      0.524725
   1.646      0.529685
   1.650      0.534575
   1.654      0.539395
   1.659      0.544145
   1.663      0.548827
   1.668      0.553441
   1.672      0.557987
   1.676      0.562465
   1.681      0.566878
   1.685      0.571224
   1.690      0.575504
   1.694      0.579719
   1.698      0.583870
   1.703      0.587956
   1.707      0.591979
   1.712      0.595939
   1.716      0.599836
   1.720      0.603671
   1.725      0.607445
   1.729      0.611157
   1.734      0.614809
   1.738      0.618400
   1.742      0.621932
   1.747      0.625404
   1.751      0.628818
   1.756      0.632173
   1.760      0.635471
   1.764      0.638711
   1.769      0.641895
   1.773      0.645021
   1.778      0.648092
   1.782      0.651108
   1.786      0.654068
   1.791      0.656973
   1.795      0.659825
   1.800      0.662622
   1.804      0.665367
   1.808      0.668058
   1.813      0.670697
   1.817      0.673284
   1.822      0.675819
   1.826      0.678303
   1.830      0.680737
   1.835      0.683120
   1.839      0.685453
   1.844      0.687737
   1.848      0.689972
   1.852      0.692158
   1.857      0.694295
   1.861      0.696385
   1.866      0.698428
   1.870      0.700423
   1.874      0.702372
   1.879      0.704274
   1.883      0.706131
   1.888      0.707942
   1.892      0.709708
   1.896      0.711430
   1.901      0.713107
   1.905      0.714740
   1.910      0.716329
   1.914      0.717876
   1.918      0.719379
   1.923      0.720840
   1.927      0.722259
   1.932      0.723637
   1.936      0.724973
   1.940      0.726268
   1.945      0.727522
   1.949      0.728736
   1.954      0.729911
   1.958      0.731045
   1.962      0.732141
   1.967      0.733197
   1.971      0.734215
   1.976      0.735195
   1.980      0.736137
   1.984      0.737042
   1.989      0.737909
   1.993      0.738740
   1.998      0.739534
   2.002      0.740292
   2.006      0.741014
   2.011      0.741700
   2.015      0.742352
   2.020      0.742968
   2.024      0.743550
   2.028      0.744098
   2.033      0.744612
   2.037      0.745092
   2.042      0.745539
   2.046      0.745952
   2.050      0.746334
   2.055      0.746682
   2.059      0.746999
   2.064      0.747284
   2.068      0.747538
   2.072      0.747760
   2.077      0.747951
   2.081      0.748112
   2.086      0.748243
   2.090      0.748343
   2.094      0.748414
   2.099      0.748455
   2.103      0.748467
   2.108      0.748450
   2.112      0.748405
   2.116      0.748331
   2.121      0.748230
   2.125      0.748100
   2.130      0.747943
   2.134      0.747759
   2.138      0.747547
   2.143      0.747309
   2.147      0.747045
   2.152      0.746754
   2.156      0.746438
   2.160      0.746096
   2.165      0.745728
   2.169      0.745335
   2.174      0.744917
   2.178      0.744475
   2.182      0.744008
   2.187      0.743517
   2.191      0.743003
   2.196      0.742464
   2.200      0.741902
   2.204      0.741317
   2.209      0.740709
   2.213      0.740078
   2.218      0.739425
   2.222      0.738749
   2.226      0.738052
   2.231      0.737333
   2.235      0.736592
   2.240      0.735830
   2.244      0.735046
   2.248      0.734242
   2.253      0.733418
   2.257      0.732573
   2.262      0.731707
   2.266      0.730822
   2.270      0.729917
   2.275      0.728993
   2.279      0.728049
   2.284      0.727086
   2.288      0.726104
   2.292      0.725103
   2.297      0.724084
   2.301      0.723047
   2.306      0.721991
   2.310      0.720918
   2.314      0.719827
   2.319      0.718719
   2.323      0.717593
   2.328      0.716450
   2.332      0.715291
   2.336      0.714115
   2.341      0.712922
   2.345      0.711713
   2.350      0.710488
   2.354      0.709247
   2.358      0.707990
   2.363      0.706718
   2.367      0.705430
   2.372      0.704127
   2.376      0.702810
   2.380      0.701477
   2.385      0.700130
   2.389      0.698768
   2.394      0.697393
   2.398      0.696003
   2.402      0.694599
   2.407      0.693181
   2.411      0.691750
   2.416      0.690306
   2.420      0.688848
   2.424      0.687378
   2.429      0.685894
   2.433      0.684398
   2.438      0.682889
   2.442      0.681368
   2.446      0.679834
   2.451      0.678289
   2.455      0.676732
   2.460      0.675163
   2.464      0.673582
   2.468      0.671990
   2.473      0.670387
   2.477      0.668773
   2.482      0.667147
   2.486      0.665511
   2.490      0.663864
   2.495      0.662207
   2.499      0.660540
   2.504      0.658862
   2.508      0.657174
   2.512      0.655477
   2.517      0.653769
   2.521      0.652052
   2.526      0.650326
   2.530      0.648590
   2.534      0.646845
   2.539      0.645091
   2.543      0.643328
   2.548      0.641556
   2.552      0.639776
   2.556      0.637987
   2.561      0.636190
   2.565      0.634385
   2.570      0.632572
   2.574      0.630750
   2.578      0.628921
   2.583      0.627084
   2.587      0.625240
   2.592      0.623388
   2.596      0.621529
   2.600      0.619663
   2.605      0.617789
   2.609      0.615909
   2.614      0.614022
   2.618      0.612128
   2.622      0.610228
   2.627      0.608321
   2.631      0.606408
   2.636      0.604489
   2.640      0.602563
   2.644      0.600632
   2.649      0.598695
   2.653      0.596752
   2.658      0.594803
   2.662      0.592849
   2.666      0.590890
   2.671      0.588925
   2.675      0.586956
   2.680      0.584981
   2.684      0.583001
   2.688      0.581016
   2.693      0.579027
   2.697      0.577033
   2.702      0.575034
   2.706      0.573031
   2.710      0.571024
   2.715      0.569012
   2.719      0.566997
   2.724      0.564977
   2.728      0.562954
   2.732      0.560927
   2.737      0.558896
   2.741      0.556861
   2.746      0.554823
   2.750      0.552782
   2.754      0.550737
   2.759      0.548689
   2.763      0.546638
   2.768      0.544584
   2.772      0.542527
   2.776      0.540467
   2.781      0.538404
   2.785      0.536339
   2.790      0.534271
   2.794      0.532201
   2.798      0.530128
   2.803      0.528053
   2.807      0.525976
   2.812      0.523897
   2.816      0.521816
   2.820      0.519733
   2.825      0.517648
   2.829      0.515561
   2.834      0.513472
   2.838      0.511382
   2.842      0.509290
   2.847      0.507197
   2.851      0.505103
   2.856      0.503007
   2.860      0.500910
   2.864      0.498812
   2.869      0.496713
   2.873      0.494613
   2.878      0.492512
   2.882      0.490410
   2.886      0.488308
   2.891      0.486205
   2.895      0.484101
   2.900      0.481997
   2.904      0.479892
   2.908      0.477787
   2.913      0.475682
   2.917      0.473576
   2.922      0.471470
   2.926      0.469365
   2.930      0.467259
   2.935      0.465153
   2.939      0.463048
   2.944      0.460942
   2.948      0.458837
   2.952      0.456732
   2.957      0.454628
   2.961      0.452524
   2.966      0.450421
   2.970      0.448318
   2.974      0.446216
   2.979      0.444114
   2.983      0.442014
   2.988      0.439914
   2.992      0.437815
   2.996      0.435717
   3.001      0.433620
   3.005      0.431524
   3.010      0.429430
   3.014      0.427336
   3.018      0.425244
   3.023      0.423154
   3.027      0.421064
   3.032      0.418976
   3.036      0.416890
   3.040      0.414805
   3.045      0.412722
   3.049      0.410640
   3.054      0.408560
   3.058      0.406482
   3.062      0.404406
   3.067      0.402332
   3.071      0.400259
   3.076      0.398189
   3.080      0.396120
   3.084      0.394054
   3.089      0.391990
   3.093      0.389928
   3.098      0.387868
   3.102      0.385811
   3.106      0.383756
   3.111      0.381703
   3.115      0.379653
   3.120      0.377606
   3.124      0.375561
   3.128      0.373518
   3.133      0.371478
   3.137      0.369441
   3.142      0.367406
   3.146      0.365375
   3.150      0.363346
   3.155      0.361320
   3.159      0.359297
   3.164      0.357277
   3.168      0.355260
   3.172      0.353245
   3.177      0.351234
   3.181      0.349227
   3.186      0.347222
   3.190      0.345220
   3.194      0.343222
   3.199      0.341227
   3.203      0.339235
   3.208      0.337247
   3.212      0.335262
   3.216      0.333281
   3.221      0.331303
   3.225      0.329329
   3.230      0.327358
   3.234      0.325391
   3.238      0.323427
   3.243      0.321467
   3.247      0.319511
   3.252      0.317559
   3.256      0.315610
   3.260      0.313665
   3.265      0.311724
   3.269      0.309787
   3.274      0.307854
   3.278      0.305925
   3.282      0.304000
   3.287      0.302079
   3.291      0.300162
   3.296      0.298249
   3.300      0.296340
   3.304      0.294435
   3.309      0.292535
   3.313      0.290638
   3.318      0.288746
   3.322      0.286859
   3.326      0.284975
   3.331      0.283096
   3.335      0.281222
   3.340      0.279351
   3.344      0.277486
   3.348      0.275624
   3.353      0.273768
   3.357      0.271915
   3.362      0.270068
   3.366      0.268224
   3.370      0.266386
   3.375      0.264552
   3.379      0.262723
   3.384      0.260898
   3.388      0.259078
   3.392      0.257263
   3.397      0.255453
   3.401      0.253648
   3.406      0.251847
   3.410      0.250051
   3.414      0.248260
   3.419      0.246474
   3.423      0.244693
   3.428      0.242917
   3.432      0.241146
   3.436      0.239380
   3.441      0.237619
   3.445      0.235863
   3.450      0.234112
   3.454      0.232366
   3.458      0.230625
   3.463      0.228890
   3.467      0.227159
   3.472      0.225434
   3.476      0.223714
   3.480      0.221999
   3.485      0.220290
   3.489      0.218585
   3.494      0.216886
   3.498      0.215193
   3.502      0.213504
   3.507      0.211822
   3.511      0.210144
   3.516      0.208472
   3.520      0.206805
   3.524      0.205144
   3.529      0.203488
   3.533      0.201838
   3.538      0.200193
   3.542      0.198553
   3.546      0.196920
   3.551      0.195291
   3.555      0.193669
   3.560      0.192052
   3.564      0.190440
   3.568      0.188835
   3.573      0.187234
   3.577      0.185640
   3.582      0.184051
   3.586      0.182468
   3.590      0.180891
   3.595      0.179319
   3.599      0.177753
   3.604      0.176193
   3.608      0.174639
   3.612      0.173090
   3.617      0.171548
   3.621      0.170011
   3.626      0.168480
   3.630      0.166955
   3.634      0.165435
   3.639      0.163922
   3.643      0.162415
   3.648      0.160913
   3.652      0.159418
   3.656      0.157928
   3.661      0.156445
   3.665      0.154967
   3.670      0.153496
   3.674      0.152030
   3.678      0.150570
   3.683      0.149117
   3.687      0.147670
   3.692      0.146228
   3.696      0.144793
   3.700      0.143364
   3.705      0.141941
   3.709      0.140524
   3.714      0.139114
   3.718      0.137709
   3.722      0.136311
   3.727      0.134919
   3.731      0.133533
   3.736      0.132153
   3.740      0.130780
   3.744      0.129413
   3.749      0.128052
   3.753      0.126697
   3.758      0.125349
   3.762      0.124007
   3.766      0.122671
   3.771      0.121341
   3.775      0.120018
   3.780      0.118702
   3.784      0.117391
   3.788      0.116087
   3.793      0.114790
   3.797      0.113498
   3.802      0.112214
   3.806      0.110935
   3.810      0.109663
   3.815      0.108398
   3.819      0.107139
   3.824      0.105886
   3.828      0.104640
   3.832      0.103401
   3.837      0.102168
   3.841      0.100941
   3.846      0.099721
   3.850      0.098508
   3.854      0.097301
   3.859      0.096101
   3.863      0.094907
   3.868      0.093720
   3.872      0.092539
   3.876      0.091365
   3.881      0.090198
   3.885      0.089037
   3.890      0.087883
   3.894      0.086735
   3.898      0.085595
   3.903      0.084461
   3.907      0.083333
   3.912      0.082212
   3.916      0.081098
   3.920      0.079991
   3.925      0.078890
   3.929      0.077797
   3.934      0.076710
   3.938      0.075629
   3.942      0.074556
   3.947      0.073489
   3.951      0.072429
   3.956      0.071375
   3.960      0.070329
   3.964      0.069289
   3.969      0.068256
   3.973      0.067230
   3.978      0.066211
   3.982      0.065199
   3.986      0.064193
   3.991      0.063194
   3.995      0.062202
   4.000      0.061217
   4.004      0.060235
   4.008      0.059263
   4.013      0.058299
   4.017      0.057341
   4.022      0.056391
   4.026      0.055447
   4.030      0.054510
   4.035      0.053580
   4.039      0.052657
   4.044      0.051741
   4.048      0.050832
   4.052      0.049930
   4.057      0.049035
   4.061      0.048147
   4.066      0.047265
   4.070      0.046391
   4.074      0.045523
   4.079      0.044663
   4.083      0.043809
   4.088      0.042963
   4.092      0.042123
   4.096      0.041291
   4.101      0.040465
   4.105      0.039646
   4.110      0.038835
   4.114      0.038030
   4.118      0.037232
   4.123      0.036441
   4.127      0.035657
   4.132      0.034880
   4.136      0.034111
   4.140      0.033348
   4.145      0.032592
   4.149      0.031843
   4.154      0.031101
   4.158      0.030366
   4.162      0.029637
   4.167      0.028916
   4.171      0.028202
   4.176      0.027495
   4.180      0.026794
   4.184      0.026101
   4.189      0.025415
   4.193      0.024735
   4.198      0.024063
   4.202      0.023397
   4.206      0.022738
   4.211      0.022087
   4.215      0.021442
   4.220      0.020804
   4.224      0.020173
   4.228      0.019548
   4.233      0.018931
   4.237      0.018321
   4.242      0.017717
   4.246      0.017120
   4.250      0.016530
   4.255      0.015947
   4.259      0.015371
   4.264      0.014801
   4.268      0.014239
   4.272      0.013683
   4.277      0.013134
   4.281      0.012591
   4.286      0.012055
   4.290      0.011526
   4.294      0.011004
   4.299      0.010489
   4.303      0.009980
   4.308      0.009477
   4.312      0.008982
   4.316      0.008492
   4.321      0.008010
   4.325      0.007534
   4.330      0.007064
   4.334      0.006601
   4.338      0.006144
   4.343      0.005694
   4.347      0.005250
   4.352      0.004812
   4.356      0.004380
   4.360      0.003955
   4.365      0.003535
   4.369      0.003122
   4.374      0.002714
   4.378      0.002312
   4.382      0.001915
   4.387      0.001523
   4.391      0.001137
   4.396      0.000754
   4.400      0.000376
   4.404      0.000000
