   0.004     -5.453307
   0.009     -5.453298
   0.013     -5.453289
   0.018     -5.453110
   0.022     -5.452642
   0.026     -5.451858
   0.031     -5.450801
   0.035     -5.449507
   0.040     -5.448008
   0.044     -5.446325
   0.048     -5.444480
   0.053     -5.442489
   0.057     -5.440364
   0.062     -5.438117
   0.066     -5.435757
   0.070     -5.433290
   0.075     -5.430722
   0.079     -5.428055
   0.084     -5.425293
   0.088     -5.422437
   0.092     -5.419486
   0.097     -5.416440
   0.101     -5.413297
   0.106     -5.410054
   0.110     -5.406710
   0.114     -5.403261
   0.119     -5.399704
   0.123     -5.396035
   0.128     -5.392250
   0.132     -5.388345
   0.136     -5.384316
   0.141     -5.380159
   0.145     -5.375870
   0.150     -5.371444
   0.154     -5.366877
   0.158     -5.362165
   0.163     -5.357303
   0.167     -5.352288
   0.172     -5.347115
   0.176     -5.341779
   0.180     -5.336278
   0.185     -5.330605
   0.189     -5.324758
   0.194     -5.318732
   0.198     -5.312523
   0.202     -5.306126
   0.207     -5.299539
   0.211     -5.292755
   0.216     -5.285773
   0.220     -5.278586
   0.224     -5.271192
   0.229     -5.263586
   0.233     -5.255764
   0.238     -5.247722
   0.242     -5.239456
   0.246     -5.230963
   0.251     -5.222238
   0.255     -5.213278
   0.260     -5.204078
   0.264     -5.194636
   0.268     -5.184948
   0.273     -5.175009
   0.277     -5.164818
   0.282     -5.154371
   0.286     -5.143665
   0.290     -5.132698
   0.295     -5.121465
   0.299     -5.109967
   0.304     -5.098199
   0.308     -5.086161
   0.312     -5.073850
   0.317     -5.061266
   0.321     -5.048408
   0.326     -5.035274
   0.330     -5.021865
   0.334     -5.008180
   0.339     -4.994220
   0.343     -4.979986
   0.348     -4.965477
   0.352     -4.950696
   0.356     -4.935645
   0.361     -4.920325
   0.365     -4.904738
   0.370     -4.888887
   0.374     -4.872776
   0.378     -4.856406
   0.383     -4.839782
   0.387     -4.822907
   0.392     -4.805785
   0.396     -4.788420
   0.400     -4.770816
   0.405     -4.752977
   0.409     -4.734908
   0.414     -4.716613
   0.418     -4.698096
   0.422     -4.679362
   0.427     -4.660415
   0.431     -4.641259
   0.436     -4.621899
   0.440     -4.602339
   0.444     -4.582582
   0.449     -4.562635
   0.453     -4.542499
   0.458     -4.522180
   0.462     -4.501682
   0.466     -4.481008
   0.471     -4.460163
   0.475     -4.439151
   0.480     -4.417975
   0.484     -4.396639
   0.488     -4.375148
   0.493     -4.353505
   0.497     -4.331714
   0.502     -4.309779
   0.506     -4.287702
   0.510     -4.265488
   0.515     -4.243139
   0.519     -4.220660
   0.524     -4.198054
   0.528     -4.175323
   0.532     -4.152471
   0.537     -4.129500
   0.541     -4.106414
   0.546     -4.083214
   0.550     -4.059905
   0.554     -4.036487
   0.559     -4.012963
   0.563     -3.989336
   0.568     -3.965608
   0.572     -3.941780
   0.576     -3.917854
   0.581     -3.893833
   0.585     -3.869717
   0.590     -3.845509
   0.594     -3.821208
   0.598     -3.796818
   0.603     -3.772339
   0.607     -3.747771
   0.612     -3.723117
   0.616     -3.698376
   0.620     -3.673550
   0.625     -3.648640
   0.629     -3.623645
   0.634     -3.598567
   0.638     -3.573406
   0.642     -3.548163
   0.647     -3.522837
   0.651     -3.497430
   0.656     -3.471941
   0.660     -3.446370
   0.664     -3.420719
   0.669     -3.394986
   0.673     -3.369172
   0.678     -3.343277
   0.682     -3.317301
   0.686     -3.291245
   0.691     -3.265107
   0.695     -3.238888
   0.700     -3.212589
   0.704     -3.186208
   0.708     -3.159747
   0.713     -3.133204
   0.717     -3.106580
   0.722     -3.079874
   0.726     -3.053088
   0.730     -3.026220
   0.735     -2.999271
   0.739     -2.972241
   0.744     -2.945129
   0.748     -2.917936
   0.752     -2.890662
   0.757     -2.863308
   0.761     -2.835872
   0.766     -2.808357
   0.770     -2.780763
   0.774     -2.753090
   0.779     -2.725338
   0.783     -2.697511
   0.788     -2.669607
   0.792     -2.641629
   0.796     -2.613578
   0.801     -2.585457
   0.805     -2.557267
   0.810     -2.529009
   0.814     -2.500688
   0.818     -2.472305
   0.823     -2.443862
   0.827     -2.415364
   0.832     -2.386813
   0.836     -2.358212
   0.840     -2.329566
   0.845     -2.300877
   0.849     -2.272150
   0.854     -2.243389
   0.858     -2.214599
   0.862     -2.185782
   0.867     -2.156945
   0.871     -2.128091
   0.876     -2.099226
   0.880     -2.070354
   0.884     -2.041480
   0.889     -2.012610
   0.893     -1.983748
   0.898     -1.954900
   0.902     -1.926071
   0.906     -1.897266
   0.911     -1.868491
   0.915     -1.839751
   0.920     -1.811051
   0.924     -1.782397
   0.928     -1.753794
   0.933     -1.725247
   0.937     -1.696761
   0.942     -1.668343
   0.946     -1.639997
   0.950     -1.611727
   0.955     -1.583540
   0.959     -1.555441
   0.964     -1.527433
   0.968     -1.499523
   0.972     -1.471714
   0.977     -1.444011
   0.981     -1.416420
   0.986     -1.388943
   0.990     -1.361586
   0.994     -1.334353
   0.999     -1.307248
   1.003     -1.280274
   1.008     -1.253436
   1.012     -1.226737
   1.016     -1.200181
   1.021     -1.173771
   1.025     -1.147510
   1.030     -1.121402
   1.034     -1.095449
   1.038     -1.069655
   1.043     -1.044022
   1.047     -1.018553
   1.052     -0.993250
   1.056     -0.968116
   1.060     -0.943153
   1.065     -0.918363
   1.069     -0.893748
   1.074     -0.869309
   1.078     -0.845050
   1.082     -0.820971
   1.087     -0.797074
   1.091     -0.773360
   1.096     -0.749831
   1.100     -0.726487
   1.104     -0.703331
   1.109     -0.680363
   1.113     -0.657584
   1.118     -0.634995
   1.122     -0.612596
   1.126     -0.590389
   1.131     -0.568374
   1.135     -0.546551
   1.140     -0.524921
   1.144     -0.503485
   1.148     -0.482242
   1.153     -0.461194
   1.157     -0.440339
   1.162     -0.419679
   1.166     -0.399213
   1.170     -0.378941
   1.175     -0.358864
   1.179     -0.338981
   1.184     -0.319292
   1.188     -0.299798
   1.192     -0.280496
   1.197     -0.261389
   1.201     -0.242474
   1.206     -0.223753
   1.210     -0.205223
   1.214     -0.186886
   1.219     -0.168740
   1.223     -0.150786
   1.228     -0.133021
   1.232     -0.115447
   1.236     -0.098062
   1.241     -0.080867
   1.245     -0.063859
   1.250     -0.047039
   1.254     -0.030405
   1.258     -0.013958
   1.263      0.002304
   1.267      0.018381
   1.272      0.034274
   1.276      0.049985
   1.280      0.065512
   1.285      0.080859
   1.289      0.096024
   1.294      0.111010
   1.298      0.125817
   1.302      0.140446
   1.307      0.154898
   1.311      0.169173
   1.316      0.183273
   1.320      0.197199
   1.324      0.210951
   1.329      0.224531
   1.333      0.237940
   1.338      0.251177
   1.342      0.264246
   1.346      0.277145
   1.351      0.289877
   1.355      0.302443
   1.360      0.314843
   1.364      0.327078
   1.368      0.339150
   1.373      0.351060
   1.377      0.362808
   1.382      0.374396
   1.386      0.385825
   1.390      0.397095
   1.395      0.408208
   1.399      0.419165
   1.404      0.429967
   1.408      0.440615
   1.412      0.451111
   1.417      0.461454
   1.421      0.471647
   1.426      0.481690
   1.430      0.491584
   1.434      0.501332
   1.439      0.510932
   1.443      0.520388
   1.448      0.529699
   1.452      0.538867
   1.456      0.547893
   1.461      0.556779
   1.465      0.565524
   1.470      0.574131
   1.474      0.582600
   1.478      0.590932
   1.483      0.599129
   1.487      0.607192
   1.492      0.615121
   1.496      0.622918
   1.500      0.630584
   1.505      0.638120
   1.509      0.645527
   1.514      0.652807
   1.518      0.659959
   1.522      0.666985
   1.527      0.673887
   1.531      0.680666
   1.536      0.687321
   1.540      0.693856
   1.544      0.700269
   1.549      0.706564
   1.553      0.712740
   1.558      0.718799
   1.562      0.724742
   1.566      0.730569
   1.571      0.736282
   1.575      0.741882
   1.580      0.747371
   1.584      0.752748
   1.588      0.758014
   1.593      0.763172
   1.597      0.768222
   1.602      0.773165
   1.606      0.778002
   1.610      0.782734
   1.615      0.787362
   1.619      0.791887
   1.624      0.796309
   1.628      0.800631
   1.632      0.804853
   1.637      0.808975
   1.641      0.812999
   1.646      0.816927
   1.650      0.820757
   1.654      0.824493
   1.659      0.828134
   1.663      0.831682
   1.668      0.835137
   1.672      0.838501
   1.676      0.841774
   1.681      0.844958
   1.685      0.848052
   1.690      0.851059
   1.694      0.853979
   1.698      0.856813
   1.703      0.859561
   1.707      0.862225
   1.712      0.864806
   1.716      0.867304
   1.720      0.869721
   1.725      0.872056
   1.729      0.874312
   1.734      0.876489
   1.738      0.878587
   1.742      0.880608
   1.747      0.882552
   1.751      0.884421
   1.756      0.886214
   1.760      0.887934
   1.764      0.889580
   1.769      0.891154
   1.773      0.892656
   1.778      0.894087
   1.782      0.895448
   1.786      0.896739
   1.791      0.897962
   1.795      0.899118
   1.800      0.900206
   1.804      0.901228
   1.808      0.902185
   1.813      0.903077
   1.817      0.903905
   1.822      0.904670
   1.826      0.905372
   1.830      0.906013
   1.835      0.906592
   1.839      0.907112
   1.844      0.907571
   1.848      0.907972
   1.852      0.908314
   1.857      0.908599
   1.861      0.908828
   1.866      0.909000
   1.870      0.909117
   1.874      0.909178
   1.879      0.909186
   1.883      0.909141
   1.888      0.909042
   1.892      0.908892
   1.896      0.908690
   1.901      0.908438
   1.905      0.908135
   1.910      0.907782
   1.914      0.907381
   1.918      0.906932
   1.923      0.906434
   1.927      0.905890
   1.932      0.905300
   1.936      0.904663
   1.940      0.903981
   1.945      0.903255
   1.949      0.902485
   1.954      0.901671
   1.958      0.900814
   1.962      0.899915
   1.967      0.898974
   1.971      0.897993
   1.976      0.896970
   1.980      0.895907
   1.984      0.894805
   1.989      0.893664
   1.993      0.892485
   1.998      0.891267
   2.002      0.890013
   2.006      0.888721
   2.011      0.887393
   2.015      0.886029
   2.020      0.884630
   2.024      0.883196
   2.028      0.881728
   2.033      0.880226
   2.037      0.878691
   2.042      0.877123
   2.046      0.875523
   2.050      0.873891
   2.055      0.872227
   2.059      0.870533
   2.064      0.868809
   2.068      0.867054
   2.072      0.865270
   2.077      0.863457
   2.081      0.861616
   2.086      0.859746
   2.090      0.857849
   2.094      0.855924
   2.099      0.853973
   2.103      0.851996
   2.108      0.849992
   2.112      0.847963
   2.116      0.845909
   2.121      0.843830
   2.125      0.841727
   2.130      0.839601
   2.134      0.837450
   2.138      0.835277
   2.143      0.833081
   2.147      0.830863
   2.152      0.828623
   2.156      0.826362
   2.160      0.824079
   2.165      0.821776
   2.169      0.819452
   2.174      0.817109
   2.178      0.814746
   2.182      0.812363
   2.187      0.809962
   2.191      0.807542
   2.196      0.805104
   2.200      0.802649
   2.204      0.800175
   2.209      0.797685
   2.213      0.795178
   2.218      0.792654
   2.222      0.790115
   2.226      0.787559
   2.231      0.784988
   2.235      0.782402
   2.240      0.779801
   2.244      0.777186
   2.248      0.774557
   2.253      0.771913
   2.257      0.769256
   2.262      0.766586
   2.266      0.763903
   2.270      0.761207
   2.275      0.758499
   2.279      0.755778
   2.284      0.753046
   2.288      0.750303
   2.292      0.747548
   2.297      0.744782
   2.301      0.742006
   2.306      0.739219
   2.310      0.736422
   2.314      0.733615
   2.319      0.730799
   2.323      0.727973
   2.328      0.725139
   2.332      0.722295
   2.336      0.719443
   2.341      0.716583
   2.345      0.713714
   2.350      0.710838
   2.354      0.707954
   2.358      0.705063
   2.363      0.702165
   2.367      0.699260
   2.372      0.696348
   2.376      0.693430
   2.380      0.690506
   2.385      0.687576
   2.389      0.684640
   2.394      0.681699
   2.398      0.678753
   2.402      0.675801
   2.407      0.672845
   2.411      0.669884
   2.416      0.666919
   2.420      0.663949
   2.424      0.660976
   2.429      0.657998
   2.433      0.655018
   2.438      0.652033
   2.442      0.649046
   2.446      0.646055
   2.451      0.643062
   2.455      0.640066
   2.460      0.637068
   2.464      0.634067
   2.468      0.631065
   2.473      0.628060
   2.477      0.625054
   2.482      0.622046
   2.486      0.619037
   2.490      0.616027
   2.495      0.613016
   2.499      0.610004
   2.504      0.606991
   2.508      0.603978
   2.512      0.600964
   2.517      0.597950
   2.521      0.594936
   2.526      0.591923
   2.530      0.588909
   2.534      0.585896
   2.539      0.582884
   2.543      0.579872
   2.548      0.576861
   2.552      0.573852
   2.556      0.570843
   2.561      0.567836
   2.565      0.564830
   2.570      0.561826
   2.574      0.558824
   2.578      0.555823
   2.583      0.552825
   2.587      0.549828
   2.592      0.546834
   2.596      0.543843
   2.600      0.540853
   2.605      0.537867
   2.609      0.534883
   2.614      0.531902
   2.618      0.528925
   2.622      0.525950
   2.627      0.522979
   2.631      0.520011
   2.636      0.517046
   2.640      0.514085
   2.644      0.511128
   2.649      0.508175
   2.653      0.505225
   2.658      0.502280
   2.662      0.499339
   2.666      0.496402
   2.671      0.493470
   2.675      0.490541
   2.680      0.487618
   2.684      0.484699
   2.688      0.481785
   2.693      0.478876
   2.697      0.475972
   2.702      0.473072
   2.706      0.470178
   2.710      0.467290
   2.715      0.464406
   2.719      0.461528
   2.724      0.458656
   2.728      0.455789
   2.732      0.452927
   2.737      0.450072
   2.741      0.447222
   2.746      0.444378
   2.750      0.441541
   2.754      0.438709
   2.759      0.435884
   2.763      0.433064
   2.768      0.430252
   2.772      0.427445
   2.776      0.424645
   2.781      0.421852
   2.785      0.419065
   2.790      0.416284
   2.794      0.413511
   2.798      0.410744
   2.803      0.407985
   2.807      0.405232
   2.812      0.402486
   2.816      0.399748
   2.820      0.397016
   2.825      0.394292
   2.829      0.391575
   2.834      0.388865
   2.838      0.386163
   2.842      0.383468
   2.847      0.380781
   2.851      0.378102
   2.856      0.375430
   2.860      0.372765
   2.864      0.370109
   2.869      0.367460
   2.873      0.364819
   2.878      0.362186
   2.882      0.359561
   2.886      0.356943
   2.891      0.354334
   2.895      0.351733
   2.900      0.349141
   2.904      0.346556
   2.908      0.343980
   2.913      0.341411
   2.917      0.338852
   2.922      0.336300
   2.926      0.333757
   2.930      0.331223
   2.935      0.328696
   2.939      0.326179
   2.944      0.323670
   2.948      0.321170
   2.952      0.318678
   2.957      0.316195
   2.961      0.313721
   2.966      0.311255
   2.970      0.308798
   2.974      0.306351
   2.979      0.303912
   2.983      0.301481
   2.988      0.299060
   2.992      0.296648
   2.996      0.294245
   3.001      0.291851
   3.005      0.289466
   3.010      0.287090
   3.014      0.284723
   3.018      0.282365
   3.023      0.280016
   3.027      0.277677
   3.032      0.275347
   3.036      0.273026
   3.040      0.270714
   3.045      0.268412
   3.049      0.266119
   3.054      0.263836
   3.058      0.261561
   3.062      0.259296
   3.067      0.257041
   3.071      0.254795
   3.076      0.252559
   3.080      0.250332
   3.084      0.248114
   3.089      0.245906
   3.093      0.243708
   3.098      0.241519
   3.102      0.239340
   3.106      0.237170
   3.111      0.235010
   3.115      0.232859
   3.120      0.230719
   3.124      0.228588
   3.128      0.226466
   3.133      0.224355
   3.137      0.222253
   3.142      0.220160
   3.146      0.218078
   3.150      0.216005
   3.155      0.213942
   3.159      0.211889
   3.164      0.209845
   3.168      0.207812
   3.172      0.205788
   3.177      0.203774
   3.181      0.201770
   3.186      0.199776
   3.190      0.197791
   3.194      0.195817
   3.199      0.193852
   3.203      0.191897
   3.208      0.189952
   3.212      0.188017
   3.216      0.186092
   3.221      0.184177
   3.225      0.182272
   3.230      0.180376
   3.234      0.178491
   3.238      0.176616
   3.243      0.174750
   3.247      0.172895
   3.252      0.171049
   3.256      0.169214
   3.260      0.167388
   3.265      0.165573
   3.269      0.163767
   3.274      0.161971
   3.278      0.160186
   3.282      0.158410
   3.287      0.156644
   3.291      0.154889
   3.296      0.153143
   3.300      0.151407
   3.304      0.149682
   3.309      0.147966
   3.313      0.146261
   3.318      0.144565
   3.322      0.142879
   3.326      0.141204
   3.331      0.139538
   3.335      0.137883
   3.340      0.136237
   3.344      0.134602
   3.348      0.132976
   3.353      0.131361
   3.357      0.129756
   3.362      0.128160
   3.366      0.126575
   3.370      0.124999
   3.375      0.123434
   3.379      0.121879
   3.384      0.120334
   3.388      0.118798
   3.392      0.117273
   3.397      0.115758
   3.401      0.114252
   3.406      0.112757
   3.410      0.111272
   3.414      0.109797
   3.419      0.108331
   3.423      0.106876
   3.428      0.105431
   3.432      0.103995
   3.436      0.102570
   3.441      0.101155
   3.445      0.099749
   3.450      0.098354
   3.454      0.096969
   3.458      0.095593
   3.463      0.094228
   3.467      0.092872
   3.472      0.091527
   3.476      0.090191
   3.480      0.088865
   3.485      0.087550
   3.489      0.086244
   3.494      0.084948
   3.498      0.083662
   3.502      0.082386
   3.507      0.081120
   3.511      0.079864
   3.516      0.078618
   3.520      0.077381
   3.524      0.076155
   3.529      0.074938
   3.533      0.073732
   3.538      0.072535
   3.542      0.071348
   3.546      0.070171
   3.551      0.069004
   3.555      0.067847
   3.560      0.066699
   3.564      0.065562
   3.568      0.064434
   3.573      0.063316
   3.577      0.062208
   3.582      0.061109
   3.586      0.060021
   3.590      0.058942
   3.595      0.057874
   3.599      0.056815
   3.604      0.055765
   3.608      0.054726
   3.612      0.053696
   3.617      0.052676
   3.621      0.051666
   3.626      0.050666
   3.630      0.049675
   3.634      0.048694
   3.639      0.047723
   3.643      0.046762
   3.648      0.045810
   3.652      0.044868
   3.656      0.043936
   3.661      0.043013
   3.665      0.042100
   3.670      0.041197
   3.674      0.040304
   3.678      0.039420
   3.683      0.038546
   3.687      0.037681
   3.692      0.036827
   3.696      0.035981
   3.700      0.035146
   3.705      0.034320
   3.709      0.033504
   3.714      0.032697
   3.718      0.031900
   3.722      0.031112
   3.727      0.030335
   3.731      0.029566
   3.736      0.028807
   3.740      0.028058
   3.744      0.027319
   3.749      0.026589
   3.753      0.025868
   3.758      0.025157
   3.762      0.024456
   3.766      0.023764
   3.771      0.023081
   3.775      0.022408
   3.780      0.021745
   3.784      0.021091
   3.788      0.020446
   3.793      0.019811
   3.797      0.019185
   3.802      0.018569
   3.806      0.017962
   3.810      0.017365
   3.815      0.016777
   3.819      0.016198
   3.824      0.015629
   3.828      0.015069
   3.832      0.014518
   3.837      0.013977
   3.841      0.013445
   3.846      0.012922
   3.850      0.012408
   3.854      0.011904
   3.859      0.011409
   3.863      0.010924
   3.868      0.010447
   3.872      0.009980
   3.876      0.009522
   3.881      0.009073
   3.885      0.008633
   3.890      0.008202
   3.894      0.007780
   3.898      0.007367
   3.903      0.006964
   3.907      0.006569
   3.912      0.006183
   3.916      0.005806
   3.920      0.005438
   3.925      0.005079
   3.929      0.004728
   3.934      0.004386
   3.938      0.004053
   3.942      0.003728
   3.947      0.003412
   3.951      0.003105
   3.956      0.002805
   3.960      0.002514
   3.964      0.002231
   3.969      0.001955
   3.973      0.001688
   3.978      0.001428
   3.982      0.001175
   3.986      0.000929
   3.991      0.000689
   3.995      0.000455
   4.000      0.000226
   4.004      0.000000
