   0.004      2.032353
   0.009      2.032506
   0.013      2.032659
   0.018      2.032911
   0.022      2.033259
   0.026      2.033708
   0.031      2.034256
   0.035      2.034904
   0.040      2.035653
   0.044      2.036503
   0.048      2.037453
   0.053      2.038505
   0.057      2.039660
   0.062      2.040917
   0.066      2.042277
   0.070      2.043740
   0.075      2.045308
   0.079      2.046979
   0.084      2.048755
   0.088      2.050636
   0.092      2.052621
   0.097      2.054712
   0.101      2.056909
   0.106      2.059211
   0.110      2.061620
   0.114      2.064134
   0.119      2.066755
   0.123      2.069482
   0.128      2.072316
   0.132      2.075256
   0.136      2.078303
   0.141      2.081456
   0.145      2.084716
   0.150      2.088083
   0.154      2.091556
   0.158      2.095135
   0.163      2.098821
   0.167      2.102612
   0.172      2.106510
   0.176      2.110512
   0.180      2.114621
   0.185      2.118833
   0.189      2.123151
   0.194      2.127572
   0.198      2.132098
   0.202      2.136726
   0.207      2.141457
   0.211      2.146290
   0.216      2.151224
   0.220      2.156259
   0.224      2.161394
   0.229      2.166627
   0.233      2.171959
   0.238      2.177389
   0.242      2.182915
   0.246      2.188536
   0.251      2.194251
   0.255      2.200059
   0.260      2.205960
   0.264      2.211951
   0.268      2.218031
   0.273      2.224199
   0.277      2.230454
   0.282      2.236794
   0.286      2.243217
   0.290      2.249721
   0.295      2.256306
   0.299      2.262968
   0.304      2.269707
   0.308      2.276520
   0.312      2.283406
   0.317      2.290361
   0.321      2.297385
   0.326      2.304474
   0.330      2.311626
   0.334      2.318840
   0.339      2.326111
   0.343      2.333439
   0.348      2.340820
   0.352      2.348252
   0.356      2.355731
   0.361      2.363255
   0.365      2.370821
   0.370      2.378425
   0.374      2.386065
   0.378      2.393738
   0.383      2.401440
   0.387      2.409168
   0.392      2.416918
   0.396      2.424687
   0.400      2.432471
   0.405      2.440267
   0.409      2.448071
   0.414      2.455880
   0.418      2.463688
   0.422      2.471494
   0.427      2.479291
   0.431      2.487078
   0.436      2.494848
   0.440      2.502599
   0.444      2.510327
   0.449      2.518026
   0.453      2.525693
   0.458      2.533323
   0.462      2.540913
   0.466      2.548458
   0.471      2.555953
   0.475      2.563394
   0.480      2.570776
   0.484      2.578096
   0.488      2.585349
   0.493      2.592530
   0.497      2.599635
   0.502      2.606660
   0.506      2.613599
   0.510      2.620449
   0.515      2.627205
   0.519      2.633863
   0.524      2.640418
   0.528      2.646866
   0.532      2.653202
   0.537      2.659422
   0.541      2.665522
   0.546      2.671498
   0.550      2.677344
   0.554      2.683058
   0.559      2.688634
   0.563      2.694069
   0.568      2.699358
   0.572      2.704498
   0.576      2.709484
   0.581      2.714313
   0.585      2.718981
   0.590      2.723484
   0.594      2.727818
   0.598      2.731980
   0.603      2.735967
   0.607      2.739774
   0.612      2.743400
   0.616      2.746840
   0.620      2.750092
   0.625      2.753153
   0.629      2.756020
   0.634      2.758691
   0.638      2.761163
   0.642      2.763433
   0.647      2.765501
   0.651      2.767363
   0.656      2.769018
   0.660      2.770465
   0.664      2.771701
   0.669      2.772725
   0.673      2.773537
   0.678      2.774135
   0.682      2.774518
   0.686      2.774686
   0.691      2.774638
   0.695      2.774374
   0.700      2.773893
   0.704      2.773196
   0.708      2.772283
   0.713      2.771154
   0.717      2.769810
   0.722      2.768251
   0.726      2.766478
   0.730      2.764493
   0.735      2.762295
   0.739      2.759888
   0.744      2.757271
   0.748      2.754446
   0.752      2.751416
   0.757      2.748182
   0.761      2.744746
   0.766      2.741110
   0.770      2.737277
   0.774      2.733248
   0.779      2.729026
   0.783      2.724614
   0.788      2.720014
   0.792      2.715230
   0.796      2.710263
   0.801      2.705118
   0.805      2.699796
   0.810      2.694301
   0.814      2.688636
   0.818      2.682805
   0.823      2.676810
   0.827      2.670655
   0.832      2.664344
   0.836      2.657879
   0.840      2.651264
   0.845      2.644502
   0.849      2.637598
   0.854      2.630555
   0.858      2.623375
   0.862      2.616063
   0.867      2.608623
   0.871      2.601057
   0.876      2.593369
   0.880      2.585563
   0.884      2.577643
   0.889      2.569611
   0.893      2.561472
   0.898      2.553229
   0.902      2.544884
   0.906      2.536443
   0.911      2.527907
   0.915      2.519280
   0.920      2.510567
   0.924      2.501769
   0.928      2.492890
   0.933      2.483933
   0.937      2.474902
   0.942      2.465799
   0.946      2.456628
   0.950      2.447391
   0.955      2.438092
   0.959      2.428732
   0.964      2.419316
   0.968      2.409845
   0.972      2.400323
   0.977      2.390752
   0.981      2.381135
   0.986      2.371473
   0.990      2.361771
   0.994      2.352029
   0.999      2.342251
   1.003      2.332438
   1.008      2.322594
   1.012      2.312719
   1.016      2.302817
   1.021      2.292889
   1.025      2.282937
   1.030      2.272964
   1.034      2.262971
   1.038      2.252960
   1.043      2.242932
   1.047      2.232890
   1.052      2.222836
   1.056      2.212770
   1.060      2.202696
   1.065      2.192613
   1.069      2.182524
   1.074      2.172430
   1.078      2.162332
   1.082      2.152233
   1.087      2.142133
   1.091      2.132033
   1.096      2.121935
   1.100      2.111841
   1.104      2.101750
   1.109      2.091666
   1.113      2.081587
   1.118      2.071517
   1.122      2.061455
   1.126      2.051403
   1.131      2.041362
   1.135      2.031332
   1.140      2.021315
   1.144      2.011312
   1.148      2.001323
   1.153      1.991350
   1.157      1.981392
   1.162      1.971452
   1.166      1.961529
   1.170      1.951624
   1.175      1.941739
   1.179      1.931874
   1.184      1.922029
   1.188      1.912206
   1.192      1.902404
   1.197      1.892625
   1.201      1.882869
   1.206      1.873136
   1.210      1.863428
   1.214      1.853745
   1.219      1.844086
   1.223      1.834454
   1.228      1.824848
   1.232      1.815269
   1.236      1.805717
   1.241      1.796193
   1.245      1.786697
   1.250      1.777229
   1.254      1.767790
   1.258      1.758381
   1.263      1.749002
   1.267      1.739652
   1.272      1.730333
   1.276      1.721045
   1.280      1.711787
   1.285      1.702561
   1.289      1.693367
   1.294      1.684205
   1.298      1.675075
   1.302      1.665977
   1.307      1.656912
   1.311      1.647881
   1.316      1.638882
   1.320      1.629917
   1.324      1.620985
   1.329      1.612088
   1.333      1.603224
   1.338      1.594395
   1.342      1.585601
   1.346      1.576840
   1.351      1.568115
   1.355      1.559425
   1.360      1.550769
   1.364      1.542149
   1.368      1.533564
   1.373      1.525015
   1.377      1.516501
   1.382      1.508023
   1.386      1.499580
   1.390      1.491174
   1.395      1.482803
   1.399      1.474468
   1.404      1.466170
   1.408      1.457907
   1.412      1.449681
   1.417      1.441491
   1.421      1.433338
   1.426      1.425221
   1.430      1.417140
   1.434      1.409096
   1.439      1.401088
   1.443      1.393117
   1.448      1.385182
   1.452      1.377284
   1.456      1.369422
   1.461      1.361597
   1.465      1.353808
   1.470      1.346056
   1.474      1.338340
   1.478      1.330661
   1.483      1.323019
   1.487      1.315413
   1.492      1.307843
   1.496      1.300310
   1.500      1.292813
   1.505      1.285352
   1.509      1.277928
   1.514      1.270540
   1.518      1.263188
   1.522      1.255873
   1.527      1.248593
   1.531      1.241350
   1.536      1.234143
   1.540      1.226971
   1.544      1.219836
   1.549      1.212736
   1.553      1.205672
   1.558      1.198644
   1.562      1.191651
   1.566      1.184694
   1.571      1.177772
   1.575      1.170885
   1.580      1.164034
   1.584      1.157218
   1.588      1.150438
   1.593      1.143692
   1.597      1.136981
   1.602      1.130305
   1.606      1.123663
   1.610      1.117057
   1.615      1.110485
   1.619      1.103947
   1.624      1.097443
   1.628      1.090974
   1.632      1.084539
   1.637      1.078138
   1.641      1.071771
   1.646      1.065438
   1.650      1.059138
   1.654      1.052872
   1.659      1.046640
   1.663      1.040441
   1.668      1.034275
   1.672      1.028142
   1.676      1.022042
   1.681      1.015976
   1.685      1.009942
   1.690      1.003940
   1.694      0.997971
   1.698      0.992035
   1.703      0.986131
   1.707      0.980259
   1.712      0.974419
   1.716      0.968610
   1.720      0.962834
   1.725      0.957090
   1.729      0.951377
   1.734      0.945695
   1.738      0.940045
   1.742      0.934425
   1.747      0.928837
   1.751      0.923280
   1.756      0.917753
   1.760      0.912258
   1.764      0.906792
   1.769      0.901357
   1.773      0.895953
   1.778      0.890578
   1.782      0.885233
   1.786      0.879919
   1.791      0.874634
   1.795      0.869378
   1.800      0.864152
   1.804      0.858956
   1.808      0.853788
   1.813      0.848650
   1.817      0.843540
   1.822      0.838460
   1.826      0.833408
   1.830      0.828384
   1.835      0.823389
   1.839      0.818422
   1.844      0.813484
   1.848      0.808573
   1.852      0.803690
   1.857      0.798835
   1.861      0.794007
   1.866      0.789207
   1.870      0.784435
   1.874      0.779689
   1.879      0.774971
   1.883      0.770279
   1.888      0.765614
   1.892      0.760976
   1.896      0.756365
   1.901      0.751779
   1.905      0.747220
   1.910      0.742688
   1.914      0.738181
   1.918      0.733700
   1.923      0.729245
   1.927      0.724815
   1.932      0.720411
   1.936      0.716032
   1.940      0.711679
   1.945      0.707350
   1.949      0.703047
   1.954      0.698768
   1.958      0.694514
   1.962      0.690285
   1.967      0.686080
   1.971      0.681899
   1.976      0.677743
   1.980      0.673611
   1.984      0.669502
   1.989      0.665417
   1.993      0.661357
   1.998      0.657319
   2.002      0.653305
   2.006      0.649314
   2.011      0.645347
   2.015      0.641402
   2.020      0.637480
   2.024      0.633582
   2.028      0.629705
   2.033      0.625852
   2.037      0.622021
   2.042      0.618212
   2.046      0.614425
   2.050      0.610660
   2.055      0.606918
   2.059      0.603197
   2.064      0.599498
   2.068      0.595820
   2.072      0.592164
   2.077      0.588529
   2.081      0.584916
   2.086      0.581323
   2.090      0.577752
   2.094      0.574202
   2.099      0.570672
   2.103      0.567163
   2.108      0.563674
   2.112      0.560206
   2.116      0.556758
   2.121      0.553330
   2.125      0.549923
   2.130      0.546535
   2.134      0.543167
   2.138      0.539819
   2.143      0.536490
   2.147      0.533181
   2.152      0.529892
   2.156      0.526621
   2.160      0.523370
   2.165      0.520138
   2.169      0.516925
   2.174      0.513731
   2.178      0.510555
   2.182      0.507398
   2.187      0.504260
   2.191      0.501140
   2.196      0.498038
   2.200      0.494955
   2.204      0.491890
   2.209      0.488842
   2.213      0.485813
   2.218      0.482801
   2.222      0.479807
   2.226      0.476831
   2.231      0.473872
   2.235      0.470930
   2.240      0.468006
   2.244      0.465099
   2.248      0.462209
   2.253      0.459336
   2.257      0.456479
   2.262      0.453640
   2.266      0.450817
   2.270      0.448011
   2.275      0.445221
   2.279      0.442448
   2.284      0.439691
   2.288      0.436950
   2.292      0.434225
   2.297      0.431517
   2.301      0.428824
   2.306      0.426147
   2.310      0.423486
   2.314      0.420840
   2.319      0.418210
   2.323      0.415595
   2.328      0.412996
   2.332      0.410412
   2.336      0.407843
   2.341      0.405289
   2.345      0.402750
   2.350      0.400226
   2.354      0.397717
   2.358      0.395222
   2.363      0.392742
   2.367      0.390277
   2.372      0.387826
   2.376      0.385390
   2.380      0.382967
   2.385      0.380559
   2.389      0.378165
   2.394      0.375786
   2.398      0.373420
   2.402      0.371068
   2.407      0.368729
   2.411      0.366405
   2.416      0.364094
   2.420      0.361796
   2.424      0.359512
   2.429      0.357241
   2.433      0.354984
   2.438      0.352740
   2.442      0.350509
   2.446      0.348291
   2.451      0.346085
   2.455      0.343893
   2.460      0.341714
   2.464      0.339547
   2.468      0.337393
   2.473      0.335252
   2.477      0.333123
   2.482      0.331006
   2.486      0.328902
   2.490      0.326810
   2.495      0.324730
   2.499      0.322662
   2.504      0.320607
   2.508      0.318563
   2.512      0.316532
   2.517      0.314512
   2.521      0.312503
   2.526      0.310507
   2.530      0.308522
   2.534      0.306549
   2.539      0.304587
   2.543      0.302636
   2.548      0.300697
   2.552      0.298769
   2.556      0.296853
   2.561      0.294947
   2.565      0.293052
   2.570      0.291169
   2.574      0.289296
   2.578      0.287434
   2.583      0.285583
   2.587      0.283743
   2.592      0.281913
   2.596      0.280094
   2.600      0.278286
   2.605      0.276487
   2.609      0.274700
   2.614      0.272922
   2.618      0.271155
   2.622      0.269398
   2.627      0.267651
   2.631      0.265914
   2.636      0.264187
   2.640      0.262471
   2.644      0.260764
   2.649      0.259066
   2.653      0.257379
   2.658      0.255701
   2.662      0.254033
   2.666      0.252375
   2.671      0.250726
   2.675      0.249086
   2.680      0.247456
   2.684      0.245835
   2.688      0.244224
   2.693      0.242621
   2.697      0.241028
   2.702      0.239444
   2.706      0.237869
   2.710      0.236303
   2.715      0.234746
   2.719      0.233198
   2.724      0.231658
   2.728      0.230128
   2.732      0.228606
   2.737      0.227093
   2.741      0.225588
   2.746      0.224092
   2.750      0.222604
   2.754      0.221125
   2.759      0.219655
   2.763      0.218192
   2.768      0.216738
   2.772      0.215292
   2.776      0.213854
   2.781      0.212425
   2.785      0.211003
   2.790      0.209590
   2.794      0.208184
   2.798      0.206787
   2.803      0.205397
   2.807      0.204015
   2.812      0.202641
   2.816      0.201275
   2.820      0.199916
   2.825      0.198565
   2.829      0.197221
   2.834      0.195885
   2.838      0.194557
   2.842      0.193236
   2.847      0.191922
   2.851      0.190616
   2.856      0.189317
   2.860      0.188025
   2.864      0.186740
   2.869      0.185463
   2.873      0.184193
   2.878      0.182929
   2.882      0.181673
   2.886      0.180424
   2.891      0.179182
   2.895      0.177946
   2.900      0.176718
   2.904      0.175496
   2.908      0.174281
   2.913      0.173072
   2.917      0.171871
   2.922      0.170676
   2.926      0.169487
   2.930      0.168305
   2.935      0.167130
   2.939      0.165961
   2.944      0.164798
   2.948      0.163642
   2.952      0.162492
   2.957      0.161349
   2.961      0.160211
   2.966      0.159080
   2.970      0.157955
   2.974      0.156836
   2.979      0.155724
   2.983      0.154617
   2.988      0.153516
   2.992      0.152422
   2.996      0.151333
   3.001      0.150250
   3.005      0.149173
   3.010      0.148102
   3.014      0.147036
   3.018      0.145977
   3.023      0.144923
   3.027      0.143874
   3.032      0.142832
   3.036      0.141794
   3.040      0.140763
   3.045      0.139737
   3.049      0.138716
   3.054      0.137701
   3.058      0.136692
   3.062      0.135687
   3.067      0.134688
   3.071      0.133695
   3.076      0.132706
   3.080      0.131723
   3.084      0.130745
   3.089      0.129773
   3.093      0.128805
   3.098      0.127842
   3.102      0.126885
   3.106      0.125932
   3.111      0.124985
   3.115      0.124043
   3.120      0.123105
   3.124      0.122172
   3.128      0.121245
   3.133      0.120322
   3.137      0.119403
   3.142      0.118490
   3.146      0.117581
   3.150      0.116678
   3.155      0.115778
   3.159      0.114884
   3.164      0.113994
   3.168      0.113108
   3.172      0.112227
   3.177      0.111351
   3.181      0.110479
   3.186      0.109612
   3.190      0.108749
   3.194      0.107890
   3.199      0.107036
   3.203      0.106186
   3.208      0.105341
   3.212      0.104499
   3.216      0.103662
   3.221      0.102830
   3.225      0.102001
   3.230      0.101177
   3.234      0.100356
   3.238      0.099540
   3.243      0.098728
   3.247      0.097920
   3.252      0.097116
   3.256      0.096316
   3.260      0.095520
   3.265      0.094728
   3.269      0.093940
   3.274      0.093155
   3.278      0.092375
   3.282      0.091598
   3.287      0.090826
   3.291      0.090057
   3.296      0.089291
   3.300      0.088530
   3.304      0.087772
   3.309      0.087018
   3.313      0.086267
   3.318      0.085521
   3.322      0.084777
   3.326      0.084038
   3.331      0.083301
   3.335      0.082569
   3.340      0.081840
   3.344      0.081114
   3.348      0.080392
   3.353      0.079673
   3.357      0.078958
   3.362      0.078246
   3.366      0.077537
   3.370      0.076832
   3.375      0.076130
   3.379      0.075431
   3.384      0.074736
   3.388      0.074044
   3.392      0.073355
   3.397      0.072669
   3.401      0.071986
   3.406      0.071307
   3.410      0.070631
   3.414      0.069957
   3.419      0.069287
   3.423      0.068620
   3.428      0.067956
   3.432      0.067295
   3.436      0.066637
   3.441      0.065982
   3.445      0.065330
   3.450      0.064680
   3.454      0.064034
   3.458      0.063391
   3.463      0.062750
   3.467      0.062112
   3.472      0.061477
   3.476      0.060845
   3.480      0.060216
   3.485      0.059589
   3.489      0.058965
   3.494      0.058344
   3.498      0.057726
   3.502      0.057110
   3.507      0.056497
   3.511      0.055886
   3.516      0.055278
   3.520      0.054673
   3.524      0.054070
   3.529      0.053470
   3.533      0.052872
   3.538      0.052277
   3.542      0.051684
   3.546      0.051094
   3.551      0.050507
   3.555      0.049921
   3.560      0.049338
   3.564      0.048758
   3.568      0.048180
   3.573      0.047604
   3.577      0.047031
   3.582      0.046460
   3.586      0.045891
   3.590      0.045325
   3.595      0.044760
   3.599      0.044199
   3.604      0.043639
   3.608      0.043081
   3.612      0.042526
   3.617      0.041973
   3.621      0.041422
   3.626      0.040873
   3.630      0.040327
   3.634      0.039782
   3.639      0.039240
   3.643      0.038699
   3.648      0.038161
   3.652      0.037625
   3.656      0.037091
   3.661      0.036558
   3.665      0.036028
   3.670      0.035500
   3.674      0.034974
   3.678      0.034449
   3.683      0.033927
   3.687      0.033406
   3.692      0.032888
   3.696      0.032371
   3.700      0.031856
   3.705      0.031343
   3.709      0.030832
   3.714      0.030323
   3.718      0.029815
   3.722      0.029309
   3.727      0.028805
   3.731      0.028303
   3.736      0.027803
   3.740      0.027304
   3.744      0.026807
   3.749      0.026311
   3.753      0.025818
   3.758      0.025326
   3.762      0.024835
   3.766      0.024347
   3.771      0.023859
   3.775      0.023374
   3.780      0.022890
   3.784      0.022408
   3.788      0.021927
   3.793      0.021448
   3.797      0.020970
   3.802      0.020494
   3.806      0.020019
   3.810      0.019546
   3.815      0.019074
   3.819      0.018604
   3.824      0.018135
   3.828      0.017668
   3.832      0.017202
   3.837      0.016737
   3.841      0.016274
   3.846      0.015812
   3.850      0.015352
   3.854      0.014893
   3.859      0.014435
   3.863      0.013979
   3.868      0.013524
   3.872      0.013070
   3.876      0.012617
   3.881      0.012166
   3.885      0.011716
   3.890      0.011268
   3.894      0.010820
   3.898      0.010374
   3.903      0.009929
   3.907      0.009485
   3.912      0.009042
   3.916      0.008601
   3.920      0.008161
   3.925      0.007722
   3.929      0.007284
   3.934      0.006847
   3.938      0.006411
   3.942      0.005976
   3.947      0.005543
   3.951      0.005110
   3.956      0.004679
   3.960      0.004248
   3.964      0.003819
   3.969      0.003391
   3.973      0.002963
   3.978      0.002537
   3.982      0.002112
   3.986      0.001688
   3.991      0.001264
   3.995      0.000842
   4.000      0.000420
   4.004      0.000000
