   0.000      1.355180
   0.007      1.355180
   0.013      1.355180
   0.020      1.355180
   0.027      1.355180
   0.033      1.355180
   0.040      1.355180
   0.047      1.355180
   0.053      1.355179
   0.060      1.355179
   0.066      1.355179
   0.073      1.355178
   0.080      1.355178
   0.086      1.355177
   0.093      1.355175
   0.100      1.355172
   0.106      1.355169
   0.113      1.355165
   0.120      1.355159
   0.126      1.355151
   0.133      1.355140
   0.140      1.355127
   0.146      1.355111
   0.153      1.355091
   0.160      1.355065
   0.166      1.355035
   0.173      1.354998
   0.179      1.354953
   0.186      1.354900
   0.193      1.354837
   0.199      1.354763
   0.206      1.354677
   0.213      1.354577
   0.219      1.354462
   0.226      1.354329
   0.233      1.354177
   0.239      1.354005
   0.246      1.353810
   0.253      1.353590
   0.259      1.353343
   0.266      1.353066
   0.273      1.352758
   0.279      1.352416
   0.286      1.352037
   0.293      1.351620
   0.299      1.351161
   0.306      1.350657
   0.312      1.350107
   0.319      1.349507
   0.326      1.348856
   0.332      1.348149
   0.339      1.347386
   0.346      1.346562
   0.352      1.345676
   0.359      1.344725
   0.366      1.343707
   0.372      1.342619
   0.379      1.341459
   0.386      1.340225
   0.392      1.338915
   0.399      1.337527
   0.406      1.336058
   0.412      1.334509
   0.419      1.332876
   0.425      1.331159
   0.432      1.329356
   0.439      1.327466
   0.445      1.325489
   0.452      1.323423
   0.459      1.321268
   0.465      1.319024
   0.472      1.316690
   0.479      1.314266
   0.485      1.311753
   0.492      1.309150
   0.499      1.306458
   0.505      1.303678
   0.512      1.300809
   0.519      1.297854
   0.525      1.294813
   0.532      1.291687
   0.538      1.288477
   0.545      1.285184
   0.552      1.281810
   0.558      1.278357
   0.565      1.274826
   0.572      1.271218
   0.578      1.267536
   0.585      1.263780
   0.592      1.259954
   0.598      1.256058
   0.605      1.252095
   0.612      1.248067
   0.618      1.243975
   0.625      1.239822
   0.632      1.235609
   0.638      1.231339
   0.645      1.227014
   0.651      1.222635
   0.658      1.218205
   0.665      1.213725
   0.671      1.209198
   0.678      1.204626
   0.685      1.200010
   0.691      1.195353
   0.698      1.190656
   0.705      1.185921
   0.711      1.181151
   0.718      1.176346
   0.725      1.171509
   0.731      1.166642
   0.738      1.161746
   0.745      1.156823
   0.751      1.151875
   0.758      1.146903
   0.765      1.141910
   0.771      1.136896
   0.778      1.131863
   0.784      1.126813
   0.791      1.121747
   0.798      1.116667
   0.804      1.111574
   0.811      1.106470
   0.818      1.101356
   0.824      1.096234
   0.831      1.091105
   0.838      1.085969
   0.844      1.080830
   0.851      1.075687
   0.858      1.070542
   0.864      1.065396
   0.871      1.060250
   0.878      1.055107
   0.884      1.049966
   0.891      1.044829
   0.897      1.039696
   0.904      1.034570
   0.911      1.029451
   0.917      1.024340
   0.924      1.019238
   0.931      1.014146
   0.937      1.009065
   0.944      1.003996
   0.951      0.998940
   0.957      0.993897
   0.964      0.988869
   0.971      0.983856
   0.977      0.978859
   0.984      0.973878
   0.991      0.968916
   0.997      0.963971
   1.004      0.959045
   1.010      0.954139
   1.017      0.949253
   1.024      0.944388
   1.030      0.939544
   1.037      0.934722
   1.044      0.929923
   1.050      0.925146
   1.057      0.920393
   1.064      0.915664
   1.070      0.910959
   1.077      0.906279
   1.084      0.901625
   1.090      0.896995
   1.097      0.892392
   1.104      0.887815
   1.110      0.883265
   1.117      0.878742
   1.124      0.874245
   1.130      0.869777
   1.137      0.865336
   1.143      0.860922
   1.150      0.856537
   1.157      0.852181
   1.163      0.847852
   1.170      0.843553
   1.177      0.839282
   1.183      0.835040
   1.190      0.830827
   1.197      0.826643
   1.203      0.822489
   1.210      0.818364
   1.217      0.814268
   1.223      0.810201
   1.230      0.806164
   1.237      0.802156
   1.243      0.798177
   1.250      0.794228
   1.256      0.790309
   1.263      0.786418
   1.270      0.782557
   1.276      0.778726
   1.283      0.774923
   1.290      0.771150
   1.296      0.767405
   1.303      0.763690
   1.310      0.760003
   1.316      0.756345
   1.323      0.752716
   1.330      0.749116
   1.336      0.745543
   1.343      0.741999
   1.350      0.738483
   1.356      0.734995
   1.363      0.731535
   1.369      0.728103
   1.376      0.724698
   1.383      0.721321
   1.389      0.717970
   1.396      0.714647
   1.403      0.711350
   1.409      0.708080
   1.416      0.704837
   1.423      0.701620
   1.429      0.698429
   1.436      0.695264
   1.443      0.692124
   1.449      0.689010
   1.456      0.685922
   1.463      0.682858
   1.469      0.679819
   1.476      0.676805
   1.482      0.673816
   1.489      0.670851
   1.496      0.667909
   1.502      0.664992
   1.509      0.662098
   1.516      0.659228
   1.522      0.656381
   1.529      0.653557
   1.536      0.650756
   1.542      0.647977
   1.549      0.645221
   1.556      0.642486
   1.562      0.639774
   1.569      0.637084
   1.576      0.634415
   1.582      0.631767
   1.589      0.629140
   1.596      0.626535
   1.602      0.623950
   1.609      0.621385
   1.615      0.618841
   1.622      0.616317
   1.629      0.613812
   1.635      0.611328
   1.642      0.608863
   1.649      0.606417
   1.655      0.603990
   1.662      0.601582
   1.669      0.599193
   1.675      0.596822
   1.682      0.594469
   1.689      0.592135
   1.695      0.589818
   1.702      0.587520
   1.709      0.585238
   1.715      0.582974
   1.722      0.580728
   1.728      0.578498
   1.735      0.576285
   1.742      0.574089
   1.748      0.571909
   1.755      0.569746
   1.762      0.567599
   1.768      0.565467
   1.775      0.563352
   1.782      0.561252
   1.788      0.559167
   1.795      0.557098
   1.802      0.555044
   1.808      0.553005
   1.815      0.550981
   1.822      0.548971
   1.828      0.546976
   1.835      0.544995
   1.841      0.543029
   1.848      0.541077
   1.855      0.539138
   1.861      0.537213
   1.868      0.535302
   1.875      0.533405
   1.881      0.531521
   1.888      0.529650
   1.895      0.527792
   1.901      0.525947
   1.908      0.524115
   1.915      0.522295
   1.921      0.520488
   1.928      0.518694
   1.935      0.516912
   1.941      0.515142
   1.948      0.513384
   1.954      0.511638
   1.961      0.509904
   1.968      0.508181
   1.974      0.506470
   1.981      0.504771
   1.988      0.503083
   1.994      0.501406
   2.001      0.499740
   2.008      0.498086
   2.014      0.496442
   2.021      0.494809
   2.028      0.493187
   2.034      0.491575
   2.041      0.489974
   2.048      0.488383
   2.054      0.486803
   2.061      0.485232
   2.068      0.483672
   2.074      0.482122
   2.081      0.480582
   2.087      0.479051
   2.094      0.477531
   2.101      0.476019
   2.107      0.474518
   2.114      0.473026
   2.121      0.471543
   2.127      0.470069
   2.134      0.468605
   2.141      0.467150
   2.147      0.465703
   2.154      0.464266
   2.161      0.462837
   2.167      0.461418
   2.174      0.460007
   2.181      0.458604
   2.187      0.457210
   2.194      0.455825
   2.200      0.454448
   2.207      0.453079
   2.214      0.451718
   2.220      0.450366
   2.227      0.449021
   2.234      0.447685
   2.240      0.446357
   2.247      0.445036
   2.254      0.443723
   2.260      0.442418
   2.267      0.441121
   2.274      0.439831
   2.280      0.438549
   2.287      0.437274
   2.294      0.436006
   2.300      0.434746
   2.307      0.433493
   2.313      0.432248
   2.320      0.431009
   2.327      0.429778
   2.333      0.428553
   2.340      0.427336
   2.347      0.426125
   2.353      0.424921
   2.360      0.423724
   2.367      0.422534
   2.373      0.421351
   2.380      0.420174
   2.387      0.419003
   2.393      0.417839
   2.400      0.416682
   2.407      0.415531
   2.413      0.414386
   2.420      0.413248
   2.427      0.412116
   2.433      0.410990
   2.440      0.409870
   2.446      0.408756
   2.453      0.407648
   2.460      0.406546
   2.466      0.405451
   2.473      0.404361
   2.480      0.403277
   2.486      0.402198
   2.493      0.401126
   2.500      0.400059
   2.506      0.398998
   2.513      0.397942
   2.520      0.396892
   2.526      0.395848
   2.533      0.394809
   2.540      0.393775
   2.546      0.392747
   2.553      0.391724
   2.559      0.390707
   2.566      0.389695
   2.573      0.388688
   2.579      0.387686
   2.586      0.386689
   2.593      0.385698
   2.599      0.384711
   2.606      0.383730
   2.613      0.382754
   2.619      0.381782
   2.626      0.380816
   2.633      0.379854
   2.639      0.378897
   2.646      0.377945
