   0.000      1.297383
   0.007      1.297379
   0.013      1.297367
   0.020      1.297348
   0.027      1.297322
   0.033      1.297287
   0.040      1.297245
   0.047      1.297195
   0.053      1.297137
   0.060      1.297071
   0.066      1.296997
   0.073      1.296914
   0.080      1.296822
   0.086      1.296721
   0.093      1.296612
   0.100      1.296492
   0.106      1.296364
   0.113      1.296225
   0.120      1.296075
   0.126      1.295915
   0.133      1.295744
   0.140      1.295561
   0.146      1.295367
   0.153      1.295159
   0.160      1.294939
   0.166      1.294705
   0.173      1.294458
   0.179      1.294195
   0.186      1.293917
   0.193      1.293624
   0.199      1.293313
   0.206      1.292985
   0.213      1.292639
   0.219      1.292274
   0.226      1.291889
   0.233      1.291483
   0.239      1.291055
   0.246      1.290605
   0.253      1.290131
   0.259      1.289633
   0.266      1.289108
   0.273      1.288557
   0.279      1.287977
   0.286      1.287368
   0.293      1.286728
   0.299      1.286057
   0.306      1.285353
   0.312      1.284613
   0.319      1.283838
   0.326      1.283026
   0.332      1.282175
   0.339      1.281284
   0.346      1.280351
   0.352      1.279375
   0.359      1.278354
   0.366      1.277287
   0.372      1.276173
   0.379      1.275009
   0.386      1.273795
   0.392      1.272528
   0.399      1.271208
   0.406      1.269833
   0.412      1.268402
   0.419      1.266912
   0.425      1.265364
   0.432      1.263755
   0.439      1.262084
   0.445      1.260350
   0.452      1.258553
   0.459      1.256690
   0.465      1.254761
   0.472      1.252766
   0.479      1.250703
   0.485      1.248571
   0.492      1.246371
   0.499      1.244101
   0.505      1.241761
   0.512      1.239350
   0.519      1.236870
   0.525      1.234318
   0.532      1.231696
   0.538      1.229003
   0.545      1.226240
   0.552      1.223407
   0.558      1.220504
   0.565      1.217532
   0.572      1.214491
   0.578      1.211382
   0.585      1.208207
   0.592      1.204964
   0.598      1.201657
   0.605      1.198285
   0.612      1.194850
   0.618      1.191353
   0.625      1.187796
   0.632      1.184179
   0.638      1.180504
   0.645      1.176772
   0.651      1.172986
   0.658      1.169146
   0.665      1.165254
   0.671      1.161312
   0.678      1.157321
   0.685      1.153284
   0.691      1.149201
   0.698      1.145075
   0.705      1.140907
   0.711      1.136699
   0.718      1.132453
   0.725      1.128171
   0.731      1.123854
   0.738      1.119504
   0.745      1.115123
   0.751      1.110712
   0.758      1.106274
   0.765      1.101810
   0.771      1.097322
   0.778      1.092811
   0.784      1.088279
   0.791      1.083728
   0.798      1.079159
   0.804      1.074574
   0.811      1.069974
   0.818      1.065361
   0.824      1.060737
   0.831      1.056102
   0.838      1.051459
   0.844      1.046809
   0.851      1.042152
   0.858      1.037491
   0.864      1.032827
   0.871      1.028160
   0.878      1.023492
   0.884      1.018825
   0.891      1.014159
   0.897      1.009496
   0.904      1.004836
   0.911      1.000181
   0.917      0.995532
   0.924      0.990889
   0.931      0.986254
   0.937      0.981628
   0.944      0.977011
   0.951      0.972404
   0.957      0.967808
   0.964      0.963224
   0.971      0.958653
   0.977      0.954095
   0.984      0.949551
   0.991      0.945021
   0.997      0.940507
   1.004      0.936009
   1.010      0.931528
   1.017      0.927063
   1.024      0.922616
   1.030      0.918188
   1.037      0.913777
   1.044      0.909386
   1.050      0.905015
   1.057      0.900663
   1.064      0.896331
   1.070      0.892021
   1.077      0.887731
   1.084      0.883462
   1.090      0.879216
   1.097      0.874991
   1.104      0.870788
   1.110      0.866608
   1.117      0.862450
   1.124      0.858315
   1.130      0.854204
   1.137      0.850116
   1.143      0.846051
   1.150      0.842010
   1.157      0.837992
   1.163      0.833999
   1.170      0.830029
   1.177      0.826084
   1.183      0.822163
   1.190      0.818266
   1.197      0.814393
   1.203      0.810545
   1.210      0.806721
   1.217      0.802922
   1.223      0.799147
   1.230      0.795397
   1.237      0.791671
   1.243      0.787970
   1.250      0.784293
   1.256      0.780641
   1.263      0.777014
   1.270      0.773410
   1.276      0.769831
   1.283      0.766277
   1.290      0.762747
   1.296      0.759241
   1.303      0.755759
   1.310      0.752301
   1.316      0.748867
   1.323      0.745458
   1.330      0.742072
   1.336      0.738710
   1.343      0.735371
   1.350      0.732056
   1.356      0.728765
   1.363      0.725497
   1.369      0.722252
   1.376      0.719030
   1.383      0.715832
   1.389      0.712656
   1.396      0.709503
   1.403      0.706373
   1.409      0.703265
   1.416      0.700180
   1.423      0.697117
   1.429      0.694076
   1.436      0.691057
   1.443      0.688060
   1.449      0.685084
   1.456      0.682131
   1.463      0.679198
   1.469      0.676287
   1.476      0.673398
   1.482      0.670529
   1.489      0.667681
   1.496      0.664853
   1.502      0.662047
   1.509      0.659261
   1.516      0.656495
   1.522      0.653749
   1.529      0.651023
   1.536      0.648317
   1.542      0.645630
   1.549      0.642964
   1.556      0.640316
   1.562      0.637688
   1.569      0.635079
   1.576      0.632489
   1.582      0.629917
   1.589      0.627364
   1.596      0.624830
   1.602      0.622314
   1.609      0.619816
   1.615      0.617337
   1.622      0.614875
   1.629      0.612431
   1.635      0.610004
   1.642      0.607595
   1.649      0.605203
   1.655      0.602829
   1.662      0.600471
   1.669      0.598131
   1.675      0.595807
   1.682      0.593499
   1.689      0.591208
   1.695      0.588934
   1.702      0.586675
   1.709      0.584433
   1.715      0.582206
   1.722      0.579995
   1.728      0.577800
   1.735      0.575620
   1.742      0.573456
   1.748      0.571307
   1.755      0.569173
   1.762      0.567054
   1.768      0.564949
   1.775      0.562859
   1.782      0.560784
   1.788      0.558724
   1.795      0.556677
   1.802      0.554645
   1.808      0.552627
   1.815      0.550623
   1.822      0.548632
   1.828      0.546655
   1.835      0.544692
   1.841      0.542742
   1.848      0.540806
   1.855      0.538883
   1.861      0.536972
   1.868      0.535075
   1.875      0.533191
   1.881      0.531319
   1.888      0.529460
   1.895      0.527613
   1.901      0.525779
   1.908      0.523957
   1.915      0.522148
   1.921      0.520350
   1.928      0.518564
   1.935      0.516791
   1.941      0.515028
   1.948      0.513278
   1.954      0.511539
   1.961      0.509812
   1.968      0.508095
   1.974      0.506390
   1.981      0.504697
   1.988      0.503014
   1.994      0.501342
   2.001      0.499681
   2.008      0.498031
   2.014      0.496391
   2.021      0.494762
   2.028      0.493144
   2.034      0.491535
   2.041      0.489937
   2.048      0.488350
   2.054      0.486772
   2.061      0.485204
   2.068      0.483647
   2.074      0.482099
   2.081      0.480560
   2.087      0.479032
   2.094      0.477513
   2.101      0.476004
   2.107      0.474503
   2.114      0.473013
   2.121      0.471531
   2.127      0.470059
   2.134      0.468596
   2.141      0.467141
   2.147      0.465696
   2.154      0.464259
   2.161      0.462832
   2.167      0.461413
   2.174      0.460002
   2.181      0.458600
   2.187      0.457207
   2.194      0.455822
   2.200      0.454445
   2.207      0.453077
   2.214      0.451716
   2.220      0.450364
   2.227      0.449020
   2.234      0.447684
   2.240      0.446356
   2.247      0.445035
   2.254      0.443723
   2.260      0.442418
   2.267      0.441120
   2.274      0.439831
   2.280      0.438548
   2.287      0.437274
   2.294      0.436006
   2.300      0.434746
   2.307      0.433493
   2.313      0.432248
   2.320      0.431009
   2.327      0.429778
   2.333      0.428553
   2.340      0.427336
   2.347      0.426125
   2.353      0.424921
   2.360      0.423724
   2.367      0.422534
   2.373      0.421351
   2.380      0.420174
   2.387      0.419003
   2.393      0.417839
   2.400      0.416682
   2.407      0.415531
   2.413      0.414386
   2.420      0.413248
   2.427      0.412116
   2.433      0.410990
   2.440      0.409870
   2.446      0.408756
   2.453      0.407648
   2.460      0.406546
   2.466      0.405451
   2.473      0.404361
   2.480      0.403277
   2.486      0.402198
   2.493      0.401126
   2.500      0.400059
   2.506      0.398998
   2.513      0.397942
   2.520      0.396892
   2.526      0.395848
   2.533      0.394809
   2.540      0.393775
   2.546      0.392747
   2.553      0.391724
   2.559      0.390707
   2.566      0.389695
   2.573      0.388688
   2.579      0.387686
   2.586      0.386689
   2.593      0.385698
   2.599      0.384711
   2.606      0.383730
   2.613      0.382754
   2.619      0.381782
   2.626      0.380816
   2.633      0.379854
   2.639      0.378897
   2.646      0.377945
