   0.005     -0.002326
   0.010     -0.026702
   0.015     -0.051079
   0.020     -0.076281
   0.025     -0.101586
   0.030     -0.126912
   0.035     -0.152237
   0.040     -0.177552
   0.045     -0.202851
   0.050     -0.228132
   0.055     -0.253391
   0.060     -0.278624
   0.065     -0.303831
   0.070     -0.329007
   0.075     -0.354150
   0.080     -0.379257
   0.085     -0.404327
   0.090     -0.429355
   0.095     -0.454341
   0.100     -0.479280
   0.105     -0.504171
   0.110     -0.529011
   0.115     -0.553798
   0.120     -0.578529
   0.125     -0.603201
   0.130     -0.627811
   0.135     -0.652359
   0.140     -0.676840
   0.145     -0.701252
   0.150     -0.725593
   0.155     -0.749860
   0.160     -0.774051
   0.165     -0.798163
   0.170     -0.822194
   0.175     -0.846141
   0.180     -0.870001
   0.185     -0.893772
   0.190     -0.917452
   0.195     -0.941038
   0.200     -0.964527
   0.205     -0.987916
   0.210     -1.011204
   0.215     -1.034388
   0.220     -1.057465
   0.225     -1.080432
   0.230     -1.103287
   0.235     -1.126027
   0.240     -1.148650
   0.245     -1.171154
   0.250     -1.193534
   0.255     -1.215790
   0.260     -1.237919
   0.265     -1.259917
   0.270     -1.281782
   0.275     -1.303512
   0.280     -1.325104
   0.285     -1.346556
   0.290     -1.367865
   0.295     -1.389028
   0.300     -1.410043
   0.305     -1.430907
   0.310     -1.451618
   0.315     -1.472173
   0.320     -1.492570
   0.325     -1.512807
   0.330     -1.532879
   0.335     -1.552787
   0.340     -1.572526
   0.345     -1.592094
   0.350     -1.611489
   0.355     -1.630708
   0.360     -1.649750
   0.365     -1.668611
   0.370     -1.687290
   0.375     -1.705783
   0.380     -1.724089
   0.385     -1.742206
   0.390     -1.760130
   0.395     -1.777860
   0.400     -1.795394
   0.405     -1.812729
   0.410     -1.829863
   0.415     -1.846794
   0.420     -1.863520
   0.425     -1.880038
   0.430     -1.896347
   0.435     -1.912445
   0.440     -1.928330
   0.445     -1.943999
   0.450     -1.959451
   0.455     -1.974683
   0.460     -1.989695
   0.465     -2.004484
   0.470     -2.019048
   0.475     -2.033385
   0.480     -2.047495
   0.485     -2.061374
   0.490     -2.075023
   0.495     -2.088438
   0.500     -2.101618
   0.505     -2.114562
   0.510     -2.127269
   0.515     -2.139737
   0.520     -2.151964
   0.525     -2.163950
   0.530     -2.175693
   0.535     -2.187191
   0.540     -2.198444
   0.545     -2.209450
   0.550     -2.220209
   0.555     -2.230718
   0.560     -2.240979
   0.565     -2.250988
   0.570     -2.260746
   0.575     -2.270251
   0.580     -2.279503
   0.585     -2.288501
   0.590     -2.297245
   0.595     -2.305733
   0.600     -2.313965
   0.605     -2.321940
   0.610     -2.329659
   0.615     -2.337120
   0.620     -2.344323
   0.625     -2.351268
   0.630     -2.357955
   0.635     -2.364383
   0.640     -2.370551
   0.645     -2.376461
   0.650     -2.382112
   0.655     -2.387503
   0.660     -2.392635
   0.665     -2.397509
   0.670     -2.402122
   0.675     -2.406478
   0.680     -2.410574
   0.685     -2.414412
   0.690     -2.417991
   0.695     -2.421313
   0.700     -2.424378
   0.705     -2.427185
   0.710     -2.429736
   0.715     -2.432031
   0.720     -2.434070
   0.725     -2.435855
   0.730     -2.437385
   0.735     -2.438662
   0.740     -2.439686
   0.745     -2.440458
   0.750     -2.440978
   0.755     -2.441249
   0.760     -2.441270
   0.765     -2.441042
   0.770     -2.440567
   0.775     -2.439845
   0.780     -2.438878
   0.785     -2.437667
   0.790     -2.436212
   0.795     -2.434515
   0.800     -2.432577
   0.805     -2.430399
   0.810     -2.427983
   0.815     -2.425330
   0.820     -2.422441
   0.825     -2.419318
   0.830     -2.415962
   0.835     -2.412374
   0.840     -2.408557
   0.845     -2.404510
   0.850     -2.400237
   0.855     -2.395739
   0.860     -2.391017
   0.865     -2.386073
   0.870     -2.380909
   0.875     -2.375527
   0.880     -2.369927
   0.885     -2.364113
   0.890     -2.358086
   0.895     -2.351847
   0.900     -2.345400
   0.905     -2.338745
   0.910     -2.331884
   0.915     -2.324821
   0.920     -2.317556
   0.925     -2.310092
   0.930     -2.302431
   0.935     -2.294575
   0.940     -2.286527
   0.945     -2.278287
   0.950     -2.269860
   0.955     -2.261246
   0.960     -2.252448
   0.965     -2.243468
   0.970     -2.234309
   0.975     -2.224973
   0.980     -2.215462
   0.985     -2.205778
   0.990     -2.195924
   0.995     -2.185902
   1.000     -2.175715
   1.005     -2.165364
   1.010     -2.154852
   1.015     -2.144182
   1.020     -2.133356
   1.025     -2.122377
   1.030     -2.111246
   1.035     -2.099966
   1.040     -2.088541
   1.045     -2.076971
   1.050     -2.065261
   1.055     -2.053412
   1.060     -2.041427
   1.065     -2.029309
   1.070     -2.017061
   1.075     -2.004685
   1.080     -1.992184
   1.085     -1.979562
   1.090     -1.966821
   1.095     -1.953963
   1.100     -1.940993
   1.105     -1.927913
   1.110     -1.914726
   1.115     -1.901435
   1.120     -1.888044
   1.125     -1.874555
   1.130     -1.860971
   1.135     -1.847297
   1.140     -1.833534
   1.145     -1.819687
   1.150     -1.805758
   1.155     -1.791750
   1.160     -1.777667
   1.165     -1.763512
   1.170     -1.749288
   1.175     -1.734997
   1.180     -1.720645
   1.185     -1.706232
   1.190     -1.691763
   1.195     -1.677241
   1.200     -1.662668
   1.205     -1.648049
   1.210     -1.633385
   1.215     -1.618679
   1.220     -1.603935
   1.225     -1.589156
   1.230     -1.574345
   1.235     -1.559503
   1.240     -1.544635
   1.245     -1.529743
   1.250     -1.514829
   1.255     -1.499896
   1.260     -1.484947
   1.265     -1.469984
   1.270     -1.455009
   1.275     -1.440026
   1.280     -1.425036
   1.285     -1.410041
   1.290     -1.395045
   1.295     -1.380048
   1.300     -1.365053
   1.305     -1.350063
   1.310     -1.335078
   1.315     -1.320102
   1.320     -1.305136
   1.325     -1.290182
   1.330     -1.275242
   1.335     -1.260318
   1.340     -1.245411
   1.345     -1.230524
   1.350     -1.215658
   1.355     -1.200814
   1.360     -1.185995
   1.365     -1.171203
   1.370     -1.156438
   1.375     -1.141703
   1.380     -1.126999
   1.385     -1.112327
   1.390     -1.097690
   1.395     -1.083088
   1.400     -1.068524
   1.405     -1.053998
   1.410     -1.039512
   1.415     -1.025068
   1.420     -1.010666
   1.425     -0.996308
   1.430     -0.981996
   1.435     -0.967730
   1.440     -0.953512
   1.445     -0.939344
   1.450     -0.925225
   1.455     -0.911159
   1.460     -0.897144
   1.465     -0.883184
   1.470     -0.869278
   1.475     -0.855427
   1.480     -0.841634
   1.485     -0.827898
   1.490     -0.814221
   1.495     -0.800604
   1.500     -0.787047
   1.505     -0.773552
   1.510     -0.760119
   1.515     -0.746749
   1.520     -0.733443
   1.525     -0.720201
   1.530     -0.707025
   1.535     -0.693914
   1.540     -0.680871
   1.545     -0.667895
   1.550     -0.654987
   1.555     -0.642148
   1.560     -0.629377
   1.565     -0.616677
   1.570     -0.604047
   1.575     -0.591488
   1.580     -0.579001
   1.585     -0.566585
   1.590     -0.554241
   1.595     -0.541970
   1.600     -0.529773
   1.605     -0.517649
   1.610     -0.505599
   1.615     -0.493623
   1.620     -0.481722
   1.625     -0.469895
   1.630     -0.458145
   1.635     -0.446469
   1.640     -0.434870
   1.645     -0.423346
   1.650     -0.411899
   1.655     -0.400528
   1.660     -0.389234
   1.665     -0.378017
   1.670     -0.366877
   1.675     -0.355814
   1.680     -0.344829
   1.685     -0.333921
   1.690     -0.323091
   1.695     -0.312338
   1.700     -0.301664
   1.705     -0.291067
   1.710     -0.280548
   1.715     -0.270107
   1.720     -0.259745
   1.725     -0.249460
   1.730     -0.239254
   1.735     -0.229126
   1.740     -0.219076
   1.745     -0.209104
   1.750     -0.199210
   1.755     -0.189394
   1.760     -0.179656
   1.765     -0.169996
   1.770     -0.160414
   1.775     -0.150910
   1.780     -0.141484
   1.785     -0.132135
   1.790     -0.122864
   1.795     -0.113671
   1.800     -0.104555
   1.805     -0.095516
   1.810     -0.086554
   1.815     -0.077669
   1.820     -0.068861
   1.825     -0.060130
   1.830     -0.051475
   1.835     -0.042897
   1.840     -0.034395
   1.845     -0.025969
   1.850     -0.017619
   1.855     -0.009344
   1.860     -0.001145
   1.865      0.006979
   1.870      0.015028
   1.875      0.023002
   1.880      0.030901
   1.885      0.038726
   1.890      0.046477
   1.895      0.054153
   1.900      0.061756
   1.905      0.069286
   1.910      0.076742
   1.915      0.084126
   1.920      0.091436
   1.925      0.098675
   1.930      0.105841
   1.935      0.112935
   1.940      0.119957
   1.945      0.126908
   1.950      0.133788
   1.955      0.140597
   1.960      0.147336
   1.965      0.154004
   1.970      0.160603
   1.975      0.167132
   1.980      0.173591
   1.985      0.179981
   1.990      0.186303
   1.995      0.192556
   2.000      0.198741
   2.005      0.204858
   2.010      0.210908
   2.015      0.216891
   2.020      0.222806
   2.025      0.228655
   2.030      0.234438
   2.035      0.240155
   2.040      0.245806
   2.045      0.251392
   2.050      0.256914
   2.055      0.262370
   2.060      0.267762
   2.065      0.273091
   2.070      0.278356
   2.075      0.283557
   2.080      0.288696
   2.085      0.293772
   2.090      0.298786
   2.095      0.303737
   2.100      0.308628
   2.105      0.313457
   2.110      0.318225
   2.115      0.322933
   2.120      0.327580
   2.125      0.332168
   2.130      0.336696
   2.135      0.341165
   2.140      0.345576
   2.145      0.349928
   2.150      0.354221
   2.155      0.358457
   2.160      0.362636
   2.165      0.366758
   2.170      0.370822
   2.175      0.374831
   2.180      0.378784
   2.185      0.382680
   2.190      0.386522
   2.195      0.390309
   2.200      0.394041
   2.205      0.397718
   2.210      0.401342
   2.215      0.404913
   2.220      0.408430
   2.225      0.411894
   2.230      0.415306
   2.235      0.418665
   2.240      0.421973
   2.245      0.425229
   2.250      0.428434
   2.255      0.431589
   2.260      0.434693
   2.265      0.437746
   2.270      0.440751
   2.275      0.443705
   2.280      0.446611
   2.285      0.449468
   2.290      0.452276
   2.295      0.455037
   2.300      0.457750
   2.305      0.460415
   2.310      0.463034
   2.315      0.465605
   2.320      0.468131
   2.325      0.470610
   2.330      0.473044
   2.335      0.475432
   2.340      0.477776
   2.345      0.480075
   2.350      0.482329
   2.355      0.484539
   2.360      0.486706
   2.365      0.488829
   2.370      0.490910
   2.375      0.492947
   2.380      0.494942
   2.385      0.496896
   2.390      0.498807
   2.395      0.500677
   2.400      0.502506
   2.405      0.504294
   2.410      0.506042
   2.415      0.507749
   2.420      0.509417
   2.425      0.511045
   2.430      0.512634
   2.435      0.514184
   2.440      0.515696
   2.445      0.517169
   2.450      0.518605
   2.455      0.520002
   2.460      0.521363
   2.465      0.522686
   2.470      0.523973
   2.475      0.525223
   2.480      0.526437
   2.485      0.527615
   2.490      0.528757
   2.495      0.529865
   2.500      0.530937
   2.505      0.531975
   2.510      0.532978
   2.515      0.533948
   2.520      0.534883
   2.525      0.535785
   2.530      0.536654
   2.535      0.537490
   2.540      0.538293
   2.545      0.539064
   2.550      0.539803
   2.555      0.540510
   2.560      0.541186
   2.565      0.541830
   2.570      0.542443
   2.575      0.543026
   2.580      0.543578
   2.585      0.544100
   2.590      0.544593
   2.595      0.545056
   2.600      0.545489
   2.605      0.545893
   2.610      0.546269
   2.615      0.546616
   2.620      0.546935
   2.625      0.547225
   2.630      0.547488
   2.635      0.547724
   2.640      0.547932
   2.645      0.548113
   2.650      0.548268
   2.655      0.548396
   2.660      0.548498
   2.665      0.548574
   2.670      0.548624
   2.675      0.548649
   2.680      0.548649
   2.685      0.548623
   2.690      0.548573
   2.695      0.548498
   2.700      0.548399
   2.705      0.548276
   2.710      0.548130
   2.715      0.547959
   2.720      0.547766
   2.725      0.547549
   2.730      0.547310
   2.735      0.547048
   2.740      0.546763
   2.745      0.546456
   2.750      0.546128
   2.755      0.545778
   2.760      0.545406
   2.765      0.545013
   2.770      0.544599
   2.775      0.544164
   2.780      0.543708
   2.785      0.543233
   2.790      0.542737
   2.795      0.542221
   2.800      0.541685
   2.805      0.541130
   2.810      0.540555
   2.815      0.539961
   2.820      0.539349
   2.825      0.538718
   2.830      0.538068
   2.835      0.537400
   2.840      0.536714
   2.845      0.536010
   2.850      0.535288
   2.855      0.534549
   2.860      0.533793
   2.865      0.533020
   2.870      0.532229
   2.875      0.531422
   2.880      0.530599
   2.885      0.529759
   2.890      0.528903
   2.895      0.528031
   2.900      0.527143
   2.905      0.526240
   2.910      0.525322
   2.915      0.524388
   2.920      0.523439
   2.925      0.522476
   2.930      0.521498
   2.935      0.520505
   2.940      0.519498
   2.945      0.518477
   2.950      0.517442
   2.955      0.516393
   2.960      0.515331
   2.965      0.514255
   2.970      0.513166
   2.975      0.512064
   2.980      0.510950
   2.985      0.509822
   2.990      0.508682
   2.995      0.507529
   3.000      0.506364
   3.005      0.505187
   3.010      0.503999
   3.015      0.502798
   3.020      0.501586
   3.025      0.500362
   3.030      0.499128
   3.035      0.497882
   3.040      0.496625
   3.045      0.495357
   3.050      0.494079
   3.055      0.492790
   3.060      0.491490
   3.065      0.490181
   3.070      0.488862
   3.075      0.487532
   3.080      0.486193
   3.085      0.484844
   3.090      0.483486
   3.095      0.482119
   3.100      0.480742
   3.105      0.479356
   3.110      0.477961
   3.115      0.476558
   3.120      0.475146
   3.125      0.473726
   3.130      0.472297
   3.135      0.470860
   3.140      0.469414
   3.145      0.467961
   3.150      0.466501
   3.155      0.465032
   3.160      0.463556
   3.165      0.462072
   3.170      0.460581
   3.175      0.459084
   3.180      0.457579
   3.185      0.456067
   3.190      0.454548
   3.195      0.453023
   3.200      0.451491
   3.205      0.449952
   3.210      0.448408
   3.215      0.446857
   3.220      0.445300
   3.225      0.443737
   3.230      0.442169
   3.235      0.440594
   3.240      0.439015
   3.245      0.437429
   3.250      0.435839
   3.255      0.434243
   3.260      0.432642
   3.265      0.431036
   3.270      0.429425
   3.275      0.427809
   3.280      0.426188
   3.285      0.424563
   3.290      0.422934
   3.295      0.421300
   3.300      0.419662
   3.305      0.418019
   3.310      0.416373
   3.315      0.414723
   3.320      0.413068
   3.325      0.411411
   3.330      0.409749
   3.335      0.408084
   3.340      0.406415
   3.345      0.404743
   3.350      0.403068
   3.355      0.401390
   3.360      0.399708
   3.365      0.398024
   3.370      0.396337
   3.375      0.394647
   3.380      0.392954
   3.385      0.391259
   3.390      0.389561
   3.395      0.387861
   3.400      0.386159
   3.405      0.384454
   3.410      0.382747
   3.415      0.381038
   3.420      0.379327
   3.425      0.377614
   3.430      0.375900
   3.435      0.374183
   3.440      0.372466
   3.445      0.370746
   3.450      0.369025
   3.455      0.367303
   3.460      0.365579
   3.465      0.363854
   3.470      0.362128
   3.475      0.360401
   3.480      0.358673
   3.485      0.356945
   3.490      0.355215
   3.495      0.353484
   3.500      0.351753
   3.505      0.350022
   3.510      0.348289
   3.515      0.346557
   3.520      0.344823
   3.525      0.343090
   3.530      0.341356
   3.535      0.339623
   3.540      0.337889
   3.545      0.336155
   3.550      0.334421
   3.555      0.332687
   3.560      0.330954
   3.565      0.329221
   3.570      0.327488
   3.575      0.325755
   3.580      0.324023
   3.585      0.322292
   3.590      0.320561
   3.595      0.318830
   3.600      0.317101
   3.605      0.315372
   3.610      0.313644
   3.615      0.311917
   3.620      0.310191
   3.625      0.308466
   3.630      0.306742
   3.635      0.305019
   3.640      0.303298
   3.645      0.301577
   3.650      0.299858
   3.655      0.298141
   3.660      0.296424
   3.665      0.294710
   3.670      0.292997
   3.675      0.291285
   3.680      0.289575
   3.685      0.287867
   3.690      0.286161
   3.695      0.284456
   3.700      0.282753
   3.705      0.281053
   3.710      0.279354
   3.715      0.277657
   3.720      0.275963
   3.725      0.274270
   3.730      0.272580
   3.735      0.270892
   3.740      0.269206
   3.745      0.267523
   3.750      0.265842
   3.755      0.264163
   3.760      0.262487
   3.765      0.260814
   3.770      0.259143
   3.775      0.257474
   3.780      0.255809
   3.785      0.254146
   3.790      0.252486
   3.795      0.250828
   3.800      0.249174
   3.805      0.247522
   3.810      0.245874
   3.815      0.244228
   3.820      0.242585
   3.825      0.240946
   3.830      0.239309
   3.835      0.237676
   3.840      0.236046
   3.845      0.234419
   3.850      0.232795
   3.855      0.231175
   3.860      0.229558
   3.865      0.227944
   3.870      0.226334
   3.875      0.224727
   3.880      0.223124
   3.885      0.221525
   3.890      0.219929
   3.895      0.218336
   3.900      0.216747
   3.905      0.215162
   3.910      0.213581
   3.915      0.212004
   3.920      0.210430
   3.925      0.208860
   3.930      0.207294
   3.935      0.205732
   3.940      0.204173
   3.945      0.202619
   3.950      0.201069
   3.955      0.199523
   3.960      0.197981
   3.965      0.196443
   3.970      0.194909
   3.975      0.193379
   3.980      0.191854
   3.985      0.190333
   3.990      0.188816
   3.995      0.187303
   4.000      0.185795
   4.005      0.184291
   4.010      0.182791
   4.015      0.181296
   4.020      0.179805
   4.025      0.178319
   4.030      0.176837
   4.035      0.175360
   4.040      0.173887
   4.045      0.172419
   4.050      0.170956
   4.055      0.169497
   4.060      0.168043
   4.065      0.166593
   4.070      0.165149
   4.075      0.163709
   4.080      0.162274
   4.085      0.160843
   4.090      0.159418
   4.095      0.157997
   4.100      0.156581
   4.105      0.155170
   4.110      0.153765
   4.115      0.152364
   4.120      0.150968
   4.125      0.149577
   4.130      0.148191
   4.135      0.146810
   4.140      0.145434
   4.145      0.144064
   4.150      0.142698
   4.155      0.141338
   4.160      0.139982
   4.165      0.138632
   4.170      0.137288
   4.175      0.135948
   4.180      0.134614
   4.185      0.133285
   4.190      0.131961
   4.195      0.130643
   4.200      0.129330
   4.205      0.128023
   4.210      0.126721
   4.215      0.125424
   4.220      0.124133
   4.225      0.122847
   4.230      0.121567
   4.235      0.120292
   4.240      0.119023
   4.245      0.117759
   4.250      0.116501
   4.255      0.115248
   4.260      0.114001
   4.265      0.112760
   4.270      0.111524
   4.275      0.110295
   4.280      0.109070
   4.285      0.107852
   4.290      0.106639
   4.295      0.105432
   4.300      0.104231
   4.305      0.103035
   4.310      0.101846
   4.315      0.100662
   4.320      0.099484
   4.325      0.098312
   4.330      0.097146
   4.335      0.095986
   4.340      0.094831
   4.345      0.093683
   4.350      0.092540
   4.355      0.091404
   4.360      0.090274
   4.365      0.089149
   4.370      0.088031
   4.375      0.086919
   4.380      0.085812
   4.385      0.084712
   4.390      0.083618
   4.395      0.082531
   4.400      0.081449
   4.405      0.080373
   4.410      0.079304
   4.415      0.078241
   4.420      0.077184
   4.425      0.076133
   4.430      0.075089
   4.435      0.074051
   4.440      0.073019
   4.445      0.071994
   4.450      0.070975
   4.455      0.069962
   4.460      0.068955
   4.465      0.067955
   4.470      0.066962
   4.475      0.065974
   4.480      0.064994
   4.485      0.064019
   4.490      0.063051
   4.495      0.062090
   4.500      0.061134
   4.505      0.060177
   4.510      0.059234
   4.515      0.058299
   4.520      0.057370
   4.525      0.056448
   4.530      0.055532
   4.535      0.054624
   4.540      0.053721
   4.545      0.052826
   4.550      0.051937
   4.555      0.051055
   4.560      0.050180
   4.565      0.049311
   4.570      0.048449
   4.575      0.047594
   4.580      0.046745
   4.585      0.045904
   4.590      0.045069
   4.595      0.044241
   4.600      0.043419
   4.605      0.042605
   4.610      0.041797
   4.615      0.040997
   4.620      0.040203
   4.625      0.039416
   4.630      0.038636
   4.635      0.037862
   4.640      0.037096
   4.645      0.036337
   4.650      0.035584
   4.655      0.034839
   4.660      0.034100
   4.665      0.033368
   4.670      0.032644
   4.675      0.031926
   4.680      0.031215
   4.685      0.030511
   4.690      0.029815
   4.695      0.029125
   4.700      0.028442
   4.705      0.027766
   4.710      0.027098
   4.715      0.026436
   4.720      0.025781
   4.725      0.025134
   4.730      0.024493
   4.735      0.023860
   4.740      0.023233
   4.745      0.022614
   4.750      0.022002
   4.755      0.021396
   4.760      0.020798
   4.765      0.020207
   4.770      0.019623
   4.775      0.019046
   4.780      0.018477
   4.785      0.017914
   4.790      0.017358
   4.795      0.016809
   4.800      0.016268
   4.805      0.015734
   4.810      0.015206
   4.815      0.014686
   4.820      0.014173
   4.825      0.013666
   4.830      0.013167
   4.835      0.012675
   4.840      0.012190
   4.845      0.011712
   4.850      0.011241
   4.855      0.010777
   4.860      0.010321
   4.865      0.009871
   4.870      0.009428
   4.875      0.008992
   4.880      0.008563
   4.885      0.008141
   4.890      0.007726
   4.895      0.007318
   4.900      0.006917
   4.905      0.006522
   4.910      0.006135
   4.915      0.005754
   4.920      0.005381
   4.925      0.005014
   4.930      0.004653
   4.935      0.004300
   4.940      0.003953
   4.945      0.003613
   4.950      0.003279
   4.955      0.002952
   4.960      0.002631
   4.965      0.002316
   4.970      0.002008
   4.975      0.001705
   4.980      0.001409
   4.985      0.001118
   4.990      0.000832
   4.995      0.000551
   5.000      0.000274
   5.005      0.000000
