   0.005      0.000784
   0.010      0.009018
   0.015      0.017251
   0.020      0.025766
   0.025      0.034319
   0.030      0.042884
   0.035      0.051454
   0.040      0.060027
   0.045      0.068602
   0.050      0.077178
   0.055      0.085756
   0.060      0.094336
   0.065      0.102917
   0.070      0.111500
   0.075      0.120085
   0.080      0.128672
   0.085      0.137261
   0.090      0.145851
   0.095      0.154444
   0.100      0.163039
   0.105      0.171637
   0.110      0.180237
   0.115      0.188839
   0.120      0.197444
   0.125      0.206052
   0.130      0.214662
   0.135      0.223275
   0.140      0.231891
   0.145      0.240510
   0.150      0.249132
   0.155      0.257756
   0.160      0.266384
   0.165      0.275014
   0.170      0.283648
   0.175      0.292284
   0.180      0.300924
   0.185      0.309566
   0.190      0.318212
   0.195      0.326860
   0.200      0.335511
   0.205      0.344164
   0.210      0.352821
   0.215      0.361480
   0.220      0.370141
   0.225      0.378805
   0.230      0.387471
   0.235      0.396140
   0.240      0.404810
   0.245      0.413482
   0.250      0.422156
   0.255      0.430832
   0.260      0.439509
   0.265      0.448187
   0.270      0.456866
   0.275      0.465545
   0.280      0.474226
   0.285      0.482906
   0.290      0.491587
   0.295      0.500267
   0.300      0.508947
   0.305      0.517626
   0.310      0.526303
   0.315      0.534980
   0.320      0.543654
   0.325      0.552326
   0.330      0.560996
   0.335      0.569663
   0.340      0.578327
   0.345      0.586987
   0.350      0.595643
   0.355      0.604294
   0.360      0.612940
   0.365      0.621581
   0.370      0.630217
   0.375      0.638846
   0.380      0.647468
   0.385      0.656082
   0.390      0.664689
   0.395      0.673287
   0.400      0.681877
   0.405      0.690457
   0.410      0.699027
   0.415      0.707586
   0.420      0.716134
   0.425      0.724670
   0.430      0.733194
   0.435      0.741704
   0.440      0.750201
   0.445      0.758683
   0.450      0.767150
   0.455      0.775601
   0.460      0.784036
   0.465      0.792454
   0.470      0.800853
   0.475      0.809234
   0.480      0.817595
   0.485      0.825936
   0.490      0.834256
   0.495      0.842555
   0.500      0.850831
   0.505      0.859083
   0.510      0.867311
   0.515      0.875514
   0.520      0.883692
   0.525      0.891843
   0.530      0.899966
   0.535      0.908060
   0.540      0.916126
   0.545      0.924161
   0.550      0.932165
   0.555      0.940138
   0.560      0.948077
   0.565      0.955983
   0.570      0.963854
   0.575      0.971690
   0.580      0.979489
   0.585      0.987251
   0.590      0.994974
   0.595      1.002658
   0.600      1.010302
   0.605      1.017905
   0.610      1.025465
   0.615      1.032983
   0.620      1.040456
   0.625      1.047885
   0.630      1.055268
   0.635      1.062603
   0.640      1.069891
   0.645      1.077131
   0.650      1.084320
   0.655      1.091460
   0.660      1.098547
   0.665      1.105582
   0.670      1.112563
   0.675      1.119491
   0.680      1.126362
   0.685      1.133178
   0.690      1.139936
   0.695      1.146637
   0.700      1.153278
   0.705      1.159860
   0.710      1.166381
   0.715      1.172840
   0.720      1.179237
   0.725      1.185570
   0.730      1.191840
   0.735      1.198044
   0.740      1.204182
   0.745      1.210254
   0.750      1.216258
   0.755      1.222194
   0.760      1.228061
   0.765      1.233858
   0.770      1.239584
   0.775      1.245240
   0.780      1.250823
   0.785      1.256333
   0.790      1.261770
   0.795      1.267133
   0.800      1.272421
   0.805      1.277634
   0.810      1.282770
   0.815      1.287830
   0.820      1.292813
   0.825      1.297718
   0.830      1.302545
   0.835      1.307293
   0.840      1.311962
   0.845      1.316551
   0.850      1.321060
   0.855      1.325488
   0.860      1.329835
   0.865      1.334101
   0.870      1.338285
   0.875      1.342387
   0.880      1.346407
   0.885      1.350344
   0.890      1.354198
   0.895      1.357969
   0.900      1.361656
   0.905      1.365260
   0.910      1.368781
   0.915      1.372217
   0.920      1.375570
   0.925      1.378839
   0.930      1.382024
   0.935      1.385125
   0.940      1.388141
   0.945      1.391074
   0.950      1.393923
   0.955      1.396688
   0.960      1.399369
   0.965      1.401967
   0.970      1.404480
   0.975      1.406911
   0.980      1.409258
   0.985      1.411522
   0.990      1.413703
   0.995      1.415802
   1.000      1.417818
   1.005      1.419751
   1.010      1.421603
   1.015      1.423373
   1.020      1.425062
   1.025      1.426670
   1.030      1.428196
   1.035      1.429643
   1.040      1.431009
   1.045      1.432295
   1.050      1.433501
   1.055      1.434629
   1.060      1.435678
   1.065      1.436648
   1.070      1.437541
   1.075      1.438355
   1.080      1.439093
   1.085      1.439754
   1.090      1.440338
   1.095      1.440847
   1.100      1.441280
   1.105      1.441639
   1.110      1.441923
   1.115      1.442132
   1.120      1.442269
   1.125      1.442332
   1.130      1.442323
   1.135      1.442242
   1.140      1.442090
   1.145      1.441867
   1.150      1.441574
   1.155      1.441211
   1.160      1.440779
   1.165      1.440278
   1.170      1.439710
   1.175      1.439074
   1.180      1.438372
   1.185      1.437604
   1.190      1.436771
   1.195      1.435873
   1.200      1.434911
   1.205      1.433886
   1.210      1.432799
   1.215      1.431650
   1.220      1.430439
   1.225      1.429168
   1.230      1.427838
   1.235      1.426448
   1.240      1.425000
   1.245      1.423495
   1.250      1.421933
   1.255      1.420315
   1.260      1.418641
   1.265      1.416914
   1.270      1.415132
   1.275      1.413298
   1.280      1.411411
   1.285      1.409473
   1.290      1.407484
   1.295      1.405446
   1.300      1.403358
   1.305      1.401222
   1.310      1.399038
   1.315      1.396808
   1.320      1.394531
   1.325      1.392210
   1.330      1.389843
   1.335      1.387433
   1.340      1.384980
   1.345      1.382485
   1.350      1.379948
   1.355      1.377371
   1.360      1.374754
   1.365      1.372097
   1.370      1.369402
   1.375      1.366670
   1.380      1.363900
   1.385      1.361094
   1.390      1.358253
   1.395      1.355377
   1.400      1.352466
   1.405      1.349523
   1.410      1.346546
   1.415      1.343538
   1.420      1.340498
   1.425      1.337428
   1.430      1.334328
   1.435      1.331199
   1.440      1.328041
   1.445      1.324855
   1.450      1.321642
   1.455      1.318403
   1.460      1.315137
   1.465      1.311846
   1.470      1.308531
   1.475      1.305191
   1.480      1.301828
   1.485      1.298442
   1.490      1.295034
   1.495      1.291604
   1.500      1.288153
   1.505      1.284682
   1.510      1.281191
   1.515      1.277680
   1.520      1.274151
   1.525      1.270603
   1.530      1.267038
   1.535      1.263456
   1.540      1.259857
   1.545      1.256242
   1.550      1.252612
   1.555      1.248966
   1.560      1.245306
   1.565      1.241632
   1.570      1.237944
   1.575      1.234243
   1.580      1.230530
   1.585      1.226804
   1.590      1.223067
   1.595      1.219318
   1.600      1.215559
   1.605      1.211790
   1.610      1.208010
   1.615      1.204221
   1.620      1.200424
   1.625      1.196617
   1.630      1.192802
   1.635      1.188980
   1.640      1.185150
   1.645      1.181313
   1.650      1.177469
   1.655      1.173619
   1.660      1.169763
   1.665      1.165902
   1.670      1.162036
   1.675      1.158164
   1.680      1.154289
   1.685      1.150409
   1.690      1.146525
   1.695      1.142638
   1.700      1.138748
   1.705      1.134855
   1.710      1.130959
   1.715      1.127061
   1.720      1.123162
   1.725      1.119261
   1.730      1.115358
   1.735      1.111454
   1.740      1.107550
   1.745      1.103645
   1.750      1.099740
   1.755      1.095836
   1.760      1.091931
   1.765      1.088027
   1.770      1.084124
   1.775      1.080222
   1.780      1.076322
   1.785      1.072423
   1.790      1.068525
   1.795      1.064630
   1.800      1.060737
   1.805      1.056847
   1.810      1.052959
   1.815      1.049074
   1.820      1.045193
   1.825      1.041314
   1.830      1.037439
   1.835      1.033568
   1.840      1.029701
   1.845      1.025838
   1.850      1.021979
   1.855      1.018124
   1.860      1.014275
   1.865      1.010430
   1.870      1.006590
   1.875      1.002755
   1.880      0.998925
   1.885      0.995101
   1.890      0.991282
   1.895      0.987469
   1.900      0.983662
   1.905      0.979861
   1.910      0.976067
   1.915      0.972278
   1.920      0.968496
   1.925      0.964721
   1.930      0.960952
   1.935      0.957191
   1.940      0.953436
   1.945      0.949688
   1.950      0.945947
   1.955      0.942214
   1.960      0.938488
   1.965      0.934770
   1.970      0.931059
   1.975      0.927356
   1.980      0.923661
   1.985      0.919974
   1.990      0.916295
   1.995      0.912624
   2.000      0.908961
   2.005      0.905306
   2.010      0.901660
   2.015      0.898022
   2.020      0.894393
   2.025      0.890773
   2.030      0.887161
   2.035      0.883558
   2.040      0.879964
   2.045      0.876378
   2.050      0.872802
   2.055      0.869235
   2.060      0.865677
   2.065      0.862128
   2.070      0.858588
   2.075      0.855057
   2.080      0.851536
   2.085      0.848025
   2.090      0.844523
   2.095      0.841030
   2.100      0.837547
   2.105      0.834073
   2.110      0.830609
   2.115      0.827155
   2.120      0.823711
   2.125      0.820276
   2.130      0.816851
   2.135      0.813436
   2.140      0.810031
   2.145      0.806636
   2.150      0.803251
   2.155      0.799876
   2.160      0.796511
   2.165      0.793156
   2.170      0.789811
   2.175      0.786476
   2.180      0.783151
   2.185      0.779837
   2.190      0.776532
   2.195      0.773238
   2.200      0.769954
   2.205      0.766681
   2.210      0.763417
   2.215      0.760164
   2.220      0.756921
   2.225      0.753689
   2.230      0.750467
   2.235      0.747255
   2.240      0.744054
   2.245      0.740863
   2.250      0.737682
   2.255      0.734512
   2.260      0.731352
   2.265      0.728202
   2.270      0.725063
   2.275      0.721935
   2.280      0.718817
   2.285      0.715709
   2.290      0.712612
   2.295      0.709525
   2.300      0.706448
   2.305      0.703382
   2.310      0.700327
   2.315      0.697281
   2.320      0.694247
   2.325      0.691222
   2.330      0.688209
   2.335      0.685205
   2.340      0.682212
   2.345      0.679230
   2.350      0.676257
   2.355      0.673296
   2.360      0.670344
   2.365      0.667403
   2.370      0.664473
   2.375      0.661553
   2.380      0.658643
   2.385      0.655743
   2.390      0.652854
   2.395      0.649975
   2.400      0.647107
   2.405      0.644248
   2.410      0.641401
   2.415      0.638563
   2.420      0.635736
   2.425      0.632918
   2.430      0.630112
   2.435      0.627315
   2.440      0.624528
   2.445      0.621752
   2.450      0.618986
   2.455      0.616230
   2.460      0.613484
   2.465      0.610749
   2.470      0.608023
   2.475      0.605308
   2.480      0.602603
   2.485      0.599907
   2.490      0.597222
   2.495      0.594547
   2.500      0.591881
   2.505      0.589226
   2.510      0.586581
   2.515      0.583945
   2.520      0.581319
   2.525      0.578704
   2.530      0.576098
   2.535      0.573502
   2.540      0.570916
   2.545      0.568339
   2.550      0.565773
   2.555      0.563216
   2.560      0.560669
   2.565      0.558132
   2.570      0.555604
   2.575      0.553086
   2.580      0.550577
   2.585      0.548079
   2.590      0.545589
   2.595      0.543110
   2.600      0.540640
   2.605      0.538179
   2.610      0.535728
   2.615      0.533286
   2.620      0.530854
   2.625      0.528431
   2.630      0.526018
   2.635      0.523614
   2.640      0.521219
   2.645      0.518833
   2.650      0.516457
   2.655      0.514090
   2.660      0.511732
   2.665      0.509384
   2.670      0.507045
   2.675      0.504714
   2.680      0.502393
   2.685      0.500081
   2.690      0.497778
   2.695      0.495484
   2.700      0.493199
   2.705      0.490923
   2.710      0.488656
   2.715      0.486398
   2.720      0.484149
   2.725      0.481909
   2.730      0.479677
   2.735      0.477454
   2.740      0.475240
   2.745      0.473035
   2.750      0.470839
   2.755      0.468651
   2.760      0.466472
   2.765      0.464301
   2.770      0.462139
   2.775      0.459986
   2.780      0.457841
   2.785      0.455705
   2.790      0.453577
   2.795      0.451458
   2.800      0.449347
   2.805      0.447245
   2.810      0.445150
   2.815      0.443065
   2.820      0.440987
   2.825      0.438918
   2.830      0.436857
   2.835      0.434804
   2.840      0.432760
   2.845      0.430723
   2.850      0.428695
   2.855      0.426675
   2.860      0.424663
   2.865      0.422659
   2.870      0.420663
   2.875      0.418675
   2.880      0.416695
   2.885      0.414723
   2.890      0.412759
   2.895      0.410802
   2.900      0.408854
   2.905      0.406913
   2.910      0.404980
   2.915      0.403055
   2.920      0.401138
   2.925      0.399228
   2.930      0.397326
   2.935      0.395432
   2.940      0.393545
   2.945      0.391666
   2.950      0.389794
   2.955      0.387930
   2.960      0.386073
   2.965      0.384224
   2.970      0.382383
   2.975      0.380548
   2.980      0.378721
   2.985      0.376902
   2.990      0.375089
   2.995      0.373284
   3.000      0.371487
   3.005      0.369696
   3.010      0.367913
   3.015      0.366137
   3.020      0.364368
   3.025      0.362606
   3.030      0.360851
   3.035      0.359104
   3.040      0.357363
   3.045      0.355630
   3.050      0.353903
   3.055      0.352183
   3.060      0.350471
   3.065      0.348765
   3.070      0.347066
   3.075      0.345374
   3.080      0.343688
   3.085      0.342010
   3.090      0.340338
   3.095      0.338673
   3.100      0.337015
   3.105      0.335363
   3.110      0.333718
   3.115      0.332079
   3.120      0.330448
   3.125      0.328822
   3.130      0.327204
   3.135      0.325591
   3.140      0.323986
   3.145      0.322387
   3.150      0.320794
   3.155      0.319207
   3.160      0.317627
   3.165      0.316054
   3.170      0.314486
   3.175      0.312925
   3.180      0.311370
   3.185      0.309822
   3.190      0.308279
   3.195      0.306743
   3.200      0.305213
   3.205      0.303690
   3.210      0.302172
   3.215      0.300660
   3.220      0.299155
   3.225      0.297655
   3.230      0.296162
   3.235      0.294674
   3.240      0.293193
   3.245      0.291717
   3.250      0.290247
   3.255      0.288783
   3.260      0.287325
   3.265      0.285873
   3.270      0.284427
   3.275      0.282986
   3.280      0.281551
   3.285      0.280122
   3.290      0.278699
   3.295      0.277281
   3.300      0.275869
   3.305      0.274463
   3.310      0.273062
   3.315      0.271667
   3.320      0.270277
   3.325      0.268893
   3.330      0.267515
   3.335      0.266141
   3.340      0.264774
   3.345      0.263412
   3.350      0.262055
   3.355      0.260703
   3.360      0.259357
   3.365      0.258017
   3.370      0.256681
   3.375      0.255351
   3.380      0.254027
   3.385      0.252707
   3.390      0.251393
   3.395      0.250084
   3.400      0.248780
   3.405      0.247481
   3.410      0.246187
   3.415      0.244899
   3.420      0.243615
   3.425      0.242337
   3.430      0.241064
   3.435      0.239795
   3.440      0.238532
   3.445      0.237274
   3.450      0.236020
   3.455      0.234772
   3.460      0.233528
   3.465      0.232290
   3.470      0.231056
   3.475      0.229827
   3.480      0.228603
   3.485      0.227383
   3.490      0.226169
   3.495      0.224959
   3.500      0.223754
   3.505      0.222554
   3.510      0.221358
   3.515      0.220167
   3.520      0.218981
   3.525      0.217799
   3.530      0.216622
   3.535      0.215449
   3.540      0.214281
   3.545      0.213118
   3.550      0.211959
   3.555      0.210805
   3.560      0.209655
   3.565      0.208509
   3.570      0.207368
   3.575      0.206231
   3.580      0.205099
   3.585      0.203971
   3.590      0.202848
   3.595      0.201729
   3.600      0.200614
   3.605      0.199504
   3.610      0.198397
   3.615      0.197295
   3.620      0.196198
   3.625      0.195104
   3.630      0.194015
   3.635      0.192930
   3.640      0.191849
   3.645      0.190772
   3.650      0.189699
   3.655      0.188630
   3.660      0.187566
   3.665      0.186505
   3.670      0.185449
   3.675      0.184396
   3.680      0.183348
   3.685      0.182304
   3.690      0.181263
   3.695      0.180227
   3.700      0.179194
   3.705      0.178165
   3.710      0.177141
   3.715      0.176120
   3.720      0.175103
   3.725      0.174089
   3.730      0.173080
   3.735      0.172074
   3.740      0.171073
   3.745      0.170075
   3.750      0.169080
   3.755      0.168090
   3.760      0.167103
   3.765      0.166120
   3.770      0.165140
   3.775      0.164164
   3.780      0.163192
   3.785      0.162224
   3.790      0.161259
   3.795      0.160297
   3.800      0.159339
   3.805      0.158385
   3.810      0.157434
   3.815      0.156487
   3.820      0.155544
   3.825      0.154603
   3.830      0.153667
   3.835      0.152733
   3.840      0.151803
   3.845      0.150877
   3.850      0.149954
   3.855      0.149034
   3.860      0.148118
   3.865      0.147205
   3.870      0.146295
   3.875      0.145389
   3.880      0.144486
   3.885      0.143587
   3.890      0.142690
   3.895      0.141797
   3.900      0.140907
   3.905      0.140020
   3.910      0.139137
   3.915      0.138256
   3.920      0.137379
   3.925      0.136505
   3.930      0.135634
   3.935      0.134767
   3.940      0.133902
   3.945      0.133040
   3.950      0.132182
   3.955      0.131327
   3.960      0.130474
   3.965      0.129625
   3.970      0.128779
   3.975      0.127935
   3.980      0.127095
   3.985      0.126258
   3.990      0.125423
   3.995      0.124592
   4.000      0.123763
   4.005      0.122938
   4.010      0.122115
   4.015      0.121295
   4.020      0.120478
   4.025      0.119664
   4.030      0.118853
   4.035      0.118045
   4.040      0.117239
   4.045      0.116436
   4.050      0.115636
   4.055      0.114839
   4.060      0.114044
   4.065      0.113253
   4.070      0.112463
   4.075      0.111677
   4.080      0.110893
   4.085      0.110112
   4.090      0.109334
   4.095      0.108558
   4.100      0.107785
   4.105      0.107015
   4.110      0.106247
   4.115      0.105482
   4.120      0.104720
   4.125      0.103959
   4.130      0.103202
   4.135      0.102447
   4.140      0.101695
   4.145      0.100945
   4.150      0.100197
   4.155      0.099453
   4.160      0.098710
   4.165      0.097970
   4.170      0.097233
   4.175      0.096498
   4.180      0.095765
   4.185      0.095035
   4.190      0.094307
   4.195      0.093582
   4.200      0.092859
   4.205      0.092138
   4.210      0.091420
   4.215      0.090704
   4.220      0.089990
   4.225      0.089279
   4.230      0.088569
   4.235      0.087863
   4.240      0.087158
   4.245      0.086456
   4.250      0.085756
   4.255      0.085058
   4.260      0.084363
   4.265      0.083669
   4.270      0.082978
   4.275      0.082289
   4.280      0.081602
   4.285      0.080918
   4.290      0.080235
   4.295      0.079555
   4.300      0.078877
   4.305      0.078201
   4.310      0.077527
   4.315      0.076855
   4.320      0.076185
   4.325      0.075518
   4.330      0.074852
   4.335      0.074188
   4.340      0.073527
   4.345      0.072867
   4.350      0.072210
   4.355      0.071554
   4.360      0.070901
   4.365      0.070249
   4.370      0.069600
   4.375      0.068952
   4.380      0.068306
   4.385      0.067663
   4.390      0.067021
   4.395      0.066381
   4.400      0.065743
   4.405      0.065107
   4.410      0.064473
   4.415      0.063840
   4.420      0.063210
   4.425      0.062581
   4.430      0.061954
   4.435      0.061329
   4.440      0.060706
   4.445      0.060085
   4.450      0.059466
   4.455      0.058848
   4.460      0.058232
   4.465      0.057618
   4.470      0.057005
   4.475      0.056395
   4.480      0.055786
   4.485      0.055179
   4.490      0.054573
   4.495      0.053970
   4.500      0.053368
   4.505      0.052772
   4.510      0.052174
   4.515      0.051577
   4.520      0.050982
   4.525      0.050389
   4.530      0.049797
   4.535      0.049207
   4.540      0.048618
   4.545      0.048032
   4.550      0.047446
   4.555      0.046863
   4.560      0.046281
   4.565      0.045701
   4.570      0.045122
   4.575      0.044545
   4.580      0.043969
   4.585      0.043395
   4.590      0.042823
   4.595      0.042252
   4.600      0.041682
   4.605      0.041115
   4.610      0.040548
   4.615      0.039984
   4.620      0.039420
   4.625      0.038859
   4.630      0.038299
   4.635      0.037740
   4.640      0.037183
   4.645      0.036627
   4.650      0.036072
   4.655      0.035520
   4.660      0.034968
   4.665      0.034418
   4.670      0.033870
   4.675      0.033323
   4.680      0.032777
   4.685      0.032233
   4.690      0.031690
   4.695      0.031148
   4.700      0.030608
   4.705      0.030070
   4.710      0.029532
   4.715      0.028996
   4.720      0.028462
   4.725      0.027928
   4.730      0.027396
   4.735      0.026866
   4.740      0.026337
   4.745      0.025809
   4.750      0.025282
   4.755      0.024757
   4.760      0.024233
   4.765      0.023710
   4.770      0.023189
   4.775      0.022669
   4.780      0.022150
   4.785      0.021632
   4.790      0.021116
   4.795      0.020601
   4.800      0.020087
   4.805      0.019574
   4.810      0.019063
   4.815      0.018553
   4.820      0.018044
   4.825      0.017536
   4.830      0.017029
   4.835      0.016524
   4.840      0.016020
   4.845      0.015517
   4.850      0.015015
   4.855      0.014515
   4.860      0.014015
   4.865      0.013517
   4.870      0.013020
   4.875      0.012524
   4.880      0.012029
   4.885      0.011535
   4.890      0.011042
   4.895      0.010551
   4.900      0.010060
   4.905      0.009571
   4.910      0.009082
   4.915      0.008595
   4.920      0.008109
   4.925      0.007624
   4.930      0.007140
   4.935      0.006657
   4.940      0.006175
   4.945      0.005694
   4.950      0.005214
   4.955      0.004735
   4.960      0.004257
   4.965      0.003780
   4.970      0.003304
   4.975      0.002829
   4.980      0.002355
   4.985      0.001882
   4.990      0.001410
   4.995      0.000939
   5.000      0.000469
   5.005      0.000000
