   0.005     -2.103631
   0.010     -2.103694
   0.015     -2.103757
   0.020     -2.103868
   0.025     -2.104058
   0.030     -2.104344
   0.035     -2.104737
   0.040     -2.105240
   0.045     -2.105855
   0.050     -2.106579
   0.055     -2.107413
   0.060     -2.108354
   0.065     -2.109402
   0.070     -2.110554
   0.075     -2.111810
   0.080     -2.113168
   0.085     -2.114628
   0.090     -2.116189
   0.095     -2.117850
   0.100     -2.119610
   0.105     -2.121469
   0.110     -2.123426
   0.115     -2.125480
   0.120     -2.127632
   0.125     -2.129880
   0.130     -2.132225
   0.135     -2.134665
   0.140     -2.137199
   0.145     -2.139829
   0.150     -2.142552
   0.155     -2.145368
   0.160     -2.148276
   0.165     -2.151277
   0.170     -2.154368
   0.175     -2.157550
   0.180     -2.160821
   0.185     -2.164181
   0.190     -2.167629
   0.195     -2.171164
   0.200     -2.174784
   0.205     -2.178489
   0.210     -2.182278
   0.215     -2.186150
   0.220     -2.190103
   0.225     -2.194136
   0.230     -2.198248
   0.235     -2.202437
   0.240     -2.206703
   0.245     -2.211044
   0.250     -2.215458
   0.255     -2.219943
   0.260     -2.224499
   0.265     -2.229124
   0.270     -2.233815
   0.275     -2.238572
   0.280     -2.243393
   0.285     -2.248275
   0.290     -2.253217
   0.295     -2.258217
   0.300     -2.263273
   0.305     -2.268383
   0.310     -2.273545
   0.315     -2.278758
   0.320     -2.284018
   0.325     -2.289324
   0.330     -2.294674
   0.335     -2.300064
   0.340     -2.305494
   0.345     -2.310960
   0.350     -2.316461
   0.355     -2.321993
   0.360     -2.327555
   0.365     -2.333143
   0.370     -2.338755
   0.375     -2.344389
   0.380     -2.350041
   0.385     -2.355710
   0.390     -2.361392
   0.395     -2.367084
   0.400     -2.372784
   0.405     -2.378488
   0.410     -2.384194
   0.415     -2.389899
   0.420     -2.395599
   0.425     -2.401292
   0.430     -2.406974
   0.435     -2.412642
   0.440     -2.418293
   0.445     -2.423924
   0.450     -2.429531
   0.455     -2.435111
   0.460     -2.440660
   0.465     -2.446176
   0.470     -2.451654
   0.475     -2.457092
   0.480     -2.462485
   0.485     -2.467830
   0.490     -2.473124
   0.495     -2.478362
   0.500     -2.483541
   0.505     -2.488658
   0.510     -2.493709
   0.515     -2.498689
   0.520     -2.503596
   0.525     -2.508425
   0.530     -2.513172
   0.535     -2.517835
   0.540     -2.522408
   0.545     -2.526888
   0.550     -2.531272
   0.555     -2.535554
   0.560     -2.539733
   0.565     -2.543802
   0.570     -2.547760
   0.575     -2.551601
   0.580     -2.555321
   0.585     -2.558918
   0.590     -2.562387
   0.595     -2.565724
   0.600     -2.568926
   0.605     -2.571988
   0.610     -2.574906
   0.615     -2.577678
   0.620     -2.580299
   0.625     -2.582765
   0.630     -2.585072
   0.635     -2.587218
   0.640     -2.589197
   0.645     -2.591007
   0.650     -2.592645
   0.655     -2.594105
   0.660     -2.595386
   0.665     -2.596483
   0.670     -2.597393
   0.675     -2.598113
   0.680     -2.598639
   0.685     -2.598968
   0.690     -2.599097
   0.695     -2.599023
   0.700     -2.598742
   0.705     -2.598252
   0.710     -2.597550
   0.715     -2.596633
   0.720     -2.595498
   0.725     -2.594142
   0.730     -2.592563
   0.735     -2.590758
   0.740     -2.588725
   0.745     -2.586461
   0.750     -2.583964
   0.755     -2.581232
   0.760     -2.578262
   0.765     -2.575053
   0.770     -2.571604
   0.775     -2.567911
   0.780     -2.563973
   0.785     -2.559789
   0.790     -2.555357
   0.795     -2.550676
   0.800     -2.545745
   0.805     -2.540562
   0.810     -2.535126
   0.815     -2.529437
   0.820     -2.523494
   0.825     -2.517295
   0.830     -2.510841
   0.835     -2.504130
   0.840     -2.497164
   0.845     -2.489941
   0.850     -2.482461
   0.855     -2.474725
   0.860     -2.466733
   0.865     -2.458485
   0.870     -2.449982
   0.875     -2.441224
   0.880     -2.432212
   0.885     -2.422947
   0.890     -2.413430
   0.895     -2.403661
   0.900     -2.393644
   0.905     -2.383378
   0.910     -2.372865
   0.915     -2.362107
   0.920     -2.351106
   0.925     -2.339863
   0.930     -2.328381
   0.935     -2.316662
   0.940     -2.304707
   0.945     -2.292520
   0.950     -2.280102
   0.955     -2.267456
   0.960     -2.254585
   0.965     -2.241492
   0.970     -2.228178
   0.975     -2.214648
   0.980     -2.200903
   0.985     -2.186948
   0.990     -2.172785
   0.995     -2.158416
   1.000     -2.143847
   1.005     -2.129079
   1.010     -2.114116
   1.015     -2.098961
   1.020     -2.083619
   1.025     -2.068092
   1.030     -2.052385
   1.035     -2.036500
   1.040     -2.020443
   1.045     -2.004216
   1.050     -1.987823
   1.055     -1.971269
   1.060     -1.954558
   1.065     -1.937694
   1.070     -1.920681
   1.075     -1.903523
   1.080     -1.886226
   1.085     -1.868793
   1.090     -1.851230
   1.095     -1.833541
   1.100     -1.815730
   1.105     -1.797803
   1.110     -1.779765
   1.115     -1.761619
   1.120     -1.743372
   1.125     -1.725028
   1.130     -1.706593
   1.135     -1.688070
   1.140     -1.669466
   1.145     -1.650785
   1.150     -1.632032
   1.155     -1.613212
   1.160     -1.594330
   1.165     -1.575392
   1.170     -1.556401
   1.175     -1.537363
   1.180     -1.518282
   1.185     -1.499164
   1.190     -1.480014
   1.195     -1.460835
   1.200     -1.441633
   1.205     -1.422412
   1.210     -1.403176
   1.215     -1.383931
   1.220     -1.364680
   1.225     -1.345429
   1.230     -1.326180
   1.235     -1.306938
   1.240     -1.287708
   1.245     -1.268493
   1.250     -1.249297
   1.255     -1.230124
   1.260     -1.210978
   1.265     -1.191861
   1.270     -1.172778
   1.275     -1.153731
   1.280     -1.134724
   1.285     -1.115761
   1.290     -1.096843
   1.295     -1.077974
   1.300     -1.059156
   1.305     -1.040393
   1.310     -1.021687
   1.315     -1.003041
   1.320     -0.984456
   1.325     -0.965936
   1.330     -0.947483
   1.335     -0.929099
   1.340     -0.910786
   1.345     -0.892547
   1.350     -0.874384
   1.355     -0.856298
   1.360     -0.838291
   1.365     -0.820366
   1.370     -0.802525
   1.375     -0.784769
   1.380     -0.767099
   1.385     -0.749519
   1.390     -0.732029
   1.395     -0.714631
   1.400     -0.697326
   1.405     -0.680117
   1.410     -0.663004
   1.415     -0.645989
   1.420     -0.629074
   1.425     -0.612259
   1.430     -0.595546
   1.435     -0.578936
   1.440     -0.562431
   1.445     -0.546031
   1.450     -0.529738
   1.455     -0.513552
   1.460     -0.497476
   1.465     -0.481508
   1.470     -0.465651
   1.475     -0.449906
   1.480     -0.434273
   1.485     -0.418752
   1.490     -0.403346
   1.495     -0.388054
   1.500     -0.372877
   1.505     -0.357816
   1.510     -0.342872
   1.515     -0.328044
   1.520     -0.313334
   1.525     -0.298742
   1.530     -0.284269
   1.535     -0.269914
   1.540     -0.255679
   1.545     -0.241563
   1.550     -0.227567
   1.555     -0.213692
   1.560     -0.199937
   1.565     -0.186303
   1.570     -0.172789
   1.575     -0.159397
   1.580     -0.146127
   1.585     -0.132977
   1.590     -0.119950
   1.595     -0.107043
   1.600     -0.094259
   1.605     -0.081596
   1.610     -0.069055
   1.615     -0.056635
   1.620     -0.044337
   1.625     -0.032161
   1.630     -0.020106
   1.635     -0.008173
   1.640      0.003640
   1.645      0.015331
   1.650      0.026902
   1.655      0.038352
   1.660      0.049681
   1.665      0.060891
   1.670      0.071980
   1.675      0.082950
   1.680      0.093800
   1.685      0.104531
   1.690      0.115143
   1.695      0.125637
   1.700      0.136013
   1.705      0.146270
   1.710      0.156411
   1.715      0.166434
   1.720      0.176341
   1.725      0.186132
   1.730      0.195807
   1.735      0.205366
   1.740      0.214811
   1.745      0.224141
   1.750      0.233357
   1.755      0.242460
   1.760      0.251450
   1.765      0.260327
   1.770      0.269092
   1.775      0.277745
   1.780      0.286288
   1.785      0.294720
   1.790      0.303043
   1.795      0.311256
   1.800      0.319360
   1.805      0.327356
   1.810      0.335244
   1.815      0.343026
   1.820      0.350701
   1.825      0.358270
   1.830      0.365733
   1.835      0.373092
   1.840      0.380347
   1.845      0.387498
   1.850      0.394547
   1.855      0.401493
   1.860      0.408338
   1.865      0.415081
   1.870      0.421724
   1.875      0.428268
   1.880      0.434712
   1.885      0.441058
   1.890      0.447307
   1.895      0.453458
   1.900      0.459512
   1.905      0.465471
   1.910      0.471335
   1.915      0.477104
   1.920      0.482779
   1.925      0.488361
   1.930      0.493850
   1.935      0.499248
   1.940      0.504554
   1.945      0.509770
   1.950      0.514896
   1.955      0.519932
   1.960      0.524881
   1.965      0.529741
   1.970      0.534514
   1.975      0.539201
   1.980      0.543801
   1.985      0.548317
   1.990      0.552748
   1.995      0.557095
   2.000      0.561359
   2.005      0.565541
   2.010      0.569641
   2.015      0.573659
   2.020      0.577598
   2.025      0.581456
   2.030      0.585235
   2.035      0.588936
   2.040      0.592559
   2.045      0.596104
   2.050      0.599574
   2.055      0.602967
   2.060      0.606285
   2.065      0.609529
   2.070      0.612699
   2.075      0.615796
   2.080      0.618820
   2.085      0.621772
   2.090      0.624653
   2.095      0.627463
   2.100      0.630203
   2.105      0.632874
   2.110      0.635477
   2.115      0.638011
   2.120      0.640478
   2.125      0.642878
   2.130      0.645212
   2.135      0.647480
   2.140      0.649684
   2.145      0.651823
   2.150      0.653899
   2.155      0.655911
   2.160      0.657862
   2.165      0.659750
   2.170      0.661577
   2.175      0.663344
   2.180      0.665050
   2.185      0.666697
   2.190      0.668286
   2.195      0.669816
   2.200      0.671289
   2.205      0.672704
   2.210      0.674063
   2.215      0.675367
   2.220      0.676615
   2.225      0.677808
   2.230      0.678947
   2.235      0.680033
   2.240      0.681066
   2.245      0.682046
   2.250      0.682974
   2.255      0.683851
   2.260      0.684678
   2.265      0.685454
   2.270      0.686180
   2.275      0.686857
   2.280      0.687486
   2.285      0.688067
   2.290      0.688600
   2.295      0.689086
   2.300      0.689526
   2.305      0.689920
   2.310      0.690269
   2.315      0.690573
   2.320      0.690832
   2.325      0.691048
   2.330      0.691220
   2.335      0.691349
   2.340      0.691436
   2.345      0.691481
   2.350      0.691485
   2.355      0.691448
   2.360      0.691371
   2.365      0.691254
   2.370      0.691098
   2.375      0.690902
   2.380      0.690668
   2.385      0.690396
   2.390      0.690087
   2.395      0.689741
   2.400      0.689358
   2.405      0.688939
   2.410      0.688484
   2.415      0.687994
   2.420      0.687469
   2.425      0.686910
   2.430      0.686317
   2.435      0.685691
   2.440      0.685031
   2.445      0.684339
   2.450      0.683615
   2.455      0.682859
   2.460      0.682072
   2.465      0.681254
   2.470      0.680405
   2.475      0.679527
   2.480      0.678618
   2.485      0.677681
   2.490      0.676714
   2.495      0.675719
   2.500      0.674696
   2.505      0.673646
   2.510      0.672568
   2.515      0.671463
   2.520      0.670331
   2.525      0.669174
   2.530      0.667990
   2.535      0.666782
   2.540      0.665548
   2.545      0.664289
   2.550      0.663007
   2.555      0.661700
   2.560      0.660370
   2.565      0.659016
   2.570      0.657640
   2.575      0.656241
   2.580      0.654820
   2.585      0.653377
   2.590      0.651912
   2.595      0.650426
   2.600      0.648920
   2.605      0.647393
   2.610      0.645846
   2.615      0.644279
   2.620      0.642692
   2.625      0.641086
   2.630      0.639461
   2.635      0.637818
   2.640      0.636156
   2.645      0.634477
   2.650      0.632779
   2.655      0.631065
   2.660      0.629333
   2.665      0.627585
   2.670      0.625819
   2.675      0.624038
   2.680      0.622241
   2.685      0.620428
   2.690      0.618600
   2.695      0.616757
   2.700      0.614899
   2.705      0.613027
   2.710      0.611140
   2.715      0.609240
   2.720      0.607325
   2.725      0.605398
   2.730      0.603457
   2.735      0.601503
   2.740      0.599536
   2.745      0.597557
   2.750      0.595566
   2.755      0.593563
   2.760      0.591549
   2.765      0.589523
   2.770      0.587486
   2.775      0.585438
   2.780      0.583379
   2.785      0.581309
   2.790      0.579230
   2.795      0.577141
   2.800      0.575041
   2.805      0.572933
   2.810      0.570814
   2.815      0.568687
   2.820      0.566551
   2.825      0.564407
   2.830      0.562253
   2.835      0.560092
   2.840      0.557923
   2.845      0.555746
   2.850      0.553561
   2.855      0.551369
   2.860      0.549169
   2.865      0.546963
   2.870      0.544750
   2.875      0.542530
   2.880      0.540304
   2.885      0.538071
   2.890      0.535833
   2.895      0.533589
   2.900      0.531339
   2.905      0.529083
   2.910      0.526823
   2.915      0.524557
   2.920      0.522286
   2.925      0.520011
   2.930      0.517731
   2.935      0.515446
   2.940      0.513158
   2.945      0.510865
   2.950      0.508568
   2.955      0.506268
   2.960      0.503964
   2.965      0.501657
   2.970      0.499346
   2.975      0.497032
   2.980      0.494716
   2.985      0.492396
   2.990      0.490074
   2.995      0.487750
   3.000      0.485423
   3.005      0.483094
   3.010      0.480763
   3.015      0.478430
   3.020      0.476095
   3.025      0.473759
   3.030      0.471421
   3.035      0.469082
   3.040      0.466741
   3.045      0.464400
   3.050      0.462058
   3.055      0.459715
   3.060      0.457371
   3.065      0.455027
   3.070      0.452682
   3.075      0.450337
   3.080      0.447992
   3.085      0.445647
   3.090      0.443301
   3.095      0.440957
   3.100      0.438612
   3.105      0.436268
   3.110      0.433924
   3.115      0.431581
   3.120      0.429239
   3.125      0.426898
   3.130      0.424558
   3.135      0.422219
   3.140      0.419881
   3.145      0.417544
   3.150      0.415209
   3.155      0.412875
   3.160      0.410543
   3.165      0.408213
   3.170      0.405885
   3.175      0.403558
   3.180      0.401234
   3.185      0.398912
   3.190      0.396592
   3.195      0.394274
   3.200      0.391959
   3.205      0.389646
   3.210      0.387335
   3.215      0.385028
   3.220      0.382723
   3.225      0.380421
   3.230      0.378122
   3.235      0.375826
   3.240      0.373533
   3.245      0.371244
   3.250      0.368957
   3.255      0.366674
   3.260      0.364395
   3.265      0.362119
   3.270      0.359846
   3.275      0.357577
   3.280      0.355312
   3.285      0.353051
   3.290      0.350793
   3.295      0.348540
   3.300      0.346291
   3.305      0.344045
   3.310      0.341804
   3.315      0.339567
   3.320      0.337335
   3.325      0.335106
   3.330      0.332882
   3.335      0.330663
   3.340      0.328448
   3.345      0.326238
   3.350      0.324033
   3.355      0.321832
   3.360      0.319636
   3.365      0.317445
   3.370      0.315259
   3.375      0.313078
   3.380      0.310902
   3.385      0.308731
   3.390      0.306565
   3.395      0.304404
   3.400      0.302249
   3.405      0.300099
   3.410      0.297954
   3.415      0.295815
   3.420      0.293681
   3.425      0.291553
   3.430      0.289430
   3.435      0.287313
   3.440      0.285201
   3.445      0.283095
   3.450      0.280995
   3.455      0.278901
   3.460      0.276813
   3.465      0.274730
   3.470      0.272653
   3.475      0.270583
   3.480      0.268518
   3.485      0.266459
   3.490      0.264407
   3.495      0.262361
   3.500      0.260320
   3.505      0.258286
   3.510      0.256258
   3.515      0.254237
   3.520      0.252222
   3.525      0.250213
   3.530      0.248210
   3.535      0.246214
   3.540      0.244225
   3.545      0.242242
   3.550      0.240265
   3.555      0.238295
   3.560      0.236332
   3.565      0.234375
   3.570      0.232425
   3.575      0.230481
   3.580      0.228544
   3.585      0.226614
   3.590      0.224691
   3.595      0.222774
   3.600      0.220865
   3.605      0.218962
   3.610      0.217066
   3.615      0.215177
   3.620      0.213295
   3.625      0.211419
   3.630      0.209551
   3.635      0.207690
   3.640      0.205836
   3.645      0.203989
   3.650      0.202149
   3.655      0.200316
   3.660      0.198490
   3.665      0.196671
   3.670      0.194860
   3.675      0.193055
   3.680      0.191258
   3.685      0.189468
   3.690      0.187685
   3.695      0.185910
   3.700      0.184141
   3.705      0.182381
   3.710      0.180627
   3.715      0.178881
   3.720      0.177142
   3.725      0.175410
   3.730      0.173686
   3.735      0.171969
   3.740      0.170260
   3.745      0.168558
   3.750      0.166863
   3.755      0.165176
   3.760      0.163496
   3.765      0.161824
   3.770      0.160160
   3.775      0.158502
   3.780      0.156853
   3.785      0.155211
   3.790      0.153576
   3.795      0.151949
   3.800      0.150330
   3.805      0.148718
   3.810      0.147114
   3.815      0.145517
   3.820      0.143928
   3.825      0.142347
   3.830      0.140773
   3.835      0.139207
   3.840      0.137649
   3.845      0.136098
   3.850      0.134555
   3.855      0.133019
   3.860      0.131492
   3.865      0.129972
   3.870      0.128459
   3.875      0.126955
   3.880      0.125458
   3.885      0.123969
   3.890      0.122487
   3.895      0.121014
   3.900      0.119548
   3.905      0.118090
   3.910      0.116639
   3.915      0.115197
   3.920      0.113762
   3.925      0.112335
   3.930      0.110916
   3.935      0.109504
   3.940      0.108101
   3.945      0.106705
   3.950      0.105317
   3.955      0.103936
   3.960      0.102564
   3.965      0.101200
   3.970      0.099843
   3.975      0.098494
   3.980      0.097153
   3.985      0.095820
   3.990      0.094494
   3.995      0.093177
   4.000      0.091867
   4.005      0.090565
   4.010      0.089271
   4.015      0.087985
   4.020      0.086707
   4.025      0.085437
   4.030      0.084174
   4.035      0.082920
   4.040      0.081673
   4.045      0.080434
   4.050      0.079203
   4.055      0.077980
   4.060      0.076765
   4.065      0.075557
   4.070      0.074358
   4.075      0.073167
   4.080      0.071983
   4.085      0.070807
   4.090      0.069639
   4.095      0.068479
   4.100      0.067327
   4.105      0.066183
   4.110      0.065047
   4.115      0.063918
   4.120      0.062798
   4.125      0.061685
   4.130      0.060581
   4.135      0.059484
   4.140      0.058395
   4.145      0.057314
   4.150      0.056241
   4.155      0.055176
   4.160      0.054118
   4.165      0.053069
   4.170      0.052027
   4.175      0.050994
   4.180      0.049968
   4.185      0.048950
   4.190      0.047940
   4.195      0.046938
   4.200      0.045944
   4.205      0.044958
   4.210      0.043980
   4.215      0.043009
   4.220      0.042047
   4.225      0.041092
   4.230      0.040146
   4.235      0.039207
   4.240      0.038276
   4.245      0.037353
   4.250      0.036437
   4.255      0.035530
   4.260      0.034631
   4.265      0.033739
   4.270      0.032855
   4.275      0.031980
   4.280      0.031112
   4.285      0.030251
   4.290      0.029399
   4.295      0.028555
   4.300      0.027718
   4.305      0.026890
   4.310      0.026069
   4.315      0.025256
   4.320      0.024450
   4.325      0.023653
   4.330      0.022864
   4.335      0.022082
   4.340      0.021308
   4.345      0.020542
   4.350      0.019783
   4.355      0.019033
   4.360      0.018290
   4.365      0.017555
   4.370      0.016828
   4.375      0.016108
   4.380      0.015396
   4.385      0.014692
   4.390      0.013996
   4.395      0.013307
   4.400      0.012626
   4.405      0.011952
   4.410      0.011287
   4.415      0.010628
   4.420      0.009978
   4.425      0.009334
   4.430      0.008699
   4.435      0.008070
   4.440      0.007449
   4.445      0.006836
   4.450      0.006230
   4.455      0.005630
   4.460      0.005039
   4.465      0.004454
   4.470      0.003875
   4.475      0.003304
   4.480      0.002739
   4.485      0.002181
   4.490      0.001628
   4.495      0.001081
   4.500      0.000539
   4.505      0.000000
