   0.005      0.716494
   0.010      0.716600
   0.015      0.716707
   0.020      0.716891
   0.025      0.717153
   0.030      0.717491
   0.035      0.717906
   0.040      0.718396
   0.045      0.718963
   0.050      0.719605
   0.055      0.720324
   0.060      0.721118
   0.065      0.721989
   0.070      0.722935
   0.075      0.723958
   0.080      0.725056
   0.085      0.726232
   0.090      0.727483
   0.095      0.728811
   0.100      0.730216
   0.105      0.731698
   0.110      0.733256
   0.115      0.734892
   0.120      0.736605
   0.125      0.738395
   0.130      0.740262
   0.135      0.742207
   0.140      0.744230
   0.145      0.746330
   0.150      0.748508
   0.155      0.750764
   0.160      0.753098
   0.165      0.755511
   0.170      0.758001
   0.175      0.760570
   0.180      0.763218
   0.185      0.765944
   0.190      0.768748
   0.195      0.771632
   0.200      0.774594
   0.205      0.777635
   0.210      0.780755
   0.215      0.783954
   0.220      0.787232
   0.225      0.790589
   0.230      0.794026
   0.235      0.797541
   0.240      0.801136
   0.245      0.804810
   0.250      0.808562
   0.255      0.812395
   0.260      0.816306
   0.265      0.820296
   0.270      0.824365
   0.275      0.828514
   0.280      0.832741
   0.285      0.837047
   0.290      0.841432
   0.295      0.845896
   0.300      0.850438
   0.305      0.855059
   0.310      0.859758
   0.315      0.864535
   0.320      0.869390
   0.325      0.874323
   0.330      0.879333
   0.335      0.884421
   0.340      0.889585
   0.345      0.894827
   0.350      0.900145
   0.355      0.905539
   0.360      0.911008
   0.365      0.916554
   0.370      0.922174
   0.375      0.927869
   0.380      0.933639
   0.385      0.939482
   0.390      0.945398
   0.395      0.951387
   0.400      0.957449
   0.405      0.963582
   0.410      0.969786
   0.415      0.976060
   0.420      0.982405
   0.425      0.988818
   0.430      0.995300
   0.435      1.001849
   0.440      1.008465
   0.445      1.015147
   0.450      1.021894
   0.455      1.028706
   0.460      1.035581
   0.465      1.042518
   0.470      1.049516
   0.475      1.056575
   0.480      1.063692
   0.485      1.070868
   0.490      1.078101
   0.495      1.085390
   0.500      1.092732
   0.505      1.100129
   0.510      1.107577
   0.515      1.115075
   0.520      1.122623
   0.525      1.130218
   0.530      1.137860
   0.535      1.145546
   0.540      1.153276
   0.545      1.161047
   0.550      1.168858
   0.555      1.176707
   0.560      1.184593
   0.565      1.192513
   0.570      1.200466
   0.575      1.208451
   0.580      1.216465
   0.585      1.224506
   0.590      1.232572
   0.595      1.240662
   0.600      1.248772
   0.605      1.256903
   0.610      1.265050
   0.615      1.273212
   0.620      1.281388
   0.625      1.289573
   0.630      1.297767
   0.635      1.305968
   0.640      1.314172
   0.645      1.322377
   0.650      1.330581
   0.655      1.338783
   0.660      1.346978
   0.665      1.355165
   0.670      1.363342
   0.675      1.371505
   0.680      1.379653
   0.685      1.387783
   0.690      1.395892
   0.695      1.403977
   0.700      1.412037
   0.705      1.420068
   0.710      1.428068
   0.715      1.436034
   0.720      1.443964
   0.725      1.451855
   0.730      1.459704
   0.735      1.467509
   0.740      1.475267
   0.745      1.482976
   0.750      1.490632
   0.755      1.498233
   0.760      1.505777
   0.765      1.513261
   0.770      1.520682
   0.775      1.528038
   0.780      1.535326
   0.785      1.542544
   0.790      1.549688
   0.795      1.556758
   0.800      1.563749
   0.805      1.570660
   0.810      1.577488
   0.815      1.584231
   0.820      1.590886
   0.825      1.597452
   0.830      1.603925
   0.835      1.610304
   0.840      1.616586
   0.845      1.622769
   0.850      1.628852
   0.855      1.634832
   0.860      1.640706
   0.865      1.646474
   0.870      1.652134
   0.875      1.657682
   0.880      1.663119
   0.885      1.668441
   0.890      1.673648
   0.895      1.678737
   0.900      1.683708
   0.905      1.688558
   0.910      1.693287
   0.915      1.697893
   0.920      1.702375
   0.925      1.706732
   0.930      1.710962
   0.935      1.715064
   0.940      1.719039
   0.945      1.722883
   0.950      1.726598
   0.955      1.730181
   0.960      1.733633
   0.965      1.736953
   0.970      1.740140
   0.975      1.743193
   0.980      1.746112
   0.985      1.748898
   0.990      1.751548
   0.995      1.754064
   1.000      1.756445
   1.005      1.758691
   1.010      1.760801
   1.015      1.762777
   1.020      1.764617
   1.025      1.766322
   1.030      1.767892
   1.035      1.769327
   1.040      1.770628
   1.045      1.771794
   1.050      1.772827
   1.055      1.773726
   1.060      1.774492
   1.065      1.775126
   1.070      1.775628
   1.075      1.775998
   1.080      1.776238
   1.085      1.776348
   1.090      1.776328
   1.095      1.776180
   1.100      1.775905
   1.105      1.775503
   1.110      1.774975
   1.115      1.774322
   1.120      1.773546
   1.125      1.772646
   1.130      1.771625
   1.135      1.770484
   1.140      1.769223
   1.145      1.767844
   1.150      1.766348
   1.155      1.764736
   1.160      1.763010
   1.165      1.761171
   1.170      1.759220
   1.175      1.757159
   1.180      1.754990
   1.185      1.752713
   1.190      1.750330
   1.195      1.747842
   1.200      1.745252
   1.205      1.742560
   1.210      1.739768
   1.215      1.736879
   1.220      1.733892
   1.225      1.730810
   1.230      1.727635
   1.235      1.724369
   1.240      1.721011
   1.245      1.717566
   1.250      1.714033
   1.255      1.710415
   1.260      1.706714
   1.265      1.702930
   1.270      1.699066
   1.275      1.695123
   1.280      1.691103
   1.285      1.687008
   1.290      1.682839
   1.295      1.678598
   1.300      1.674286
   1.305      1.669905
   1.310      1.665458
   1.315      1.660944
   1.320      1.656366
   1.325      1.651726
   1.330      1.647025
   1.335      1.642264
   1.340      1.637446
   1.345      1.632571
   1.350      1.627641
   1.355      1.622658
   1.360      1.617624
   1.365      1.612539
   1.370      1.607405
   1.375      1.602223
   1.380      1.596996
   1.385      1.591724
   1.390      1.586409
   1.395      1.581052
   1.400      1.575654
   1.405      1.570218
   1.410      1.564743
   1.415      1.559232
   1.420      1.553685
   1.425      1.548105
   1.430      1.542492
   1.435      1.536847
   1.440      1.531172
   1.445      1.525467
   1.450      1.519735
   1.455      1.513976
   1.460      1.508191
   1.465      1.502381
   1.470      1.496548
   1.475      1.490692
   1.480      1.484815
   1.485      1.478918
   1.490      1.473001
   1.495      1.467066
   1.500      1.461113
   1.505      1.455144
   1.510      1.449160
   1.515      1.443161
   1.520      1.437148
   1.525      1.431123
   1.530      1.425085
   1.535      1.419037
   1.540      1.412978
   1.545      1.406910
   1.550      1.400834
   1.555      1.394749
   1.560      1.388658
   1.565      1.382560
   1.570      1.376457
   1.575      1.370350
   1.580      1.364238
   1.585      1.358122
   1.590      1.352005
   1.595      1.345885
   1.600      1.339764
   1.605      1.333642
   1.610      1.327520
   1.615      1.321398
   1.620      1.315278
   1.625      1.309160
   1.630      1.303043
   1.635      1.296930
   1.640      1.290820
   1.645      1.284714
   1.650      1.278613
   1.655      1.272517
   1.660      1.266426
   1.665      1.260341
   1.670      1.254263
   1.675      1.248191
   1.680      1.242127
   1.685      1.236071
   1.690      1.230024
   1.695      1.223985
   1.700      1.217955
   1.705      1.211934
   1.710      1.205924
   1.715      1.199924
   1.720      1.193935
   1.725      1.187956
   1.730      1.181990
   1.735      1.176035
   1.740      1.170092
   1.745      1.164161
   1.750      1.158244
   1.755      1.152339
   1.760      1.146448
   1.765      1.140571
   1.770      1.134707
   1.775      1.128858
   1.780      1.123024
   1.785      1.117204
   1.790      1.111399
   1.795      1.105610
   1.800      1.099836
   1.805      1.094078
   1.810      1.088336
   1.815      1.082611
   1.820      1.076902
   1.825      1.071209
   1.830      1.065534
   1.835      1.059875
   1.840      1.054234
   1.845      1.048611
   1.850      1.043005
   1.855      1.037417
   1.860      1.031847
   1.865      1.026295
   1.870      1.020762
   1.875      1.015247
   1.880      1.009750
   1.885      1.004273
   1.890      0.998814
   1.895      0.993374
   1.900      0.987954
   1.905      0.982553
   1.910      0.977171
   1.915      0.971809
   1.920      0.966466
   1.925      0.961143
   1.930      0.955840
   1.935      0.950557
   1.940      0.945294
   1.945      0.940051
   1.950      0.934829
   1.955      0.929626
   1.960      0.924444
   1.965      0.919283
   1.970      0.914141
   1.975      0.909021
   1.980      0.903921
   1.985      0.898842
   1.990      0.893783
   1.995      0.888745
   2.000      0.883728
   2.005      0.878732
   2.010      0.873757
   2.015      0.868803
   2.020      0.863870
   2.025      0.858957
   2.030      0.854066
   2.035      0.849196
   2.040      0.844347
   2.045      0.839519
   2.050      0.834712
   2.055      0.829926
   2.060      0.825162
   2.065      0.820419
   2.070      0.815696
   2.075      0.810995
   2.080      0.806316
   2.085      0.801657
   2.090      0.797020
   2.095      0.792403
   2.100      0.787808
   2.105      0.783234
   2.110      0.778682
   2.115      0.774150
   2.120      0.769639
   2.125      0.765150
   2.130      0.760682
   2.135      0.756234
   2.140      0.751808
   2.145      0.747403
   2.150      0.743019
   2.155      0.738656
   2.160      0.734314
   2.165      0.729992
   2.170      0.725692
   2.175      0.721412
   2.180      0.717154
   2.185      0.712916
   2.190      0.708699
   2.195      0.704502
   2.200      0.700326
   2.205      0.696171
   2.210      0.692037
   2.215      0.687923
   2.220      0.683829
   2.225      0.679756
   2.230      0.675704
   2.235      0.671672
   2.240      0.667660
   2.245      0.663668
   2.250      0.659697
   2.255      0.655745
   2.260      0.651814
   2.265      0.647903
   2.270      0.644011
   2.275      0.640140
   2.280      0.636289
   2.285      0.632457
   2.290      0.628645
   2.295      0.624853
   2.300      0.621081
   2.305      0.617328
   2.310      0.613595
   2.315      0.609881
   2.320      0.606187
   2.325      0.602512
   2.330      0.598856
   2.335      0.595220
   2.340      0.591602
   2.345      0.588004
   2.350      0.584425
   2.355      0.580865
   2.360      0.577324
   2.365      0.573801
   2.370      0.570298
   2.375      0.566813
   2.380      0.563346
   2.385      0.559898
   2.390      0.556469
   2.395      0.553058
   2.400      0.549666
   2.405      0.546292
   2.410      0.542936
   2.415      0.539598
   2.420      0.536278
   2.425      0.532976
   2.430      0.529692
   2.435      0.526426
   2.440      0.523178
   2.445      0.519948
   2.450      0.516735
   2.455      0.513540
   2.460      0.510362
   2.465      0.507201
   2.470      0.504058
   2.475      0.500933
   2.480      0.497824
   2.485      0.494733
   2.490      0.491658
   2.495      0.488601
   2.500      0.485560
   2.505      0.482537
   2.510      0.479530
   2.515      0.476540
   2.520      0.473566
   2.525      0.470609
   2.530      0.467668
   2.535      0.464744
   2.540      0.461836
   2.545      0.458944
   2.550      0.456069
   2.555      0.453209
   2.560      0.450366
   2.565      0.447539
   2.570      0.444727
   2.575      0.441931
   2.580      0.439151
   2.585      0.436386
   2.590      0.433637
   2.595      0.430904
   2.600      0.428186
   2.605      0.425483
   2.610      0.422795
   2.615      0.420123
   2.620      0.417466
   2.625      0.414824
   2.630      0.412197
   2.635      0.409584
   2.640      0.406987
   2.645      0.404404
   2.650      0.401836
   2.655      0.399283
   2.660      0.396744
   2.665      0.394219
   2.670      0.391709
   2.675      0.389213
   2.680      0.386732
   2.685      0.384264
   2.690      0.381811
   2.695      0.379372
   2.700      0.376946
   2.705      0.374535
   2.710      0.372137
   2.715      0.369753
   2.720      0.367382
   2.725      0.365026
   2.730      0.362682
   2.735      0.360353
   2.740      0.358036
   2.745      0.355733
   2.750      0.353443
   2.755      0.351166
   2.760      0.348903
   2.765      0.346652
   2.770      0.344414
   2.775      0.342189
   2.780      0.339977
   2.785      0.337778
   2.790      0.335591
   2.795      0.333417
   2.800      0.331256
   2.805      0.329107
   2.810      0.326970
   2.815      0.324846
   2.820      0.322733
   2.825      0.320634
   2.830      0.318546
   2.835      0.316470
   2.840      0.314406
   2.845      0.312355
   2.850      0.310315
   2.855      0.308287
   2.860      0.306270
   2.865      0.304265
   2.870      0.302272
   2.875      0.300291
   2.880      0.298321
   2.885      0.296362
   2.890      0.294414
   2.895      0.292478
   2.900      0.290553
   2.905      0.288640
   2.910      0.286737
   2.915      0.284845
   2.920      0.282965
   2.925      0.281095
   2.930      0.279236
   2.935      0.277388
   2.940      0.275550
   2.945      0.273723
   2.950      0.271907
   2.955      0.270101
   2.960      0.268306
   2.965      0.266521
   2.970      0.264747
   2.975      0.262982
   2.980      0.261228
   2.985      0.259484
   2.990      0.257751
   2.995      0.256027
   3.000      0.254313
   3.005      0.252609
   3.010      0.250916
   3.015      0.249231
   3.020      0.247557
   3.025      0.245892
   3.030      0.244237
   3.035      0.242592
   3.040      0.240956
   3.045      0.239330
   3.050      0.237713
   3.055      0.236105
   3.060      0.234507
   3.065      0.232918
   3.070      0.231338
   3.075      0.229767
   3.080      0.228205
   3.085      0.226653
   3.090      0.225109
   3.095      0.223574
   3.100      0.222048
   3.105      0.220531
   3.110      0.219023
   3.115      0.217523
   3.120      0.216032
   3.125      0.214550
   3.130      0.213076
   3.135      0.211611
   3.140      0.210154
   3.145      0.208705
   3.150      0.207265
   3.155      0.205833
   3.160      0.204410
   3.165      0.202994
   3.170      0.201587
   3.175      0.200188
   3.180      0.198797
   3.185      0.197414
   3.190      0.196038
   3.195      0.194671
   3.200      0.193312
   3.205      0.191960
   3.210      0.190616
   3.215      0.189280
   3.220      0.187951
   3.225      0.186630
   3.230      0.185317
   3.235      0.184011
   3.240      0.182713
   3.245      0.181422
   3.250      0.180138
   3.255      0.178862
   3.260      0.177593
   3.265      0.176331
   3.270      0.175077
   3.275      0.173829
   3.280      0.172589
   3.285      0.171356
   3.290      0.170129
   3.295      0.168910
   3.300      0.167698
   3.305      0.166492
   3.310      0.165293
   3.315      0.164102
   3.320      0.162916
   3.325      0.161738
   3.330      0.160566
   3.335      0.159401
   3.340      0.158243
   3.345      0.157091
   3.350      0.155945
   3.355      0.154806
   3.360      0.153673
   3.365      0.152547
   3.370      0.151427
   3.375      0.150314
   3.380      0.149206
   3.385      0.148105
   3.390      0.147010
   3.395      0.145921
   3.400      0.144838
   3.405      0.143761
   3.410      0.142691
   3.415      0.141626
   3.420      0.140567
   3.425      0.139514
   3.430      0.138467
   3.435      0.137426
   3.440      0.136390
   3.445      0.135360
   3.450      0.134336
   3.455      0.133318
   3.460      0.132305
   3.465      0.131298
   3.470      0.130297
   3.475      0.129300
   3.480      0.128310
   3.485      0.127325
   3.490      0.126345
   3.495      0.125371
   3.500      0.124402
   3.505      0.123438
   3.510      0.122479
   3.515      0.121526
   3.520      0.120578
   3.525      0.119635
   3.530      0.118698
   3.535      0.117765
   3.540      0.116838
   3.545      0.115915
   3.550      0.114997
   3.555      0.114085
   3.560      0.113177
   3.565      0.112274
   3.570      0.111377
   3.575      0.110484
   3.580      0.109595
   3.585      0.108712
   3.590      0.107833
   3.595      0.106959
   3.600      0.106090
   3.605      0.105225
   3.610      0.104365
   3.615      0.103509
   3.620      0.102658
   3.625      0.101811
   3.630      0.100969
   3.635      0.100132
   3.640      0.099298
   3.645      0.098470
   3.650      0.097645
   3.655      0.096825
   3.660      0.096009
   3.665      0.095198
   3.670      0.094390
   3.675      0.093587
   3.680      0.092788
   3.685      0.091993
   3.690      0.091203
   3.695      0.090416
   3.700      0.089634
   3.705      0.088855
   3.710      0.088081
   3.715      0.087310
   3.720      0.086543
   3.725      0.085781
   3.730      0.085022
   3.735      0.084267
   3.740      0.083516
   3.745      0.082769
   3.750      0.082025
   3.755      0.081286
   3.760      0.080550
   3.765      0.079817
   3.770      0.079089
   3.775      0.078364
   3.780      0.077643
   3.785      0.076925
   3.790      0.076211
   3.795      0.075500
   3.800      0.074793
   3.805      0.074089
   3.810      0.073389
   3.815      0.072692
   3.820      0.071999
   3.825      0.071309
   3.830      0.070623
   3.835      0.069940
   3.840      0.069260
   3.845      0.068583
   3.850      0.067910
   3.855      0.067240
   3.860      0.066573
   3.865      0.065909
   3.870      0.065249
   3.875      0.064591
   3.880      0.063937
   3.885      0.063286
   3.890      0.062638
   3.895      0.061993
   3.900      0.061351
   3.905      0.060712
   3.910      0.060076
   3.915      0.059443
   3.920      0.058813
   3.925      0.058186
   3.930      0.057562
   3.935      0.056940
   3.940      0.056322
   3.945      0.055706
   3.950      0.055093
   3.955      0.054483
   3.960      0.053876
   3.965      0.053271
   3.970      0.052669
   3.975      0.052070
   3.980      0.051473
   3.985      0.050879
   3.990      0.050288
   3.995      0.049700
   4.000      0.049113
   4.005      0.048530
   4.010      0.047949
   4.015      0.047371
   4.020      0.046795
   4.025      0.046221
   4.030      0.045650
   4.035      0.045082
   4.040      0.044516
   4.045      0.043952
   4.050      0.043391
   4.055      0.042832
   4.060      0.042275
   4.065      0.041721
   4.070      0.041169
   4.075      0.040619
   4.080      0.040072
   4.085      0.039527
   4.090      0.038984
   4.095      0.038443
   4.100      0.037905
   4.105      0.037368
   4.110      0.036834
   4.115      0.036302
   4.120      0.035772
   4.125      0.035245
   4.130      0.034719
   4.135      0.034195
   4.140      0.033673
   4.145      0.033154
   4.150      0.032636
   4.155      0.032121
   4.160      0.031607
   4.165      0.031095
   4.170      0.030586
   4.175      0.030078
   4.180      0.029572
   4.185      0.029068
   4.190      0.028566
   4.195      0.028065
   4.200      0.027567
   4.205      0.027070
   4.210      0.026575
   4.215      0.026082
   4.220      0.025591
   4.225      0.025101
   4.230      0.024614
   4.235      0.024127
   4.240      0.023643
   4.245      0.023160
   4.250      0.022679
   4.255      0.022200
   4.260      0.021722
   4.265      0.021246
   4.270      0.020771
   4.275      0.020298
   4.280      0.019827
   4.285      0.019357
   4.290      0.018889
   4.295      0.018422
   4.300      0.017957
   4.305      0.017493
   4.310      0.017031
   4.315      0.016570
   4.320      0.016111
   4.325      0.015653
   4.330      0.015196
   4.335      0.014741
   4.340      0.014287
   4.345      0.013835
   4.350      0.013384
   4.355      0.012934
   4.360      0.012486
   4.365      0.012039
   4.370      0.011593
   4.375      0.011149
   4.380      0.010706
   4.385      0.010264
   4.390      0.009823
   4.395      0.009384
   4.400      0.008946
   4.405      0.008509
   4.410      0.008073
   4.415      0.007638
   4.420      0.007205
   4.425      0.006772
   4.430      0.006341
   4.435      0.005911
   4.440      0.005482
   4.445      0.005054
   4.450      0.004627
   4.455      0.004202
   4.460      0.003777
   4.465      0.003353
   4.470      0.002931
   4.475      0.002509
   4.480      0.002088
   4.485      0.001669
   4.490      0.001250
   4.495      0.000832
   4.500      0.000416
   4.505      0.000000
