   0.004     -0.000199
   0.008      0.000099
   0.012      0.000397
   0.016      0.000894
   0.020      0.001589
   0.025      0.002483
   0.029      0.003575
   0.033      0.004864
   0.037      0.006352
   0.041      0.008036
   0.045      0.009918
   0.049      0.011995
   0.053      0.014269
   0.057      0.016738
   0.061      0.019401
   0.066      0.022259
   0.070      0.025310
   0.074      0.028554
   0.078      0.031990
   0.082      0.035617
   0.086      0.039433
   0.090      0.043439
   0.094      0.047633
   0.098      0.052015
   0.102      0.056582
   0.107      0.061334
   0.111      0.066269
   0.115      0.071387
   0.119      0.076686
   0.123      0.082165
   0.127      0.087821
   0.131      0.093655
   0.135      0.099663
   0.139      0.105845
   0.143      0.112199
   0.148      0.118723
   0.152      0.125415
   0.156      0.132273
   0.160      0.139297
   0.164      0.146482
   0.168      0.153828
   0.172      0.161333
   0.176      0.168994
   0.180      0.176809
   0.184      0.184776
   0.189      0.192893
   0.193      0.201156
   0.197      0.209564
   0.201      0.218115
   0.205      0.226805
   0.209      0.235632
   0.213      0.244593
   0.217      0.253686
   0.221      0.262908
   0.225      0.272255
   0.230      0.281726
   0.234      0.291317
   0.238      0.301025
   0.242      0.310846
   0.246      0.320779
   0.250      0.330819
   0.254      0.340964
   0.258      0.351210
   0.262      0.361555
   0.266      0.371993
   0.271      0.382524
   0.275      0.393141
   0.279      0.403844
   0.283      0.414627
   0.287      0.425488
   0.291      0.436422
   0.295      0.447427
   0.299      0.458498
   0.303      0.469633
   0.307      0.480826
   0.312      0.492076
   0.316      0.503378
   0.320      0.514728
   0.324      0.526123
   0.328      0.537559
   0.332      0.549032
   0.336      0.560539
   0.340      0.572076
   0.344      0.583639
   0.348      0.595226
   0.353      0.606831
   0.357      0.618451
   0.361      0.630084
   0.365      0.641724
   0.369      0.653370
   0.373      0.665017
   0.377      0.676661
   0.381      0.688300
   0.385      0.699930
   0.389      0.711548
   0.394      0.723150
   0.398      0.734733
   0.402      0.746294
   0.406      0.757831
   0.410      0.769339
   0.414      0.780816
   0.418      0.792259
   0.422      0.803665
   0.426      0.815032
   0.430      0.826357
   0.435      0.837637
   0.439      0.848869
   0.443      0.860052
   0.447      0.871183
   0.451      0.882260
   0.455      0.893280
   0.459      0.904242
   0.463      0.915143
   0.467      0.925982
   0.471      0.936757
   0.476      0.947466
   0.480      0.958108
   0.484      0.968680
   0.488      0.979183
   0.492      0.989614
   0.496      0.999972
   0.500      1.010257
   0.504      1.020466
   0.508      1.030600
   0.512      1.040657
   0.517      1.050637
   0.521      1.060539
   0.525      1.070362
   0.529      1.080106
   0.533      1.089771
   0.537      1.099356
   0.541      1.108861
   0.545      1.118286
   0.549      1.127631
   0.553      1.136895
   0.558      1.146080
   0.562      1.155184
   0.566      1.164208
   0.570      1.173153
   0.574      1.182019
   0.578      1.190805
   0.582      1.199513
   0.586      1.208143
   0.590      1.216695
   0.594      1.225169
   0.599      1.233568
   0.603      1.241890
   0.607      1.250136
   0.611      1.258308
   0.615      1.266405
   0.619      1.274429
   0.623      1.282380
   0.627      1.290259
   0.631      1.298066
   0.635      1.305802
   0.640      1.313468
   0.644      1.321064
   0.648      1.328592
   0.652      1.336051
   0.656      1.343443
   0.660      1.350768
   0.664      1.358027
   0.668      1.365220
   0.672      1.372348
   0.676      1.379411
   0.681      1.386411
   0.685      1.393347
   0.689      1.400220
   0.693      1.407031
   0.697      1.413779
   0.701      1.420466
   0.705      1.427092
   0.709      1.433657
   0.713      1.440162
   0.717      1.446607
   0.722      1.452991
   0.726      1.459316
   0.730      1.465582
   0.734      1.471788
   0.738      1.477936
   0.742      1.484025
   0.746      1.490055
   0.750      1.496026
   0.754      1.501939
   0.758      1.507794
   0.763      1.513590
   0.767      1.519328
   0.771      1.525008
   0.775      1.530629
   0.779      1.536192
   0.783      1.541696
   0.787      1.547143
   0.791      1.552530
   0.795      1.557859
   0.799      1.563129
   0.804      1.568340
   0.808      1.573493
   0.812      1.578586
   0.816      1.583620
   0.820      1.588595
   0.824      1.593511
   0.828      1.598367
   0.832      1.603163
   0.836      1.607900
   0.840      1.612576
   0.845      1.617193
   0.849      1.621749
   0.853      1.626245
   0.857      1.630680
   0.861      1.635054
   0.865      1.639368
   0.869      1.643621
   0.873      1.647813
   0.877      1.651944
   0.881      1.656013
   0.886      1.660022
   0.890      1.663968
   0.894      1.667853
   0.898      1.671677
   0.902      1.675438
   0.906      1.679138
   0.910      1.682776
   0.914      1.686352
   0.918      1.689866
   0.922      1.693318
   0.927      1.696708
   0.931      1.700035
   0.935      1.703300
   0.939      1.706503
   0.943      1.709644
   0.947      1.712722
   0.951      1.715738
   0.955      1.718692
   0.959      1.721583
   0.963      1.724412
   0.968      1.727179
   0.972      1.729883
   0.976      1.732525
   0.980      1.735104
   0.984      1.737621
   0.988      1.740076
   0.992      1.742469
   0.996      1.744799
   1.000      1.747067
   1.004      1.749273
   1.009      1.751417
   1.013      1.753499
   1.017      1.755519
   1.021      1.757477
   1.025      1.759373
   1.029      1.761207
   1.033      1.762980
   1.037      1.764690
   1.041      1.766339
   1.045      1.767927
   1.050      1.769453
   1.054      1.770918
   1.058      1.772321
   1.062      1.773664
   1.066      1.774945
   1.070      1.776165
   1.074      1.777324
   1.078      1.778422
   1.082      1.779460
   1.086      1.780437
   1.091      1.781354
   1.095      1.782210
   1.099      1.783006
   1.103      1.783741
   1.107      1.784417
   1.111      1.785033
   1.115      1.785589
   1.119      1.786085
   1.123      1.786522
   1.127      1.786899
   1.132      1.787217
   1.136      1.787476
   1.140      1.787677
   1.144      1.787818
   1.148      1.787900
   1.152      1.787925
   1.156      1.787890
   1.160      1.787798
   1.164      1.787647
   1.168      1.787439
   1.173      1.787173
   1.177      1.786850
   1.181      1.786469
   1.185      1.786031
   1.189      1.785535
   1.193      1.784984
   1.197      1.784375
   1.201      1.783710
   1.205      1.782989
   1.209      1.782212
   1.214      1.781378
   1.218      1.780490
   1.222      1.779545
   1.226      1.778546
   1.230      1.777491
   1.234      1.776382
   1.238      1.775218
   1.242      1.773999
   1.246      1.772727
   1.250      1.771400
   1.255      1.770020
   1.259      1.768586
   1.263      1.767099
   1.267      1.765559
   1.271      1.763966
   1.275      1.762321
   1.279      1.760623
   1.283      1.758873
   1.287      1.757071
   1.291      1.755218
   1.296      1.753314
   1.300      1.751358
   1.304      1.749352
   1.308      1.747295
   1.312      1.745187
   1.316      1.743030
   1.320      1.740823
   1.324      1.738567
   1.328      1.736261
   1.332      1.733907
   1.337      1.731503
   1.341      1.729052
   1.345      1.726552
   1.349      1.724005
   1.353      1.721410
   1.357      1.718768
   1.361      1.716079
   1.365      1.713343
   1.369      1.710561
   1.373      1.707734
   1.378      1.704860
   1.382      1.701941
   1.386      1.698977
   1.390      1.695968
   1.394      1.692915
   1.398      1.689817
   1.402      1.686676
   1.406      1.683491
   1.410      1.680263
   1.414      1.676992
   1.419      1.673679
   1.423      1.670323
   1.427      1.666926
   1.431      1.663487
   1.435      1.660007
   1.439      1.656485
   1.443      1.652924
   1.447      1.649322
   1.451      1.645680
   1.455      1.641999
   1.460      1.638278
   1.464      1.634519
   1.468      1.630721
   1.472      1.626885
   1.476      1.623011
   1.480      1.619100
   1.484      1.615152
   1.488      1.611166
   1.492      1.607145
   1.496      1.603088
   1.501      1.598994
   1.505      1.594866
   1.509      1.590703
   1.513      1.586505
   1.517      1.582272
   1.521      1.578006
   1.525      1.573707
   1.529      1.569374
   1.533      1.565009
   1.537      1.560611
   1.542      1.556181
   1.546      1.551719
   1.550      1.547227
   1.554      1.542703
   1.558      1.538149
   1.562      1.533564
   1.566      1.528950
   1.570      1.524306
   1.574      1.519634
   1.578      1.514932
   1.583      1.510203
   1.587      1.505445
   1.591      1.500660
   1.595      1.495848
   1.599      1.491009
   1.603      1.486144
   1.607      1.481253
   1.611      1.476336
   1.615      1.471394
   1.619      1.466427
   1.624      1.461435
   1.628      1.456419
   1.632      1.451380
   1.636      1.446317
   1.640      1.441232
   1.644      1.436123
   1.648      1.430993
   1.652      1.425841
   1.656      1.420667
   1.660      1.415472
   1.665      1.410257
   1.669      1.405021
   1.673      1.399765
   1.677      1.394490
   1.681      1.389196
   1.685      1.383883
   1.689      1.378551
   1.693      1.373202
   1.697      1.367835
   1.701      1.362450
   1.706      1.357049
   1.710      1.351631
   1.714      1.346197
   1.718      1.340748
   1.722      1.335283
   1.726      1.329803
   1.730      1.324308
   1.734      1.318799
   1.738      1.313276
   1.742      1.307740
   1.747      1.302191
   1.751      1.296629
   1.755      1.291054
   1.759      1.285467
   1.763      1.279869
   1.767      1.274260
   1.771      1.268639
   1.775      1.263008
   1.779      1.257367
   1.783      1.251716
   1.788      1.246055
   1.792      1.240385
   1.796      1.234707
   1.800      1.229020
   1.804      1.223325
   1.808      1.217623
   1.812      1.211913
   1.816      1.206196
   1.820      1.200472
   1.824      1.194742
   1.829      1.189006
   1.833      1.183265
   1.837      1.177518
   1.841      1.171767
   1.845      1.166011
   1.849      1.160250
   1.853      1.154486
   1.857      1.148718
   1.861      1.142947
   1.865      1.137173
   1.870      1.131397
   1.874      1.125618
   1.878      1.119838
   1.882      1.114056
   1.886      1.108272
   1.890      1.102488
   1.894      1.096703
   1.898      1.090918
   1.902      1.085133
   1.906      1.079349
   1.911      1.073565
   1.915      1.067782
   1.919      1.062000
   1.923      1.056220
   1.927      1.050442
   1.931      1.044666
   1.935      1.038892
   1.939      1.033122
   1.943      1.027354
   1.947      1.021590
   1.952      1.015830
   1.956      1.010074
   1.960      1.004322
   1.964      0.998574
   1.968      0.992832
   1.972      0.987095
   1.976      0.981363
   1.980      0.975636
   1.984      0.969916
   1.988      0.964202
   1.993      0.958495
   1.997      0.952794
   2.001      0.947101
   2.005      0.941415
   2.009      0.935736
   2.013      0.930066
   2.017      0.924403
   2.021      0.918749
   2.025      0.913104
   2.029      0.907467
   2.034      0.901840
   2.038      0.896222
   2.042      0.890614
   2.046      0.885015
   2.050      0.879427
   2.054      0.873849
   2.058      0.868281
   2.062      0.862724
   2.066      0.857178
   2.070      0.851644
   2.075      0.846121
   2.079      0.840610
   2.083      0.835110
   2.087      0.829623
   2.091      0.824149
   2.095      0.818687
   2.099      0.813238
   2.103      0.807802
   2.107      0.802379
   2.111      0.796969
   2.116      0.791574
   2.120      0.786192
   2.124      0.780824
   2.128      0.775471
   2.132      0.770132
   2.136      0.764807
   2.140      0.759498
   2.144      0.754203
   2.148      0.748924
   2.152      0.743660
   2.157      0.738411
   2.161      0.733179
   2.165      0.727962
   2.169      0.722761
   2.173      0.717577
   2.177      0.712409
   2.181      0.707257
   2.185      0.702122
   2.189      0.697004
   2.193      0.691904
   2.198      0.686820
   2.202      0.681754
   2.206      0.676705
   2.210      0.671674
   2.214      0.666661
   2.218      0.661665
   2.222      0.656688
   2.226      0.651729
   2.230      0.646788
   2.234      0.641866
   2.239      0.636962
   2.243      0.632077
   2.247      0.627211
   2.251      0.622364
   2.255      0.617536
   2.259      0.612727
   2.263      0.607938
   2.267      0.603168
   2.271      0.598417
   2.275      0.593686
   2.280      0.588975
   2.284      0.584284
   2.288      0.579613
   2.292      0.574962
   2.296      0.570331
   2.300      0.565720
   2.304      0.561130
   2.308      0.556560
   2.312      0.552010
   2.316      0.547481
   2.321      0.542973
   2.325      0.538486
   2.329      0.534019
   2.333      0.529574
   2.337      0.525149
   2.341      0.520746
   2.345      0.516363
   2.349      0.512002
   2.353      0.507662
   2.357      0.503343
   2.362      0.499046
   2.366      0.494771
   2.370      0.490516
   2.374      0.486284
   2.378      0.482073
   2.382      0.477883
   2.386      0.473715
   2.390      0.469570
   2.394      0.465445
   2.398      0.461343
   2.403      0.457263
   2.407      0.453204
   2.411      0.449168
   2.415      0.445153
   2.419      0.441161
   2.423      0.437190
   2.427      0.433242
   2.431      0.429316
   2.435      0.425411
   2.439      0.421530
   2.444      0.417670
   2.448      0.413832
   2.452      0.410017
   2.456      0.406223
   2.460      0.402452
   2.464      0.398704
   2.468      0.394977
   2.472      0.391273
   2.476      0.387591
   2.480      0.383932
   2.485      0.380294
   2.489      0.376679
   2.493      0.373086
   2.497      0.369516
   2.501      0.365967
   2.505      0.362441
   2.509      0.358937
   2.513      0.355456
   2.517      0.351997
   2.521      0.348559
   2.526      0.345144
   2.530      0.341752
   2.534      0.338381
   2.538      0.335033
   2.542      0.331706
   2.546      0.328402
   2.550      0.325120
   2.554      0.321860
   2.558      0.318622
   2.562      0.315406
   2.567      0.312212
   2.571      0.309040
   2.575      0.305890
   2.579      0.302761
   2.583      0.299655
   2.587      0.296570
   2.591      0.293507
   2.595      0.290466
   2.599      0.287446
   2.603      0.284448
   2.608      0.281472
   2.612      0.278517
   2.616      0.275584
   2.620      0.272672
   2.624      0.269782
   2.628      0.266913
   2.632      0.264065
   2.636      0.261239
   2.640      0.258434
   2.644      0.255649
   2.649      0.252886
   2.653      0.250144
   2.657      0.247424
   2.661      0.244723
   2.665      0.242044
   2.669      0.239386
   2.673      0.236748
   2.677      0.234131
   2.681      0.231535
   2.685      0.228959
   2.690      0.226404
   2.694      0.223869
   2.698      0.221355
   2.702      0.218860
   2.706      0.216386
   2.710      0.213932
   2.714      0.211499
   2.718      0.209085
   2.722      0.206691
   2.726      0.204317
   2.731      0.201963
   2.735      0.199628
   2.739      0.197313
   2.743      0.195018
   2.747      0.192742
   2.751      0.190486
   2.755      0.188249
   2.759      0.186031
   2.763      0.183832
   2.767      0.181652
   2.772      0.179492
   2.776      0.177350
   2.780      0.175227
   2.784      0.173123
   2.788      0.171037
   2.792      0.168970
   2.796      0.166922
   2.800      0.164892
   2.804      0.162880
   2.808      0.160887
   2.813      0.158911
   2.817      0.156954
   2.821      0.155015
   2.825      0.153093
   2.829      0.151190
   2.833      0.149304
   2.837      0.147436
   2.841      0.145585
   2.845      0.143752
   2.849      0.141936
   2.854      0.140137
   2.858      0.138355
   2.862      0.136591
   2.866      0.134843
   2.870      0.133112
   2.874      0.131398
   2.878      0.129701
   2.882      0.128021
   2.886      0.126356
   2.890      0.124709
   2.895      0.123077
   2.899      0.121462
   2.903      0.119863
   2.907      0.118280
   2.911      0.116713
   2.915      0.115161
   2.919      0.113626
   2.923      0.112106
   2.927      0.110602
   2.931      0.109113
   2.936      0.107639
   2.940      0.106181
   2.944      0.104737
   2.948      0.103309
   2.952      0.101896
   2.956      0.100498
   2.960      0.099114
   2.964      0.097745
   2.968      0.096391
   2.972      0.095051
   2.977      0.093726
   2.981      0.092414
   2.985      0.091117
   2.989      0.089834
   2.993      0.088565
   2.997      0.087310
   3.001      0.086069
   3.005      0.084841
   3.009      0.083627
   3.013      0.082427
   3.018      0.081239
   3.022      0.080065
   3.026      0.078905
   3.030      0.077757
   3.034      0.076623
   3.038      0.075501
   3.042      0.074392
   3.046      0.073296
   3.050      0.072212
   3.054      0.071141
   3.059      0.070083
   3.063      0.069036
   3.067      0.068002
   3.071      0.066980
   3.075      0.065971
   3.079      0.064973
   3.083      0.063986
   3.087      0.063012
   3.091      0.062049
   3.095      0.061098
   3.100      0.060158
   3.104      0.059230
   3.108      0.058313
   3.112      0.057407
   3.116      0.056512
   3.120      0.055629
   3.124      0.054756
   3.128      0.053894
   3.132      0.053042
   3.136      0.052202
   3.141      0.051371
   3.145      0.050551
   3.149      0.049742
   3.153      0.048943
   3.157      0.048154
   3.161      0.047375
   3.165      0.046606
   3.169      0.045847
   3.173      0.045097
   3.177      0.044358
   3.182      0.043628
   3.186      0.042907
   3.190      0.042197
   3.194      0.041495
   3.198      0.040803
   3.202      0.040119
   3.206      0.039445
   3.210      0.038780
   3.214      0.038124
   3.218      0.037477
   3.223      0.036838
   3.227      0.036208
   3.231      0.035587
   3.235      0.034974
   3.239      0.034370
   3.243      0.033774
   3.247      0.033186
   3.251      0.032606
   3.255      0.032035
   3.259      0.031471
   3.264      0.030915
   3.268      0.030368
   3.272      0.029828
   3.276      0.029295
   3.280      0.028770
   3.284      0.028253
   3.288      0.027743
   3.292      0.027241
   3.296      0.026746
   3.300      0.026258
   3.305      0.025777
   3.309      0.025303
   3.313      0.024836
   3.317      0.024376
   3.321      0.023923
   3.325      0.023477
   3.329      0.023037
   3.333      0.022604
   3.337      0.022178
   3.341      0.021758
   3.346      0.021344
   3.350      0.020936
   3.354      0.020535
   3.358      0.020140
   3.362      0.019751
   3.366      0.019369
   3.370      0.018992
   3.374      0.018621
   3.378      0.018255
   3.382      0.017896
   3.387      0.017542
   3.391      0.017194
   3.395      0.016851
   3.399      0.016514
   3.403      0.016183
   3.407      0.015856
   3.411      0.015535
   3.415      0.015219
   3.419      0.014909
   3.423      0.014603
   3.428      0.014303
   3.432      0.014007
   3.436      0.013717
   3.440      0.013431
   3.444      0.013150
   3.448      0.012873
   3.452      0.012602
   3.456      0.012335
   3.460      0.012072
   3.464      0.011814
   3.469      0.011561
   3.473      0.011312
   3.477      0.011067
   3.481      0.010826
   3.485      0.010590
   3.489      0.010357
   3.493      0.010129
   3.497      0.009905
   3.501      0.009685
   3.505      0.009469
   3.510      0.009257
   3.514      0.009048
   3.518      0.008843
   3.522      0.008642
   3.526      0.008445
   3.530      0.008251
   3.534      0.008061
   3.538      0.007874
   3.542      0.007691
   3.546      0.007511
   3.551      0.007335
   3.555      0.007162
   3.559      0.006992
   3.563      0.006826
   3.567      0.006662
   3.571      0.006502
   3.575      0.006345
   3.579      0.006191
   3.583      0.006039
   3.587      0.005891
   3.592      0.005746
   3.596      0.005604
   3.600      0.005464
   3.604      0.005327
   3.608      0.005193
   3.612      0.005062
   3.616      0.004933
   3.620      0.004807
   3.624      0.004683
   3.628      0.004562
   3.633      0.004444
   3.637      0.004328
   3.641      0.004214
   3.645      0.004103
   3.649      0.003994
   3.653      0.003887
   3.657      0.003783
   3.661      0.003681
   3.665      0.003581
   3.669      0.003483
   3.674      0.003387
   3.678      0.003294
   3.682      0.003202
   3.686      0.003113
   3.690      0.003025
   3.694      0.002940
   3.698      0.002856
   3.702      0.002774
   3.706      0.002694
   3.710      0.002616
   3.715      0.002540
   3.719      0.002465
   3.723      0.002392
   3.727      0.002321
   3.731      0.002252
   3.735      0.002184
   3.739      0.002117
   3.743      0.002053
   3.747      0.001990
   3.751      0.001928
   3.756      0.001868
   3.760      0.001809
   3.764      0.001752
   3.768      0.001696
   3.772      0.001642
   3.776      0.001589
   3.780      0.001537
   3.784      0.001487
   3.788      0.001437
   3.792      0.001390
   3.797      0.001343
   3.801      0.001297
   3.805      0.001253
   3.809      0.001210
   3.813      0.001168
   3.817      0.001127
   3.821      0.001088
   3.825      0.001049
   3.829      0.001011
   3.833      0.000975
   3.838      0.000939
   3.842      0.000905
   3.846      0.000871
   3.850      0.000838
   3.854      0.000807
   3.858      0.000776
   3.862      0.000746
   3.866      0.000717
   3.870      0.000689
   3.874      0.000661
   3.879      0.000635
   3.883      0.000609
   3.887      0.000584
   3.891      0.000560
   3.895      0.000536
   3.899      0.000513
   3.903      0.000491
   3.907      0.000470
   3.911      0.000449
   3.915      0.000429
   3.920      0.000410
   3.924      0.000391
   3.928      0.000373
   3.932      0.000355
   3.936      0.000339
   3.940      0.000322
   3.944      0.000306
   3.948      0.000291
   3.952      0.000276
   3.956      0.000262
   3.961      0.000249
   3.965      0.000235
   3.969      0.000223
   3.973      0.000210
   3.977      0.000199
   3.981      0.000187
   3.985      0.000176
   3.989      0.000166
   3.993      0.000156
   3.997      0.000146
   4.002      0.000137
   4.006      0.000128
   4.010      0.000119
   4.014      0.000111
   4.018      0.000103
   4.022      0.000096
   4.026      0.000089
   4.030      0.000082
   4.034      0.000075
   4.038      0.000069
   4.043      0.000063
   4.047      0.000057
   4.051      0.000052
   4.055      0.000046
   4.059      0.000041
   4.063      0.000037
   4.067      0.000032
   4.071      0.000028
   4.075      0.000024
   4.079      0.000020
   4.084      0.000016
   4.088      0.000013
   4.092      0.000009
   4.096      0.000006
   4.100      0.000003
   4.104      0.000000
