   0.000      2.111217
   0.005      2.111217
   0.011      2.111216
   0.016      2.111212
   0.022      2.111200
   0.027      2.111175
   0.033      2.111130
   0.038      2.111056
   0.044      2.110943
   0.049      2.110781
   0.055      2.110557
   0.060      2.110259
   0.065      2.109871
   0.071      2.109381
   0.076      2.108773
   0.082      2.108033
   0.087      2.107145
   0.093      2.106095
   0.098      2.104869
   0.104      2.103453
   0.109      2.101836
   0.114      2.100004
   0.120      2.097949
   0.125      2.095662
   0.131      2.093134
   0.136      2.090360
   0.142      2.087337
   0.147      2.084061
   0.153      2.080531
   0.158      2.076748
   0.164      2.072713
   0.169      2.068431
   0.174      2.063904
   0.180      2.059139
   0.185      2.054141
   0.191      2.048918
   0.196      2.043476
   0.202      2.037823
   0.207      2.031968
   0.213      2.025918
   0.218      2.019681
   0.224      2.013266
   0.229      2.006679
   0.234      1.999929
   0.240      1.993023
   0.245      1.985968
   0.251      1.978771
   0.256      1.971439
   0.262      1.963979
   0.267      1.956396
   0.273      1.948696
   0.278      1.940886
   0.283      1.932972
   0.289      1.924958
   0.294      1.916851
   0.300      1.908656
   0.305      1.900378
   0.311      1.892023
   0.316      1.883594
   0.322      1.875098
   0.327      1.866538
   0.333      1.857920
   0.338      1.849248
   0.343      1.840527
   0.349      1.831760
   0.354      1.822952
   0.360      1.814108
   0.365      1.805230
   0.371      1.796323
   0.376      1.787391
   0.382      1.778437
   0.387      1.769464
   0.392      1.760477
   0.398      1.751478
   0.403      1.742470
   0.409      1.733456
   0.414      1.724440
   0.420      1.715423
   0.425      1.706410
   0.431      1.697402
   0.436      1.688402
   0.442      1.679412
   0.447      1.670435
   0.452      1.661473
   0.458      1.652527
   0.463      1.643601
   0.469      1.634695
   0.474      1.625813
   0.480      1.616954
   0.485      1.608122
   0.491      1.599318
   0.496      1.590543
   0.502      1.581800
   0.507      1.573088
   0.512      1.564410
   0.518      1.555766
   0.523      1.547159
   0.529      1.538588
   0.534      1.530056
   0.540      1.521563
   0.545      1.513110
   0.551      1.504698
   0.556      1.496328
   0.561      1.488000
   0.567      1.479716
   0.572      1.471476
   0.578      1.463281
   0.583      1.455131
   0.589      1.447027
   0.594      1.438969
   0.600      1.430958
   0.605      1.422994
   0.611      1.415078
   0.616      1.407210
   0.621      1.399390
   0.627      1.391619
   0.632      1.383897
   0.638      1.376224
   0.643      1.368600
   0.649      1.361027
   0.654      1.353502
   0.660      1.346028
   0.665      1.338603
   0.671      1.331229
   0.676      1.323905
   0.681      1.316631
   0.687      1.309407
   0.692      1.302233
   0.698      1.295109
   0.703      1.288036
   0.709      1.281012
   0.714      1.274039
   0.720      1.267115
   0.725      1.260241
   0.730      1.253417
   0.736      1.246643
   0.741      1.239918
   0.747      1.233242
   0.752      1.226615
   0.758      1.220038
   0.763      1.213509
   0.769      1.207028
   0.774      1.200596
   0.780      1.194213
   0.785      1.187877
   0.790      1.181589
   0.796      1.175348
   0.801      1.169155
   0.807      1.163008
   0.812      1.156909
   0.818      1.150856
   0.823      1.144849
   0.829      1.138888
   0.834      1.132973
   0.840      1.127103
   0.845      1.121279
   0.850      1.115499
   0.856      1.109764
   0.861      1.104073
   0.867      1.098426
   0.872      1.092823
   0.878      1.087264
   0.883      1.081747
   0.889      1.076273
   0.894      1.070842
   0.899      1.065453
   0.905      1.060106
   0.910      1.054801
   0.916      1.049537
   0.921      1.044313
   0.927      1.039131
   0.932      1.033989
   0.938      1.028887
   0.943      1.023824
   0.949      1.018801
   0.954      1.013818
   0.959      1.008873
   0.965      1.003966
   0.970      0.999098
   0.976      0.994268
   0.981      0.989475
   0.987      0.984720
   0.992      0.980001
   0.998      0.975319
   1.003      0.970674
   1.008      0.966064
   1.014      0.961491
   1.019      0.956953
   1.025      0.952450
   1.030      0.947982
   1.036      0.943548
   1.041      0.939149
   1.047      0.934784
   1.052      0.930452
   1.058      0.926154
   1.063      0.921889
   1.068      0.917657
   1.074      0.913457
   1.079      0.909289
   1.085      0.905154
   1.090      0.901050
   1.096      0.896978
   1.101      0.892937
   1.107      0.888926
   1.112      0.884946
   1.118      0.880997
   1.123      0.877078
   1.128      0.873188
   1.134      0.869328
   1.139      0.865497
   1.145      0.861695
   1.150      0.857922
   1.156      0.854177
   1.161      0.850461
   1.167      0.846772
   1.172      0.843112
   1.177      0.839478
   1.183      0.835872
   1.188      0.832293
   1.194      0.828741
   1.199      0.825215
   1.205      0.821715
   1.210      0.818242
   1.216      0.814794
   1.221      0.811372
   1.227      0.807975
   1.232      0.804603
   1.237      0.801256
   1.243      0.797933
   1.248      0.794635
   1.254      0.791361
   1.259      0.788111
   1.265      0.784885
   1.270      0.781683
   1.276      0.778503
   1.281      0.775347
   1.287      0.772214
   1.292      0.769103
   1.297      0.766015
   1.303      0.762949
   1.308      0.759905
   1.314      0.756883
   1.319      0.753883
   1.325      0.750904
   1.330      0.747947
   1.336      0.745011
   1.341      0.742095
   1.346      0.739200
   1.352      0.736326
   1.357      0.733472
   1.363      0.730639
   1.368      0.727825
   1.374      0.725031
   1.379      0.722256
   1.385      0.719502
   1.390      0.716766
   1.396      0.714049
   1.401      0.711352
   1.406      0.708673
   1.412      0.706012
   1.417      0.703371
   1.423      0.700747
   1.428      0.698141
   1.434      0.695554
   1.439      0.692984
   1.445      0.690431
   1.450      0.687897
   1.456      0.685379
   1.461      0.682879
   1.466      0.680395
   1.472      0.677928
   1.477      0.675478
   1.483      0.673045
   1.488      0.670628
   1.494      0.668227
   1.499      0.665843
   1.505      0.663474
   1.510      0.661121
   1.515      0.658784
   1.521      0.656462
   1.526      0.654156
   1.532      0.651864
   1.537      0.649589
   1.543      0.647328
   1.548      0.645082
   1.554      0.642850
   1.559      0.640633
   1.565      0.638431
   1.570      0.636243
   1.575      0.634070
   1.581      0.631910
   1.586      0.629764
   1.592      0.627633
   1.597      0.625514
   1.603      0.623410
   1.608      0.621319
   1.614      0.619242
   1.619      0.617177
   1.624      0.615126
   1.630      0.613088
   1.635      0.611063
   1.641      0.609051
   1.646      0.607051
   1.652      0.605064
   1.657      0.603089
   1.663      0.601127
   1.668      0.599177
   1.674      0.597240
   1.679      0.595314
   1.684      0.593400
   1.690      0.591499
   1.695      0.589609
   1.701      0.587730
   1.706      0.585863
   1.712      0.584008
   1.717      0.582164
   1.723      0.580331
   1.728      0.578510
   1.734      0.576699
   1.739      0.574900
   1.744      0.573111
   1.750      0.571333
   1.755      0.569566
   1.761      0.567810
   1.766      0.566064
   1.772      0.564329
   1.777      0.562604
   1.783      0.560889
   1.788      0.559184
   1.793      0.557490
   1.799      0.555806
   1.804      0.554131
   1.810      0.552467
   1.815      0.550812
   1.821      0.549167
   1.826      0.547531
   1.832      0.545905
   1.837      0.544289
   1.843      0.542682
   1.848      0.541084
   1.853      0.539495
   1.859      0.537916
   1.864      0.536346
   1.870      0.534784
   1.875      0.533232
   1.881      0.531689
   1.886      0.530154
   1.892      0.528628
   1.897      0.527111
   1.903      0.525602
   1.908      0.524102
   1.913      0.522610
   1.919      0.521127
   1.924      0.519652
   1.930      0.518185
   1.935      0.516726
   1.941      0.515276
   1.946      0.513833
   1.952      0.512399
   1.957      0.510972
   1.962      0.509554
   1.968      0.508143
   1.973      0.506740
   1.979      0.505344
   1.984      0.503957
   1.990      0.502576
   1.995      0.501204
   2.001      0.499838
   2.006      0.498480
   2.012      0.497130
   2.017      0.495787
   2.022      0.494450
   2.028      0.493121
   2.033      0.491800
   2.039      0.490485
   2.044      0.489177
   2.050      0.487876
   2.055      0.486582
   2.061      0.485295
   2.066      0.484015
   2.072      0.482741
   2.077      0.481474
   2.082      0.480214
   2.088      0.478960
   2.093      0.477713
   2.099      0.476472
   2.104      0.475237
   2.110      0.474010
   2.115      0.472788
   2.121      0.471572
   2.126      0.470363
   2.131      0.469160
   2.137      0.467964
   2.142      0.466773
   2.148      0.465588
   2.153      0.464409
   2.159      0.463237
   2.164      0.462070
   2.170      0.460909
