   0.000      2.053961
   0.005      2.053931
   0.011      2.053840
   0.016      2.053688
   0.022      2.053476
   0.027      2.053202
   0.033      2.052866
   0.038      2.052468
   0.044      2.052008
   0.049      2.051483
   0.055      2.050895
   0.060      2.050242
   0.065      2.049523
   0.071      2.048736
   0.076      2.047882
   0.082      2.046958
   0.087      2.045963
   0.093      2.044895
   0.098      2.043754
   0.104      2.042537
   0.109      2.041243
   0.114      2.039869
   0.120      2.038415
   0.125      2.036876
   0.131      2.035253
   0.136      2.033541
   0.142      2.031740
   0.147      2.029846
   0.153      2.027856
   0.158      2.025769
   0.164      2.023581
   0.169      2.021290
   0.174      2.018893
   0.180      2.016387
   0.185      2.013769
   0.191      2.011037
   0.196      2.008187
   0.202      2.005217
   0.207      2.002123
   0.213      1.998904
   0.218      1.995555
   0.224      1.992075
   0.229      1.988461
   0.234      1.984710
   0.240      1.980821
   0.245      1.976790
   0.251      1.972617
   0.256      1.968299
   0.262      1.963835
   0.267      1.959223
   0.273      1.954462
   0.278      1.949552
   0.283      1.944492
   0.289      1.939282
   0.294      1.933922
   0.300      1.928412
   0.305      1.922754
   0.311      1.916947
   0.316      1.910993
   0.322      1.904894
   0.327      1.898652
   0.333      1.892270
   0.338      1.885748
   0.343      1.879091
   0.349      1.872302
   0.354      1.865383
   0.360      1.858338
   0.365      1.851171
   0.371      1.843886
   0.376      1.836486
   0.382      1.828977
   0.387      1.821361
   0.392      1.813645
   0.398      1.805831
   0.403      1.797926
   0.409      1.789933
   0.414      1.781857
   0.420      1.773702
   0.425      1.765474
   0.431      1.757177
   0.436      1.748816
   0.442      1.740395
   0.447      1.731918
   0.452      1.723391
   0.458      1.714817
   0.463      1.706200
   0.469      1.697546
   0.474      1.688857
   0.480      1.680139
   0.485      1.671394
   0.491      1.662628
   0.496      1.653842
   0.502      1.645042
   0.507      1.636230
   0.512      1.627410
   0.518      1.618586
   0.523      1.609759
   0.529      1.600934
   0.534      1.592112
   0.540      1.583298
   0.545      1.574494
   0.551      1.565702
   0.556      1.556925
   0.561      1.548165
   0.567      1.539424
   0.572      1.530705
   0.578      1.522010
   0.583      1.513341
   0.589      1.504700
   0.594      1.496088
   0.600      1.487508
   0.605      1.478960
   0.611      1.470447
   0.616      1.461970
   0.621      1.453530
   0.627      1.445130
   0.632      1.436769
   0.638      1.428449
   0.643      1.420172
   0.649      1.411938
   0.654      1.403749
   0.660      1.395604
   0.665      1.387506
   0.671      1.379455
   0.676      1.371452
   0.681      1.363497
   0.687      1.355591
   0.692      1.347735
   0.698      1.339929
   0.703      1.332173
   0.709      1.324469
   0.714      1.316817
   0.720      1.309216
   0.725      1.301667
   0.730      1.294171
   0.736      1.286728
   0.741      1.279338
   0.747      1.272001
   0.752      1.264718
   0.758      1.257488
   0.763      1.250311
   0.769      1.243188
   0.774      1.236119
   0.780      1.229104
   0.785      1.222142
   0.790      1.215234
   0.796      1.208379
   0.801      1.201578
   0.807      1.194831
   0.812      1.188136
   0.818      1.181495
   0.823      1.174907
   0.829      1.168372
   0.834      1.161889
   0.840      1.155459
   0.845      1.149081
   0.850      1.142756
   0.856      1.136482
   0.861      1.130259
   0.867      1.124088
   0.872      1.117968
   0.878      1.111899
   0.883      1.105880
   0.889      1.099911
   0.894      1.093992
   0.899      1.088123
   0.905      1.082303
   0.910      1.076532
   0.916      1.070810
   0.921      1.065136
   0.927      1.059509
   0.932      1.053931
   0.938      1.048399
   0.943      1.042914
   0.949      1.037476
   0.954      1.032084
   0.959      1.026738
   0.965      1.021438
   0.970      1.016182
   0.976      1.010971
   0.981      1.005805
   0.987      1.000682
   0.992      0.995603
   0.998      0.990567
   1.003      0.985574
   1.008      0.980624
   1.014      0.975715
   1.019      0.970849
   1.025      0.966023
   1.030      0.961239
   1.036      0.956496
   1.041      0.951792
   1.047      0.947129
   1.052      0.942505
   1.058      0.937920
   1.063      0.933374
   1.068      0.928866
   1.074      0.924396
   1.079      0.919964
   1.085      0.915569
   1.090      0.911212
   1.096      0.906891
   1.101      0.902606
   1.107      0.898357
   1.112      0.894143
   1.118      0.889965
   1.123      0.885822
   1.128      0.881713
   1.134      0.877638
   1.139      0.873597
   1.145      0.869590
   1.150      0.865616
   1.156      0.861674
   1.161      0.857766
   1.167      0.853889
   1.172      0.850044
   1.177      0.846231
   1.183      0.842448
   1.188      0.838697
   1.194      0.834976
   1.199      0.831286
   1.205      0.827626
   1.210      0.823995
   1.216      0.820393
   1.221      0.816821
   1.227      0.813277
   1.232      0.809762
   1.237      0.806275
   1.243      0.802816
   1.248      0.799385
   1.254      0.795980
   1.259      0.792603
   1.265      0.789253
   1.270      0.785929
   1.276      0.782631
   1.281      0.779360
   1.287      0.776113
   1.292      0.772893
   1.297      0.769697
   1.303      0.766527
   1.308      0.763381
   1.314      0.760259
   1.319      0.757162
   1.325      0.754088
   1.330      0.751038
   1.336      0.748012
   1.341      0.745009
   1.346      0.742028
   1.352      0.739071
   1.357      0.736136
   1.363      0.733223
   1.368      0.730332
   1.374      0.727462
   1.379      0.724615
   1.385      0.721789
   1.390      0.718984
   1.396      0.716199
   1.401      0.713436
   1.406      0.710693
   1.412      0.707970
   1.417      0.705268
   1.423      0.702585
   1.428      0.699922
   1.434      0.697278
   1.439      0.694654
   1.445      0.692049
   1.450      0.689463
   1.456      0.686895
   1.461      0.684346
   1.466      0.681816
   1.472      0.679303
   1.477      0.676809
   1.483      0.674332
   1.488      0.671873
   1.494      0.669431
   1.499      0.667007
   1.505      0.664600
   1.510      0.662209
   1.515      0.659836
   1.521      0.657479
   1.526      0.655138
   1.532      0.652814
   1.537      0.650506
   1.543      0.648214
   1.548      0.645938
   1.554      0.643677
   1.559      0.641432
   1.565      0.639202
   1.570      0.636988
   1.575      0.634788
   1.581      0.632604
   1.586      0.630434
   1.592      0.628279
   1.597      0.626138
   1.603      0.624012
   1.608      0.621900
   1.614      0.619802
   1.619      0.617718
   1.624      0.615648
   1.630      0.613591
   1.635      0.611548
   1.641      0.609518
   1.646      0.607502
   1.652      0.605499
   1.657      0.603509
   1.663      0.601532
   1.668      0.599568
   1.674      0.597616
   1.679      0.595677
   1.684      0.593750
   1.690      0.591836
   1.695      0.589934
   1.701      0.588044
   1.706      0.586166
   1.712      0.584300
   1.717      0.582446
   1.723      0.580604
   1.728      0.578773
   1.734      0.576953
   1.739      0.575145
   1.744      0.573348
   1.750      0.571562
   1.755      0.569788
   1.761      0.568024
   1.766      0.566271
   1.772      0.564529
   1.777      0.562797
   1.783      0.561076
   1.788      0.559366
   1.793      0.557666
   1.799      0.555976
   1.804      0.554296
   1.810      0.552627
   1.815      0.550968
   1.821      0.549318
   1.826      0.547678
   1.832      0.546048
   1.837      0.544428
   1.843      0.542817
   1.848      0.541216
   1.853      0.539624
   1.859      0.538042
   1.864      0.536469
   1.870      0.534905
   1.875      0.533350
   1.881      0.531804
   1.886      0.530267
   1.892      0.528739
   1.897      0.527219
   1.903      0.525709
   1.908      0.524206
   1.913      0.522713
   1.919      0.521228
   1.924      0.519751
   1.930      0.518283
   1.935      0.516823
   1.941      0.515372
   1.946      0.513928
   1.952      0.512492
   1.957      0.511065
   1.962      0.509645
   1.968      0.508233
   1.973      0.506829
   1.979      0.505433
   1.984      0.504045
   1.990      0.502664
   1.995      0.501290
   2.001      0.499924
   2.006      0.498566
   2.012      0.497215
   2.017      0.495871
   2.022      0.494534
   2.028      0.493205
   2.033      0.491883
   2.039      0.490568
   2.044      0.489259
   2.050      0.487958
   2.055      0.486664
   2.061      0.485376
   2.066      0.484096
   2.072      0.482822
   2.077      0.481555
   2.082      0.480294
   2.088      0.479040
   2.093      0.477792
   2.099      0.476551
   2.104      0.475317
   2.110      0.474089
   2.115      0.472867
   2.121      0.471651
   2.126      0.470442
   2.131      0.469239
   2.137      0.468042
   2.142      0.466851
   2.148      0.465666
   2.153      0.464487
   2.159      0.463314
   2.164      0.462147
   2.170      0.460986
