   0.000      2.256472
   0.005      2.256472
   0.011      2.256470
   0.016      2.256459
   0.022      2.256432
   0.027      2.256374
   0.033      2.256270
   0.038      2.256100
   0.044      2.255841
   0.049      2.255467
   0.055      2.254952
   0.060      2.254264
   0.065      2.253373
   0.071      2.252245
   0.076      2.250846
   0.082      2.249142
   0.087      2.247099
   0.093      2.244683
   0.098      2.241860
   0.104      2.238599
   0.109      2.234872
   0.114      2.230650
   0.120      2.225909
   0.125      2.220628
   0.131      2.214791
   0.136      2.208383
   0.142      2.201395
   0.147      2.193823
   0.153      2.185667
   0.158      2.176932
   0.164      2.167625
   0.169      2.157762
   0.174      2.147358
   0.180      2.136435
   0.185      2.125018
   0.191      2.113134
   0.196      2.100811
   0.202      2.088082
   0.207      2.074977
   0.213      2.061529
   0.218      2.047771
   0.224      2.033735
   0.229      2.019451
   0.234      2.004951
   0.240      1.990263
   0.245      1.975415
   0.251      1.960433
   0.256      1.945341
   0.262      1.930163
   0.267      1.914920
   0.273      1.899633
   0.278      1.884321
   0.283      1.869002
   0.289      1.853692
   0.294      1.838408
   0.300      1.823164
   0.305      1.807975
   0.311      1.792853
   0.316      1.777812
   0.322      1.762861
   0.327      1.748013
   0.333      1.733277
   0.338      1.718662
   0.343      1.704177
   0.349      1.689831
   0.354      1.675629
   0.360      1.661580
   0.365      1.647689
   0.371      1.633961
   0.376      1.620401
   0.382      1.607014
   0.387      1.593804
   0.392      1.580773
   0.398      1.567925
   0.403      1.555263
   0.409      1.542788
   0.414      1.530501
   0.420      1.518404
   0.425      1.506499
   0.431      1.494784
   0.436      1.483261
   0.442      1.471930
   0.447      1.460789
   0.452      1.449839
   0.458      1.439078
   0.463      1.428505
   0.469      1.418119
   0.474      1.407918
   0.480      1.397900
   0.485      1.388065
   0.491      1.378408
   0.496      1.368929
   0.502      1.359625
   0.507      1.350493
   0.512      1.341531
   0.518      1.332737
   0.523      1.324107
   0.529      1.315638
   0.534      1.307329
   0.540      1.299175
   0.545      1.291174
   0.551      1.283324
   0.556      1.275620
   0.561      1.268060
   0.567      1.260640
   0.572      1.253359
   0.578      1.246212
   0.583      1.239197
   0.589      1.232310
   0.594      1.225548
   0.600      1.218909
   0.605      1.212389
   0.611      1.205985
   0.616      1.199695
   0.621      1.193515
   0.627      1.187442
   0.632      1.181474
   0.638      1.175608
   0.643      1.169840
   0.649      1.164169
   0.654      1.158591
   0.660      1.153104
   0.665      1.147704
   0.671      1.142391
   0.676      1.137160
   0.681      1.132010
   0.687      1.126938
   0.692      1.121941
   0.698      1.117018
   0.703      1.112166
   0.709      1.107382
   0.714      1.102666
   0.720      1.098013
   0.725      1.093423
   0.730      1.088894
   0.736      1.084423
   0.741      1.080008
   0.747      1.075648
   0.752      1.071340
   0.758      1.067084
   0.763      1.062877
   0.769      1.058717
   0.774      1.054604
   0.780      1.050534
   0.785      1.046508
   0.790      1.042523
   0.796      1.038578
   0.801      1.034671
   0.807      1.030802
   0.812      1.026968
   0.818      1.023169
   0.823      1.019404
   0.829      1.015671
   0.834      1.011968
   0.840      1.008296
   0.845      1.004653
   0.850      1.001037
   0.856      0.997448
   0.861      0.993886
   0.867      0.990348
   0.872      0.986834
   0.878      0.983344
   0.883      0.979876
   0.889      0.976430
   0.894      0.973005
   0.899      0.969601
   0.905      0.966215
   0.910      0.962849
   0.916      0.959501
   0.921      0.956170
   0.927      0.952857
   0.932      0.949560
   0.938      0.946279
   0.943      0.943014
   0.949      0.939764
   0.954      0.936528
   0.959      0.933306
   0.965      0.930098
   0.970      0.926904
   0.976      0.923722
   0.981      0.920553
   0.987      0.917397
   0.992      0.914252
   0.998      0.911119
   1.003      0.907997
   1.008      0.904887
   1.014      0.901787
   1.019      0.898698
   1.025      0.895619
   1.030      0.892551
   1.036      0.889493
   1.041      0.886445
   1.047      0.883406
   1.052      0.880377
   1.058      0.877357
   1.063      0.874347
   1.068      0.871346
   1.074      0.868354
   1.079      0.865371
   1.085      0.862397
   1.090      0.859432
   1.096      0.856475
   1.101      0.853527
   1.107      0.850588
   1.112      0.847657
   1.118      0.844735
   1.123      0.841822
   1.128      0.838917
   1.134      0.836020
   1.139      0.833132
   1.145      0.830253
   1.150      0.827382
   1.156      0.824519
   1.161      0.821665
   1.167      0.818819
   1.172      0.815982
   1.177      0.813154
   1.183      0.810334
   1.188      0.807522
   1.194      0.804719
   1.199      0.801925
   1.205      0.799140
   1.210      0.796363
   1.216      0.793595
   1.221      0.790836
   1.227      0.788085
   1.232      0.785344
   1.237      0.782611
   1.243      0.779888
   1.248      0.777173
   1.254      0.774468
   1.259      0.771771
   1.265      0.769084
   1.270      0.766406
   1.276      0.763738
   1.281      0.761079
   1.287      0.758429
   1.292      0.755788
   1.297      0.753158
   1.303      0.750536
   1.308      0.747925
   1.314      0.745323
   1.319      0.742730
   1.325      0.740148
   1.330      0.737575
   1.336      0.735013
   1.341      0.732460
   1.346      0.729917
   1.352      0.727384
   1.357      0.724861
   1.363      0.722349
   1.368      0.719846
   1.374      0.717354
   1.379      0.714872
   1.385      0.712401
   1.390      0.709939
   1.396      0.707488
   1.401      0.705048
   1.406      0.702618
   1.412      0.700198
   1.417      0.697789
   1.423      0.695391
   1.428      0.693003
   1.434      0.690626
   1.439      0.688259
   1.445      0.685903
   1.450      0.683558
   1.456      0.681223
   1.461      0.678900
   1.466      0.676587
   1.472      0.674284
   1.477      0.671993
   1.483      0.669712
   1.488      0.667443
   1.494      0.665184
   1.499      0.662936
   1.505      0.660698
   1.510      0.658472
   1.515      0.656257
   1.521      0.654052
   1.526      0.651858
   1.532      0.649676
   1.537      0.647504
   1.543      0.645343
   1.548      0.643192
   1.554      0.641053
   1.559      0.638925
   1.565      0.636807
   1.570      0.634701
   1.575      0.632605
   1.581      0.630520
   1.586      0.628445
   1.592      0.626382
   1.597      0.624329
   1.603      0.622287
   1.608      0.620256
   1.614      0.618236
   1.619      0.616226
   1.624      0.614227
   1.630      0.612239
   1.635      0.610261
   1.641      0.608294
   1.646      0.606337
   1.652      0.604391
   1.657      0.602456
   1.663      0.600531
   1.668      0.598616
   1.674      0.596712
   1.679      0.594819
   1.684      0.592935
   1.690      0.591062
   1.695      0.589199
   1.701      0.587347
   1.706      0.585504
   1.712      0.583672
   1.717      0.581850
   1.723      0.580038
   1.728      0.578236
   1.734      0.576444
   1.739      0.574662
   1.744      0.572890
   1.750      0.571128
   1.755      0.569375
   1.761      0.567633
   1.766      0.565900
   1.772      0.564177
   1.777      0.562463
   1.783      0.560759
   1.788      0.559064
   1.793      0.557379
   1.799      0.555703
   1.804      0.554037
   1.810      0.552380
   1.815      0.550732
   1.821      0.549094
   1.826      0.547465
   1.832      0.545844
   1.837      0.544233
   1.843      0.542631
   1.848      0.541038
   1.853      0.539453
   1.859      0.537878
   1.864      0.536311
   1.870      0.534753
   1.875      0.533204
   1.881      0.531663
   1.886      0.530131
   1.892      0.528608
   1.897      0.527092
   1.903      0.525586
   1.908      0.524087
   1.913      0.522597
   1.919      0.521115
   1.924      0.519642
   1.930      0.518176
   1.935      0.516718
   1.941      0.515269
   1.946      0.513827
   1.952      0.512394
   1.957      0.510968
   1.962      0.509550
   1.968      0.508140
   1.973      0.506737
   1.979      0.505342
   1.984      0.503955
   1.990      0.502575
   1.995      0.501202
   2.001      0.499837
   2.006      0.498479
   2.012      0.497129
   2.017      0.495786
   2.022      0.494450
   2.028      0.493121
   2.033      0.491799
   2.039      0.490485
   2.044      0.489177
   2.050      0.487876
   2.055      0.486582
   2.061      0.485295
   2.066      0.484015
   2.072      0.482741
   2.077      0.481474
   2.082      0.480214
   2.088      0.478960
   2.093      0.477713
   2.099      0.476472
   2.104      0.475237
   2.110      0.474010
   2.115      0.472788
   2.121      0.471572
   2.126      0.470363
   2.131      0.469160
   2.137      0.467964
   2.142      0.466773
   2.148      0.465588
   2.153      0.464409
   2.159      0.463237
   2.164      0.462070
   2.170      0.460909
