   0.004     -0.011922
   0.008     -0.136508
   0.012     -0.261094
   0.016     -0.389837
   0.020     -0.519011
   0.025     -0.648153
   0.029     -0.777115
   0.033     -0.905812
   0.037     -1.034180
   0.041     -1.162163
   0.045     -1.289708
   0.049     -1.416763
   0.053     -1.543277
   0.057     -1.669200
   0.061     -1.794481
   0.066     -1.919071
   0.070     -2.042919
   0.074     -2.165975
   0.078     -2.288190
   0.082     -2.409513
   0.086     -2.529895
   0.090     -2.649286
   0.094     -2.767636
   0.098     -2.884896
   0.102     -3.001016
   0.107     -3.115946
   0.111     -3.229638
   0.115     -3.342041
   0.119     -3.453107
   0.123     -3.562787
   0.127     -3.671032
   0.131     -3.777793
   0.135     -3.883020
   0.139     -3.986667
   0.143     -4.088683
   0.148     -4.189022
   0.152     -4.287635
   0.156     -4.384474
   0.160     -4.479491
   0.164     -4.572639
   0.168     -4.663872
   0.172     -4.753141
   0.176     -4.840402
   0.180     -4.925607
   0.184     -5.008711
   0.189     -5.089668
   0.193     -5.168435
   0.197     -5.244966
   0.201     -5.319219
   0.205     -5.391152
   0.209     -5.460721
   0.213     -5.527887
   0.217     -5.592610
   0.221     -5.654852
   0.225     -5.714575
   0.230     -5.771745
   0.234     -5.826328
   0.238     -5.878291
   0.242     -5.927605
   0.246     -5.974243
   0.250     -6.018180
   0.254     -6.059393
   0.258     -6.097862
   0.262     -6.133572
   0.266     -6.166509
   0.271     -6.196663
   0.275     -6.224030
   0.279     -6.248606
   0.283     -6.270394
   0.287     -6.289401
   0.291     -6.305637
   0.295     -6.319118
   0.299     -6.329865
   0.303     -6.337902
   0.307     -6.343260
   0.312     -6.345973
   0.316     -6.346082
   0.320     -6.343631
   0.324     -6.338671
   0.328     -6.331257
   0.332     -6.321446
   0.336     -6.309305
   0.340     -6.294900
   0.344     -6.278305
   0.348     -6.259595
   0.353     -6.238850
   0.357     -6.216153
   0.361     -6.191590
   0.365     -6.165248
   0.369     -6.137217
   0.373     -6.107589
   0.377     -6.076457
   0.381     -6.043912
   0.385     -6.010048
   0.389     -5.974958
   0.394     -5.938734
   0.398     -5.901465
   0.402     -5.863241
   0.406     -5.824147
   0.410     -5.784269
   0.414     -5.743686
   0.418     -5.702477
   0.422     -5.660715
   0.426     -5.618471
   0.430     -5.575810
   0.435     -5.532796
   0.439     -5.489486
   0.443     -5.445933
   0.447     -5.402187
   0.451     -5.358292
   0.455     -5.314288
   0.459     -5.270212
   0.463     -5.226096
   0.467     -5.181968
   0.471     -5.137853
   0.476     -5.093771
   0.480     -5.049740
   0.484     -5.005776
   0.488     -4.961890
   0.492     -4.918091
   0.496     -4.874388
   0.500     -4.830784
   0.504     -4.787285
   0.508     -4.743893
   0.512     -4.700608
   0.517     -4.657430
   0.521     -4.614360
   0.525     -4.571396
   0.529     -4.528536
   0.533     -4.485779
   0.537     -4.443124
   0.541     -4.400567
   0.545     -4.358109
   0.549     -4.315747
   0.553     -4.273480
   0.558     -4.231308
   0.562     -4.189231
   0.566     -4.147248
   0.570     -4.105359
   0.574     -4.063567
   0.578     -4.021872
   0.582     -3.980275
   0.586     -3.938779
   0.590     -3.897386
   0.594     -3.856098
   0.599     -3.814919
   0.603     -3.773852
   0.607     -3.732899
   0.611     -3.692065
   0.615     -3.651354
   0.619     -3.610768
   0.623     -3.570312
   0.627     -3.529989
   0.631     -3.489804
   0.635     -3.449760
   0.640     -3.409862
   0.644     -3.370113
   0.648     -3.330518
   0.652     -3.291079
   0.656     -3.251800
   0.660     -3.212687
   0.664     -3.173740
   0.668     -3.134965
   0.672     -3.096365
   0.676     -3.057943
   0.681     -3.019701
   0.685     -2.981644
   0.689     -2.943774
   0.693     -2.906093
   0.697     -2.868605
   0.701     -2.831312
   0.705     -2.794216
   0.709     -2.757321
   0.713     -2.720627
   0.717     -2.684138
   0.722     -2.647856
   0.726     -2.611781
   0.730     -2.575917
   0.734     -2.540265
   0.738     -2.504827
   0.742     -2.469604
   0.746     -2.434597
   0.750     -2.399809
   0.754     -2.365240
   0.758     -2.330892
   0.763     -2.296765
   0.767     -2.262861
   0.771     -2.229182
   0.775     -2.195726
   0.779     -2.162497
   0.783     -2.129493
   0.787     -2.096717
   0.791     -2.064168
   0.795     -2.031847
   0.799     -1.999755
   0.804     -1.967892
   0.808     -1.936259
   0.812     -1.904855
   0.816     -1.873682
   0.820     -1.842738
   0.824     -1.812025
   0.828     -1.781542
   0.832     -1.751290
   0.836     -1.721268
   0.840     -1.691476
   0.845     -1.661915
   0.849     -1.632584
   0.853     -1.603483
   0.857     -1.574611
   0.861     -1.545969
   0.865     -1.517556
   0.869     -1.489371
   0.873     -1.461415
   0.877     -1.433687
   0.881     -1.406186
   0.886     -1.378913
   0.890     -1.351865
   0.894     -1.325044
   0.898     -1.298447
   0.902     -1.272075
   0.906     -1.245927
   0.910     -1.220003
   0.914     -1.194301
   0.918     -1.168821
   0.922     -1.143562
   0.927     -1.118523
   0.931     -1.093703
   0.935     -1.069103
   0.939     -1.044720
   0.943     -1.020554
   0.947     -0.996605
   0.951     -0.972870
   0.955     -0.949350
   0.959     -0.926043
   0.963     -0.902949
   0.968     -0.880066
   0.972     -0.857393
   0.976     -0.834930
   0.980     -0.812675
   0.984     -0.790628
   0.988     -0.768787
   0.992     -0.747152
   0.996     -0.725721
   1.000     -0.704493
   1.004     -0.683467
   1.009     -0.662643
   1.013     -0.642018
   1.017     -0.621592
   1.021     -0.601364
   1.025     -0.581333
   1.029     -0.561497
   1.033     -0.541856
   1.037     -0.522408
   1.041     -0.503152
   1.045     -0.484087
   1.050     -0.465212
   1.054     -0.446526
   1.058     -0.428027
   1.062     -0.409714
   1.066     -0.391587
   1.070     -0.373644
   1.074     -0.355883
   1.078     -0.338305
   1.082     -0.320907
   1.086     -0.303688
   1.091     -0.286647
   1.095     -0.269784
   1.099     -0.253096
   1.103     -0.236583
   1.107     -0.220243
   1.111     -0.204076
   1.115     -0.188080
   1.119     -0.172253
   1.123     -0.156596
   1.127     -0.141106
   1.132     -0.125782
   1.136     -0.110624
   1.140     -0.095630
   1.144     -0.080799
   1.148     -0.066129
   1.152     -0.051620
   1.156     -0.037271
   1.160     -0.023079
   1.164     -0.009045
   1.168      0.004833
   1.173      0.018557
   1.177      0.032126
   1.181      0.045544
   1.185      0.058810
   1.189      0.071925
   1.193      0.084892
   1.197      0.097710
   1.201      0.110382
   1.205      0.122908
   1.209      0.135290
   1.214      0.147528
   1.218      0.159623
   1.222      0.171577
   1.226      0.183392
   1.230      0.195066
   1.234      0.206603
   1.238      0.218004
   1.242      0.229268
   1.246      0.240397
   1.250      0.251393
   1.255      0.262256
   1.259      0.272987
   1.263      0.283588
   1.267      0.294060
   1.271      0.304403
   1.275      0.314619
   1.279      0.324708
   1.283      0.334672
   1.287      0.344511
   1.291      0.354227
   1.296      0.363821
   1.300      0.373294
   1.304      0.382646
   1.308      0.391879
   1.312      0.400994
   1.316      0.409991
   1.320      0.418872
   1.324      0.427638
   1.328      0.436289
   1.332      0.444826
   1.337      0.453251
   1.341      0.461565
   1.345      0.469768
   1.349      0.477861
   1.353      0.485845
   1.357      0.493721
   1.361      0.501490
   1.365      0.509154
   1.369      0.516712
   1.373      0.524166
   1.378      0.531516
   1.382      0.538764
   1.386      0.545911
   1.390      0.552957
   1.394      0.559902
   1.398      0.566749
   1.402      0.573498
   1.406      0.580149
   1.410      0.586704
   1.414      0.593164
   1.419      0.599528
   1.423      0.605799
   1.427      0.611976
   1.431      0.618062
   1.435      0.624055
   1.439      0.629958
   1.443      0.635771
   1.447      0.641495
   1.451      0.647131
   1.455      0.652679
   1.460      0.658141
   1.464      0.663516
   1.468      0.668806
   1.472      0.674012
   1.476      0.679134
   1.480      0.684173
   1.484      0.689129
   1.488      0.694005
   1.492      0.698799
   1.496      0.703513
   1.501      0.708149
   1.505      0.712705
   1.509      0.717184
   1.513      0.721585
   1.517      0.725910
   1.521      0.730159
   1.525      0.734333
   1.529      0.738433
   1.533      0.742459
   1.537      0.746411
   1.542      0.750292
   1.546      0.754100
   1.550      0.757838
   1.554      0.761505
   1.558      0.765102
   1.562      0.768630
   1.566      0.772090
   1.570      0.775482
   1.574      0.778806
   1.578      0.782064
   1.583      0.785256
   1.587      0.788383
   1.591      0.791445
   1.595      0.794442
   1.599      0.797376
   1.603      0.800247
   1.607      0.803056
   1.611      0.805802
   1.615      0.808488
   1.619      0.811113
   1.624      0.813678
   1.628      0.816183
   1.632      0.818629
   1.636      0.821017
   1.640      0.823347
   1.644      0.825620
   1.648      0.827836
   1.652      0.829996
   1.656      0.832100
   1.660      0.834149
   1.665      0.836143
   1.669      0.838083
   1.673      0.839970
   1.677      0.841804
   1.681      0.843585
   1.685      0.845314
   1.689      0.846991
   1.693      0.848618
   1.697      0.850194
   1.701      0.851719
   1.706      0.853196
   1.710      0.854623
   1.714      0.856001
   1.718      0.857332
   1.722      0.858615
   1.726      0.859850
   1.730      0.861039
   1.734      0.862182
   1.738      0.863278
   1.742      0.864330
   1.747      0.865336
   1.751      0.866298
   1.755      0.867216
   1.759      0.868091
   1.763      0.868922
   1.767      0.869710
   1.771      0.870457
   1.775      0.871161
   1.779      0.871824
   1.783      0.872446
   1.788      0.873027
   1.792      0.873568
   1.796      0.874069
   1.800      0.874531
   1.804      0.874954
   1.808      0.875338
   1.812      0.875684
   1.816      0.875993
   1.820      0.876263
   1.824      0.876497
   1.829      0.876694
   1.833      0.876855
   1.837      0.876980
   1.841      0.877069
   1.845      0.877124
   1.849      0.877143
   1.853      0.877128
   1.857      0.877079
   1.861      0.876996
   1.865      0.876880
   1.870      0.876731
   1.874      0.876549
   1.878      0.876335
   1.882      0.876088
   1.886      0.875811
   1.890      0.875502
   1.894      0.875161
   1.898      0.874791
   1.902      0.874390
   1.906      0.873959
   1.911      0.873498
   1.915      0.873008
   1.919      0.872489
   1.923      0.871942
   1.927      0.871366
   1.931      0.870762
   1.935      0.870130
   1.939      0.869471
   1.943      0.868784
   1.947      0.868071
   1.952      0.867331
   1.956      0.866565
   1.960      0.865773
   1.964      0.864955
   1.968      0.864112
   1.972      0.863244
   1.976      0.862351
   1.980      0.861433
   1.984      0.860491
   1.988      0.859526
   1.993      0.858536
   1.997      0.857523
   2.001      0.856487
   2.005      0.855428
   2.009      0.854347
   2.013      0.853243
   2.017      0.852117
   2.021      0.850969
   2.025      0.849800
   2.029      0.848609
   2.034      0.847397
   2.038      0.846165
   2.042      0.844911
   2.046      0.843638
   2.050      0.842344
   2.054      0.841031
   2.058      0.839698
   2.062      0.838345
   2.066      0.836974
   2.070      0.835583
   2.075      0.834174
   2.079      0.832747
   2.083      0.831301
   2.087      0.829838
   2.091      0.828356
   2.095      0.826857
   2.099      0.825341
   2.103      0.823808
   2.107      0.822258
   2.111      0.820692
   2.116      0.819109
   2.120      0.817509
   2.124      0.815894
   2.128      0.814263
   2.132      0.812617
   2.136      0.810955
   2.140      0.809278
   2.144      0.807586
   2.148      0.805879
   2.152      0.804158
   2.157      0.802423
   2.161      0.800673
   2.165      0.798909
   2.169      0.797132
   2.173      0.795341
   2.177      0.793536
   2.181      0.791719
   2.185      0.789888
   2.189      0.788045
   2.193      0.786189
   2.198      0.784320
   2.202      0.782440
   2.206      0.780547
   2.210      0.778642
   2.214      0.776726
   2.218      0.774798
   2.222      0.772858
   2.226      0.770908
   2.230      0.768946
   2.234      0.766974
   2.239      0.764991
   2.243      0.762997
   2.247      0.760993
   2.251      0.758979
   2.255      0.756954
   2.259      0.754920
   2.263      0.752876
   2.267      0.750823
   2.271      0.748760
   2.275      0.746688
   2.280      0.744607
   2.284      0.742517
   2.288      0.740418
   2.292      0.738311
   2.296      0.736195
   2.300      0.734070
   2.304      0.731938
   2.308      0.729798
   2.312      0.727649
   2.316      0.725493
   2.321      0.723329
   2.325      0.721158
   2.329      0.718980
   2.333      0.716794
   2.337      0.714602
   2.341      0.712402
   2.345      0.710196
   2.349      0.707983
   2.353      0.705763
   2.357      0.703537
   2.362      0.701305
   2.366      0.699067
   2.370      0.696823
   2.374      0.694573
   2.378      0.692317
   2.382      0.690056
   2.386      0.687790
   2.390      0.685517
   2.394      0.683240
   2.398      0.680958
   2.403      0.678671
   2.407      0.676378
   2.411      0.674081
   2.415      0.671780
   2.419      0.669474
   2.423      0.667164
   2.427      0.664849
   2.431      0.662530
   2.435      0.660207
   2.439      0.657881
   2.444      0.655550
   2.448      0.653216
   2.452      0.650878
   2.456      0.648537
   2.460      0.646192
   2.464      0.643844
   2.468      0.641493
   2.472      0.639139
   2.476      0.636782
   2.480      0.634422
   2.485      0.632059
   2.489      0.629694
   2.493      0.627326
   2.497      0.624956
   2.501      0.622583
   2.505      0.620208
   2.509      0.617831
   2.513      0.615452
   2.517      0.613071
   2.521      0.610688
   2.526      0.608303
   2.530      0.605917
   2.534      0.603529
   2.538      0.601140
   2.542      0.598749
   2.546      0.596357
   2.550      0.593964
   2.554      0.591569
   2.558      0.589174
   2.562      0.586777
   2.567      0.584380
   2.571      0.581982
   2.575      0.579584
   2.579      0.577184
   2.583      0.574784
   2.587      0.572384
   2.591      0.569984
   2.595      0.567583
   2.599      0.565182
   2.603      0.562780
   2.608      0.560379
   2.612      0.557978
   2.616      0.555577
   2.620      0.553176
   2.624      0.550775
   2.628      0.548375
   2.632      0.545975
   2.636      0.543576
   2.640      0.541177
   2.644      0.538779
   2.649      0.536382
   2.653      0.533986
   2.657      0.531590
   2.661      0.529195
   2.665      0.526801
   2.669      0.524409
   2.673      0.522017
   2.677      0.519627
   2.681      0.517238
   2.685      0.514850
   2.690      0.512464
   2.694      0.510080
   2.698      0.507696
   2.702      0.505315
   2.706      0.502935
   2.710      0.500557
   2.714      0.498180
   2.718      0.495806
   2.722      0.493434
   2.726      0.491063
   2.731      0.488695
   2.735      0.486328
   2.739      0.483964
   2.743      0.481602
   2.747      0.479242
   2.751      0.476885
   2.755      0.474530
   2.759      0.472178
   2.763      0.469828
   2.767      0.467481
   2.772      0.465136
   2.776      0.462794
   2.780      0.460455
   2.784      0.458118
   2.788      0.455784
   2.792      0.453454
   2.796      0.451126
   2.800      0.448801
   2.804      0.446480
   2.808      0.444161
   2.813      0.441846
   2.817      0.439533
   2.821      0.437225
   2.825      0.434919
   2.829      0.432617
   2.833      0.430318
   2.837      0.428022
   2.841      0.425730
   2.845      0.423442
   2.849      0.421157
   2.854      0.418876
   2.858      0.416599
   2.862      0.414325
   2.866      0.412055
   2.870      0.409789
   2.874      0.407527
   2.878      0.405269
   2.882      0.403014
   2.886      0.400764
   2.890      0.398518
   2.895      0.396275
   2.899      0.394037
   2.903      0.391803
   2.907      0.389573
   2.911      0.387348
   2.915      0.385127
   2.919      0.382910
   2.923      0.380697
   2.927      0.378489
   2.931      0.376285
   2.936      0.374086
   2.940      0.371891
   2.944      0.369701
   2.948      0.367515
   2.952      0.365334
   2.956      0.363158
   2.960      0.360986
   2.964      0.358819
   2.968      0.356657
   2.972      0.354500
   2.977      0.352347
   2.981      0.350199
   2.985      0.348056
   2.989      0.345919
   2.993      0.343786
   2.997      0.341658
   3.001      0.339535
   3.005      0.337417
   3.009      0.335304
   3.013      0.333196
   3.018      0.331094
   3.022      0.328997
   3.026      0.326904
   3.030      0.324817
   3.034      0.322736
   3.038      0.320659
   3.042      0.318588
   3.046      0.316523
   3.050      0.314462
   3.054      0.312408
   3.059      0.310358
   3.063      0.308314
   3.067      0.306275
   3.071      0.304242
   3.075      0.302215
   3.079      0.300193
   3.083      0.298177
   3.087      0.296166
   3.091      0.294161
   3.095      0.292161
   3.100      0.290168
   3.104      0.288180
   3.108      0.286197
   3.112      0.284221
   3.116      0.282250
   3.120      0.280285
   3.124      0.278326
   3.128      0.276373
   3.132      0.274425
   3.136      0.272484
   3.141      0.270548
   3.145      0.268618
   3.149      0.266695
   3.153      0.264777
   3.157      0.262865
   3.161      0.260959
   3.165      0.259060
   3.169      0.257166
   3.173      0.255278
   3.177      0.253397
   3.182      0.251521
   3.186      0.249652
   3.190      0.247789
   3.194      0.245932
   3.198      0.244081
   3.202      0.242237
   3.206      0.240398
   3.210      0.238566
   3.214      0.236740
   3.218      0.234921
   3.223      0.233107
   3.227      0.231300
   3.231      0.229500
   3.235      0.227705
   3.239      0.225917
   3.243      0.224135
   3.247      0.222360
   3.251      0.220591
   3.255      0.218829
   3.259      0.217072
   3.264      0.215323
   3.268      0.213579
   3.272      0.211843
   3.276      0.210112
   3.280      0.208388
   3.284      0.206671
   3.288      0.204960
   3.292      0.203256
   3.296      0.201558
   3.300      0.199867
   3.305      0.198182
   3.309      0.196504
   3.313      0.194833
   3.317      0.193168
   3.321      0.191509
   3.325      0.189858
   3.329      0.188213
   3.333      0.186574
   3.337      0.184942
   3.341      0.183317
   3.346      0.181699
   3.350      0.180087
   3.354      0.178482
   3.358      0.176884
   3.362      0.175292
   3.366      0.173707
   3.370      0.172129
   3.374      0.170557
   3.378      0.168992
   3.382      0.167434
   3.387      0.165883
   3.391      0.164338
   3.395      0.162800
   3.399      0.161269
   3.403      0.159745
   3.407      0.158228
   3.411      0.156717
   3.415      0.155213
   3.419      0.153716
   3.423      0.152226
   3.428      0.150743
   3.432      0.149266
   3.436      0.147797
   3.440      0.146334
   3.444      0.144878
   3.448      0.143429
   3.452      0.141986
   3.456      0.140551
   3.460      0.139123
   3.464      0.137701
   3.469      0.136286
   3.473      0.134878
   3.477      0.133477
   3.481      0.132083
   3.485      0.130696
   3.489      0.129316
   3.493      0.127942
   3.497      0.126576
   3.501      0.125216
   3.505      0.123864
   3.510      0.122518
   3.514      0.121179
   3.518      0.119847
   3.522      0.118522
   3.526      0.117204
   3.530      0.115893
   3.534      0.114589
   3.538      0.113292
   3.542      0.112002
   3.546      0.110718
   3.551      0.109442
   3.555      0.108173
   3.559      0.106910
   3.563      0.105655
   3.567      0.104406
   3.571      0.103165
   3.575      0.101930
   3.579      0.100703
   3.583      0.099482
   3.587      0.098268
   3.592      0.097061
   3.596      0.095862
   3.600      0.094669
   3.604      0.093483
   3.608      0.092304
   3.612      0.091132
   3.616      0.089967
   3.620      0.088809
   3.624      0.087658
   3.628      0.086514
   3.633      0.085377
   3.637      0.084247
   3.641      0.083124
   3.645      0.082008
   3.649      0.080898
   3.653      0.079796
   3.657      0.078701
   3.661      0.077612
   3.665      0.076531
   3.669      0.075457
   3.674      0.074389
   3.678      0.073329
   3.682      0.072275
   3.686      0.071228
   3.690      0.070189
   3.694      0.069156
   3.698      0.068130
   3.702      0.067111
   3.706      0.066100
   3.710      0.065095
   3.715      0.064097
   3.719      0.063106
   3.723      0.062121
   3.727      0.061144
   3.731      0.060174
   3.735      0.059211
   3.739      0.058254
   3.743      0.057305
   3.747      0.056362
   3.751      0.055426
   3.756      0.054498
   3.760      0.053576
   3.764      0.052661
   3.768      0.051753
   3.772      0.050851
   3.776      0.049957
   3.780      0.049070
   3.784      0.048189
   3.788      0.047316
   3.792      0.046449
   3.797      0.045589
   3.801      0.044736
   3.805      0.043890
   3.809      0.043050
   3.813      0.042218
   3.817      0.041392
   3.821      0.040573
   3.825      0.039761
   3.829      0.038956
   3.833      0.038158
   3.838      0.037366
   3.842      0.036582
   3.846      0.035804
   3.850      0.035032
   3.854      0.034268
   3.858      0.033511
   3.862      0.032760
   3.866      0.032016
   3.870      0.031279
   3.874      0.030548
   3.879      0.029824
   3.883      0.029107
   3.887      0.028397
   3.891      0.027694
   3.895      0.026997
   3.899      0.026307
   3.903      0.025623
   3.907      0.024946
   3.911      0.024276
   3.915      0.023613
   3.920      0.022956
   3.924      0.022306
   3.928      0.021663
   3.932      0.021026
   3.936      0.020396
   3.940      0.019772
   3.944      0.019156
   3.948      0.018545
   3.952      0.017941
   3.956      0.017344
   3.961      0.016754
   3.965      0.016169
   3.969      0.015592
   3.973      0.015021
   3.977      0.014456
   3.981      0.013898
   3.985      0.013346
   3.989      0.012801
   3.993      0.012262
   3.997      0.011730
   4.002      0.011204
   4.006      0.010684
   4.010      0.010171
   4.014      0.009664
   4.018      0.009163
   4.022      0.008669
   4.026      0.008181
   4.030      0.007699
   4.034      0.007223
   4.038      0.006753
   4.043      0.006289
   4.047      0.005832
   4.051      0.005380
   4.055      0.004934
   4.059      0.004494
   4.063      0.004060
   4.067      0.003631
   4.071      0.003208
   4.075      0.002791
   4.079      0.002379
   4.084      0.001971
   4.088      0.001569
   4.092      0.001171
   4.096      0.000778
   4.100      0.000388
   4.104      0.000000
