   0.004     -6.960539
   0.008     -6.960173
   0.012     -6.959807
   0.016     -6.959197
   0.020     -6.958344
   0.025     -6.957249
   0.029     -6.955912
   0.033     -6.954333
   0.037     -6.952513
   0.041     -6.950452
   0.045     -6.948150
   0.049     -6.945607
   0.053     -6.942823
   0.057     -6.939798
   0.061     -6.936532
   0.066     -6.933024
   0.070     -6.929274
   0.074     -6.925282
   0.078     -6.921048
   0.082     -6.916570
   0.086     -6.911849
   0.090     -6.906882
   0.094     -6.901671
   0.098     -6.896213
   0.102     -6.890507
   0.107     -6.884554
   0.111     -6.878352
   0.115     -6.871899
   0.119     -6.865195
   0.123     -6.858238
   0.127     -6.851027
   0.131     -6.843560
   0.135     -6.835837
   0.139     -6.827855
   0.143     -6.819613
   0.148     -6.811110
   0.152     -6.802343
   0.156     -6.793312
   0.160     -6.784014
   0.164     -6.774447
   0.168     -6.764610
   0.172     -6.754501
   0.176     -6.744118
   0.180     -6.733458
   0.184     -6.722521
   0.189     -6.711303
   0.193     -6.699804
   0.197     -6.688020
   0.201     -6.675950
   0.205     -6.663593
   0.209     -6.650945
   0.213     -6.638004
   0.217     -6.624770
   0.221     -6.611240
   0.225     -6.597411
   0.230     -6.583283
   0.234     -6.568853
   0.238     -6.554119
   0.242     -6.539080
   0.246     -6.523734
   0.250     -6.508079
   0.254     -6.492114
   0.258     -6.475838
   0.262     -6.459248
   0.266     -6.442344
   0.271     -6.425124
   0.275     -6.407588
   0.279     -6.389734
   0.283     -6.371561
   0.287     -6.353069
   0.291     -6.334258
   0.295     -6.315126
   0.299     -6.295673
   0.303     -6.275899
   0.307     -6.255804
   0.312     -6.235388
   0.316     -6.214651
   0.320     -6.193593
   0.324     -6.172215
   0.328     -6.150518
   0.332     -6.128503
   0.336     -6.106169
   0.340     -6.083519
   0.344     -6.060554
   0.348     -6.037274
   0.353     -6.013682
   0.357     -5.989779
   0.361     -5.965567
   0.365     -5.941048
   0.369     -5.916225
   0.373     -5.891098
   0.377     -5.865671
   0.381     -5.839947
   0.385     -5.813927
   0.389     -5.787615
   0.394     -5.761013
   0.398     -5.734124
   0.402     -5.706952
   0.406     -5.679499
   0.410     -5.651768
   0.414     -5.623764
   0.418     -5.595489
   0.422     -5.566946
   0.426     -5.538140
   0.430     -5.509073
   0.435     -5.479750
   0.439     -5.450173
   0.443     -5.420346
   0.447     -5.390273
   0.451     -5.359957
   0.455     -5.329402
   0.459     -5.298611
   0.463     -5.267588
   0.467     -5.236336
   0.471     -5.204858
   0.476     -5.173159
   0.480     -5.141240
   0.484     -5.109106
   0.488     -5.076760
   0.492     -5.044203
   0.496     -5.011441
   0.500     -4.978474
   0.504     -4.945307
   0.508     -4.911941
   0.512     -4.878380
   0.517     -4.844625
   0.521     -4.810679
   0.525     -4.776545
   0.529     -4.742224
   0.533     -4.707719
   0.537     -4.673032
   0.541     -4.638164
   0.545     -4.603118
   0.549     -4.567895
   0.553     -4.532496
   0.558     -4.496924
   0.562     -4.461180
   0.566     -4.425266
   0.570     -4.389182
   0.574     -4.352931
   0.578     -4.316514
   0.582     -4.279933
   0.586     -4.243188
   0.590     -4.206282
   0.594     -4.169216
   0.599     -4.131991
   0.603     -4.094609
   0.607     -4.057073
   0.611     -4.019383
   0.615     -3.981541
   0.619     -3.943551
   0.623     -3.905413
   0.627     -3.867131
   0.631     -3.828707
   0.635     -3.790142
   0.640     -3.751442
   0.644     -3.712607
   0.648     -3.673642
   0.652     -3.634549
   0.656     -3.595333
   0.660     -3.555998
   0.664     -3.516547
   0.668     -3.476984
   0.672     -3.437315
   0.676     -3.397543
   0.681     -3.357675
   0.685     -3.317715
   0.689     -3.277669
   0.693     -3.237542
   0.697     -3.197340
   0.701     -3.157070
   0.705     -3.116738
   0.709     -3.076350
   0.713     -3.035913
   0.717     -2.995435
   0.722     -2.954922
   0.726     -2.914381
   0.730     -2.873821
   0.734     -2.833249
   0.738     -2.792673
   0.742     -2.752100
   0.746     -2.711538
   0.750     -2.670997
   0.754     -2.630483
   0.758     -2.590006
   0.763     -2.549573
   0.767     -2.509193
   0.771     -2.468874
   0.775     -2.428625
   0.779     -2.388453
   0.783     -2.348368
   0.787     -2.308378
   0.791     -2.268490
   0.795     -2.228714
   0.799     -2.189056
   0.804     -2.149525
   0.808     -2.110129
   0.812     -2.070876
   0.816     -2.031773
   0.820     -1.992827
   0.824     -1.954047
   0.828     -1.915438
   0.832     -1.877008
   0.836     -1.838765
   0.840     -1.800713
   0.845     -1.762860
   0.849     -1.725212
   0.853     -1.687775
   0.857     -1.650554
   0.861     -1.613555
   0.865     -1.576784
   0.869     -1.540246
   0.873     -1.503945
   0.877     -1.467886
   0.881     -1.432074
   0.886     -1.396512
   0.890     -1.361205
   0.894     -1.326157
   0.898     -1.291372
   0.902     -1.256851
   0.906     -1.222600
   0.910     -1.188620
   0.914     -1.154915
   0.918     -1.121487
   0.922     -1.088339
   0.927     -1.055472
   0.931     -1.022889
   0.935     -0.990592
   0.939     -0.958582
   0.943     -0.926860
   0.947     -0.895429
   0.951     -0.864289
   0.955     -0.833442
   0.959     -0.802888
   0.963     -0.772628
   0.968     -0.742663
   0.972     -0.712993
   0.976     -0.683619
   0.980     -0.654541
   0.984     -0.625759
   0.988     -0.597273
   0.992     -0.569084
   0.996     -0.541190
   1.000     -0.513592
   1.004     -0.486289
   1.009     -0.459282
   1.013     -0.432569
   1.017     -0.406150
   1.021     -0.380024
   1.025     -0.354191
   1.029     -0.328649
   1.033     -0.303399
   1.037     -0.278439
   1.041     -0.253768
   1.045     -0.229384
   1.050     -0.205288
   1.054     -0.181478
   1.058     -0.157953
   1.062     -0.134711
   1.066     -0.111752
   1.070     -0.089073
   1.074     -0.066674
   1.078     -0.044554
   1.082     -0.022710
   1.086     -0.001142
   1.091      0.020152
   1.095      0.041174
   1.099      0.061924
   1.103      0.082405
   1.107      0.102618
   1.111      0.122565
   1.115      0.142247
   1.119      0.161666
   1.123      0.180824
   1.127      0.199722
   1.132      0.218361
   1.136      0.236745
   1.140      0.254873
   1.144      0.272749
   1.148      0.290374
   1.152      0.307749
   1.156      0.324877
   1.160      0.341759
   1.164      0.358396
   1.168      0.374792
   1.173      0.390947
   1.177      0.406863
   1.181      0.422542
   1.185      0.437987
   1.189      0.453198
   1.193      0.468178
   1.197      0.482929
   1.201      0.497452
   1.205      0.511749
   1.209      0.525822
   1.214      0.539673
   1.218      0.553304
   1.222      0.566717
   1.226      0.579913
   1.230      0.592894
   1.234      0.605663
   1.238      0.618220
   1.242      0.630569
   1.246      0.642710
   1.250      0.654646
   1.255      0.666378
   1.259      0.677908
   1.263      0.689238
   1.267      0.700371
   1.271      0.711307
   1.275      0.722048
   1.279      0.732597
   1.283      0.742955
   1.287      0.753124
   1.291      0.763106
   1.296      0.772902
   1.300      0.782515
   1.304      0.791945
   1.308      0.801196
   1.312      0.810268
   1.316      0.819164
   1.320      0.827884
   1.324      0.836432
   1.328      0.844808
   1.332      0.853015
   1.337      0.861053
   1.341      0.868926
   1.345      0.876633
   1.349      0.884178
   1.353      0.891562
   1.357      0.898786
   1.361      0.905853
   1.365      0.912763
   1.369      0.919519
   1.373      0.926122
   1.378      0.932573
   1.382      0.938875
   1.386      0.945029
   1.390      0.951036
   1.394      0.956899
   1.398      0.962618
   1.402      0.968196
   1.406      0.973633
   1.410      0.978932
   1.414      0.984093
   1.419      0.989119
   1.423      0.994011
   1.427      0.998770
   1.431      1.003399
   1.435      1.007897
   1.439      1.012268
   1.443      1.016512
   1.447      1.020631
   1.451      1.024626
   1.455      1.028498
   1.460      1.032250
   1.464      1.035883
   1.468      1.039397
   1.472      1.042794
   1.476      1.046076
   1.480      1.049245
   1.484      1.052300
   1.488      1.055244
   1.492      1.058079
   1.496      1.060804
   1.501      1.063423
   1.505      1.065935
   1.509      1.068343
   1.513      1.070647
   1.517      1.072850
   1.521      1.074951
   1.525      1.076952
   1.529      1.078856
   1.533      1.080662
   1.537      1.082372
   1.542      1.083987
   1.546      1.085509
   1.550      1.086938
   1.554      1.088276
   1.558      1.089525
   1.562      1.090684
   1.566      1.091756
   1.570      1.092741
   1.574      1.093640
   1.578      1.094455
   1.583      1.095187
   1.587      1.095837
   1.591      1.096406
   1.595      1.096895
   1.599      1.097304
   1.603      1.097636
   1.607      1.097892
   1.611      1.098071
   1.615      1.098176
   1.619      1.098207
   1.624      1.098165
   1.628      1.098051
   1.632      1.097867
   1.636      1.097613
   1.640      1.097291
   1.644      1.096900
   1.648      1.096443
   1.652      1.095919
   1.656      1.095331
   1.660      1.094679
   1.665      1.093963
   1.669      1.093185
   1.673      1.092346
   1.677      1.091447
   1.681      1.090488
   1.685      1.089470
   1.689      1.088394
   1.693      1.087262
   1.697      1.086073
   1.701      1.084829
   1.706      1.083531
   1.710      1.082179
   1.714      1.080774
   1.718      1.079317
   1.722      1.077809
   1.726      1.076250
   1.730      1.074642
   1.734      1.072985
   1.738      1.071280
   1.742      1.069527
   1.747      1.067728
   1.751      1.065883
   1.755      1.063993
   1.759      1.062059
   1.763      1.060081
   1.767      1.058060
   1.771      1.055997
   1.775      1.053892
   1.779      1.051746
   1.783      1.049560
   1.788      1.047335
   1.792      1.045071
   1.796      1.042769
   1.800      1.040429
   1.804      1.038052
   1.808      1.035638
   1.812      1.033189
   1.816      1.030706
   1.820      1.028187
   1.824      1.025636
   1.829      1.023051
   1.833      1.020433
   1.837      1.017784
   1.841      1.015103
   1.845      1.012391
   1.849      1.009649
   1.853      1.006878
   1.857      1.004078
   1.861      1.001249
   1.865      0.998392
   1.870      0.995508
   1.874      0.992597
   1.878      0.989660
   1.882      0.986696
   1.886      0.983708
   1.890      0.980695
   1.894      0.977657
   1.898      0.974596
   1.902      0.971512
   1.906      0.968405
   1.911      0.965275
   1.915      0.962124
   1.919      0.958952
   1.923      0.955758
   1.927      0.952545
   1.931      0.949311
   1.935      0.946058
   1.939      0.942786
   1.943      0.939495
   1.947      0.936187
   1.952      0.932860
   1.956      0.929517
   1.960      0.926156
   1.964      0.922779
   1.968      0.919386
   1.972      0.915978
   1.976      0.912554
   1.980      0.909116
   1.984      0.905663
   1.988      0.902196
   1.993      0.898716
   1.997      0.895222
   2.001      0.891716
   2.005      0.888197
   2.009      0.884666
   2.013      0.881123
   2.017      0.877569
   2.021      0.874004
   2.025      0.870428
   2.029      0.866842
   2.034      0.863246
   2.038      0.859640
   2.042      0.856025
   2.046      0.852401
   2.050      0.848768
   2.054      0.845128
   2.058      0.841479
   2.062      0.837822
   2.066      0.834158
   2.070      0.830487
   2.075      0.826809
   2.079      0.823125
   2.083      0.819435
   2.087      0.815738
   2.091      0.812036
   2.095      0.808329
   2.099      0.804617
   2.103      0.800900
   2.107      0.797179
   2.111      0.793454
   2.116      0.789724
   2.120      0.785991
   2.124      0.782255
   2.128      0.778515
   2.132      0.774773
   2.136      0.771028
   2.140      0.767280
   2.144      0.763531
   2.148      0.759779
   2.152      0.756026
   2.157      0.752272
   2.161      0.748516
   2.165      0.744759
   2.169      0.741002
   2.173      0.737244
   2.177      0.733486
   2.181      0.729728
   2.185      0.725970
   2.189      0.722213
   2.193      0.718456
   2.198      0.714699
   2.202      0.710944
   2.206      0.707190
   2.210      0.703438
   2.214      0.699687
   2.218      0.695937
   2.222      0.692190
   2.226      0.688445
   2.230      0.684703
   2.234      0.680962
   2.239      0.677225
   2.243      0.673491
   2.247      0.669759
   2.251      0.666031
   2.255      0.662306
   2.259      0.658585
   2.263      0.654868
   2.267      0.651154
   2.271      0.647445
   2.275      0.643740
   2.280      0.640039
   2.284      0.636343
   2.288      0.632651
   2.292      0.628965
   2.296      0.625283
   2.300      0.621607
   2.304      0.617936
   2.308      0.614270
   2.312      0.610610
   2.316      0.606955
   2.321      0.603307
   2.325      0.599665
   2.329      0.596028
   2.333      0.592398
   2.337      0.588774
   2.341      0.585157
   2.345      0.581547
   2.349      0.577943
   2.353      0.574346
   2.357      0.570756
   2.362      0.567173
   2.366      0.563598
   2.370      0.560029
   2.374      0.556469
   2.378      0.552916
   2.382      0.549370
   2.386      0.545832
   2.390      0.542303
   2.394      0.538781
   2.398      0.535267
   2.403      0.531762
   2.407      0.528264
   2.411      0.524776
   2.415      0.521295
   2.419      0.517824
   2.423      0.514361
   2.427      0.510906
   2.431      0.507461
   2.435      0.504024
   2.439      0.500597
   2.444      0.497179
   2.448      0.493770
   2.452      0.490370
   2.456      0.486979
   2.460      0.483598
   2.464      0.480227
   2.468      0.476865
   2.472      0.473513
   2.476      0.470170
   2.480      0.466838
   2.485      0.463515
   2.489      0.460202
   2.493      0.456900
   2.497      0.453607
   2.501      0.450325
   2.505      0.447053
   2.509      0.443791
   2.513      0.440539
   2.517      0.437298
   2.521      0.434068
   2.526      0.430848
   2.530      0.427638
   2.534      0.424439
   2.538      0.421251
   2.542      0.418074
   2.546      0.414908
   2.550      0.411752
   2.554      0.408607
   2.558      0.405474
   2.562      0.402351
   2.567      0.399240
   2.571      0.396139
   2.575      0.393050
   2.579      0.389972
   2.583      0.386905
   2.587      0.383850
   2.591      0.380806
   2.595      0.377773
   2.599      0.374752
   2.603      0.371743
   2.608      0.368744
   2.612      0.365758
   2.616      0.362783
   2.620      0.359819
   2.624      0.356868
   2.628      0.353928
   2.632      0.350999
   2.636      0.348083
   2.640      0.345178
   2.644      0.342285
   2.649      0.339404
   2.653      0.336535
   2.657      0.333678
   2.661      0.330833
   2.665      0.328000
   2.669      0.325178
   2.673      0.322369
   2.677      0.319572
   2.681      0.316787
   2.685      0.314014
   2.690      0.311253
   2.694      0.308505
   2.698      0.305768
   2.702      0.303044
   2.706      0.300332
   2.710      0.297633
   2.714      0.294945
   2.718      0.292270
   2.722      0.289607
   2.726      0.286956
   2.731      0.284318
   2.735      0.281692
   2.739      0.279079
   2.743      0.276478
   2.747      0.273889
   2.751      0.271313
   2.755      0.268749
   2.759      0.266197
   2.763      0.263658
   2.767      0.261132
   2.772      0.258618
   2.776      0.256116
   2.780      0.253627
   2.784      0.251151
   2.788      0.248687
   2.792      0.246235
   2.796      0.243796
   2.800      0.241370
   2.804      0.238956
   2.808      0.236554
   2.813      0.234166
   2.817      0.231790
   2.821      0.229426
   2.825      0.227075
   2.829      0.224736
   2.833      0.222411
   2.837      0.220097
   2.841      0.217797
   2.845      0.215509
   2.849      0.213233
   2.854      0.210970
   2.858      0.208720
   2.862      0.206482
   2.866      0.204257
   2.870      0.202045
   2.874      0.199845
   2.878      0.197658
   2.882      0.195483
   2.886      0.193321
   2.890      0.191172
   2.895      0.189035
   2.899      0.186911
   2.903      0.184800
   2.907      0.182701
   2.911      0.180614
   2.915      0.178541
   2.919      0.176480
   2.923      0.174431
   2.927      0.172395
   2.931      0.170372
   2.936      0.168361
   2.940      0.166363
   2.944      0.164377
   2.948      0.162404
   2.952      0.160443
   2.956      0.158495
   2.960      0.156560
   2.964      0.154637
   2.968      0.152726
   2.972      0.150829
   2.977      0.148943
   2.981      0.147070
   2.985      0.145210
   2.989      0.143362
   2.993      0.141527
   2.997      0.139704
   3.001      0.137894
   3.005      0.136096
   3.009      0.134310
   3.013      0.132537
   3.018      0.130777
   3.022      0.129028
   3.026      0.127293
   3.030      0.125569
   3.034      0.123858
   3.038      0.122160
   3.042      0.120473
   3.046      0.118800
   3.050      0.117138
   3.054      0.115489
   3.059      0.113852
   3.063      0.112228
   3.067      0.110616
   3.071      0.109016
   3.075      0.107428
   3.079      0.105853
   3.083      0.104290
   3.087      0.102739
   3.091      0.101200
   3.095      0.099674
   3.100      0.098160
   3.104      0.096658
   3.108      0.095168
   3.112      0.093691
   3.116      0.092225
   3.120      0.090772
   3.124      0.089331
   3.128      0.087902
   3.132      0.086485
   3.136      0.085081
   3.141      0.083688
   3.145      0.082307
   3.149      0.080939
   3.153      0.079582
   3.157      0.078238
   3.161      0.076905
   3.165      0.075585
   3.169      0.074277
   3.173      0.072980
   3.177      0.071696
   3.182      0.070423
   3.186      0.069162
   3.190      0.067914
   3.194      0.066677
   3.198      0.065452
   3.202      0.064239
   3.206      0.063037
   3.210      0.061848
   3.214      0.060670
   3.218      0.059505
   3.223      0.058351
   3.227      0.057209
   3.231      0.056078
   3.235      0.054960
   3.239      0.053853
   3.243      0.052757
   3.247      0.051674
   3.251      0.050602
   3.255      0.049542
   3.259      0.048494
   3.264      0.047457
   3.268      0.046431
   3.272      0.045418
   3.276      0.044416
   3.280      0.043425
   3.284      0.042447
   3.288      0.041479
   3.292      0.040523
   3.296      0.039579
   3.300      0.038646
   3.305      0.037725
   3.309      0.036815
   3.313      0.035917
   3.317      0.035030
   3.321      0.034154
   3.325      0.033290
   3.329      0.032437
   3.333      0.031596
   3.337      0.030766
   3.341      0.029947
   3.346      0.029140
   3.350      0.028344
   3.354      0.027559
   3.358      0.026785
   3.362      0.026023
   3.366      0.025272
   3.370      0.024532
   3.374      0.023803
   3.378      0.023086
   3.382      0.022379
   3.387      0.021684
   3.391      0.021000
   3.395      0.020327
   3.399      0.019665
   3.403      0.019014
   3.407      0.018374
   3.411      0.017745
   3.415      0.017128
   3.419      0.016521
   3.423      0.015925
   3.428      0.015340
   3.432      0.014766
   3.436      0.014202
   3.440      0.013650
   3.444      0.013109
   3.448      0.012578
   3.452      0.012058
   3.456      0.011549
   3.460      0.011051
   3.464      0.010563
   3.469      0.010086
   3.473      0.009620
   3.477      0.009164
   3.481      0.008719
   3.485      0.008285
   3.489      0.007861
   3.493      0.007448
   3.497      0.007045
   3.501      0.006652
   3.505      0.006270
   3.510      0.005898
   3.514      0.005537
   3.518      0.005186
   3.522      0.004845
   3.526      0.004514
   3.530      0.004193
   3.534      0.003882
   3.538      0.003582
   3.542      0.003291
   3.546      0.003010
   3.551      0.002738
   3.555      0.002476
   3.559      0.002224
   3.563      0.001981
   3.567      0.001747
   3.571      0.001522
   3.575      0.001306
   3.579      0.001098
   3.583      0.000898
   3.587      0.000706
   3.592      0.000521
   3.596      0.000343
   3.600      0.000170
   3.604      0.000000
