   0.004      2.473063
   0.008      2.473295
   0.012      2.473528
   0.016      2.473915
   0.020      2.474457
   0.025      2.475155
   0.029      2.476010
   0.033      2.477021
   0.037      2.478189
   0.041      2.479515
   0.045      2.480998
   0.049      2.482641
   0.053      2.484442
   0.057      2.486403
   0.061      2.488525
   0.066      2.490806
   0.070      2.493249
   0.074      2.495853
   0.078      2.498618
   0.082      2.501546
   0.086      2.504636
   0.090      2.507889
   0.094      2.511305
   0.098      2.514885
   0.102      2.518628
   0.107      2.522534
   0.111      2.526605
   0.115      2.530839
   0.119      2.535238
   0.123      2.539800
   0.127      2.544526
   0.131      2.549416
   0.135      2.554469
   0.139      2.559686
   0.143      2.565066
   0.148      2.570608
   0.152      2.576313
   0.156      2.582180
   0.160      2.588208
   0.164      2.594396
   0.168      2.600744
   0.172      2.607251
   0.176      2.613917
   0.180      2.620740
   0.184      2.627719
   0.189      2.634853
   0.193      2.642140
   0.197      2.649581
   0.201      2.657172
   0.205      2.664913
   0.209      2.672802
   0.213      2.680837
   0.217      2.689016
   0.221      2.697338
   0.225      2.705800
   0.230      2.714400
   0.234      2.723136
   0.238      2.732006
   0.242      2.741006
   0.246      2.750135
   0.250      2.759389
   0.254      2.768765
   0.258      2.778262
   0.262      2.787874
   0.266      2.797599
   0.271      2.807435
   0.275      2.817375
   0.279      2.827419
   0.283      2.837560
   0.287      2.847796
   0.291      2.858123
   0.295      2.868535
   0.299      2.879029
   0.303      2.889600
   0.307      2.900243
   0.312      2.910954
   0.316      2.921727
   0.320      2.932558
   0.324      2.943441
   0.328      2.954371
   0.332      2.965341
   0.336      2.976348
   0.340      2.987384
   0.344      2.998443
   0.348      3.009521
   0.353      3.020610
   0.357      3.031705
   0.361      3.042798
   0.365      3.053884
   0.369      3.064955
   0.373      3.076005
   0.377      3.087028
   0.381      3.098015
   0.385      3.108961
   0.389      3.119858
   0.394      3.130698
   0.398      3.141475
   0.402      3.152181
   0.406      3.162810
   0.410      3.173352
   0.414      3.183802
   0.418      3.194151
   0.422      3.204392
   0.426      3.214517
   0.430      3.224519
   0.435      3.234391
   0.439      3.244124
   0.443      3.253712
   0.447      3.263147
   0.451      3.272420
   0.455      3.281526
   0.459      3.290457
   0.463      3.299205
   0.467      3.307763
   0.471      3.316124
   0.476      3.324282
   0.480      3.332229
   0.484      3.339959
   0.488      3.347464
   0.492      3.354739
   0.496      3.361778
   0.500      3.368574
   0.504      3.375121
   0.508      3.381413
   0.512      3.387446
   0.517      3.393213
   0.521      3.398709
   0.525      3.403930
   0.529      3.408870
   0.533      3.413526
   0.537      3.417892
   0.541      3.421966
   0.545      3.425743
   0.549      3.429219
   0.553      3.432392
   0.558      3.435259
   0.562      3.437817
   0.566      3.440063
   0.570      3.441996
   0.574      3.443613
   0.578      3.444913
   0.582      3.445896
   0.586      3.446559
   0.590      3.446902
   0.594      3.446925
   0.599      3.446627
   0.603      3.446010
   0.607      3.445072
   0.611      3.443816
   0.615      3.442241
   0.619      3.440350
   0.623      3.438143
   0.627      3.435623
   0.631      3.432792
   0.635      3.429651
   0.640      3.426204
   0.644      3.422453
   0.648      3.418401
   0.652      3.414052
   0.656      3.409408
   0.660      3.404473
   0.664      3.399252
   0.668      3.393748
   0.672      3.387966
   0.676      3.381908
   0.681      3.375582
   0.685      3.368990
   0.689      3.362137
   0.693      3.355029
   0.697      3.347670
   0.701      3.340066
   0.705      3.332222
   0.709      3.324142
   0.713      3.315833
   0.717      3.307300
   0.722      3.298548
   0.726      3.289583
   0.730      3.280410
   0.734      3.271035
   0.738      3.261464
   0.742      3.251701
   0.746      3.241754
   0.750      3.231626
   0.754      3.221325
   0.758      3.210855
   0.763      3.200222
   0.767      3.189431
   0.771      3.178488
   0.775      3.167399
   0.779      3.156168
   0.783      3.144801
   0.787      3.133303
   0.791      3.121680
   0.795      3.109936
   0.799      3.098076
   0.804      3.086105
   0.808      3.074029
   0.812      3.061851
   0.816      3.049577
   0.820      3.037210
   0.824      3.024757
   0.828      3.012220
   0.832      2.999604
   0.836      2.986914
   0.840      2.974153
   0.845      2.961326
   0.849      2.948435
   0.853      2.935486
   0.857      2.922482
   0.861      2.909426
   0.865      2.896322
   0.869      2.883174
   0.873      2.869984
   0.877      2.856755
   0.881      2.843492
   0.886      2.830197
   0.890      2.816873
   0.894      2.803523
   0.898      2.790149
   0.902      2.776755
   0.906      2.763343
   0.910      2.749915
   0.914      2.736474
   0.918      2.723022
   0.922      2.709563
   0.927      2.696097
   0.931      2.682627
   0.935      2.669156
   0.939      2.655684
   0.943      2.642215
   0.947      2.628750
   0.951      2.615291
   0.955      2.601840
   0.959      2.588398
   0.963      2.574967
   0.968      2.561549
   0.972      2.548146
   0.976      2.534758
   0.980      2.521388
   0.984      2.508036
   0.988      2.494705
   0.992      2.481395
   0.996      2.468108
   1.000      2.454845
   1.004      2.441607
   1.009      2.428395
   1.013      2.415211
   1.017      2.402056
   1.021      2.388930
   1.025      2.375835
   1.029      2.362772
   1.033      2.349741
   1.037      2.336744
   1.041      2.323781
   1.045      2.310854
   1.050      2.297962
   1.054      2.285108
   1.058      2.272291
   1.062      2.259513
   1.066      2.246773
   1.070      2.234074
   1.074      2.221415
   1.078      2.208797
   1.082      2.196221
   1.086      2.183687
   1.091      2.171196
   1.095      2.158749
   1.099      2.146346
   1.103      2.133987
   1.107      2.121673
   1.111      2.109404
   1.115      2.097182
   1.119      2.085006
   1.123      2.072876
   1.127      2.060794
   1.132      2.048759
   1.136      2.036772
   1.140      2.024833
   1.144      2.012943
   1.148      2.001102
   1.152      1.989309
   1.156      1.977566
   1.160      1.965873
   1.164      1.954230
   1.168      1.942637
   1.173      1.931094
   1.177      1.919602
   1.181      1.908161
   1.185      1.896770
   1.189      1.885431
   1.193      1.874143
   1.197      1.862907
   1.201      1.851722
   1.205      1.840589
   1.209      1.829507
   1.214      1.818478
   1.218      1.807500
   1.222      1.796575
   1.226      1.785702
   1.230      1.774881
   1.234      1.764113
   1.238      1.753397
   1.242      1.742733
   1.246      1.732121
   1.250      1.721563
   1.255      1.711056
   1.259      1.700602
   1.263      1.690201
   1.267      1.679852
   1.271      1.669555
   1.275      1.659311
   1.279      1.649120
   1.283      1.638980
   1.287      1.628893
   1.291      1.618859
   1.296      1.608876
   1.300      1.598946
   1.304      1.589068
   1.308      1.579241
   1.312      1.569467
   1.316      1.559745
   1.320      1.550074
   1.324      1.540455
   1.328      1.530888
   1.332      1.521373
   1.337      1.511908
   1.341      1.502495
   1.345      1.493133
   1.349      1.483822
   1.353      1.474563
   1.357      1.465354
   1.361      1.456195
   1.365      1.447087
   1.369      1.438030
   1.373      1.429023
   1.378      1.420066
   1.382      1.411159
   1.386      1.402302
   1.390      1.393494
   1.394      1.384737
   1.398      1.376028
   1.402      1.367369
   1.406      1.358759
   1.410      1.350197
   1.414      1.341685
   1.419      1.333221
   1.423      1.324805
   1.427      1.316438
   1.431      1.308118
   1.435      1.299847
   1.439      1.291623
   1.443      1.283447
   1.447      1.275318
   1.451      1.267236
   1.455      1.259202
   1.460      1.251214
   1.464      1.243272
   1.468      1.235377
   1.472      1.227528
   1.476      1.219726
   1.480      1.211969
   1.484      1.204257
   1.488      1.196592
   1.492      1.188971
   1.496      1.181395
   1.501      1.173865
   1.505      1.166379
   1.509      1.158937
   1.513      1.151540
   1.517      1.144186
   1.521      1.136877
   1.525      1.129611
   1.529      1.122389
   1.533      1.115209
   1.537      1.108073
   1.542      1.100980
   1.546      1.093929
   1.550      1.086921
   1.554      1.079955
   1.558      1.073031
   1.562      1.066149
   1.566      1.059308
   1.570      1.052509
   1.574      1.045751
   1.578      1.039034
   1.583      1.032358
   1.587      1.025722
   1.591      1.019127
   1.595      1.012572
   1.599      1.006057
   1.603      0.999581
   1.607      0.993145
   1.611      0.986749
   1.615      0.980391
   1.619      0.974073
   1.624      0.967793
   1.628      0.961552
   1.632      0.955349
   1.636      0.949184
   1.640      0.943057
   1.644      0.936968
   1.648      0.930916
   1.652      0.924902
   1.656      0.918925
   1.660      0.912984
   1.665      0.907080
   1.669      0.901213
   1.673      0.895382
   1.677      0.889587
   1.681      0.883828
   1.685      0.878105
   1.689      0.872417
   1.693      0.866764
   1.697      0.861147
   1.701      0.855564
   1.706      0.850016
   1.710      0.844503
   1.714      0.839023
   1.718      0.833578
   1.722      0.828167
   1.726      0.822790
   1.730      0.817446
   1.734      0.812135
   1.738      0.806858
   1.742      0.801613
   1.747      0.796402
   1.751      0.791222
   1.755      0.786076
   1.759      0.780961
   1.763      0.775878
   1.767      0.770827
   1.771      0.765808
   1.775      0.760820
   1.779      0.755864
   1.783      0.750938
   1.788      0.746044
   1.792      0.741180
   1.796      0.736347
   1.800      0.731543
   1.804      0.726770
   1.808      0.722027
   1.812      0.717314
   1.816      0.712631
   1.820      0.707976
   1.824      0.703352
   1.829      0.698756
   1.833      0.694189
   1.837      0.689651
   1.841      0.685141
   1.845      0.680660
   1.849      0.676207
   1.853      0.671782
   1.857      0.667384
   1.861      0.663015
   1.865      0.658673
   1.870      0.654358
   1.874      0.650071
   1.878      0.645811
   1.882      0.641577
   1.886      0.637371
   1.890      0.633190
   1.894      0.629036
   1.898      0.624909
   1.902      0.620807
   1.906      0.616731
   1.911      0.612681
   1.915      0.608657
   1.919      0.604658
   1.923      0.600684
   1.927      0.596735
   1.931      0.592811
   1.935      0.588912
   1.939      0.585038
   1.943      0.581188
   1.947      0.577362
   1.952      0.573561
   1.956      0.569783
   1.960      0.566030
   1.964      0.562300
   1.968      0.558593
   1.972      0.554911
   1.976      0.551251
   1.980      0.547614
   1.984      0.544001
   1.988      0.540410
   1.993      0.536842
   1.997      0.533296
   2.001      0.529773
   2.005      0.526272
   2.009      0.522793
   2.013      0.519337
   2.017      0.515902
   2.021      0.512488
   2.025      0.509097
   2.029      0.505726
   2.034      0.502377
   2.038      0.499049
   2.042      0.495742
   2.046      0.492456
   2.050      0.489191
   2.054      0.485946
   2.058      0.482722
   2.062      0.479518
   2.066      0.476335
   2.070      0.473171
   2.075      0.470027
   2.079      0.466904
   2.083      0.463800
   2.087      0.460715
   2.091      0.457650
   2.095      0.454604
   2.099      0.451578
   2.103      0.448570
   2.107      0.445582
   2.111      0.442612
   2.116      0.439661
   2.120      0.436729
   2.124      0.433815
   2.128      0.430919
   2.132      0.428042
   2.136      0.425182
   2.140      0.422341
   2.144      0.419518
   2.148      0.416712
   2.152      0.413924
   2.157      0.411154
   2.161      0.408401
   2.165      0.405665
   2.169      0.402946
   2.173      0.400245
   2.177      0.397560
   2.181      0.394893
   2.185      0.392242
   2.189      0.389607
   2.193      0.386990
   2.198      0.384388
   2.202      0.381803
   2.206      0.379234
   2.210      0.376682
   2.214      0.374145
   2.218      0.371624
   2.222      0.369119
   2.226      0.366630
   2.230      0.364156
   2.234      0.361697
   2.239      0.359254
   2.243      0.356827
   2.247      0.354414
   2.251      0.352017
   2.255      0.349634
   2.259      0.347267
   2.263      0.344914
   2.267      0.342576
   2.271      0.340252
   2.275      0.337943
   2.280      0.335649
   2.284      0.333368
   2.288      0.331102
   2.292      0.328850
   2.296      0.326612
   2.300      0.324388
   2.304      0.322178
   2.308      0.319981
   2.312      0.317798
   2.316      0.315629
   2.321      0.313473
   2.325      0.311331
   2.329      0.309201
   2.333      0.307085
   2.337      0.304983
   2.341      0.302893
   2.345      0.300816
   2.349      0.298752
   2.353      0.296701
   2.357      0.294662
   2.362      0.292636
   2.366      0.290623
   2.370      0.288622
   2.374      0.286633
   2.378      0.284657
   2.382      0.282693
   2.386      0.280741
   2.390      0.278801
   2.394      0.276873
   2.398      0.274956
   2.403      0.273052
   2.407      0.271159
   2.411      0.269278
   2.415      0.267409
   2.419      0.265551
   2.423      0.263704
   2.427      0.261869
   2.431      0.260045
   2.435      0.258232
   2.439      0.256430
   2.444      0.254639
   2.448      0.252860
   2.452      0.251091
   2.456      0.249333
   2.460      0.247585
   2.464      0.245849
   2.468      0.244122
   2.472      0.242407
   2.476      0.240702
   2.480      0.239007
   2.485      0.237323
   2.489      0.235648
   2.493      0.233984
   2.497      0.232330
   2.501      0.230686
   2.505      0.229053
   2.509      0.227429
   2.513      0.225814
   2.517      0.224210
   2.521      0.222615
   2.526      0.221030
   2.530      0.219455
   2.534      0.217889
   2.538      0.216332
   2.542      0.214785
   2.546      0.213247
   2.550      0.211719
   2.554      0.210199
   2.558      0.208689
   2.562      0.207188
   2.567      0.205695
   2.571      0.204212
   2.575      0.202738
   2.579      0.201272
   2.583      0.199816
   2.587      0.198367
   2.591      0.196928
   2.595      0.195497
   2.599      0.194075
   2.603      0.192661
   2.608      0.191256
   2.612      0.189859
   2.616      0.188470
   2.620      0.187089
   2.624      0.185717
   2.628      0.184353
   2.632      0.182997
   2.636      0.181648
   2.640      0.180308
   2.644      0.178976
   2.649      0.177652
   2.653      0.176335
   2.657      0.175026
   2.661      0.173725
   2.665      0.172432
   2.669      0.171146
   2.673      0.169867
   2.677      0.168596
   2.681      0.167333
   2.685      0.166077
   2.690      0.164828
   2.694      0.163587
   2.698      0.162353
   2.702      0.161126
   2.706      0.159906
   2.710      0.158693
   2.714      0.157487
   2.718      0.156288
   2.722      0.155096
   2.726      0.153912
   2.731      0.152733
   2.735      0.151562
   2.739      0.150398
   2.743      0.149240
   2.747      0.148089
   2.751      0.146944
   2.755      0.145806
   2.759      0.144674
   2.763      0.143549
   2.767      0.142431
   2.772      0.141319
   2.776      0.140213
   2.780      0.139113
   2.784      0.138020
   2.788      0.136933
   2.792      0.135852
   2.796      0.134777
   2.800      0.133708
   2.804      0.132645
   2.808      0.131589
   2.813      0.130538
   2.817      0.129493
   2.821      0.128454
   2.825      0.127421
   2.829      0.126393
   2.833      0.125372
   2.837      0.124356
   2.841      0.123345
   2.845      0.122341
   2.849      0.121342
   2.854      0.120348
   2.858      0.119360
   2.862      0.118377
   2.866      0.117400
   2.870      0.116429
   2.874      0.115462
   2.878      0.114501
   2.882      0.113545
   2.886      0.112595
   2.890      0.111649
   2.895      0.110709
   2.899      0.109774
   2.903      0.108844
   2.907      0.107919
   2.911      0.106999
   2.915      0.106084
   2.919      0.105174
   2.923      0.104269
   2.927      0.103368
   2.931      0.102473
   2.936      0.101582
   2.940      0.100696
   2.944      0.099815
   2.948      0.098939
   2.952      0.098067
   2.956      0.097200
   2.960      0.096337
   2.964      0.095479
   2.968      0.094626
   2.972      0.093777
   2.977      0.092932
   2.981      0.092092
   2.985      0.091257
   2.989      0.090425
   2.993      0.089598
   2.997      0.088776
   3.001      0.087957
   3.005      0.087143
   3.009      0.086333
   3.013      0.085527
   3.018      0.084725
   3.022      0.083928
   3.026      0.083134
   3.030      0.082345
   3.034      0.081560
   3.038      0.080778
   3.042      0.080001
   3.046      0.079227
   3.050      0.078458
   3.054      0.077692
   3.059      0.076930
   3.063      0.076172
   3.067      0.075417
   3.071      0.074667
   3.075      0.073920
   3.079      0.073177
   3.083      0.072437
   3.087      0.071702
   3.091      0.070969
   3.095      0.070241
   3.100      0.069516
   3.104      0.068794
   3.108      0.068076
   3.112      0.067361
   3.116      0.066650
   3.120      0.065943
   3.124      0.065238
   3.128      0.064537
   3.132      0.063840
   3.136      0.063146
   3.141      0.062455
   3.145      0.061767
   3.149      0.061082
   3.153      0.060401
   3.157      0.059723
   3.161      0.059048
   3.165      0.058376
   3.169      0.057708
   3.173      0.057042
   3.177      0.056379
   3.182      0.055720
   3.186      0.055063
   3.190      0.054410
   3.194      0.053759
   3.198      0.053112
   3.202      0.052467
   3.206      0.051825
   3.210      0.051186
   3.214      0.050550
   3.218      0.049917
   3.223      0.049286
   3.227      0.048659
   3.231      0.048034
   3.235      0.047412
   3.239      0.046792
   3.243      0.046175
   3.247      0.045561
   3.251      0.044949
   3.255      0.044340
   3.259      0.043734
   3.264      0.043130
   3.268      0.042529
   3.272      0.041930
   3.276      0.041334
   3.280      0.040740
   3.284      0.040149
   3.288      0.039560
   3.292      0.038974
   3.296      0.038390
   3.300      0.037808
   3.305      0.037229
   3.309      0.036652
   3.313      0.036077
   3.317      0.035505
   3.321      0.034935
   3.325      0.034367
   3.329      0.033802
   3.333      0.033238
   3.337      0.032677
   3.341      0.032118
   3.346      0.031561
   3.350      0.031006
   3.354      0.030454
   3.358      0.029903
   3.362      0.029355
   3.366      0.028808
   3.370      0.028264
   3.374      0.027721
   3.378      0.027181
   3.382      0.026643
   3.387      0.026106
   3.391      0.025572
   3.395      0.025039
   3.399      0.024508
   3.403      0.023979
   3.407      0.023452
   3.411      0.022927
   3.415      0.022404
   3.419      0.021882
   3.423      0.021363
   3.428      0.020845
   3.432      0.020329
   3.436      0.019814
   3.440      0.019301
   3.444      0.018790
   3.448      0.018281
   3.452      0.017773
   3.456      0.017267
   3.460      0.016763
   3.464      0.016260
   3.469      0.015758
   3.473      0.015259
   3.477      0.014761
   3.481      0.014264
   3.485      0.013769
   3.489      0.013275
   3.493      0.012783
   3.497      0.012293
   3.501      0.011804
   3.505      0.011316
   3.510      0.010830
   3.514      0.010345
   3.518      0.009861
   3.522      0.009379
   3.526      0.008898
   3.530      0.008419
   3.534      0.007941
   3.538      0.007464
   3.542      0.006988
   3.546      0.006514
   3.551      0.006041
   3.555      0.005569
   3.559      0.005099
   3.563      0.004630
   3.567      0.004162
   3.571      0.003695
   3.575      0.003229
   3.579      0.002764
   3.583      0.002301
   3.587      0.001839
   3.592      0.001377
   3.596      0.000917
   3.600      0.000458
   3.604      0.000000
