   0.000     -0.784027
   0.007     -0.784014
   0.014     -0.784113
   0.021     -0.784218
   0.028     -0.784270
   0.035     -0.784371
   0.041     -0.784473
   0.048     -0.784610
   0.055     -0.784818
   0.062     -0.785060
   0.069     -0.785370
   0.076     -0.785728
   0.083     -0.786153
   0.090     -0.786655
   0.097     -0.787236
   0.104     -0.787881
   0.111     -0.788609
   0.118     -0.789393
   0.124     -0.790238
   0.131     -0.791152
   0.138     -0.792113
   0.145     -0.793128
   0.152     -0.794178
   0.159     -0.795271
   0.166     -0.796379
   0.173     -0.797503
   0.180     -0.798636
   0.187     -0.799755
   0.194     -0.800866
   0.201     -0.801941
   0.207     -0.802989
   0.214     -0.803992
   0.221     -0.804949
   0.228     -0.805858
   0.235     -0.806718
   0.242     -0.807521
   0.249     -0.808275
   0.256     -0.808977
   0.263     -0.809637
   0.270     -0.810248
   0.277     -0.810819
   0.283     -0.811353
   0.290     -0.811854
   0.297     -0.812327
   0.304     -0.812779
   0.311     -0.813213
   0.318     -0.813635
   0.325     -0.814048
   0.332     -0.814460
   0.339     -0.814874
   0.346     -0.815296
   0.353     -0.815730
   0.360     -0.816179
   0.366     -0.816650
   0.373     -0.817147
   0.380     -0.817674
   0.387     -0.818234
   0.394     -0.818831
   0.401     -0.819471
   0.408     -0.820156
   0.415     -0.820891
   0.422     -0.821677
   0.429     -0.822520
   0.436     -0.823423
   0.442     -0.824388
   0.449     -0.825419
   0.456     -0.826518
   0.463     -0.827690
   0.470     -0.828933
   0.477     -0.830255
   0.484     -0.831654
   0.491     -0.833133
   0.498     -0.834694
   0.505     -0.836337
   0.512     -0.838062
   0.519     -0.839873
   0.525     -0.841767
   0.532     -0.843744
   0.539     -0.845802
   0.546     -0.847942
   0.553     -0.850159
   0.560     -0.852453
   0.567     -0.854818
   0.574     -0.857252
   0.581     -0.859749
   0.588     -0.862306
   0.595     -0.864915
   0.602     -0.867570
   0.608     -0.870264
   0.615     -0.872991
   0.622     -0.875741
   0.629     -0.878505
   0.636     -0.881276
   0.643     -0.884042
   0.650     -0.886794
   0.657     -0.889520
   0.664     -0.892212
   0.671     -0.894863
   0.678     -0.897463
   0.684     -0.899996
   0.691     -0.902444
   0.698     -0.904798
   0.705     -0.907047
   0.712     -0.909182
   0.719     -0.911190
   0.726     -0.913058
   0.733     -0.914776
   0.740     -0.916333
   0.747     -0.917718
   0.754     -0.918919
   0.761     -0.919927
   0.767     -0.920731
   0.774     -0.921323
   0.781     -0.921692
   0.788     -0.921829
   0.795     -0.921725
   0.802     -0.921374
   0.809     -0.920766
   0.816     -0.919895
   0.823     -0.918755
   0.830     -0.917339
   0.837     -0.915639
   0.843     -0.913654
   0.850     -0.911376
   0.857     -0.908802
   0.864     -0.905928
   0.871     -0.902751
   0.878     -0.899269
   0.885     -0.895479
   0.892     -0.891380
   0.899     -0.886970
   0.906     -0.882249
   0.913     -0.877218
   0.920     -0.871876
   0.926     -0.866225
   0.933     -0.860267
   0.940     -0.854004
   0.947     -0.847437
   0.954     -0.840572
   0.961     -0.833410
   0.968     -0.825957
   0.975     -0.818216
   0.982     -0.810194
   0.989     -0.801895
   0.996     -0.793326
   1.003     -0.784493
   1.009     -0.775403
   1.016     -0.766064
   1.023     -0.756483
   1.030     -0.746669
   1.037     -0.736629
   1.044     -0.726373
   1.051     -0.715910
   1.058     -0.705249
   1.065     -0.694401
   1.072     -0.683376
   1.079     -0.672184
   1.085     -0.660835
   1.092     -0.649341
   1.099     -0.637713
   1.106     -0.625963
   1.113     -0.614101
   1.120     -0.602139
   1.127     -0.590090
   1.134     -0.577965
   1.141     -0.565776
   1.148     -0.553535
   1.155     -0.541254
   1.162     -0.528946
   1.168     -0.516620
   1.175     -0.504292
   1.182     -0.491972
   1.189     -0.479672
   1.196     -0.467402
   1.203     -0.455177
   1.210     -0.443006
   1.217     -0.430901
   1.224     -0.418872
   1.231     -0.406931
   1.238     -0.395089
   1.244     -0.383354
   1.251     -0.371738
   1.258     -0.360248
   1.265     -0.348897
   1.272     -0.337690
   1.279     -0.326638
   1.286     -0.315748
   1.293     -0.305029
   1.300     -0.294486
   1.307     -0.284128
   1.314     -0.273960
   1.321     -0.263989
   1.327     -0.254220
   1.334     -0.244658
   1.341     -0.235309
   1.348     -0.226174
   1.355     -0.217258
   1.362     -0.208565
   1.369     -0.200096
   1.376     -0.191856
   1.383     -0.183844
   1.390     -0.176062
   1.397     -0.168511
   1.404     -0.161190
   1.410     -0.154101
   1.417     -0.147243
   1.424     -0.140615
   1.431     -0.134214
   1.438     -0.128041
   1.445     -0.122091
   1.452     -0.116365
   1.459     -0.110856
   1.466     -0.105564
   1.473     -0.100485
   1.480     -0.095615
   1.486     -0.090950
   1.493     -0.086486
   1.500     -0.082217
   1.507     -0.078140
   1.514     -0.074251
   1.521     -0.070543
   1.528     -0.067014
   1.535     -0.063654
   1.542     -0.060461
   1.549     -0.057429
   1.556     -0.054553
   1.563     -0.051826
   1.569     -0.049244
   1.576     -0.046800
   1.583     -0.044489
   1.590     -0.042306
   1.597     -0.040245
   1.604     -0.038301
   1.611     -0.036467
   1.618     -0.034740
   1.625     -0.033113
   1.632     -0.031583
   1.639     -0.030143
   1.646     -0.028789
   1.652     -0.027516
   1.659     -0.026319
   1.666     -0.025194
   1.673     -0.024137
   1.680     -0.023144
   1.687     -0.022210
   1.694     -0.021331
   1.701     -0.020505
   1.708     -0.019727
   1.715     -0.018994
   1.722     -0.018304
   1.728     -0.017652
   1.735     -0.017036
   1.742     -0.016454
   1.749     -0.015903
   1.756     -0.015380
   1.763     -0.014882
   1.770     -0.014409
   1.777     -0.013959
   1.784     -0.013528
   1.791     -0.013117
   1.798     -0.012722
   1.805     -0.012343
   1.811     -0.011977
   1.818     -0.011625
   1.825     -0.011286
   1.832     -0.010957
   1.839     -0.010639
   1.846     -0.010329
   1.853     -0.010028
   1.860     -0.009735
   1.867     -0.009449
   1.874     -0.009170
   1.881     -0.008898
   1.887     -0.008631
   1.894     -0.008370
   1.901     -0.008114
   1.908     -0.007863
   1.915     -0.007618
   1.922     -0.007377
   1.929     -0.007141
   1.936     -0.006908
   1.943     -0.006681
   1.950     -0.006457
   1.957     -0.006238
   1.964     -0.006023
   1.970     -0.005812
   1.977     -0.005606
   1.984     -0.005403
   1.991     -0.005204
   1.998     -0.005010
   2.005     -0.004820
   2.012     -0.004634
   2.019     -0.004453
   2.026     -0.004275
   2.033     -0.004102
   2.040     -0.003933
   2.047     -0.003769
   2.053     -0.003608
   2.060     -0.003452
   2.067     -0.003300
   2.074     -0.003153
   2.081     -0.003009
   2.088     -0.002870
   2.095     -0.002735
   2.102     -0.002604
   2.109     -0.002477
   2.116     -0.002354
   2.123     -0.002236
   2.129     -0.002121
   2.136     -0.002010
   2.143     -0.001903
   2.150     -0.001800
   2.157     -0.001701
   2.164     -0.001605
   2.171     -0.001513
   2.178     -0.001425
   2.185     -0.001339
   2.192     -0.001258
   2.199     -0.001179
   2.206     -0.001105
   2.212     -0.001033
   2.219     -0.000964
   2.226     -0.000898
   2.233     -0.000835
   2.240     -0.000775
   2.247     -0.000718
   2.254     -0.000663
   2.261     -0.000611
   2.268     -0.000561
   2.275     -0.000514
   2.282     -0.000469
   2.288     -0.000426
   2.295     -0.000386
   2.302     -0.000348
   2.309     -0.000311
   2.316     -0.000277
   2.323     -0.000244
   2.330     -0.000213
   2.337     -0.000184
   2.344     -0.000157
   2.351     -0.000131
   2.358     -0.000107
   2.365     -0.000084
   2.371     -0.000062
   2.378     -0.000042
   2.385     -0.000023
   2.392     -0.000005
   2.399      0.000011
   2.406      0.000027
   2.413      0.000041
   2.420      0.000055
   2.427      0.000067
   2.434      0.000079
   2.441      0.000090
   2.448      0.000100
   2.454      0.000109
   2.461      0.000117
   2.468      0.000125
   2.475      0.000132
   2.482      0.000139
   2.489      0.000144
   2.496      0.000150
   2.503      0.000155
   2.510      0.000159
   2.517      0.000163
   2.524      0.000167
   2.530      0.000170
   2.537      0.000173
   2.544      0.000175
   2.551      0.000178
   2.558      0.000180
   2.565      0.000181
   2.572      0.000183
   2.579      0.000184
   2.586      0.000185
   2.593      0.000186
   2.600      0.000187
   2.607      0.000187
   2.613      0.000187
   2.620      0.000188
   2.627      0.000188
   2.634      0.000188
   2.641      0.000188
   2.648      0.000188
   2.655      0.000187
   2.662      0.000187
   2.669      0.000187
   2.676      0.000187
   2.683      0.000186
   2.689      0.000186
   2.696      0.000185
   2.703      0.000185
   2.710      0.000184
   2.717      0.000184
   2.724      0.000184
   2.731      0.000183
   2.738      0.000183
   2.745      0.000182
   2.752      0.000182
