   0.000      1.199836
   0.007      1.199835
   0.014      1.199830
   0.021      1.199822
   0.028      1.199811
   0.035      1.199797
   0.041      1.199779
   0.048      1.199758
   0.055      1.199734
   0.062      1.199706
   0.069      1.199674
   0.076      1.199639
   0.083      1.199600
   0.090      1.199557
   0.097      1.199510
   0.104      1.199458
   0.111      1.199402
   0.118      1.199342
   0.124      1.199276
   0.131      1.199205
   0.138      1.199129
   0.145      1.199047
   0.152      1.198959
   0.159      1.198865
   0.166      1.198764
   0.173      1.198656
   0.180      1.198541
   0.187      1.198418
   0.194      1.198286
   0.201      1.198146
   0.207      1.197997
   0.214      1.197838
   0.221      1.197668
   0.228      1.197487
   0.235      1.197295
   0.242      1.197091
   0.249      1.196873
   0.256      1.196642
   0.263      1.196397
   0.270      1.196136
   0.277      1.195858
   0.283      1.195564
   0.290      1.195252
   0.297      1.194921
   0.304      1.194569
   0.311      1.194196
   0.318      1.193802
   0.325      1.193383
   0.332      1.192940
   0.339      1.192471
   0.346      1.191975
   0.353      1.191451
   0.360      1.190896
   0.366      1.190310
   0.373      1.189692
   0.380      1.189039
   0.387      1.188351
   0.394      1.187625
   0.401      1.186861
   0.408      1.186057
   0.415      1.185210
   0.422      1.184321
   0.429      1.183386
   0.436      1.182405
   0.442      1.181376
   0.449      1.180297
   0.456      1.179167
   0.463      1.177984
   0.470      1.176748
   0.477      1.175456
   0.484      1.174107
   0.491      1.172700
   0.498      1.171233
   0.505      1.169706
   0.512      1.168117
   0.519      1.166465
   0.525      1.164749
   0.532      1.162969
   0.539      1.161124
   0.546      1.159212
   0.553      1.157234
   0.560      1.155188
   0.567      1.153075
   0.574      1.150894
   0.581      1.148645
   0.588      1.146328
   0.595      1.143943
   0.602      1.141489
   0.608      1.138969
   0.615      1.136381
   0.622      1.133726
   0.629      1.131004
   0.636      1.128217
   0.643      1.125366
   0.650      1.122450
   0.657      1.119471
   0.664      1.116430
   0.671      1.113328
   0.678      1.110167
   0.684      1.106946
   0.691      1.103669
   0.698      1.100336
   0.705      1.096948
   0.712      1.093507
   0.719      1.090014
   0.726      1.086472
   0.733      1.082881
   0.740      1.079244
   0.747      1.075562
   0.754      1.071835
   0.761      1.068068
   0.767      1.064260
   0.774      1.060413
   0.781      1.056530
   0.788      1.052612
   0.795      1.048661
   0.802      1.044678
   0.809      1.040665
   0.816      1.036623
   0.823      1.032555
   0.830      1.028462
   0.837      1.024346
   0.843      1.020208
   0.850      1.016049
   0.857      1.011872
   0.864      1.007678
   0.871      1.003467
   0.878      0.999243
   0.885      0.995006
   0.892      0.990758
   0.899      0.986499
   0.906      0.982232
   0.913      0.977957
   0.920      0.973677
   0.926      0.969391
   0.933      0.965102
   0.940      0.960811
   0.947      0.956518
   0.954      0.952225
   0.961      0.947933
   0.968      0.943642
   0.975      0.939355
   0.982      0.935072
   0.989      0.930793
   0.996      0.926521
   1.003      0.922255
   1.009      0.917996
   1.016      0.913746
   1.023      0.909505
   1.030      0.905274
   1.037      0.901054
   1.044      0.896845
   1.051      0.892648
   1.058      0.888464
   1.065      0.884293
   1.072      0.880136
   1.079      0.875993
   1.085      0.871865
   1.092      0.867753
   1.099      0.863657
   1.106      0.859578
   1.113      0.855515
   1.120      0.851470
   1.127      0.847442
   1.134      0.843433
   1.141      0.839442
   1.148      0.835470
   1.155      0.831518
   1.162      0.827584
   1.168      0.823671
   1.175      0.819778
   1.182      0.815905
   1.189      0.812052
   1.196      0.808220
   1.203      0.804409
   1.210      0.800620
   1.217      0.796851
   1.224      0.793105
   1.231      0.789379
   1.238      0.785676
   1.244      0.781994
   1.251      0.778334
   1.258      0.774697
   1.265      0.771081
   1.272      0.767488
   1.279      0.763917
   1.286      0.760369
   1.293      0.756843
   1.300      0.753339
   1.307      0.749858
   1.314      0.746399
   1.321      0.742962
   1.327      0.739548
   1.334      0.736157
   1.341      0.732788
   1.348      0.729441
   1.355      0.726117
   1.362      0.722815
   1.369      0.719535
   1.376      0.716278
   1.383      0.713043
   1.390      0.709830
   1.397      0.706639
   1.404      0.703470
   1.410      0.700323
   1.417      0.697198
   1.424      0.694095
   1.431      0.691013
   1.438      0.687953
   1.445      0.684914
   1.452      0.681897
   1.459      0.678901
   1.466      0.675926
   1.473      0.672972
   1.480      0.670040
   1.486      0.667128
   1.493      0.664237
   1.500      0.661366
   1.507      0.658516
   1.514      0.655687
   1.521      0.652878
   1.528      0.650088
   1.535      0.647319
   1.542      0.644570
   1.549      0.641841
   1.556      0.639131
   1.563      0.636440
   1.569      0.633770
   1.576      0.631118
   1.583      0.628485
   1.590      0.625871
   1.597      0.623277
   1.604      0.620701
   1.611      0.618143
   1.618      0.615604
   1.625      0.613083
   1.632      0.610580
   1.639      0.608096
   1.646      0.605629
   1.652      0.603180
   1.659      0.600748
   1.666      0.598334
   1.673      0.595938
   1.680      0.593558
   1.687      0.591196
   1.694      0.588850
   1.701      0.586521
   1.708      0.584209
   1.715      0.581914
   1.722      0.579635
   1.728      0.577372
   1.735      0.575125
   1.742      0.572894
   1.749      0.570679
   1.756      0.568480
   1.763      0.566296
   1.770      0.564128
   1.777      0.561975
   1.784      0.559837
   1.791      0.557714
   1.798      0.555606
   1.805      0.553513
   1.811      0.551435
   1.818      0.549371
   1.825      0.547321
   1.832      0.545286
   1.839      0.543265
   1.846      0.541258
   1.853      0.539265
   1.860      0.537286
   1.867      0.535321
   1.874      0.533369
   1.881      0.531430
   1.887      0.529505
   1.894      0.527593
   1.901      0.525694
   1.908      0.523808
   1.915      0.521935
   1.922      0.520075
   1.929      0.518227
   1.936      0.516392
   1.943      0.514570
   1.950      0.512759
   1.957      0.510961
   1.964      0.509175
   1.970      0.507401
   1.977      0.505638
   1.984      0.503888
   1.991      0.502149
   1.998      0.500422
   2.005      0.498706
   2.012      0.497001
   2.019      0.495308
   2.026      0.493626
   2.033      0.491955
   2.040      0.490295
   2.047      0.488645
   2.053      0.487007
   2.060      0.485379
   2.067      0.483762
   2.074      0.482155
   2.081      0.480559
   2.088      0.478973
   2.095      0.477397
   2.102      0.475831
   2.109      0.474275
   2.116      0.472730
   2.123      0.471194
   2.129      0.469668
   2.136      0.468151
   2.143      0.466644
   2.150      0.465147
   2.157      0.463659
   2.164      0.462180
   2.171      0.460711
   2.178      0.459251
   2.185      0.457799
   2.192      0.456357
   2.199      0.454924
   2.206      0.453500
   2.212      0.452084
   2.219      0.450678
   2.226      0.449279
   2.233      0.447890
   2.240      0.446509
   2.247      0.445136
   2.254      0.443772
   2.261      0.442415
   2.268      0.441068
   2.275      0.439728
   2.282      0.438396
   2.288      0.437072
   2.295      0.435756
   2.302      0.434448
   2.309      0.433148
   2.316      0.431856
   2.323      0.430571
   2.330      0.429294
   2.337      0.428024
   2.344      0.426762
   2.351      0.425507
   2.358      0.424259
   2.365      0.423019
   2.371      0.421786
   2.378      0.420560
   2.385      0.419341
   2.392      0.418129
   2.399      0.416924
   2.406      0.415726
   2.413      0.414535
   2.420      0.413351
   2.427      0.412173
   2.434      0.411002
   2.441      0.409838
   2.448      0.408680
   2.454      0.407529
   2.461      0.406384
   2.468      0.405246
   2.475      0.404114
   2.482      0.402989
   2.489      0.401869
   2.496      0.400756
   2.503      0.399649
   2.510      0.398548
   2.517      0.397453
   2.524      0.396364
   2.530      0.395281
   2.537      0.394204
   2.544      0.393133
   2.551      0.392067
   2.558      0.391008
   2.565      0.389954
   2.572      0.388906
   2.579      0.387863
   2.586      0.386826
   2.593      0.385794
   2.600      0.384768
   2.607      0.383748
   2.613      0.382733
   2.620      0.381723
   2.627      0.380718
   2.634      0.379719
   2.641      0.378725
   2.648      0.377736
   2.655      0.376752
   2.662      0.375774
   2.669      0.374800
   2.676      0.373832
   2.683      0.372868
   2.689      0.371910
   2.696      0.370956
   2.703      0.370007
   2.710      0.369063
   2.717      0.368124
   2.724      0.367190
   2.731      0.366260
   2.738      0.365336
   2.745      0.364415
   2.752      0.363500
