   0.000      1.210977
   0.007      1.210967
   0.014      1.210938
   0.021      1.210889
   0.028      1.210820
   0.035      1.210732
   0.041      1.210623
   0.048      1.210494
   0.055      1.210344
   0.062      1.210173
   0.069      1.209981
   0.076      1.209766
   0.083      1.209529
   0.090      1.209269
   0.097      1.208985
   0.104      1.208677
   0.111      1.208343
   0.118      1.207984
   0.124      1.207597
   0.131      1.207183
   0.138      1.206740
   0.145      1.206267
   0.152      1.205763
   0.159      1.205227
   0.166      1.204658
   0.173      1.204054
   0.180      1.203414
   0.187      1.202736
   0.194      1.202020
   0.201      1.201264
   0.207      1.200465
   0.214      1.199624
   0.221      1.198737
   0.228      1.197803
   0.235      1.196821
   0.242      1.195788
   0.249      1.194703
   0.256      1.193564
   0.263      1.192370
   0.270      1.191117
   0.277      1.189805
   0.283      1.188431
   0.290      1.186994
   0.297      1.185492
   0.304      1.183922
   0.311      1.182283
   0.318      1.180574
   0.325      1.178791
   0.332      1.176934
   0.339      1.175001
   0.346      1.172990
   0.353      1.170900
   0.360      1.168730
   0.366      1.166477
   0.373      1.164141
   0.380      1.161720
   0.387      1.159214
   0.394      1.156622
   0.401      1.153942
   0.408      1.151175
   0.415      1.148320
   0.422      1.145376
   0.429      1.142345
   0.436      1.139224
   0.442      1.136016
   0.449      1.132720
   0.456      1.129338
   0.463      1.125869
   0.470      1.122315
   0.477      1.118677
   0.484      1.114957
   0.491      1.111155
   0.498      1.107275
   0.505      1.103317
   0.512      1.099284
   0.519      1.095178
   0.525      1.091002
   0.532      1.086759
   0.539      1.082450
   0.546      1.078080
   0.553      1.073650
   0.560      1.069165
   0.567      1.064627
   0.574      1.060040
   0.581      1.055407
   0.588      1.050733
   0.595      1.046020
   0.602      1.041272
   0.608      1.036494
   0.615      1.031688
   0.622      1.026859
   0.629      1.022010
   0.636      1.017146
   0.643      1.012270
   0.650      1.007385
   0.657      1.002496
   0.664      0.997607
   0.671      0.992720
   0.678      0.987839
   0.684      0.982968
   0.691      0.978110
   0.698      0.973269
   0.705      0.968447
   0.712      0.963648
   0.719      0.958875
   0.726      0.954129
   0.733      0.949415
   0.740      0.944733
   0.747      0.940088
   0.754      0.935481
   0.761      0.930913
   0.767      0.926388
   0.774      0.921906
   0.781      0.917470
   0.788      0.913081
   0.795      0.908740
   0.802      0.904448
   0.809      0.900207
   0.816      0.896016
   0.823      0.891878
   0.830      0.887793
   0.837      0.883761
   0.843      0.879782
   0.850      0.875857
   0.857      0.871987
   0.864      0.868170
   0.871      0.864407
   0.878      0.860697
   0.885      0.857041
   0.892      0.853438
   0.899      0.849888
   0.906      0.846389
   0.913      0.842942
   0.920      0.839546
   0.926      0.836200
   0.933      0.832902
   0.940      0.829653
   0.947      0.826452
   0.954      0.823297
   0.961      0.820187
   0.968      0.817121
   0.975      0.814099
   0.982      0.811119
   0.989      0.808180
   0.996      0.805281
   1.003      0.802420
   1.009      0.799598
   1.016      0.796811
   1.023      0.794060
   1.030      0.791343
   1.037      0.788659
   1.044      0.786007
   1.051      0.783385
   1.058      0.780792
   1.065      0.778228
   1.072      0.775690
   1.079      0.773179
   1.085      0.770692
   1.092      0.768229
   1.099      0.765789
   1.106      0.763370
   1.113      0.760972
   1.120      0.758593
   1.127      0.756233
   1.134      0.753890
   1.141      0.751564
   1.148      0.749254
   1.155      0.746959
   1.162      0.744677
   1.168      0.742409
   1.175      0.740153
   1.182      0.737909
   1.189      0.735675
   1.196      0.733452
   1.203      0.731238
   1.210      0.729033
   1.217      0.726836
   1.224      0.724647
   1.231      0.722465
   1.238      0.720289
   1.244      0.718119
   1.251      0.715954
   1.258      0.713795
   1.265      0.711640
   1.272      0.709489
   1.279      0.707342
   1.286      0.705199
   1.293      0.703058
   1.300      0.700920
   1.307      0.698785
   1.314      0.696652
   1.321      0.694521
   1.327      0.692391
   1.334      0.690263
   1.341      0.688137
   1.348      0.686011
   1.355      0.683887
   1.362      0.681763
   1.369      0.679641
   1.376      0.677519
   1.383      0.675397
   1.390      0.673276
   1.397      0.671156
   1.404      0.669037
   1.410      0.666917
   1.417      0.664798
   1.424      0.662680
   1.431      0.660562
   1.438      0.658445
   1.445      0.656329
   1.452      0.654213
   1.459      0.652097
   1.466      0.649983
   1.473      0.647869
   1.480      0.645756
   1.486      0.643644
   1.493      0.641534
   1.500      0.639425
   1.507      0.637317
   1.514      0.635210
   1.521      0.633105
   1.528      0.631002
   1.535      0.628901
   1.542      0.626801
   1.549      0.624704
   1.556      0.622609
   1.563      0.620517
   1.569      0.618427
   1.576      0.616340
   1.583      0.614256
   1.590      0.612175
   1.597      0.610097
   1.604      0.608023
   1.611      0.605952
   1.618      0.603884
   1.625      0.601821
   1.632      0.599761
   1.639      0.597706
   1.646      0.595655
   1.652      0.593608
   1.659      0.591566
   1.666      0.589529
   1.673      0.587497
   1.680      0.585470
   1.687      0.583448
   1.694      0.581431
   1.701      0.579420
   1.708      0.577415
   1.715      0.575415
   1.722      0.573421
   1.728      0.571434
   1.735      0.569452
   1.742      0.567477
   1.749      0.565508
   1.756      0.563546
   1.763      0.561591
   1.770      0.559642
   1.777      0.557700
   1.784      0.555766
   1.791      0.553838
   1.798      0.551918
   1.805      0.550005
   1.811      0.548100
   1.818      0.546202
   1.825      0.544311
   1.832      0.542429
   1.839      0.540554
   1.846      0.538687
   1.853      0.536828
   1.860      0.534977
   1.867      0.533134
   1.874      0.531299
   1.881      0.529473
   1.887      0.527655
   1.894      0.525845
   1.901      0.524044
   1.908      0.522251
   1.915      0.520466
   1.922      0.518690
   1.929      0.516923
   1.936      0.515165
   1.943      0.513415
   1.950      0.511674
   1.957      0.509941
   1.964      0.508217
   1.970      0.506503
   1.977      0.504797
   1.984      0.503099
   1.991      0.501411
   1.998      0.499731
   2.005      0.498061
   2.012      0.496399
   2.019      0.494746
   2.026      0.493102
   2.033      0.491467
   2.040      0.489841
   2.047      0.488224
   2.053      0.486615
   2.060      0.485016
   2.067      0.483425
   2.074      0.481843
   2.081      0.480270
   2.088      0.478706
   2.095      0.477151
   2.102      0.475604
   2.109      0.474067
   2.116      0.472538
   2.123      0.471017
   2.129      0.469506
   2.136      0.468003
   2.143      0.466509
   2.150      0.465023
   2.157      0.463546
   2.164      0.462077
   2.171      0.460617
   2.178      0.459166
   2.185      0.457722
   2.192      0.456288
   2.199      0.454861
   2.206      0.453443
   2.212      0.452033
   2.219      0.450632
   2.226      0.449238
   2.233      0.447853
   2.240      0.446476
   2.247      0.445107
   2.254      0.443746
   2.261      0.442393
   2.268      0.441047
   2.275      0.439710
   2.282      0.438380
   2.288      0.437059
   2.295      0.435745
   2.302      0.434438
   2.309      0.433139
   2.316      0.431848
   2.323      0.430564
   2.330      0.429288
   2.337      0.428019
   2.344      0.426758
   2.351      0.425503
   2.358      0.424256
   2.365      0.423016
   2.371      0.421784
   2.378      0.420558
   2.385      0.419340
   2.392      0.418128
   2.399      0.416923
   2.406      0.415726
   2.413      0.414535
   2.420      0.413350
   2.427      0.412173
   2.434      0.411002
   2.441      0.409838
   2.448      0.408680
   2.454      0.407529
   2.461      0.406384
   2.468      0.405246
   2.475      0.404114
   2.482      0.402989
   2.489      0.401869
   2.496      0.400756
   2.503      0.399649
   2.510      0.398548
   2.517      0.397453
   2.524      0.396364
   2.530      0.395281
   2.537      0.394204
   2.544      0.393133
   2.551      0.392067
   2.558      0.391008
   2.565      0.389954
   2.572      0.388906
   2.579      0.387863
   2.586      0.386826
   2.593      0.385794
   2.600      0.384768
   2.607      0.383748
   2.613      0.382733
   2.620      0.381723
   2.627      0.380718
   2.634      0.379719
   2.641      0.378725
   2.648      0.377736
   2.655      0.376752
   2.662      0.375774
   2.669      0.374800
   2.676      0.373832
   2.683      0.372868
   2.689      0.371910
   2.696      0.370956
   2.703      0.370007
   2.710      0.369063
   2.717      0.368124
   2.724      0.367190
   2.731      0.366260
   2.738      0.365336
   2.745      0.364415
   2.752      0.363500
