   0.005     -0.001694
   0.010     -0.019462
   0.016     -0.037230
   0.021     -0.055603
   0.026     -0.074053
   0.031     -0.092522
   0.036     -0.110994
   0.042     -0.129461
   0.047     -0.147921
   0.052     -0.166372
   0.057     -0.184812
   0.062     -0.203239
   0.068     -0.221651
   0.073     -0.240047
   0.078     -0.258425
   0.083     -0.276785
   0.088     -0.295124
   0.094     -0.313442
   0.099     -0.331737
   0.104     -0.350007
   0.109     -0.368251
   0.114     -0.386468
   0.120     -0.404656
   0.125     -0.422814
   0.130     -0.440940
   0.135     -0.459033
   0.140     -0.477092
   0.146     -0.495114
   0.151     -0.513099
   0.156     -0.531045
   0.161     -0.548951
   0.166     -0.566814
   0.172     -0.584634
   0.177     -0.602409
   0.182     -0.620136
   0.187     -0.637816
   0.192     -0.655446
   0.198     -0.673024
   0.203     -0.690550
   0.208     -0.708020
   0.213     -0.725435
   0.218     -0.742791
   0.224     -0.760088
   0.229     -0.777324
   0.234     -0.794496
   0.239     -0.811604
   0.244     -0.828646
   0.250     -0.845619
   0.255     -0.862523
   0.260     -0.879354
   0.265     -0.896113
   0.270     -0.912797
   0.276     -0.929403
   0.281     -0.945931
   0.286     -0.962379
   0.291     -0.978744
   0.296     -0.995025
   0.302     -1.011220
   0.307     -1.027327
   0.312     -1.043345
   0.317     -1.059272
   0.322     -1.075105
   0.328     -1.090843
   0.333     -1.106484
   0.338     -1.122026
   0.343     -1.137468
   0.348     -1.152806
   0.354     -1.168041
   0.359     -1.183169
   0.364     -1.198189
   0.369     -1.213099
   0.374     -1.227898
   0.380     -1.242582
   0.385     -1.257151
   0.390     -1.271603
   0.395     -1.285935
   0.400     -1.300146
   0.406     -1.314234
   0.411     -1.328198
   0.416     -1.342035
   0.421     -1.355744
   0.426     -1.369323
   0.432     -1.382770
   0.437     -1.396083
   0.442     -1.409261
   0.447     -1.422303
   0.452     -1.435205
   0.458     -1.447967
   0.463     -1.460587
   0.468     -1.473063
   0.473     -1.485394
   0.478     -1.497578
   0.484     -1.509614
   0.489     -1.521499
   0.494     -1.533233
   0.499     -1.544814
   0.504     -1.556241
   0.510     -1.567511
   0.515     -1.578625
   0.520     -1.589579
   0.525     -1.600373
   0.530     -1.611006
   0.536     -1.621477
   0.541     -1.631783
   0.546     -1.641925
   0.551     -1.651900
   0.556     -1.661707
   0.562     -1.671346
   0.567     -1.680816
   0.572     -1.690114
   0.577     -1.699242
   0.582     -1.708196
   0.588     -1.716978
   0.593     -1.725585
   0.598     -1.734017
   0.603     -1.742273
   0.608     -1.750352
   0.614     -1.758254
   0.619     -1.765979
   0.624     -1.773525
   0.629     -1.780891
   0.634     -1.788079
   0.640     -1.795086
   0.645     -1.801913
   0.650     -1.808560
   0.655     -1.815026
   0.660     -1.821310
   0.666     -1.827413
   0.671     -1.833335
   0.676     -1.839075
   0.681     -1.844633
   0.686     -1.850010
   0.692     -1.855206
   0.697     -1.860220
   0.702     -1.865052
   0.707     -1.869704
   0.712     -1.874175
   0.718     -1.878466
   0.723     -1.882577
   0.728     -1.886508
   0.733     -1.890260
   0.738     -1.893834
   0.744     -1.897229
   0.749     -1.900448
   0.754     -1.903489
   0.759     -1.906355
   0.764     -1.909046
   0.770     -1.911562
   0.775     -1.913905
   0.780     -1.916075
   0.785     -1.918074
   0.790     -1.919902
   0.796     -1.921560
   0.801     -1.923051
   0.806     -1.924373
   0.811     -1.925530
   0.816     -1.926522
   0.822     -1.927350
   0.827     -1.928016
   0.832     -1.928520
   0.837     -1.928865
   0.842     -1.929051
   0.848     -1.929081
   0.853     -1.928954
   0.858     -1.928674
   0.863     -1.928241
   0.868     -1.927657
   0.874     -1.926923
   0.879     -1.926041
   0.884     -1.925013
   0.889     -1.923840
   0.894     -1.922524
   0.900     -1.921065
   0.905     -1.919467
   0.910     -1.917730
   0.915     -1.915857
   0.920     -1.913848
   0.926     -1.911706
   0.931     -1.909432
   0.936     -1.907027
   0.941     -1.904494
   0.946     -1.901835
   0.952     -1.899049
   0.957     -1.896141
   0.962     -1.893110
   0.967     -1.889959
   0.972     -1.886689
   0.978     -1.883302
   0.983     -1.879799
   0.988     -1.876183
   0.993     -1.872454
   0.998     -1.868614
   1.004     -1.864664
   1.009     -1.860607
   1.014     -1.856443
   1.019     -1.852174
   1.024     -1.847802
   1.030     -1.843327
   1.035     -1.838752
   1.040     -1.834077
   1.045     -1.829304
   1.050     -1.824434
   1.056     -1.819469
   1.061     -1.814409
   1.066     -1.809256
   1.071     -1.804011
   1.076     -1.798675
   1.082     -1.793250
   1.087     -1.787735
   1.092     -1.782134
   1.097     -1.776445
   1.102     -1.770671
   1.108     -1.764812
   1.113     -1.758869
   1.118     -1.752844
   1.123     -1.746736
   1.128     -1.740547
   1.134     -1.734278
   1.139     -1.727929
   1.144     -1.721501
   1.149     -1.714994
   1.154     -1.708410
   1.160     -1.701750
   1.165     -1.695013
   1.170     -1.688200
   1.175     -1.681312
   1.180     -1.674349
   1.186     -1.667313
   1.191     -1.660203
   1.196     -1.653019
   1.201     -1.645764
   1.206     -1.638436
   1.212     -1.631036
   1.217     -1.623565
   1.222     -1.616024
   1.227     -1.608412
   1.232     -1.600729
   1.238     -1.592978
   1.243     -1.585157
   1.248     -1.577267
   1.253     -1.569308
   1.258     -1.561281
   1.264     -1.553187
   1.269     -1.545025
   1.274     -1.536796
   1.279     -1.528500
   1.284     -1.520138
   1.290     -1.511710
   1.295     -1.503217
   1.300     -1.494658
   1.305     -1.486035
   1.310     -1.477347
   1.316     -1.468596
   1.321     -1.459781
   1.326     -1.450902
   1.331     -1.441962
   1.336     -1.432959
   1.342     -1.423894
   1.347     -1.414769
   1.352     -1.405583
   1.357     -1.396337
   1.362     -1.387032
   1.368     -1.377668
   1.373     -1.368246
   1.378     -1.358766
   1.383     -1.349230
   1.388     -1.339637
   1.394     -1.329989
   1.399     -1.320287
   1.404     -1.310530
   1.409     -1.300721
   1.414     -1.290859
   1.420     -1.280946
   1.425     -1.270983
   1.430     -1.260969
   1.435     -1.250908
   1.440     -1.240798
   1.446     -1.230641
   1.451     -1.220439
   1.456     -1.210192
   1.461     -1.199902
   1.466     -1.189569
   1.472     -1.179194
   1.477     -1.168779
   1.482     -1.158324
   1.487     -1.147832
   1.492     -1.137302
   1.498     -1.126737
   1.503     -1.116138
   1.508     -1.105505
   1.513     -1.094840
   1.518     -1.084145
   1.524     -1.073420
   1.529     -1.062667
   1.534     -1.051887
   1.539     -1.041081
   1.544     -1.030252
   1.550     -1.019400
   1.555     -1.008526
   1.560     -0.997633
   1.565     -0.986720
   1.570     -0.975791
   1.576     -0.964846
   1.581     -0.953886
   1.586     -0.942913
   1.591     -0.931929
   1.596     -0.920935
   1.602     -0.909931
   1.607     -0.898921
   1.612     -0.887904
   1.617     -0.876883
   1.622     -0.865859
   1.628     -0.854833
   1.633     -0.843807
   1.638     -0.832782
   1.643     -0.821759
   1.648     -0.810740
   1.654     -0.799727
   1.659     -0.788720
   1.664     -0.777721
   1.669     -0.766731
   1.674     -0.755752
   1.680     -0.744784
   1.685     -0.733830
   1.690     -0.722891
   1.695     -0.711967
   1.700     -0.701061
   1.706     -0.690172
   1.711     -0.679304
   1.716     -0.668456
   1.721     -0.657630
   1.726     -0.646827
   1.732     -0.636048
   1.737     -0.625295
   1.742     -0.614569
   1.747     -0.603870
   1.752     -0.593200
   1.758     -0.582560
   1.763     -0.571950
   1.768     -0.561373
   1.773     -0.550828
   1.778     -0.540318
   1.784     -0.529842
   1.789     -0.519402
   1.794     -0.508999
   1.799     -0.498634
   1.804     -0.488307
   1.810     -0.478019
   1.815     -0.467772
   1.820     -0.457566
   1.825     -0.447401
   1.830     -0.437280
   1.836     -0.427201
   1.841     -0.417167
   1.846     -0.407178
   1.851     -0.397234
   1.856     -0.387337
   1.862     -0.377486
   1.867     -0.367683
   1.872     -0.357928
   1.877     -0.348222
   1.882     -0.338565
   1.888     -0.328959
   1.893     -0.319402
   1.898     -0.309897
   1.903     -0.300443
   1.908     -0.291041
   1.914     -0.281691
   1.919     -0.272394
   1.924     -0.263151
   1.929     -0.253961
   1.934     -0.244826
   1.940     -0.235745
   1.945     -0.226719
   1.950     -0.217748
   1.955     -0.208832
   1.960     -0.199973
   1.966     -0.191170
   1.971     -0.182423
   1.976     -0.173733
   1.981     -0.165101
   1.986     -0.156525
   1.992     -0.148007
   1.997     -0.139547
   2.002     -0.131145
   2.007     -0.122801
   2.012     -0.114515
   2.018     -0.106288
   2.023     -0.098120
   2.028     -0.090010
   2.033     -0.081960
   2.038     -0.073969
   2.044     -0.066036
   2.049     -0.058164
   2.054     -0.050350
   2.059     -0.042596
   2.064     -0.034902
   2.070     -0.027268
   2.075     -0.019693
   2.080     -0.012178
   2.085     -0.004723
   2.090      0.002672
   2.096      0.010008
   2.101      0.017283
   2.106      0.024499
   2.111      0.031654
   2.116      0.038750
   2.122      0.045786
   2.127      0.052762
   2.132      0.059678
   2.137      0.066534
   2.142      0.073331
   2.148      0.080068
   2.153      0.086745
   2.158      0.093363
   2.163      0.099921
   2.168      0.106420
   2.174      0.112859
   2.179      0.119240
   2.184      0.125561
   2.189      0.131822
   2.194      0.138025
   2.200      0.144170
   2.205      0.150255
   2.210      0.156282
   2.215      0.162250
   2.220      0.168160
   2.226      0.174011
   2.231      0.179805
   2.236      0.185541
   2.241      0.191218
   2.246      0.196838
   2.252      0.202401
   2.257      0.207906
   2.262      0.213354
   2.267      0.218745
   2.272      0.224080
   2.278      0.229357
   2.283      0.234578
   2.288      0.239743
   2.293      0.244851
   2.298      0.249904
   2.304      0.254900
   2.309      0.259842
   2.314      0.264727
   2.319      0.269558
   2.324      0.274333
   2.330      0.279054
   2.335      0.283720
   2.340      0.288332
   2.345      0.292890
   2.350      0.297394
   2.356      0.301843
   2.361      0.306240
   2.366      0.310583
   2.371      0.314873
   2.376      0.319110
   2.382      0.323294
   2.387      0.327426
   2.392      0.331506
   2.397      0.335534
   2.402      0.339510
   2.408      0.343435
   2.413      0.347308
   2.418      0.351131
   2.423      0.354902
   2.428      0.358623
   2.434      0.362294
   2.439      0.365915
   2.444      0.369485
   2.449      0.373007
   2.454      0.376479
   2.460      0.379901
   2.465      0.383275
   2.470      0.386601
   2.475      0.389878
   2.480      0.393107
   2.486      0.396288
   2.491      0.399421
   2.496      0.402507
   2.501      0.405546
   2.506      0.408539
   2.512      0.411484
   2.517      0.414384
   2.522      0.417237
   2.527      0.420044
   2.532      0.422806
   2.538      0.425523
   2.543      0.428194
   2.548      0.430821
   2.553      0.433404
   2.558      0.435942
   2.564      0.438436
   2.569      0.440886
   2.574      0.443293
   2.579      0.445656
   2.584      0.447977
   2.590      0.450255
   2.595      0.452491
   2.600      0.454684
   2.605      0.456836
   2.610      0.458945
   2.616      0.461014
   2.621      0.463041
   2.626      0.465028
   2.631      0.466974
   2.636      0.468879
   2.642      0.470745
   2.647      0.472570
   2.652      0.474357
   2.657      0.476103
   2.662      0.477811
   2.668      0.479480
   2.673      0.481111
   2.678      0.482703
   2.683      0.484257
   2.688      0.485774
   2.694      0.487253
   2.699      0.488695
   2.704      0.490100
   2.709      0.491468
   2.714      0.492800
   2.720      0.494095
   2.725      0.495355
   2.730      0.496579
   2.735      0.497768
   2.740      0.498921
   2.746      0.500039
   2.751      0.501123
   2.756      0.502173
   2.761      0.503188
   2.766      0.504170
   2.772      0.505118
   2.777      0.506032
   2.782      0.506913
   2.787      0.507762
   2.792      0.508578
   2.798      0.509361
   2.803      0.510113
   2.808      0.510832
   2.813      0.511520
   2.818      0.512176
   2.824      0.512802
   2.829      0.513396
   2.834      0.513960
   2.839      0.514493
   2.844      0.514996
   2.850      0.515470
   2.855      0.515913
   2.860      0.516327
   2.865      0.516712
   2.870      0.517068
   2.876      0.517396
   2.881      0.517695
   2.886      0.517965
   2.891      0.518208
   2.896      0.518423
   2.902      0.518610
   2.907      0.518770
   2.912      0.518903
   2.917      0.519009
   2.922      0.519089
   2.928      0.519142
   2.933      0.519169
   2.938      0.519170
   2.943      0.519146
   2.948      0.519096
   2.954      0.519021
   2.959      0.518921
   2.964      0.518796
   2.969      0.518646
   2.974      0.518472
   2.980      0.518275
   2.985      0.518053
   2.990      0.517807
   2.995      0.517539
   3.000      0.517247
   3.006      0.516931
   3.011      0.516594
   3.016      0.516233
   3.021      0.515851
   3.026      0.515446
   3.032      0.515019
   3.037      0.514570
   3.042      0.514100
   3.047      0.513609
   3.052      0.513097
   3.058      0.512564
   3.063      0.512010
   3.068      0.511435
   3.073      0.510841
   3.078      0.510226
   3.084      0.509592
   3.089      0.508938
   3.094      0.508264
   3.099      0.507571
   3.104      0.506860
   3.110      0.506129
   3.115      0.505380
   3.120      0.504612
   3.125      0.503826
   3.130      0.503023
   3.136      0.502201
   3.141      0.501361
   3.146      0.500505
   3.151      0.499631
   3.156      0.498739
   3.162      0.497831
   3.167      0.496907
   3.172      0.495965
   3.177      0.495008
   3.182      0.494034
   3.188      0.493044
   3.193      0.492039
   3.198      0.491018
   3.203      0.489982
   3.208      0.488930
   3.214      0.487864
   3.219      0.486782
   3.224      0.485686
   3.229      0.484576
   3.234      0.483451
   3.240      0.482312
   3.245      0.481159
   3.250      0.479992
   3.255      0.478812
   3.260      0.477618
   3.266      0.476411
   3.271      0.475190
   3.276      0.473957
   3.281      0.472711
   3.286      0.471453
   3.292      0.470182
   3.297      0.468899
   3.302      0.467603
   3.307      0.466296
   3.312      0.464977
   3.318      0.463647
   3.323      0.462305
   3.328      0.460951
   3.333      0.459587
   3.338      0.458212
   3.344      0.456826
   3.349      0.455429
   3.354      0.454021
   3.359      0.452604
   3.364      0.451176
   3.370      0.449738
   3.375      0.448290
   3.380      0.446833
   3.385      0.445366
   3.390      0.443889
   3.396      0.442404
   3.401      0.440909
   3.406      0.439405
   3.411      0.437892
   3.416      0.436371
   3.422      0.434841
   3.427      0.433303
   3.432      0.431756
   3.437      0.430202
   3.442      0.428639
   3.448      0.427068
   3.453      0.425490
   3.458      0.423905
   3.463      0.422312
   3.468      0.420711
   3.474      0.419104
   3.479      0.417489
   3.484      0.415868
   3.489      0.414240
   3.494      0.412605
   3.500      0.410964
   3.505      0.409316
   3.510      0.407662
   3.515      0.406002
   3.520      0.404337
   3.526      0.402665
   3.531      0.400988
   3.536      0.399305
   3.541      0.397617
   3.546      0.395923
   3.552      0.394224
   3.557      0.392520
   3.562      0.390811
   3.567      0.389098
   3.572      0.387379
   3.578      0.385656
   3.583      0.383929
   3.588      0.382197
   3.593      0.380461
   3.598      0.378721
   3.604      0.376977
   3.609      0.375229
   3.614      0.373477
   3.619      0.371722
   3.624      0.369963
   3.630      0.368200
   3.635      0.366435
   3.640      0.364666
   3.645      0.362894
   3.650      0.361119
   3.656      0.359341
   3.661      0.357560
   3.666      0.355777
   3.671      0.353991
   3.676      0.352203
   3.682      0.350412
   3.687      0.348620
   3.692      0.346825
   3.697      0.345028
   3.702      0.343229
   3.708      0.341428
   3.713      0.339625
   3.718      0.337821
   3.723      0.336016
   3.728      0.334209
   3.734      0.332400
   3.739      0.330591
   3.744      0.328780
   3.749      0.326968
   3.754      0.325155
   3.760      0.323342
   3.765      0.321528
   3.770      0.319713
   3.775      0.317897
   3.780      0.316081
   3.786      0.314265
   3.791      0.312448
   3.796      0.310631
   3.801      0.308814
   3.806      0.306997
   3.812      0.305180
   3.817      0.303363
   3.822      0.301547
   3.827      0.299731
   3.832      0.297915
   3.838      0.296100
   3.843      0.294285
   3.848      0.292471
   3.853      0.290658
   3.858      0.288845
   3.864      0.287034
   3.869      0.285223
   3.874      0.283414
   3.879      0.281605
   3.884      0.279798
   3.890      0.277992
   3.895      0.276188
   3.900      0.274385
   3.905      0.272584
   3.910      0.270784
   3.916      0.268986
   3.921      0.267190
   3.926      0.265396
   3.931      0.263603
   3.936      0.261813
   3.942      0.260025
   3.947      0.258238
   3.952      0.256454
   3.957      0.254673
   3.962      0.252893
   3.968      0.251117
   3.973      0.249342
   3.978      0.247570
   3.983      0.245801
   3.988      0.244035
   3.994      0.242271
   3.999      0.240510
   4.004      0.238752
   4.009      0.236998
   4.014      0.235246
   4.020      0.233497
   4.025      0.231751
   4.030      0.230009
   4.035      0.228270
   4.040      0.226534
   4.046      0.224802
   4.051      0.223073
   4.056      0.221348
   4.061      0.219627
   4.066      0.217909
   4.072      0.216195
   4.077      0.214484
   4.082      0.212778
   4.087      0.211075
   4.092      0.209377
   4.098      0.207682
   4.103      0.205992
   4.108      0.204305
   4.113      0.202623
   4.118      0.200945
   4.124      0.199272
   4.129      0.197603
   4.134      0.195938
   4.139      0.194278
   4.144      0.192622
   4.150      0.190971
   4.155      0.189324
   4.160      0.187682
   4.165      0.186045
   4.170      0.184413
   4.176      0.182786
   4.181      0.181163
   4.186      0.179545
   4.191      0.177933
   4.196      0.176325
   4.202      0.174723
   4.207      0.173125
   4.212      0.171533
   4.217      0.169946
   4.222      0.168365
   4.228      0.166788
   4.233      0.165217
   4.238      0.163652
   4.243      0.162092
   4.248      0.160537
   4.254      0.158988
   4.259      0.157445
   4.264      0.155907
   4.269      0.154375
   4.274      0.152849
   4.280      0.151328
   4.285      0.149814
   4.290      0.148305
   4.295      0.146802
   4.300      0.145305
   4.306      0.143814
   4.311      0.142329
   4.316      0.140850
   4.321      0.139377
   4.326      0.137910
   4.332      0.136450
   4.337      0.134996
   4.342      0.133548
   4.347      0.132106
   4.352      0.130671
   4.358      0.129242
   4.363      0.127819
   4.368      0.126403
   4.373      0.124993
   4.378      0.123590
   4.384      0.122194
   4.389      0.120804
   4.394      0.119420
   4.399      0.118044
   4.404      0.116674
   4.410      0.115310
   4.415      0.113954
   4.420      0.112604
   4.425      0.111261
   4.430      0.109925
   4.436      0.108596
   4.441      0.107274
   4.446      0.105959
   4.451      0.104650
   4.456      0.103349
   4.462      0.102055
   4.467      0.100768
   4.472      0.099488
   4.477      0.098215
   4.482      0.096949
   4.488      0.095691
   4.493      0.094439
   4.498      0.093195
   4.503      0.091959
   4.508      0.090729
   4.514      0.089507
   4.519      0.088293
   4.524      0.087085
   4.529      0.085885
   4.534      0.084693
   4.540      0.083508
   4.545      0.082331
   4.550      0.081161
   4.555      0.079998
   4.560      0.078844
   4.566      0.077696
   4.571      0.076557
   4.576      0.075425
   4.581      0.074301
   4.586      0.073184
   4.592      0.072075
   4.597      0.070974
   4.602      0.069881
   4.607      0.068796
   4.612      0.067718
   4.618      0.066648
   4.623      0.065586
   4.628      0.064532
   4.633      0.063486
   4.638      0.062448
   4.644      0.061418
   4.649      0.060396
   4.654      0.059381
   4.659      0.058375
   4.664      0.057377
   4.670      0.056387
   4.675      0.055404
   4.680      0.054430
   4.685      0.053465
   4.690      0.052507
   4.696      0.051557
   4.701      0.050616
   4.706      0.049682
   4.711      0.048757
   4.716      0.047841
   4.722      0.046932
   4.727      0.046032
   4.732      0.045140
   4.737      0.044256
   4.742      0.043380
   4.748      0.042513
   4.753      0.041655
   4.758      0.040804
   4.763      0.039962
   4.768      0.039129
   4.774      0.038303
   4.779      0.037487
   4.784      0.036678
   4.789      0.035878
   4.794      0.035087
   4.800      0.034304
   4.805      0.033529
   4.810      0.032764
   4.815      0.032006
   4.820      0.031257
   4.826      0.030517
   4.831      0.029785
   4.836      0.029062
   4.841      0.028347
   4.846      0.027641
   4.852      0.026944
   4.857      0.026255
   4.862      0.025575
   4.867      0.024904
   4.872      0.024241
   4.878      0.023587
   4.883      0.022941
   4.888      0.022305
   4.893      0.021677
   4.898      0.021057
   4.904      0.020447
   4.909      0.019845
   4.914      0.019252
   4.919      0.018667
   4.924      0.018092
   4.930      0.017525
   4.935      0.016967
   4.940      0.016418
   4.945      0.015877
   4.950      0.015346
   4.956      0.014823
   4.961      0.014309
   4.966      0.013804
   4.971      0.013307
   4.976      0.012820
   4.982      0.012341
   4.987      0.011871
   4.992      0.011410
   4.997      0.010958
   5.002      0.010515
   5.008      0.010080
   5.013      0.009655
   5.018      0.009238
   5.023      0.008830
   5.028      0.008431
   5.034      0.008041
   5.039      0.007660
   5.044      0.007287
   5.049      0.006924
   5.054      0.006569
   5.060      0.006223
   5.065      0.005886
   5.070      0.005558
   5.075      0.005239
   5.080      0.004928
   5.086      0.004627
   5.091      0.004334
   5.096      0.004049
   5.101      0.003774
   5.106      0.003507
   5.112      0.003249
   5.117      0.003000
   5.122      0.002759
   5.127      0.002527
   5.132      0.002303
   5.138      0.002088
   5.143      0.001881
   5.148      0.001683
   5.153      0.001493
   5.158      0.001311
   5.164      0.001137
   5.169      0.000971
   5.174      0.000812
   5.179      0.000661
   5.184      0.000517
   5.190      0.000380
   5.195      0.000249
   5.200      0.000123
   5.205      0.000000
