   0.005      0.000473
   0.010      0.005445
   0.016      0.010417
   0.021      0.015559
   0.026      0.020725
   0.031      0.025899
   0.036      0.031077
   0.042      0.036258
   0.047      0.041442
   0.052      0.046629
   0.057      0.051819
   0.062      0.057012
   0.068      0.062208
   0.073      0.067409
   0.078      0.072613
   0.083      0.077822
   0.088      0.083035
   0.094      0.088254
   0.099      0.093477
   0.104      0.098706
   0.109      0.103941
   0.114      0.109182
   0.120      0.114429
   0.125      0.119683
   0.130      0.124943
   0.135      0.130211
   0.140      0.135486
   0.146      0.140769
   0.151      0.146059
   0.156      0.151358
   0.161      0.156665
   0.166      0.161981
   0.172      0.167305
   0.177      0.172639
   0.182      0.177982
   0.187      0.183334
   0.192      0.188696
   0.198      0.194068
   0.203      0.199451
   0.208      0.204843
   0.213      0.210246
   0.218      0.215660
   0.224      0.221084
   0.229      0.226519
   0.234      0.231966
   0.239      0.237424
   0.244      0.242893
   0.250      0.248374
   0.255      0.253867
   0.260      0.259371
   0.265      0.264887
   0.270      0.270416
   0.276      0.275956
   0.281      0.281509
   0.286      0.287074
   0.291      0.292651
   0.296      0.298241
   0.302      0.303844
   0.307      0.309459
   0.312      0.315086
   0.317      0.320726
   0.322      0.326379
   0.328      0.332045
   0.333      0.337723
   0.338      0.343414
   0.343      0.349117
   0.348      0.354834
   0.354      0.360562
   0.359      0.366304
   0.364      0.372058
   0.369      0.377825
   0.374      0.383604
   0.380      0.389395
   0.385      0.395199
   0.390      0.401015
   0.395      0.406843
   0.400      0.412683
   0.406      0.418535
   0.411      0.424399
   0.416      0.430274
   0.421      0.436161
   0.426      0.442060
   0.432      0.447970
   0.437      0.453891
   0.442      0.459822
   0.447      0.465765
   0.452      0.471718
   0.458      0.477681
   0.463      0.483655
   0.468      0.489639
   0.473      0.495632
   0.478      0.501635
   0.484      0.507647
   0.489      0.513668
   0.494      0.519697
   0.499      0.525735
   0.504      0.531782
   0.510      0.537836
   0.515      0.543898
   0.520      0.549967
   0.525      0.556043
   0.530      0.562126
   0.536      0.568215
   0.541      0.574310
   0.546      0.580411
   0.551      0.586517
   0.556      0.592628
   0.562      0.598743
   0.567      0.604862
   0.572      0.610985
   0.577      0.617112
   0.582      0.623241
   0.588      0.629372
   0.593      0.635506
   0.598      0.641641
   0.603      0.647777
   0.608      0.653914
   0.614      0.660051
   0.619      0.666187
   0.624      0.672323
   0.629      0.678457
   0.634      0.684589
   0.640      0.690719
   0.645      0.696846
   0.650      0.702969
   0.655      0.709088
   0.660      0.715202
   0.666      0.721311
   0.671      0.727415
   0.676      0.733511
   0.681      0.739601
   0.686      0.745683
   0.692      0.751757
   0.697      0.757822
   0.702      0.763877
   0.707      0.769922
   0.712      0.775956
   0.718      0.781979
   0.723      0.787990
   0.728      0.793987
   0.733      0.799971
   0.738      0.805941
   0.744      0.811895
   0.749      0.817834
   0.754      0.823757
   0.759      0.829662
   0.764      0.835550
   0.770      0.841419
   0.775      0.847268
   0.780      0.853098
   0.785      0.858907
   0.790      0.864694
   0.796      0.870459
   0.801      0.876200
   0.806      0.881918
   0.811      0.887612
   0.816      0.893279
   0.822      0.898921
   0.827      0.904536
   0.832      0.910123
   0.837      0.915681
   0.842      0.921210
   0.848      0.926709
   0.853      0.932177
   0.858      0.937613
   0.863      0.943017
   0.868      0.948388
   0.874      0.953725
   0.879      0.959027
   0.884      0.964293
   0.889      0.969523
   0.894      0.974716
   0.900      0.979870
   0.905      0.984987
   0.910      0.990063
   0.915      0.995100
   0.920      1.000095
   0.926      1.005049
   0.931      1.009960
   0.936      1.014828
   0.941      1.019652
   0.946      1.024431
   0.952      1.029165
   0.957      1.033853
   0.962      1.038494
   0.967      1.043087
   0.972      1.047632
   0.978      1.052128
   0.983      1.056574
   0.988      1.060970
   0.993      1.065315
   0.998      1.069608
   1.004      1.073849
   1.009      1.078037
   1.014      1.082172
   1.019      1.086252
   1.024      1.090278
   1.030      1.094249
   1.035      1.098163
   1.040      1.102021
   1.045      1.105822
   1.050      1.109566
   1.056      1.113251
   1.061      1.116878
   1.066      1.120446
   1.071      1.123955
   1.076      1.127403
   1.082      1.130791
   1.087      1.134118
   1.092      1.137384
   1.097      1.140588
   1.102      1.143731
   1.108      1.146810
   1.113      1.149827
   1.118      1.152781
   1.123      1.155671
   1.128      1.158498
   1.134      1.161261
   1.139      1.163959
   1.144      1.166593
   1.149      1.169162
   1.154      1.171666
   1.160      1.174105
   1.165      1.176478
   1.170      1.178786
   1.175      1.181029
   1.180      1.183205
   1.186      1.185316
   1.191      1.187361
   1.196      1.189339
   1.201      1.191251
   1.206      1.193098
   1.212      1.194878
   1.217      1.196592
   1.222      1.198239
   1.227      1.199821
   1.232      1.201337
   1.238      1.202786
   1.243      1.204170
   1.248      1.205487
   1.253      1.206740
   1.258      1.207926
   1.264      1.209047
   1.269      1.210103
   1.274      1.211094
   1.279      1.212020
   1.284      1.212882
   1.290      1.213679
   1.295      1.214412
   1.300      1.215081
   1.305      1.215687
   1.310      1.216229
   1.316      1.216709
   1.321      1.217125
   1.326      1.217480
   1.331      1.217773
   1.336      1.218004
   1.342      1.218174
   1.347      1.218283
   1.352      1.218332
   1.357      1.218321
   1.362      1.218251
   1.368      1.218122
   1.373      1.217934
   1.378      1.217688
   1.383      1.217384
   1.388      1.217024
   1.394      1.216606
   1.399      1.216133
   1.404      1.215604
   1.409      1.215020
   1.414      1.214382
   1.420      1.213690
   1.425      1.212944
   1.430      1.212146
   1.435      1.211295
   1.440      1.210393
   1.446      1.209439
   1.451      1.208436
   1.456      1.207382
   1.461      1.206279
   1.466      1.205128
   1.472      1.203928
   1.477      1.202681
   1.482      1.201387
   1.487      1.200047
   1.492      1.198662
   1.498      1.197232
   1.503      1.195757
   1.508      1.194239
   1.513      1.192678
   1.518      1.191074
   1.524      1.189429
   1.529      1.187743
   1.534      1.186016
   1.539      1.184250
   1.544      1.182444
   1.550      1.180600
   1.555      1.178718
   1.560      1.176799
   1.565      1.174844
   1.570      1.172852
   1.576      1.170826
   1.581      1.168764
   1.586      1.166669
   1.591      1.164540
   1.596      1.162378
   1.602      1.160185
   1.607      1.157960
   1.612      1.155704
   1.617      1.153417
   1.622      1.151101
   1.628      1.148756
   1.633      1.146383
   1.638      1.143982
   1.643      1.141553
   1.648      1.139098
   1.654      1.136617
   1.659      1.134110
   1.664      1.131578
   1.669      1.129022
   1.674      1.126442
   1.680      1.123839
   1.685      1.121213
   1.690      1.118566
   1.695      1.115896
   1.700      1.113205
   1.706      1.110494
   1.711      1.107763
   1.716      1.105012
   1.721      1.102243
   1.726      1.099455
   1.732      1.096649
   1.737      1.093825
   1.742      1.090984
   1.747      1.088127
   1.752      1.085254
   1.758      1.082365
   1.763      1.079461
   1.768      1.076543
   1.773      1.073610
   1.778      1.070663
   1.784      1.067703
   1.789      1.064731
   1.794      1.061745
   1.799      1.058748
   1.804      1.055738
   1.810      1.052718
   1.815      1.049687
   1.820      1.046645
   1.825      1.043593
   1.830      1.040531
   1.836      1.037460
   1.841      1.034380
   1.846      1.031291
   1.851      1.028194
   1.856      1.025090
   1.862      1.021977
   1.867      1.018857
   1.872      1.015731
   1.877      1.012597
   1.882      1.009458
   1.888      1.006312
   1.893      1.003161
   1.898      1.000005
   1.903      0.996843
   1.908      0.993676
   1.914      0.990506
   1.919      0.987331
   1.924      0.984152
   1.929      0.980969
   1.934      0.977783
   1.940      0.974594
   1.945      0.971402
   1.950      0.968207
   1.955      0.965010
   1.960      0.961811
   1.966      0.958610
   1.971      0.955407
   1.976      0.952203
   1.981      0.948997
   1.986      0.945791
   1.992      0.942584
   1.997      0.939376
   2.002      0.936168
   2.007      0.932960
   2.012      0.929752
   2.018      0.926544
   2.023      0.923337
   2.028      0.920130
   2.033      0.916924
   2.038      0.913719
   2.044      0.910515
   2.049      0.907313
   2.054      0.904112
   2.059      0.900913
   2.064      0.897715
   2.070      0.894520
   2.075      0.891327
   2.080      0.888136
   2.085      0.884948
   2.090      0.881762
   2.096      0.878579
   2.101      0.875399
   2.106      0.872222
   2.111      0.869048
   2.116      0.865877
   2.122      0.862710
   2.127      0.859547
   2.132      0.856387
   2.137      0.853231
   2.142      0.850079
   2.148      0.846931
   2.153      0.843787
   2.158      0.840648
   2.163      0.837512
   2.168      0.834382
   2.174      0.831256
   2.179      0.828135
   2.184      0.825018
   2.189      0.821906
   2.194      0.818800
   2.200      0.815698
   2.205      0.812602
   2.210      0.809511
   2.215      0.806426
   2.220      0.803345
   2.226      0.800271
   2.231      0.797202
   2.236      0.794138
   2.241      0.791081
   2.246      0.788029
   2.252      0.784983
   2.257      0.781944
   2.262      0.778910
   2.267      0.775883
   2.272      0.772861
   2.278      0.769846
   2.283      0.766837
   2.288      0.763835
   2.293      0.760839
   2.298      0.757850
   2.304      0.754867
   2.309      0.751891
   2.314      0.748922
   2.319      0.745959
   2.324      0.743003
   2.330      0.740054
   2.335      0.737112
   2.340      0.734176
   2.345      0.731248
   2.350      0.728327
   2.356      0.725413
   2.361      0.722506
   2.366      0.719606
   2.371      0.716713
   2.376      0.713828
   2.382      0.710949
   2.387      0.708079
   2.392      0.705215
   2.397      0.702359
   2.402      0.699510
   2.408      0.696669
   2.413      0.693835
   2.418      0.691008
   2.423      0.688190
   2.428      0.685378
   2.434      0.682575
   2.439      0.679779
   2.444      0.676990
   2.449      0.674209
   2.454      0.671436
   2.460      0.668671
   2.465      0.665913
   2.470      0.663163
   2.475      0.660421
   2.480      0.657687
   2.486      0.654960
   2.491      0.652241
   2.496      0.649530
   2.501      0.646827
   2.506      0.644132
   2.512      0.641444
   2.517      0.638765
   2.522      0.636093
   2.527      0.633430
   2.532      0.630774
   2.538      0.628126
   2.543      0.625486
   2.548      0.622854
   2.553      0.620230
   2.558      0.617614
   2.564      0.615006
   2.569      0.612406
   2.574      0.609813
   2.579      0.607229
   2.584      0.604653
   2.590      0.602085
   2.595      0.599525
   2.600      0.596972
   2.605      0.594428
   2.610      0.591892
   2.616      0.589363
   2.621      0.586843
   2.626      0.584331
   2.631      0.581826
   2.636      0.579330
   2.642      0.576842
   2.647      0.574361
   2.652      0.571889
   2.657      0.569424
   2.662      0.566968
   2.668      0.564520
   2.673      0.562079
   2.678      0.559647
   2.683      0.557222
   2.688      0.554806
   2.694      0.552397
   2.699      0.549996
   2.704      0.547603
   2.709      0.545219
   2.714      0.542842
   2.720      0.540473
   2.725      0.538112
   2.730      0.535758
   2.735      0.533413
   2.740      0.531076
   2.746      0.528746
   2.751      0.526425
   2.756      0.524111
   2.761      0.521805
   2.766      0.519507
   2.772      0.517216
   2.777      0.514934
   2.782      0.512659
   2.787      0.510392
   2.792      0.508133
   2.798      0.505881
   2.803      0.503637
   2.808      0.501401
   2.813      0.499173
   2.818      0.496953
   2.824      0.494740
   2.829      0.492534
   2.834      0.490337
   2.839      0.488147
   2.844      0.485965
   2.850      0.483790
   2.855      0.481623
   2.860      0.479464
   2.865      0.477312
   2.870      0.475167
   2.876      0.473031
   2.881      0.470901
   2.886      0.468780
   2.891      0.466665
   2.896      0.464558
   2.902      0.462459
   2.907      0.460367
   2.912      0.458283
   2.917      0.456206
   2.922      0.454136
   2.928      0.452074
   2.933      0.450019
   2.938      0.447971
   2.943      0.445931
   2.948      0.443898
   2.954      0.441872
   2.959      0.439854
   2.964      0.437842
   2.969      0.435838
   2.974      0.433842
   2.980      0.431852
   2.985      0.429870
   2.990      0.427894
   2.995      0.425926
   3.000      0.423965
   3.006      0.422012
   3.011      0.420065
   3.016      0.418125
   3.021      0.416192
   3.026      0.414267
   3.032      0.412348
   3.037      0.410436
   3.042      0.408531
   3.047      0.406634
   3.052      0.404743
   3.058      0.402859
   3.063      0.400982
   3.068      0.399111
   3.073      0.397248
   3.078      0.395391
   3.084      0.393542
   3.089      0.391699
   3.094      0.389862
   3.099      0.388033
   3.104      0.386210
   3.110      0.384394
   3.115      0.382585
   3.120      0.380782
   3.125      0.378986
   3.130      0.377197
   3.136      0.375414
   3.141      0.373637
   3.146      0.371868
   3.151      0.370105
   3.156      0.368348
   3.162      0.366598
   3.167      0.364854
   3.172      0.363117
   3.177      0.361386
   3.182      0.359662
   3.188      0.357944
   3.193      0.356232
   3.198      0.354527
   3.203      0.352828
   3.208      0.351135
   3.214      0.349449
   3.219      0.347769
   3.224      0.346095
   3.229      0.344427
   3.234      0.342766
   3.240      0.341111
   3.245      0.339462
   3.250      0.337819
   3.255      0.336182
   3.260      0.334551
   3.266      0.332927
   3.271      0.331308
   3.276      0.329696
   3.281      0.328089
   3.286      0.326489
   3.292      0.324894
   3.297      0.323306
   3.302      0.321723
   3.307      0.320146
   3.312      0.318576
   3.318      0.317011
   3.323      0.315452
   3.328      0.313898
   3.333      0.312351
   3.338      0.310809
   3.344      0.309273
   3.349      0.307743
   3.354      0.306219
   3.359      0.304700
   3.364      0.303187
   3.370      0.301680
   3.375      0.300178
   3.380      0.298682
   3.385      0.297192
   3.390      0.295707
   3.396      0.294228
   3.401      0.292754
   3.406      0.291286
   3.411      0.289823
   3.416      0.288366
   3.422      0.286914
   3.427      0.285468
   3.432      0.284027
   3.437      0.282591
   3.442      0.281161
   3.448      0.279736
   3.453      0.278317
   3.458      0.276903
   3.463      0.275494
   3.468      0.274091
   3.474      0.272692
   3.479      0.271299
   3.484      0.269912
   3.489      0.268529
   3.494      0.267152
   3.500      0.265780
   3.505      0.264413
   3.510      0.263051
   3.515      0.261694
   3.520      0.260342
   3.526      0.258996
   3.531      0.257654
   3.536      0.256317
   3.541      0.254986
   3.546      0.253659
   3.552      0.252338
   3.557      0.251021
   3.562      0.249709
   3.567      0.248403
   3.572      0.247101
   3.578      0.245804
   3.583      0.244512
   3.588      0.243224
   3.593      0.241942
   3.598      0.240664
   3.604      0.239391
   3.609      0.238123
   3.614      0.236860
   3.619      0.235601
   3.624      0.234347
   3.630      0.233098
   3.635      0.231853
   3.640      0.230613
   3.645      0.229378
   3.650      0.228147
   3.656      0.226921
   3.661      0.225699
   3.666      0.224482
   3.671      0.223270
   3.676      0.222062
   3.682      0.220859
   3.687      0.219660
   3.692      0.218465
   3.697      0.217275
   3.702      0.216090
   3.708      0.214909
   3.713      0.213732
   3.718      0.212560
   3.723      0.211392
   3.728      0.210228
   3.734      0.209069
   3.739      0.207914
   3.744      0.206763
   3.749      0.205616
   3.754      0.204474
   3.760      0.203336
   3.765      0.202203
   3.770      0.201073
   3.775      0.199948
   3.780      0.198826
   3.786      0.197709
   3.791      0.196597
   3.796      0.195488
   3.801      0.194383
   3.806      0.193283
   3.812      0.192186
   3.817      0.191094
   3.822      0.190005
   3.827      0.188921
   3.832      0.187841
   3.838      0.186764
   3.843      0.185692
   3.848      0.184623
   3.853      0.183559
   3.858      0.182498
   3.864      0.181441
   3.869      0.180388
   3.874      0.179340
   3.879      0.178294
   3.884      0.177253
   3.890      0.176216
   3.895      0.175182
   3.900      0.174152
   3.905      0.173126
   3.910      0.172104
   3.916      0.171085
   3.921      0.170070
   3.926      0.169059
   3.931      0.168052
   3.936      0.167048
   3.942      0.166048
   3.947      0.165051
   3.952      0.164059
   3.957      0.163069
   3.962      0.162084
   3.968      0.161102
   3.973      0.160123
   3.978      0.159148
   3.983      0.158177
   3.988      0.157209
   3.994      0.156245
   3.999      0.155284
   4.004      0.154327
   4.009      0.153373
   4.014      0.152422
   4.020      0.151475
   4.025      0.150532
   4.030      0.149591
   4.035      0.148655
   4.040      0.147721
   4.046      0.146791
   4.051      0.145864
   4.056      0.144941
   4.061      0.144021
   4.066      0.143104
   4.072      0.142191
   4.077      0.141281
   4.082      0.140374
   4.087      0.139470
   4.092      0.138569
   4.098      0.137672
   4.103      0.136778
   4.108      0.135887
   4.113      0.134999
   4.118      0.134115
   4.124      0.133233
   4.129      0.132355
   4.134      0.131480
   4.139      0.130608
   4.144      0.129739
   4.150      0.128873
   4.155      0.128010
   4.160      0.127151
   4.165      0.126294
   4.170      0.125440
   4.176      0.124589
   4.181      0.123742
   4.186      0.122897
   4.191      0.122055
   4.196      0.121216
   4.202      0.120380
   4.207      0.119547
   4.212      0.118717
   4.217      0.117890
   4.222      0.117066
   4.228      0.116245
   4.233      0.115426
   4.238      0.114610
   4.243      0.113798
   4.248      0.112987
   4.254      0.112180
   4.259      0.111376
   4.264      0.110574
   4.269      0.109775
   4.274      0.108979
   4.280      0.108186
   4.285      0.107395
   4.290      0.106607
   4.295      0.105822
   4.300      0.105040
   4.306      0.104260
   4.311      0.103483
   4.316      0.102708
   4.321      0.101936
   4.326      0.101167
   4.332      0.100400
   4.337      0.099636
   4.342      0.098875
   4.347      0.098116
   4.352      0.097360
   4.358      0.096606
   4.363      0.095855
   4.368      0.095106
   4.373      0.094360
   4.378      0.093617
   4.384      0.092875
   4.389      0.092137
   4.394      0.091401
   4.399      0.090667
   4.404      0.089936
   4.410      0.089207
   4.415      0.088481
   4.420      0.087757
   4.425      0.087035
   4.430      0.086316
   4.436      0.085599
   4.441      0.084885
   4.446      0.084173
   4.451      0.083463
   4.456      0.082756
   4.462      0.082051
   4.467      0.081348
   4.472      0.080647
   4.477      0.079949
   4.482      0.079253
   4.488      0.078560
   4.493      0.077868
   4.498      0.077179
   4.503      0.076492
   4.508      0.075808
   4.514      0.075125
   4.519      0.074445
   4.524      0.073767
   4.529      0.073091
   4.534      0.072417
   4.540      0.071746
   4.545      0.071076
   4.550      0.070409
   4.555      0.069744
   4.560      0.069081
   4.566      0.068420
   4.571      0.067761
   4.576      0.067104
   4.581      0.066450
   4.586      0.065797
   4.592      0.065146
   4.597      0.064498
   4.602      0.063851
   4.607      0.063207
   4.612      0.062564
   4.618      0.061924
   4.623      0.061285
   4.628      0.060648
   4.633      0.060014
   4.638      0.059381
   4.644      0.058750
   4.649      0.058122
   4.654      0.057495
   4.659      0.056870
   4.664      0.056247
   4.670      0.055626
   4.675      0.055006
   4.680      0.054389
   4.685      0.053774
   4.690      0.053160
   4.696      0.052548
   4.701      0.051938
   4.706      0.051330
   4.711      0.050723
   4.716      0.050119
   4.722      0.049516
   4.727      0.048915
   4.732      0.048316
   4.737      0.047718
   4.742      0.047123
   4.748      0.046529
   4.753      0.045937
   4.758      0.045346
   4.763      0.044757
   4.768      0.044170
   4.774      0.043585
   4.779      0.043001
   4.784      0.042419
   4.789      0.041839
   4.794      0.041260
   4.800      0.040683
   4.805      0.040108
   4.810      0.039534
   4.815      0.038962
   4.820      0.038391
   4.826      0.037822
   4.831      0.037255
   4.836      0.036689
   4.841      0.036125
   4.846      0.035562
   4.852      0.035001
   4.857      0.034441
   4.862      0.033883
   4.867      0.033327
   4.872      0.032772
   4.878      0.032218
   4.883      0.031666
   4.888      0.031116
   4.893      0.030567
   4.898      0.030019
   4.904      0.029473
   4.909      0.028929
   4.914      0.028385
   4.919      0.027844
   4.924      0.027303
   4.930      0.026764
   4.935      0.026227
   4.940      0.025691
   4.945      0.025156
   4.950      0.024623
   4.956      0.024091
   4.961      0.023560
   4.966      0.023031
   4.971      0.022503
   4.976      0.021976
   4.982      0.021451
   4.987      0.020927
   4.992      0.020405
   4.997      0.019883
   5.002      0.019363
   5.008      0.018845
   5.013      0.018327
   5.018      0.017811
   5.023      0.017296
   5.028      0.016783
   5.034      0.016270
   5.039      0.015759
   5.044      0.015249
   5.049      0.014740
   5.054      0.014233
   5.060      0.013726
   5.065      0.013221
   5.070      0.012717
   5.075      0.012214
   5.080      0.011713
   5.086      0.011212
   5.091      0.010713
   5.096      0.010215
   5.101      0.009717
   5.106      0.009222
   5.112      0.008727
   5.117      0.008233
   5.122      0.007740
   5.127      0.007249
   5.132      0.006758
   5.138      0.006269
   5.143      0.005780
   5.148      0.005293
   5.153      0.004807
   5.158      0.004322
   5.164      0.003838
   5.169      0.003354
   5.174      0.002872
   5.179      0.002391
   5.184      0.001911
   5.190      0.001432
   5.195      0.000954
   5.200      0.000476
   5.205      0.000000
