   0.005      0.444142
   0.010      0.444245
   0.016      0.444348
   0.021      0.444520
   0.026      0.444761
   0.031      0.445071
   0.036      0.445450
   0.042      0.445898
   0.047      0.446415
   0.052      0.447001
   0.057      0.447657
   0.062      0.448383
   0.068      0.449178
   0.073      0.450042
   0.078      0.450977
   0.083      0.451981
   0.088      0.453056
   0.094      0.454200
   0.099      0.455415
   0.104      0.456701
   0.109      0.458057
   0.114      0.459484
   0.120      0.460982
   0.125      0.462551
   0.130      0.464191
   0.135      0.465903
   0.140      0.467686
   0.146      0.469541
   0.151      0.471468
   0.156      0.473467
   0.161      0.475538
   0.166      0.477682
   0.172      0.479898
   0.177      0.482187
   0.182      0.484548
   0.187      0.486983
   0.192      0.489491
   0.198      0.492073
   0.203      0.494728
   0.208      0.497457
   0.213      0.500260
   0.218      0.503137
   0.224      0.506089
   0.229      0.509115
   0.234      0.512215
   0.239      0.515390
   0.244      0.518641
   0.250      0.521966
   0.255      0.525367
   0.260      0.528843
   0.265      0.532394
   0.270      0.536021
   0.276      0.539725
   0.281      0.543504
   0.286      0.547359
   0.291      0.551290
   0.296      0.555298
   0.302      0.559382
   0.307      0.563542
   0.312      0.567779
   0.317      0.572093
   0.322      0.576483
   0.328      0.580951
   0.333      0.585495
   0.338      0.590116
   0.343      0.594813
   0.348      0.599588
   0.354      0.604439
   0.359      0.609368
   0.364      0.614373
   0.369      0.619455
   0.374      0.624614
   0.380      0.629849
   0.385      0.635161
   0.390      0.640549
   0.395      0.646013
   0.400      0.651554
   0.406      0.657171
   0.411      0.662863
   0.416      0.668631
   0.421      0.674475
   0.426      0.680394
   0.432      0.686387
   0.437      0.692455
   0.442      0.698598
   0.447      0.704814
   0.452      0.711104
   0.458      0.717467
   0.463      0.723903
   0.468      0.730411
   0.473      0.736991
   0.478      0.743642
   0.484      0.750364
   0.489      0.757156
   0.494      0.764018
   0.499      0.770949
   0.504      0.777948
   0.510      0.785015
   0.515      0.792148
   0.520      0.799348
   0.525      0.806613
   0.530      0.813943
   0.536      0.821336
   0.541      0.828792
   0.546      0.836310
   0.551      0.843889
   0.556      0.851527
   0.562      0.859224
   0.567      0.866978
   0.572      0.874789
   0.577      0.882655
   0.582      0.890575
   0.588      0.898548
   0.593      0.906572
   0.598      0.914646
   0.603      0.922769
   0.608      0.930938
   0.614      0.939154
   0.619      0.947413
   0.624      0.955715
   0.629      0.964058
   0.634      0.972440
   0.640      0.980859
   0.645      0.989315
   0.650      0.997804
   0.655      1.006325
   0.660      1.014876
   0.666      1.023456
   0.671      1.032062
   0.676      1.040692
   0.681      1.049344
   0.686      1.058017
   0.692      1.066707
   0.697      1.075414
   0.702      1.084134
   0.707      1.092865
   0.712      1.101605
   0.718      1.110352
   0.723      1.119103
   0.728      1.127857
   0.733      1.136609
   0.738      1.145360
   0.744      1.154104
   0.749      1.162841
   0.754      1.171567
   0.759      1.180281
   0.764      1.188979
   0.770      1.197658
   0.775      1.206317
   0.780      1.214953
   0.785      1.223562
   0.790      1.232143
   0.796      1.240693
   0.801      1.249208
   0.806      1.257686
   0.811      1.266125
   0.816      1.274522
   0.822      1.282874
   0.827      1.291178
   0.832      1.299431
   0.837      1.307632
   0.842      1.315777
   0.848      1.323863
   0.853      1.331888
   0.858      1.339849
   0.863      1.347744
   0.868      1.355570
   0.874      1.363323
   0.879      1.371003
   0.884      1.378605
   0.889      1.386128
   0.894      1.393569
   0.900      1.400925
   0.905      1.408195
   0.910      1.415375
   0.915      1.422463
   0.920      1.429457
   0.926      1.436354
   0.931      1.443153
   0.936      1.449851
   0.941      1.456446
   0.946      1.462936
   0.952      1.469318
   0.957      1.475591
   0.962      1.481753
   0.967      1.487801
   0.972      1.493735
   0.978      1.499551
   0.983      1.505249
   0.988      1.510827
   0.993      1.516283
   0.998      1.521616
   1.004      1.526823
   1.009      1.531905
   1.014      1.536859
   1.019      1.541684
   1.024      1.546379
   1.030      1.550942
   1.035      1.555374
   1.040      1.559672
   1.045      1.563836
   1.050      1.567864
   1.056      1.571758
   1.061      1.575514
   1.066      1.579133
   1.071      1.582615
   1.076      1.585958
   1.082      1.589163
   1.087      1.592229
   1.092      1.595155
   1.097      1.597943
   1.102      1.600590
   1.108      1.603098
   1.113      1.605466
   1.118      1.607695
   1.123      1.609784
   1.128      1.611735
   1.134      1.613546
   1.139      1.615219
   1.144      1.616753
   1.149      1.618150
   1.154      1.619410
   1.160      1.620533
   1.165      1.621521
   1.170      1.622373
   1.175      1.623091
   1.180      1.623675
   1.186      1.624127
   1.191      1.624446
   1.196      1.624635
   1.201      1.624695
   1.206      1.624625
   1.212      1.624428
   1.217      1.624104
   1.222      1.623656
   1.227      1.623083
   1.232      1.622387
   1.238      1.621570
   1.243      1.620633
   1.248      1.619578
   1.253      1.618405
   1.258      1.617116
   1.264      1.615713
   1.269      1.614197
   1.274      1.612570
   1.279      1.610833
   1.284      1.608988
   1.290      1.607036
   1.295      1.604979
   1.300      1.602819
   1.305      1.600557
   1.310      1.598195
   1.316      1.595735
   1.321      1.593177
   1.326      1.590525
   1.331      1.587779
   1.336      1.584941
   1.342      1.582013
   1.347      1.578997
   1.352      1.575894
   1.357      1.572707
   1.362      1.569435
   1.368      1.566083
   1.373      1.562650
   1.378      1.559139
   1.383      1.555552
   1.388      1.551889
   1.394      1.548153
   1.399      1.544346
   1.404      1.540469
   1.409      1.536524
   1.414      1.532511
   1.420      1.528434
   1.425      1.524293
   1.430      1.520091
   1.435      1.515828
   1.440      1.511506
   1.446      1.507128
   1.451      1.502693
   1.456      1.498204
   1.461      1.493663
   1.466      1.489070
   1.472      1.484428
   1.477      1.479737
   1.482      1.475000
   1.487      1.470217
   1.492      1.465390
   1.498      1.460520
   1.503      1.455609
   1.508      1.450658
   1.513      1.445668
   1.518      1.440641
   1.524      1.435578
   1.529      1.430480
   1.534      1.425348
   1.539      1.420184
   1.544      1.414988
   1.550      1.409763
   1.555      1.404508
   1.560      1.399226
   1.565      1.393918
   1.570      1.388583
   1.576      1.383225
   1.581      1.377843
   1.586      1.372438
   1.591      1.367013
   1.596      1.361567
   1.602      1.356102
   1.607      1.350618
   1.612      1.345117
   1.617      1.339600
   1.622      1.334067
   1.628      1.328519
   1.633      1.322958
   1.638      1.317384
   1.643      1.311798
   1.648      1.306200
   1.654      1.300593
   1.659      1.294975
   1.664      1.289349
   1.669      1.283715
   1.674      1.278074
   1.680      1.272426
   1.685      1.266772
   1.690      1.261113
   1.695      1.255450
   1.700      1.249783
   1.706      1.244113
   1.711      1.238440
   1.716      1.232766
   1.721      1.227090
   1.726      1.221414
   1.732      1.215738
   1.737      1.210062
   1.742      1.204388
   1.747      1.198716
   1.752      1.193045
   1.758      1.187378
   1.763      1.181714
   1.768      1.176053
   1.773      1.170397
   1.778      1.164746
   1.784      1.159100
   1.789      1.153460
   1.794      1.147826
   1.799      1.142198
   1.804      1.136578
   1.810      1.130965
   1.815      1.125360
   1.820      1.119764
   1.825      1.114176
   1.830      1.108597
   1.836      1.103027
   1.841      1.097468
   1.846      1.091918
   1.851      1.086379
   1.856      1.080851
   1.862      1.075334
   1.867      1.069828
   1.872      1.064334
   1.877      1.058853
   1.882      1.053383
   1.888      1.047927
   1.893      1.042483
   1.898      1.037053
   1.903      1.031636
   1.908      1.026232
   1.914      1.020843
   1.919      1.015468
   1.924      1.010107
   1.929      1.004762
   1.934      0.999431
   1.940      0.994115
   1.945      0.988814
   1.950      0.983529
   1.955      0.978260
   1.960      0.973007
   1.966      0.967770
   1.971      0.962549
   1.976      0.957344
   1.981      0.952156
   1.986      0.946985
   1.992      0.941831
   1.997      0.936694
   2.002      0.931575
   2.007      0.926472
   2.012      0.921388
   2.018      0.916321
   2.023      0.911271
   2.028      0.906240
   2.033      0.901226
   2.038      0.896231
   2.044      0.891254
   2.049      0.886296
   2.054      0.881355
   2.059      0.876434
   2.064      0.871531
   2.070      0.866646
   2.075      0.861781
   2.080      0.856934
   2.085      0.852107
   2.090      0.847298
   2.096      0.842508
   2.101      0.837738
   2.106      0.832987
   2.111      0.828255
   2.116      0.823543
   2.122      0.818850
   2.127      0.814176
   2.132      0.809522
   2.137      0.804887
   2.142      0.800272
   2.148      0.795677
   2.153      0.791101
   2.158      0.786545
   2.163      0.782009
   2.168      0.777492
   2.174      0.772995
   2.179      0.768518
   2.184      0.764061
   2.189      0.759623
   2.194      0.755206
   2.200      0.750808
   2.205      0.746430
   2.210      0.742072
   2.215      0.737733
   2.220      0.733415
   2.226      0.729116
   2.231      0.724837
   2.236      0.720578
   2.241      0.716339
   2.246      0.712120
   2.252      0.707920
   2.257      0.703741
   2.262      0.699581
   2.267      0.695440
   2.272      0.691320
   2.278      0.687219
   2.283      0.683138
   2.288      0.679077
   2.293      0.675036
   2.298      0.671014
   2.304      0.667011
   2.309      0.663028
   2.314      0.659065
   2.319      0.655122
   2.324      0.651197
   2.330      0.647293
   2.335      0.643407
   2.340      0.639541
   2.345      0.635695
   2.350      0.631867
   2.356      0.628059
   2.361      0.624271
   2.366      0.620501
   2.371      0.616750
   2.376      0.613019
   2.382      0.609307
   2.387      0.605613
   2.392      0.601939
   2.397      0.598284
   2.402      0.594647
   2.408      0.591029
   2.413      0.587430
   2.418      0.583849
   2.423      0.580287
   2.428      0.576744
   2.434      0.573220
   2.439      0.569713
   2.444      0.566226
   2.449      0.562756
   2.454      0.559305
   2.460      0.555872
   2.465      0.552458
   2.470      0.549061
   2.475      0.545683
   2.480      0.542323
   2.486      0.538980
   2.491      0.535656
   2.496      0.532349
   2.501      0.529060
   2.506      0.525789
   2.512      0.522536
   2.517      0.519300
   2.522      0.516082
   2.527      0.512881
   2.532      0.509698
   2.538      0.506531
   2.543      0.503383
   2.548      0.500251
   2.553      0.497137
   2.558      0.494039
   2.564      0.490959
   2.569      0.487895
   2.574      0.484849
   2.579      0.481819
   2.584      0.478806
   2.590      0.475810
   2.595      0.472830
   2.600      0.469867
   2.605      0.466920
   2.610      0.463989
   2.616      0.461075
   2.621      0.458178
   2.626      0.455296
   2.631      0.452431
   2.636      0.449581
   2.642      0.446748
   2.647      0.443930
   2.652      0.441129
   2.657      0.438343
   2.662      0.435573
   2.668      0.432818
   2.673      0.430079
   2.678      0.427356
   2.683      0.424647
   2.688      0.421955
   2.694      0.419277
   2.699      0.416615
   2.704      0.413968
   2.709      0.411336
   2.714      0.408719
   2.720      0.406117
   2.725      0.403529
   2.730      0.400957
   2.735      0.398399
   2.740      0.395856
   2.746      0.393328
   2.751      0.390814
   2.756      0.388314
   2.761      0.385829
   2.766      0.383358
   2.772      0.380901
   2.777      0.378459
   2.782      0.376030
   2.787      0.373616
   2.792      0.371215
   2.798      0.368829
   2.803      0.366456
   2.808      0.364097
   2.813      0.361752
   2.818      0.359420
   2.824      0.357101
   2.829      0.354797
   2.834      0.352505
   2.839      0.350227
   2.844      0.347962
   2.850      0.345711
   2.855      0.343472
   2.860      0.341247
   2.865      0.339034
   2.870      0.336835
   2.876      0.334648
   2.881      0.332474
   2.886      0.330313
   2.891      0.328164
   2.896      0.326028
   2.902      0.323905
   2.907      0.321794
   2.912      0.319695
   2.917      0.317609
   2.922      0.315535
   2.928      0.313473
   2.933      0.311423
   2.938      0.309386
   2.943      0.307360
   2.948      0.305346
   2.954      0.303344
   2.959      0.301354
   2.964      0.299376
   2.969      0.297409
   2.974      0.295454
   2.980      0.293510
   2.985      0.291578
   2.990      0.289657
   2.995      0.287748
   3.000      0.285850
   3.006      0.283963
   3.011      0.282087
   3.016      0.280222
   3.021      0.278369
   3.026      0.276526
   3.032      0.274694
   3.037      0.272874
   3.042      0.271064
   3.047      0.269264
   3.052      0.267475
   3.058      0.265697
   3.063      0.263930
   3.068      0.262173
   3.073      0.260426
   3.078      0.258690
   3.084      0.256964
   3.089      0.255248
   3.094      0.253543
   3.099      0.251848
   3.104      0.250162
   3.110      0.248487
   3.115      0.246822
   3.120      0.245166
   3.125      0.243521
   3.130      0.241885
   3.136      0.240259
   3.141      0.238643
   3.146      0.237036
   3.151      0.235439
   3.156      0.233851
   3.162      0.232273
   3.167      0.230704
   3.172      0.229144
   3.177      0.227594
   3.182      0.226053
   3.188      0.224521
   3.193      0.222998
   3.198      0.221485
   3.203      0.219980
   3.208      0.218485
   3.214      0.216998
   3.219      0.215520
   3.224      0.214051
   3.229      0.212590
   3.234      0.211139
   3.240      0.209696
   3.245      0.208261
   3.250      0.206835
   3.255      0.205418
   3.260      0.204009
   3.266      0.202608
   3.271      0.201216
   3.276      0.199832
   3.281      0.198457
   3.286      0.197089
   3.292      0.195730
   3.297      0.194378
   3.302      0.193035
   3.307      0.191700
   3.312      0.190373
   3.318      0.189053
   3.323      0.187742
   3.328      0.186438
   3.333      0.185142
   3.338      0.183853
   3.344      0.182573
   3.349      0.181300
   3.354      0.180034
   3.359      0.178776
   3.364      0.177526
   3.370      0.176282
   3.375      0.175047
   3.380      0.173818
   3.385      0.172597
   3.390      0.171383
   3.396      0.170177
   3.401      0.168977
   3.406      0.167785
   3.411      0.166599
   3.416      0.165421
   3.422      0.164250
   3.427      0.163085
   3.432      0.161928
   3.437      0.160777
   3.442      0.159633
   3.448      0.158496
   3.453      0.157366
   3.458      0.156242
   3.463      0.155125
   3.468      0.154014
   3.474      0.152910
   3.479      0.151813
   3.484      0.150722
   3.489      0.149637
   3.494      0.148559
   3.500      0.147487
   3.505      0.146422
   3.510      0.145363
   3.515      0.144310
   3.520      0.143263
   3.526      0.142222
   3.531      0.141187
   3.536      0.140159
   3.541      0.139136
   3.546      0.138120
   3.552      0.137109
   3.557      0.136105
   3.562      0.135106
   3.567      0.134113
   3.572      0.133126
   3.578      0.132144
   3.583      0.131169
   3.588      0.130199
   3.593      0.129235
   3.598      0.128276
   3.604      0.127323
   3.609      0.126375
   3.614      0.125433
   3.619      0.124497
   3.624      0.123566
   3.630      0.122640
   3.635      0.121719
   3.640      0.120804
   3.645      0.119895
   3.650      0.118990
   3.656      0.118091
   3.661      0.117197
   3.666      0.116308
   3.671      0.115424
   3.676      0.114546
   3.682      0.113672
   3.687      0.112803
   3.692      0.111940
   3.697      0.111081
   3.702      0.110227
   3.708      0.109379
   3.713      0.108535
   3.718      0.107695
   3.723      0.106861
   3.728      0.106031
   3.734      0.105207
   3.739      0.104386
   3.744      0.103571
   3.749      0.102760
   3.754      0.101954
   3.760      0.101152
   3.765      0.100355
   3.770      0.099562
   3.775      0.098774
   3.780      0.097991
   3.786      0.097211
   3.791      0.096437
   3.796      0.095666
   3.801      0.094900
   3.806      0.094138
   3.812      0.093381
   3.817      0.092627
   3.822      0.091878
   3.827      0.091133
   3.832      0.090392
   3.838      0.089656
   3.843      0.088923
   3.848      0.088195
   3.853      0.087471
   3.858      0.086750
   3.864      0.086034
   3.869      0.085321
   3.874      0.084613
   3.879      0.083908
   3.884      0.083208
   3.890      0.082511
   3.895      0.081818
   3.900      0.081129
   3.905      0.080443
   3.910      0.079762
   3.916      0.079084
   3.921      0.078409
   3.926      0.077739
   3.931      0.077072
   3.936      0.076409
   3.942      0.075749
   3.947      0.075093
   3.952      0.074440
   3.957      0.073791
   3.962      0.073145
   3.968      0.072503
   3.973      0.071865
   3.978      0.071229
   3.983      0.070598
   3.988      0.069969
   3.994      0.069344
   3.999      0.068722
   4.004      0.068104
   4.009      0.067488
   4.014      0.066876
   4.020      0.066268
   4.025      0.065662
   4.030      0.065060
   4.035      0.064461
   4.040      0.063865
   4.046      0.063272
   4.051      0.062682
   4.056      0.062095
   4.061      0.061511
   4.066      0.060930
   4.072      0.060353
   4.077      0.059778
   4.082      0.059206
   4.087      0.058637
   4.092      0.058071
   4.098      0.057508
   4.103      0.056948
   4.108      0.056391
   4.113      0.055836
   4.118      0.055285
   4.124      0.054736
   4.129      0.054189
   4.134      0.053646
   4.139      0.053105
   4.144      0.052567
   4.150      0.052032
   4.155      0.051499
   4.160      0.050969
   4.165      0.050442
   4.170      0.049917
   4.176      0.049395
   4.181      0.048875
   4.186      0.048358
   4.191      0.047844
   4.196      0.047331
   4.202      0.046822
   4.207      0.046315
   4.212      0.045810
   4.217      0.045308
   4.222      0.044808
   4.228      0.044310
   4.233      0.043815
   4.238      0.043322
   4.243      0.042832
   4.248      0.042344
   4.254      0.041858
   4.259      0.041374
   4.264      0.040893
   4.269      0.040414
   4.274      0.039937
   4.280      0.039462
   4.285      0.038990
   4.290      0.038519
   4.295      0.038051
   4.300      0.037585
   4.306      0.037121
   4.311      0.036659
   4.316      0.036199
   4.321      0.035742
   4.326      0.035286
   4.332      0.034832
   4.337      0.034380
   4.342      0.033931
   4.347      0.033483
   4.352      0.033037
   4.358      0.032593
   4.363      0.032152
   4.368      0.031712
   4.373      0.031273
   4.378      0.030837
   4.384      0.030403
   4.389      0.029970
   4.394      0.029539
   4.399      0.029111
   4.404      0.028683
   4.410      0.028258
   4.415      0.027834
   4.420      0.027413
   4.425      0.026992
   4.430      0.026574
   4.436      0.026157
   4.441      0.025742
   4.446      0.025329
   4.451      0.024917
   4.456      0.024507
   4.462      0.024099
   4.467      0.023692
   4.472      0.023286
   4.477      0.022883
   4.482      0.022480
   4.488      0.022080
   4.493      0.021681
   4.498      0.021283
   4.503      0.020887
   4.508      0.020492
   4.514      0.020099
   4.519      0.019708
   4.524      0.019317
   4.529      0.018929
   4.534      0.018541
   4.540      0.018155
   4.545      0.017770
   4.550      0.017387
   4.555      0.017005
   4.560      0.016625
   4.566      0.016245
   4.571      0.015867
   4.576      0.015491
   4.581      0.015115
   4.586      0.014741
   4.592      0.014369
   4.597      0.013997
   4.602      0.013627
   4.607      0.013257
   4.612      0.012889
   4.618      0.012523
   4.623      0.012157
   4.628      0.011793
   4.633      0.011429
   4.638      0.011067
   4.644      0.010706
   4.649      0.010346
   4.654      0.009987
   4.659      0.009630
   4.664      0.009273
   4.670      0.008917
   4.675      0.008563
   4.680      0.008209
   4.685      0.007857
   4.690      0.007505
   4.696      0.007155
   4.701      0.006805
   4.706      0.006457
   4.711      0.006109
   4.716      0.005762
   4.722      0.005416
   4.727      0.005072
   4.732      0.004728
   4.737      0.004385
   4.742      0.004042
   4.748      0.003701
   4.753      0.003361
   4.758      0.003021
   4.763      0.002682
   4.768      0.002344
   4.774      0.002007
   4.779      0.001671
   4.784      0.001335
   4.789      0.001000
   4.794      0.000666
   4.800      0.000333
   4.805      0.000000
