   0.000      0.645204
   0.009      0.645204
   0.017      0.645204
   0.026      0.645204
   0.035      0.645204
   0.043      0.645204
   0.052      0.645204
   0.060      0.645204
   0.069      0.645204
   0.078      0.645203
   0.086      0.645202
   0.095      0.645202
   0.104      0.645200
   0.112      0.645199
   0.121      0.645197
   0.130      0.645195
   0.138      0.645192
   0.147      0.645189
   0.156      0.645185
   0.164      0.645180
   0.173      0.645175
   0.181      0.645169
   0.190      0.645161
   0.199      0.645153
   0.207      0.645143
   0.216      0.645133
   0.225      0.645121
   0.233      0.645107
   0.242      0.645092
   0.251      0.645075
   0.259      0.645057
   0.268      0.645036
   0.277      0.645014
   0.285      0.644989
   0.294      0.644962
   0.302      0.644932
   0.311      0.644900
   0.320      0.644865
   0.328      0.644828
   0.337      0.644787
   0.346      0.644743
   0.354      0.644696
   0.363      0.644646
   0.372      0.644591
   0.380      0.644533
   0.389      0.644472
   0.398      0.644406
   0.406      0.644335
   0.415      0.644261
   0.423      0.644181
   0.432      0.644097
   0.441      0.644008
   0.449      0.643914
   0.458      0.643815
   0.467      0.643710
   0.475      0.643600
   0.484      0.643483
   0.493      0.643361
   0.501      0.643233
   0.510      0.643098
   0.519      0.642957
   0.527      0.642809
   0.536      0.642654
   0.544      0.642492
   0.553      0.642323
   0.562      0.642147
   0.570      0.641963
   0.579      0.641771
   0.588      0.641571
   0.596      0.641363
   0.605      0.641147
   0.614      0.640923
   0.622      0.640689
   0.631      0.640447
   0.640      0.640197
   0.648      0.639937
   0.657      0.639667
   0.665      0.639389
   0.674      0.639100
   0.683      0.638802
   0.691      0.638495
   0.700      0.638177
   0.709      0.637849
   0.717      0.637510
   0.726      0.637161
   0.735      0.636802
   0.743      0.636432
   0.752      0.636051
   0.761      0.635658
   0.769      0.635255
   0.778      0.634841
   0.786      0.634415
   0.795      0.633978
   0.804      0.633529
   0.812      0.633069
   0.821      0.632597
   0.830      0.632113
   0.838      0.631617
   0.847      0.631109
   0.856      0.630589
   0.864      0.630056
   0.873      0.629512
   0.882      0.628955
   0.890      0.628386
   0.899      0.627804
   0.907      0.627210
   0.916      0.626603
   0.925      0.625984
   0.933      0.625352
   0.942      0.624708
   0.951      0.624051
   0.959      0.623381
   0.968      0.622698
   0.977      0.622003
   0.985      0.621295
   0.994      0.620574
   1.003      0.619841
   1.011      0.619095
   1.020      0.618336
   1.028      0.617564
   1.037      0.616780
   1.046      0.615983
   1.054      0.615173
   1.063      0.614351
   1.072      0.613516
   1.080      0.612669
   1.089      0.611810
   1.098      0.610938
   1.106      0.610053
   1.115      0.609157
   1.124      0.608248
   1.132      0.607327
   1.141      0.606394
   1.149      0.605449
   1.158      0.604492
   1.167      0.603524
   1.175      0.602543
   1.184      0.601551
   1.193      0.600548
   1.201      0.599533
   1.210      0.598506
   1.219      0.597469
   1.227      0.596420
   1.236      0.595361
   1.244      0.594290
   1.253      0.593209
   1.262      0.592117
   1.270      0.591015
   1.279      0.589902
   1.288      0.588779
   1.296      0.587646
   1.305      0.586503
   1.314      0.585350
   1.322      0.584187
   1.331      0.583015
   1.340      0.581833
   1.348      0.580643
   1.357      0.579443
   1.365      0.578234
   1.374      0.577016
   1.383      0.575789
   1.391      0.574554
   1.400      0.573311
   1.409      0.572060
   1.417      0.570800
   1.426      0.569532
   1.435      0.568257
   1.443      0.566974
   1.452      0.565684
   1.461      0.564387
   1.469      0.563082
   1.478      0.561770
   1.486      0.560452
   1.495      0.559127
   1.504      0.557795
   1.512      0.556458
   1.521      0.555114
   1.530      0.553764
   1.538      0.552408
   1.547      0.551047
   1.556      0.549680
   1.564      0.548308
   1.573      0.546930
   1.582      0.545548
   1.590      0.544161
   1.599      0.542769
   1.607      0.541372
   1.616      0.539971
   1.625      0.538566
   1.633      0.537157
   1.642      0.535744
   1.651      0.534327
   1.659      0.532907
   1.668      0.531483
   1.677      0.530056
   1.685      0.528625
   1.694      0.527192
   1.703      0.525756
   1.711      0.524317
   1.720      0.522875
   1.728      0.521431
   1.737      0.519985
   1.746      0.518537
   1.754      0.517086
   1.763      0.515634
   1.772      0.514180
   1.780      0.512725
   1.789      0.511268
   1.798      0.509810
   1.806      0.508351
   1.815      0.506890
   1.824      0.505429
   1.832      0.503967
   1.841      0.502504
   1.849      0.501041
   1.858      0.499578
   1.867      0.498114
   1.875      0.496650
   1.884      0.495186
   1.893      0.493722
   1.901      0.492258
   1.910      0.490795
   1.919      0.489332
   1.927      0.487870
   1.936      0.486408
   1.945      0.484947
   1.953      0.483487
   1.962      0.482029
   1.970      0.480571
   1.979      0.479114
   1.988      0.477659
   1.996      0.476205
   2.005      0.474752
   2.014      0.473302
   2.022      0.471853
   2.031      0.470405
   2.040      0.468960
   2.048      0.467517
   2.057      0.466075
   2.066      0.464636
   2.074      0.463200
   2.083      0.461765
   2.091      0.460333
   2.100      0.458904
   2.109      0.457477
   2.117      0.456052
   2.126      0.454631
   2.135      0.453212
   2.143      0.451797
   2.152      0.450384
   2.161      0.448974
   2.169      0.447568
   2.178      0.446164
   2.187      0.444764
   2.195      0.443367
   2.204      0.441974
   2.212      0.440584
   2.221      0.439198
   2.230      0.437815
   2.238      0.436436
   2.247      0.435061
   2.256      0.433689
   2.264      0.432321
   2.273      0.430957
   2.282      0.429597
   2.290      0.428241
   2.299      0.426889
   2.308      0.425541
   2.316      0.424198
   2.325      0.422858
   2.333      0.421523
   2.342      0.420192
   2.351      0.418865
   2.359      0.417543
   2.368      0.416225
   2.377      0.414911
   2.385      0.413602
   2.394      0.412298
   2.403      0.410998
   2.411      0.409702
   2.420      0.408411
   2.428      0.407125
   2.437      0.405844
   2.446      0.404567
   2.454      0.403295
   2.463      0.402028
   2.472      0.400766
   2.480      0.399508
   2.489      0.398255
   2.498      0.397007
   2.506      0.395764
   2.515      0.394526
   2.524      0.393293
   2.532      0.392065
   2.541      0.390842
   2.549      0.389624
   2.558      0.388411
   2.567      0.387203
   2.575      0.386000
   2.584      0.384802
   2.593      0.383609
   2.601      0.382421
   2.610      0.381238
   2.619      0.380060
   2.627      0.378888
   2.636      0.377721
   2.645      0.376558
   2.653      0.375401
   2.662      0.374249
   2.670      0.373103
   2.679      0.371961
   2.688      0.370825
   2.696      0.369693
   2.705      0.368567
   2.714      0.367446
   2.722      0.366330
   2.731      0.365220
   2.740      0.364114
   2.748      0.363014
   2.757      0.361919
   2.766      0.360829
   2.774      0.359745
   2.783      0.358665
   2.791      0.357591
   2.800      0.356522
   2.809      0.355457
   2.817      0.354399
   2.826      0.353345
   2.835      0.352296
   2.843      0.351253
   2.852      0.350214
   2.861      0.349181
   2.869      0.348153
   2.878      0.347130
   2.887      0.346112
   2.895      0.345099
   2.904      0.344091
   2.912      0.343088
   2.921      0.342090
   2.930      0.341097
   2.938      0.340109
   2.947      0.339127
   2.956      0.338149
   2.964      0.337176
   2.973      0.336208
   2.982      0.335245
   2.990      0.334287
   2.999      0.333333
   3.008      0.332385
   3.016      0.331442
   3.025      0.330503
   3.033      0.329569
   3.042      0.328640
   3.051      0.327716
   3.059      0.326797
   3.068      0.325882
   3.077      0.324972
   3.085      0.324067
   3.094      0.323166
   3.103      0.322270
   3.111      0.321379
   3.120      0.320493
   3.129      0.319611
   3.137      0.318733
   3.146      0.317860
   3.154      0.316992
   3.163      0.316128
   3.172      0.315269
   3.180      0.314414
   3.189      0.313564
   3.198      0.312718
   3.206      0.311876
   3.215      0.311039
   3.224      0.310206
   3.232      0.309378
   3.241      0.308554
   3.250      0.307734
   3.258      0.306918
   3.267      0.306107
   3.275      0.305300
   3.284      0.304497
   3.293      0.303698
   3.301      0.302903
   3.310      0.302112
   3.319      0.301326
   3.327      0.300543
   3.336      0.299765
   3.345      0.298990
   3.353      0.298220
   3.362      0.297453
   3.371      0.296691
   3.379      0.295932
   3.388      0.295177
   3.396      0.294426
   3.405      0.293679
   3.414      0.292935
   3.422      0.292195
   3.431      0.291459
   3.440      0.290727
