   0.006     -0.000521
   0.012      0.000261
   0.018      0.001043
   0.024      0.002346
   0.030      0.004170
   0.035      0.006512
   0.041      0.009371
   0.047      0.012741
   0.053      0.016618
   0.059      0.020995
   0.065      0.025864
   0.071      0.031215
   0.077      0.037037
   0.083      0.043320
   0.089      0.050053
   0.094      0.057228
   0.100      0.064838
   0.106      0.072879
   0.112      0.081346
   0.118      0.090239
   0.124      0.099557
   0.130      0.109301
   0.136      0.119471
   0.142      0.130067
   0.148      0.141091
   0.153      0.152541
   0.159      0.164419
   0.165      0.176722
   0.171      0.189449
   0.177      0.202597
   0.183      0.216164
   0.189      0.230146
   0.195      0.244538
   0.201      0.259335
   0.207      0.274533
   0.212      0.290125
   0.218      0.306105
   0.224      0.322467
   0.230      0.339204
   0.236      0.356308
   0.242      0.373773
   0.248      0.391590
   0.254      0.409752
   0.260      0.428250
   0.266      0.447076
   0.271      0.466223
   0.277      0.485681
   0.283      0.505441
   0.289      0.525495
   0.295      0.545834
   0.301      0.566449
   0.307      0.587330
   0.313      0.608468
   0.319      0.629854
   0.325      0.651478
   0.330      0.673331
   0.336      0.695402
   0.342      0.717682
   0.348      0.740161
   0.354      0.762829
   0.360      0.785676
   0.366      0.808691
   0.372      0.831865
   0.378      0.855187
   0.384      0.878646
   0.389      0.902232
   0.395      0.925934
   0.401      0.949743
   0.407      0.973646
   0.413      0.997634
   0.419      1.021695
   0.425      1.045819
   0.431      1.069994
   0.437      1.094211
   0.443      1.118457
   0.448      1.142722
   0.454      1.166995
   0.460      1.191265
   0.466      1.215520
   0.472      1.239751
   0.478      1.263945
   0.484      1.288091
   0.490      1.312179
   0.496      1.336197
   0.502      1.360136
   0.507      1.383982
   0.513      1.407727
   0.519      1.431358
   0.525      1.454865
   0.531      1.478237
   0.537      1.501463
   0.543      1.524534
   0.549      1.547437
   0.555      1.570163
   0.561      1.592702
   0.566      1.615042
   0.572      1.637174
   0.578      1.659087
   0.584      1.680772
   0.590      1.702218
   0.596      1.723416
   0.602      1.744356
   0.608      1.765028
   0.614      1.785423
   0.620      1.805532
   0.625      1.825346
   0.631      1.844854
   0.637      1.864050
   0.643      1.882923
   0.649      1.901465
   0.655      1.919669
   0.661      1.937525
   0.667      1.955025
   0.673      1.972162
   0.679      1.988927
   0.684      2.005314
   0.690      2.021315
   0.696      2.036922
   0.702      2.052128
   0.708      2.066928
   0.714      2.081313
   0.720      2.095277
   0.726      2.108815
   0.732      2.121920
   0.738      2.134586
   0.743      2.146807
   0.749      2.158578
   0.755      2.169893
   0.761      2.180748
   0.767      2.191137
   0.773      2.201056
   0.779      2.210500
   0.785      2.219464
   0.791      2.227945
   0.797      2.235939
   0.802      2.243441
   0.808      2.250449
   0.814      2.256958
   0.820      2.262967
   0.826      2.268471
   0.832      2.273468
   0.838      2.277955
   0.844      2.281931
   0.850      2.285393
   0.856      2.288339
   0.861      2.290767
   0.867      2.292675
   0.873      2.294064
   0.879      2.294930
   0.885      2.295274
   0.891      2.295095
   0.897      2.294392
   0.903      2.293165
   0.909      2.291414
   0.915      2.289139
   0.920      2.286341
   0.926      2.283019
   0.932      2.279176
   0.938      2.274812
   0.944      2.269929
   0.950      2.264528
   0.956      2.258611
   0.962      2.252180
   0.968      2.245238
   0.974      2.237787
   0.979      2.229830
   0.985      2.221370
   0.991      2.212411
   0.997      2.202954
   1.003      2.193005
   1.009      2.182566
   1.015      2.171641
   1.021      2.160235
   1.027      2.148352
   1.033      2.135995
   1.038      2.123169
   1.044      2.109879
   1.050      2.096129
   1.056      2.081925
   1.062      2.067271
   1.068      2.052173
   1.074      2.036636
   1.080      2.020666
   1.086      2.004268
   1.092      1.987449
   1.097      1.970215
   1.103      1.952572
   1.109      1.934526
   1.115      1.916085
   1.121      1.897255
   1.127      1.878043
   1.133      1.858457
   1.139      1.838504
   1.145      1.818191
   1.151      1.797526
   1.156      1.776517
   1.162      1.755172
   1.168      1.733500
   1.174      1.711508
   1.180      1.689205
   1.186      1.666599
   1.192      1.643700
   1.198      1.620516
   1.204      1.597056
   1.210      1.573329
   1.215      1.549344
   1.221      1.525111
   1.227      1.500640
   1.233      1.475938
   1.239      1.451017
   1.245      1.425885
   1.251      1.400553
   1.257      1.375030
   1.263      1.349326
   1.269      1.323450
   1.274      1.297414
   1.280      1.271226
   1.286      1.244896
   1.292      1.218436
   1.298      1.191854
   1.304      1.165161
   1.310      1.138366
   1.316      1.111481
   1.322      1.084514
   1.328      1.057476
   1.333      1.030376
   1.339      1.003226
   1.345      0.976034
   1.351      0.948810
   1.357      0.921565
   1.363      0.894308
   1.369      0.867048
   1.375      0.839796
   1.381      0.812560
   1.387      0.785351
   1.392      0.758177
   1.398      0.731048
   1.404      0.703973
   1.410      0.676961
   1.416      0.650021
   1.422      0.623162
   1.428      0.596392
   1.434      0.569720
   1.440      0.543155
   1.446      0.516704
   1.451      0.490376
   1.457      0.464179
   1.463      0.438120
   1.469      0.412208
   1.475      0.386449
   1.481      0.360852
   1.487      0.335423
   1.493      0.310170
   1.499      0.285099
   1.505      0.260216
   1.510      0.235530
   1.516      0.211044
   1.522      0.186767
   1.528      0.162704
   1.534      0.138860
   1.540      0.115241
   1.546      0.091853
   1.552      0.068700
   1.558      0.045789
   1.564      0.023122
   1.569      0.000706
   1.575     -0.021455
   1.581     -0.043358
   1.587     -0.064998
   1.593     -0.086371
   1.599     -0.107474
   1.605     -0.128303
   1.611     -0.148854
   1.617     -0.169126
   1.623     -0.189114
   1.628     -0.208817
   1.634     -0.228231
   1.640     -0.247355
   1.646     -0.266186
   1.652     -0.284722
   1.658     -0.302962
   1.664     -0.320903
   1.670     -0.338545
   1.676     -0.355886
   1.682     -0.372925
   1.687     -0.389661
   1.693     -0.406093
   1.699     -0.422222
   1.705     -0.438045
   1.711     -0.453564
   1.717     -0.468777
   1.723     -0.483686
   1.729     -0.498290
   1.735     -0.512589
   1.741     -0.526584
   1.746     -0.540276
   1.752     -0.553665
   1.758     -0.566752
   1.764     -0.579539
   1.770     -0.592026
   1.776     -0.604214
   1.782     -0.616106
   1.788     -0.627702
   1.794     -0.639004
   1.800     -0.650015
   1.805     -0.660734
   1.811     -0.671166
   1.817     -0.681311
   1.823     -0.691171
   1.829     -0.700750
   1.835     -0.710049
   1.841     -0.719071
   1.847     -0.727817
   1.853     -0.736291
   1.859     -0.744496
   1.864     -0.752433
   1.870     -0.760106
   1.876     -0.767517
   1.882     -0.774669
   1.888     -0.781566
   1.894     -0.788209
   1.900     -0.794603
   1.906     -0.800750
   1.912     -0.806653
   1.918     -0.812315
   1.923     -0.817739
   1.929     -0.822930
   1.935     -0.827889
   1.941     -0.832620
   1.947     -0.837126
   1.953     -0.841411
   1.959     -0.845477
   1.965     -0.849329
   1.971     -0.852969
   1.977     -0.856401
   1.982     -0.859628
   1.988     -0.862653
   1.994     -0.865479
   2.000     -0.868111
   2.006     -0.870551
   2.012     -0.872802
   2.018     -0.874868
   2.024     -0.876752
   2.030     -0.878458
   2.036     -0.879988
   2.041     -0.881346
   2.047     -0.882535
   2.053     -0.883559
   2.059     -0.884420
   2.065     -0.885122
   2.071     -0.885668
   2.077     -0.886061
   2.083     -0.886304
   2.089     -0.886400
   2.095     -0.886353
   2.100     -0.886165
   2.106     -0.885840
   2.112     -0.885381
   2.118     -0.884790
   2.124     -0.884071
   2.130     -0.883226
   2.136     -0.882259
   2.142     -0.881172
   2.148     -0.879968
   2.154     -0.878651
   2.159     -0.877223
   2.165     -0.875686
   2.171     -0.874044
   2.177     -0.872299
   2.183     -0.870454
   2.189     -0.868512
   2.195     -0.866475
   2.201     -0.864347
   2.207     -0.862129
   2.213     -0.859824
   2.218     -0.857435
   2.224     -0.854964
   2.230     -0.852415
   2.236     -0.849788
   2.242     -0.847087
   2.248     -0.844315
   2.254     -0.841473
   2.260     -0.838564
   2.266     -0.835590
   2.272     -0.832553
   2.277     -0.829456
   2.283     -0.826301
   2.289     -0.823091
   2.295     -0.819826
   2.301     -0.816510
   2.307     -0.813145
   2.313     -0.809732
   2.319     -0.806273
   2.325     -0.802771
   2.331     -0.799227
   2.336     -0.795644
   2.342     -0.792023
   2.348     -0.788366
   2.354     -0.784674
   2.360     -0.780950
   2.366     -0.777196
   2.372     -0.773412
   2.378     -0.769601
   2.384     -0.765764
   2.390     -0.761903
   2.395     -0.758019
   2.401     -0.754114
   2.407     -0.750189
   2.413     -0.746246
   2.419     -0.742286
   2.425     -0.738310
   2.431     -0.734320
   2.437     -0.730317
   2.443     -0.726302
   2.449     -0.722277
   2.454     -0.718243
   2.460     -0.714200
   2.466     -0.710151
   2.472     -0.706096
   2.478     -0.702035
   2.484     -0.697972
   2.490     -0.693905
   2.496     -0.689837
   2.502     -0.685768
   2.508     -0.681699
   2.513     -0.677631
   2.519     -0.673565
   2.525     -0.669502
   2.531     -0.665443
   2.537     -0.661388
   2.543     -0.657338
   2.549     -0.653293
   2.555     -0.649256
   2.561     -0.645226
   2.567     -0.641203
   2.572     -0.637189
   2.578     -0.633185
   2.584     -0.629190
   2.590     -0.625205
   2.596     -0.621231
   2.602     -0.617269
   2.608     -0.613319
   2.614     -0.609380
   2.620     -0.605455
   2.626     -0.601543
   2.631     -0.597645
   2.637     -0.593761
   2.643     -0.589891
   2.649     -0.586036
   2.655     -0.582196
   2.661     -0.578372
   2.667     -0.574564
   2.673     -0.570771
   2.679     -0.566996
   2.685     -0.563237
   2.690     -0.559494
   2.696     -0.555769
   2.702     -0.552062
   2.708     -0.548372
   2.714     -0.544700
   2.720     -0.541046
   2.726     -0.537410
   2.732     -0.533792
   2.738     -0.530193
   2.744     -0.526613
   2.749     -0.523051
   2.755     -0.519509
   2.761     -0.515985
   2.767     -0.512481
   2.773     -0.508995
   2.779     -0.505529
   2.785     -0.502083
   2.791     -0.498655
   2.797     -0.495248
   2.803     -0.491860
   2.808     -0.488491
   2.814     -0.485142
   2.820     -0.481813
   2.826     -0.478503
   2.832     -0.475213
   2.838     -0.471942
   2.844     -0.468692
   2.850     -0.465461
   2.856     -0.462249
   2.862     -0.459058
   2.867     -0.455886
   2.873     -0.452733
   2.879     -0.449600
   2.885     -0.446487
   2.891     -0.443393
   2.897     -0.440319
   2.903     -0.437264
   2.909     -0.434228
   2.915     -0.431212
   2.921     -0.428215
   2.926     -0.425237
   2.932     -0.422279
   2.938     -0.419339
   2.944     -0.416418
   2.950     -0.413517
   2.956     -0.410634
   2.962     -0.407770
   2.968     -0.404924
   2.974     -0.402097
   2.980     -0.399289
   2.985     -0.396499
   2.991     -0.393728
   2.997     -0.390974
   3.003     -0.388239
   3.009     -0.385522
   3.015     -0.382823
   3.021     -0.380142
   3.027     -0.377478
   3.033     -0.374833
   3.039     -0.372205
   3.044     -0.369594
   3.050     -0.367001
   3.056     -0.364425
   3.062     -0.361866
   3.068     -0.359324
   3.074     -0.356800
   3.080     -0.354292
   3.086     -0.351801
   3.092     -0.349326
   3.098     -0.346868
   3.103     -0.344427
   3.109     -0.342002
   3.115     -0.339593
   3.121     -0.337201
   3.127     -0.334824
   3.133     -0.332463
   3.139     -0.330118
   3.145     -0.327789
   3.151     -0.325476
   3.157     -0.323178
   3.162     -0.320895
   3.168     -0.318628
   3.174     -0.316376
   3.180     -0.314139
   3.186     -0.311917
   3.192     -0.309709
   3.198     -0.307517
   3.204     -0.305339
   3.210     -0.303176
   3.216     -0.301027
   3.221     -0.298893
   3.227     -0.296772
   3.233     -0.294666
   3.239     -0.292574
   3.245     -0.290496
   3.251     -0.288432
   3.257     -0.286382
   3.263     -0.284345
   3.269     -0.282322
   3.275     -0.280312
   3.280     -0.278315
   3.286     -0.276332
   3.292     -0.274362
   3.298     -0.272405
   3.304     -0.270461
   3.310     -0.268529
   3.316     -0.266611
   3.322     -0.264705
   3.328     -0.262812
   3.334     -0.260931
   3.339     -0.259063
   3.345     -0.257206
   3.351     -0.255363
   3.357     -0.253531
   3.363     -0.251711
   3.369     -0.249903
   3.375     -0.248107
   3.381     -0.246323
   3.387     -0.244550
   3.393     -0.242789
   3.398     -0.241039
   3.404     -0.239301
   3.410     -0.237574
   3.416     -0.235859
   3.422     -0.234154
   3.428     -0.232461
   3.434     -0.230778
   3.440     -0.229107
   3.446     -0.227446
   3.452     -0.225796
   3.457     -0.224156
   3.463     -0.222527
   3.469     -0.220909
   3.475     -0.219301
   3.481     -0.217703
   3.487     -0.216116
   3.493     -0.214538
   3.499     -0.212971
   3.505     -0.211414
   3.511     -0.209867
   3.516     -0.208329
   3.522     -0.206802
   3.528     -0.205284
   3.534     -0.203776
   3.540     -0.202277
   3.546     -0.200788
   3.552     -0.199308
   3.558     -0.197837
   3.564     -0.196376
   3.570     -0.194924
   3.575     -0.193481
   3.581     -0.192048
   3.587     -0.190623
   3.593     -0.189207
   3.599     -0.187800
   3.605     -0.186402
   3.611     -0.185012
   3.617     -0.183631
   3.623     -0.182259
   3.629     -0.180895
   3.634     -0.179540
   3.640     -0.178193
   3.646     -0.176854
   3.652     -0.175524
   3.658     -0.174202
   3.664     -0.172888
   3.670     -0.171582
   3.676     -0.170284
   3.682     -0.168994
   3.688     -0.167712
   3.693     -0.166438
   3.699     -0.165171
   3.705     -0.163913
   3.711     -0.162661
   3.717     -0.161418
   3.723     -0.160182
   3.729     -0.158954
   3.735     -0.157732
   3.741     -0.156519
   3.747     -0.155312
   3.752     -0.154113
   3.758     -0.152921
   3.764     -0.151737
   3.770     -0.150559
   3.776     -0.149388
   3.782     -0.148224
   3.788     -0.147068
   3.794     -0.145918
   3.800     -0.144775
   3.806     -0.143638
   3.811     -0.142509
   3.817     -0.141386
   3.823     -0.140270
   3.829     -0.139160
   3.835     -0.138057
   3.841     -0.136960
   3.847     -0.135869
   3.853     -0.134785
   3.859     -0.133708
   3.865     -0.132636
   3.870     -0.131571
   3.876     -0.130512
   3.882     -0.129459
   3.888     -0.128412
   3.894     -0.127372
   3.900     -0.126337
   3.906     -0.125308
   3.912     -0.124285
   3.918     -0.123268
   3.924     -0.122256
   3.929     -0.121251
   3.935     -0.120251
   3.941     -0.119256
   3.947     -0.118268
   3.953     -0.117285
   3.959     -0.116307
   3.965     -0.115335
   3.971     -0.114369
   3.977     -0.113408
   3.983     -0.112452
   3.988     -0.111501
   3.994     -0.110556
   4.000     -0.109616
   4.006     -0.108681
   4.012     -0.107752
   4.018     -0.106827
   4.024     -0.105908
   4.030     -0.104993
   4.036     -0.104084
   4.042     -0.103180
   4.047     -0.102280
   4.053     -0.101386
   4.059     -0.100496
   4.065     -0.099611
   4.071     -0.098731
   4.077     -0.097855
   4.083     -0.096985
   4.089     -0.096119
   4.095     -0.095257
   4.101     -0.094400
   4.106     -0.093548
   4.112     -0.092700
   4.118     -0.091857
   4.124     -0.091018
   4.130     -0.090183
   4.136     -0.089353
   4.142     -0.088528
   4.148     -0.087706
   4.154     -0.086889
   4.160     -0.086076
   4.165     -0.085267
   4.171     -0.084463
   4.177     -0.083662
   4.183     -0.082866
   4.189     -0.082073
   4.195     -0.081285
   4.201     -0.080501
   4.207     -0.079721
   4.213     -0.078944
   4.219     -0.078172
   4.224     -0.077403
   4.230     -0.076639
   4.236     -0.075878
   4.242     -0.075121
   4.248     -0.074367
   4.254     -0.073618
   4.260     -0.072872
   4.266     -0.072129
   4.272     -0.071391
   4.278     -0.070656
   4.283     -0.069924
   4.289     -0.069196
   4.295     -0.068472
   4.301     -0.067751
   4.307     -0.067034
   4.313     -0.066320
   4.319     -0.065609
   4.325     -0.064902
   4.331     -0.064198
   4.337     -0.063497
   4.342     -0.062800
   4.348     -0.062106
   4.354     -0.061415
   4.360     -0.060728
   4.366     -0.060043
   4.372     -0.059362
   4.378     -0.058684
   4.384     -0.058009
   4.390     -0.057337
   4.396     -0.056668
   4.401     -0.056002
   4.407     -0.055339
   4.413     -0.054679
   4.419     -0.054022
   4.425     -0.053368
   4.431     -0.052717
   4.437     -0.052069
   4.443     -0.051424
   4.449     -0.050781
   4.455     -0.050141
   4.460     -0.049504
   4.466     -0.048870
   4.472     -0.048239
   4.478     -0.047610
   4.484     -0.046984
   4.490     -0.046360
   4.496     -0.045739
   4.502     -0.045121
   4.508     -0.044506
   4.514     -0.043893
   4.519     -0.043282
   4.525     -0.042674
   4.531     -0.042069
   4.537     -0.041466
   4.543     -0.040865
   4.549     -0.040267
   4.555     -0.039671
   4.561     -0.039078
   4.567     -0.038487
   4.573     -0.037898
   4.578     -0.037312
   4.584     -0.036728
   4.590     -0.036147
   4.596     -0.035567
   4.602     -0.034990
   4.608     -0.034415
   4.614     -0.033842
   4.620     -0.033272
   4.626     -0.032703
   4.632     -0.032137
   4.637     -0.031573
   4.643     -0.031011
   4.649     -0.030451
   4.655     -0.029893
   4.661     -0.029337
   4.667     -0.028784
   4.673     -0.028232
   4.679     -0.027682
   4.685     -0.027134
   4.691     -0.026588
   4.696     -0.026044
   4.702     -0.025502
   4.708     -0.024962
   4.714     -0.024424
   4.720     -0.023888
   4.726     -0.023353
   4.732     -0.022820
   4.738     -0.022289
   4.744     -0.021760
   4.750     -0.021233
   4.755     -0.020707
   4.761     -0.020183
   4.767     -0.019661
   4.773     -0.019141
   4.779     -0.018622
   4.785     -0.018105
   4.791     -0.017589
   4.797     -0.017076
   4.803     -0.016563
   4.809     -0.016053
   4.814     -0.015544
   4.820     -0.015036
   4.826     -0.014530
   4.832     -0.014026
   4.838     -0.013523
   4.844     -0.013022
   4.850     -0.012522
   4.856     -0.012024
   4.862     -0.011527
   4.868     -0.011031
   4.873     -0.010537
   4.879     -0.010045
   4.885     -0.009553
   4.891     -0.009064
   4.897     -0.008575
   4.903     -0.008088
   4.909     -0.007602
   4.915     -0.007118
   4.921     -0.006635
   4.927     -0.006153
   4.932     -0.005672
   4.938     -0.005193
   4.944     -0.004715
   4.950     -0.004238
   4.956     -0.003762
   4.962     -0.003288
   4.968     -0.002815
   4.974     -0.002343
   4.980     -0.001872
   4.986     -0.001402
   4.991     -0.000934
   4.997     -0.000466
   5.003      0.000000
