   0.000      1.382490
   0.008      1.382490
   0.016      1.382490
   0.024      1.382490
   0.031      1.382490
   0.039      1.382490
   0.047      1.382490
   0.055      1.382490
   0.063      1.382489
   0.071      1.382489
   0.078      1.382488
   0.086      1.382486
   0.094      1.382484
   0.102      1.382480
   0.110      1.382474
   0.118      1.382467
   0.126      1.382456
   0.133      1.382441
   0.141      1.382422
   0.149      1.382397
   0.157      1.382364
   0.165      1.382323
   0.173      1.382271
   0.180      1.382208
   0.188      1.382130
   0.196      1.382035
   0.204      1.381921
   0.212      1.381786
   0.220      1.381626
   0.227      1.381438
   0.235      1.381218
   0.243      1.380964
   0.251      1.380672
   0.259      1.380337
   0.267      1.379956
   0.275      1.379525
   0.282      1.379038
   0.290      1.378492
   0.298      1.377881
   0.306      1.377202
   0.314      1.376450
   0.322      1.375619
   0.329      1.374706
   0.337      1.373705
   0.345      1.372612
   0.353      1.371422
   0.361      1.370131
   0.369      1.368734
   0.377      1.367227
   0.384      1.365606
   0.392      1.363867
   0.400      1.362007
   0.408      1.360022
   0.416      1.357909
   0.424      1.355666
   0.431      1.353289
   0.439      1.350776
   0.447      1.348126
   0.455      1.345336
   0.463      1.342406
   0.471      1.339335
   0.479      1.336122
   0.486      1.332767
   0.494      1.329269
   0.502      1.325630
   0.510      1.321850
   0.518      1.317931
   0.526      1.313873
   0.533      1.309679
   0.541      1.305351
   0.549      1.300891
   0.557      1.296302
   0.565      1.291586
   0.573      1.286747
   0.580      1.281788
   0.588      1.276713
   0.596      1.271526
   0.604      1.266230
   0.612      1.260830
   0.620      1.255330
   0.628      1.249734
   0.635      1.244046
   0.643      1.238272
   0.651      1.232416
   0.659      1.226482
   0.667      1.220476
   0.675      1.214401
   0.682      1.208263
   0.690      1.202066
   0.698      1.195814
   0.706      1.189513
   0.714      1.183167
   0.722      1.176780
   0.730      1.170357
   0.737      1.163901
   0.745      1.157417
   0.753      1.150910
   0.761      1.144382
   0.769      1.137839
   0.777      1.131283
   0.784      1.124718
   0.792      1.118148
   0.800      1.111575
   0.808      1.105004
   0.816      1.098437
   0.824      1.091878
   0.832      1.085328
   0.839      1.078791
   0.847      1.072269
   0.855      1.065765
   0.863      1.059280
   0.871      1.052818
   0.879      1.046380
   0.886      1.039968
   0.894      1.033583
   0.902      1.027228
   0.910      1.020905
   0.918      1.014613
   0.926      1.008356
   0.934      1.002134
   0.941      0.995949
   0.949      0.989800
   0.957      0.983691
   0.965      0.977620
   0.973      0.971590
   0.981      0.965601
   0.988      0.959654
   0.996      0.953749
   1.004      0.947887
   1.012      0.942068
   1.020      0.936293
   1.028      0.930562
   1.035      0.924876
   1.043      0.919234
   1.051      0.913637
   1.059      0.908086
   1.067      0.902579
   1.075      0.897118
   1.083      0.891703
   1.090      0.886333
   1.098      0.881008
   1.106      0.875729
   1.114      0.870495
   1.122      0.865307
   1.130      0.860163
   1.137      0.855065
   1.145      0.850011
   1.153      0.845003
   1.161      0.840038
   1.169      0.835118
   1.177      0.830242
   1.185      0.825410
   1.192      0.820621
   1.200      0.815876
   1.208      0.811174
   1.216      0.806514
   1.224      0.801897
   1.232      0.797322
   1.239      0.792788
   1.247      0.788297
   1.255      0.783846
   1.263      0.779436
   1.271      0.775067
   1.279      0.770738
   1.287      0.766449
   1.294      0.762199
   1.302      0.757989
   1.310      0.753817
   1.318      0.749684
   1.326      0.745588
   1.334      0.741531
   1.341      0.737511
   1.349      0.733528
   1.357      0.729581
   1.365      0.725671
   1.373      0.721797
   1.381      0.717959
   1.388      0.714156
   1.396      0.710387
   1.404      0.706653
   1.412      0.702954
   1.420      0.699288
   1.428      0.695656
   1.436      0.692056
   1.443      0.688490
   1.451      0.684956
   1.459      0.681454
   1.467      0.677984
   1.475      0.674546
   1.483      0.671138
   1.490      0.667761
   1.498      0.664415
   1.506      0.661099
   1.514      0.657812
   1.522      0.654555
   1.530      0.651327
   1.538      0.648128
   1.545      0.644958
   1.553      0.641815
   1.561      0.638701
   1.569      0.635614
   1.577      0.632554
   1.585      0.629521
   1.592      0.626515
   1.600      0.623535
   1.608      0.620581
   1.616      0.617654
   1.624      0.614751
   1.632      0.611874
   1.640      0.609022
   1.647      0.606194
   1.655      0.603391
   1.663      0.600612
   1.671      0.597856
   1.679      0.595124
   1.687      0.592416
   1.694      0.589731
   1.702      0.587068
   1.710      0.584428
   1.718      0.581810
   1.726      0.579215
   1.734      0.576641
   1.741      0.574088
   1.749      0.571557
   1.757      0.569047
   1.765      0.566558
   1.773      0.564089
   1.781      0.561641
   1.789      0.559213
   1.796      0.556805
   1.804      0.554417
   1.812      0.552048
   1.820      0.549698
   1.828      0.547368
   1.836      0.545056
   1.843      0.542763
   1.851      0.540489
   1.859      0.538232
   1.867      0.535994
   1.875      0.533774
   1.883      0.531571
   1.891      0.529386
   1.898      0.527218
   1.906      0.525067
   1.914      0.522933
   1.922      0.520815
   1.930      0.518715
   1.938      0.516630
   1.945      0.514562
   1.953      0.512510
   1.961      0.510473
   1.969      0.508452
   1.977      0.506447
   1.985      0.504457
   1.993      0.502483
   2.000      0.500523
   2.008      0.498578
   2.016      0.496648
   2.024      0.494732
   2.032      0.492831
   2.040      0.490944
   2.047      0.489071
   2.055      0.487212
   2.063      0.485367
   2.071      0.483535
   2.079      0.481717
   2.087      0.479912
   2.095      0.478121
   2.102      0.476342
   2.110      0.474577
   2.118      0.472824
   2.126      0.471084
   2.134      0.469357
   2.142      0.467642
   2.149      0.465939
   2.157      0.464248
   2.165      0.462570
   2.173      0.460903
   2.181      0.459249
   2.189      0.457606
   2.196      0.455974
   2.204      0.454354
   2.212      0.452745
   2.220      0.451148
   2.228      0.449562
   2.236      0.447986
   2.244      0.446422
   2.251      0.444868
   2.259      0.443325
   2.267      0.441793
   2.275      0.440271
   2.283      0.438759
   2.291      0.437258
   2.298      0.435767
   2.306      0.434286
   2.314      0.432814
   2.322      0.431353
   2.330      0.429902
   2.338      0.428460
   2.346      0.427028
   2.353      0.425605
   2.361      0.424191
   2.369      0.422787
   2.377      0.421393
   2.385      0.420007
   2.393      0.418630
   2.400      0.417262
   2.408      0.415904
   2.416      0.414554
   2.424      0.413212
   2.432      0.411880
   2.440      0.410555
   2.448      0.409240
   2.455      0.407932
   2.463      0.406633
   2.471      0.405343
   2.479      0.404060
   2.487      0.402786
   2.495      0.401519
   2.502      0.400260
   2.510      0.399010
   2.518      0.397767
   2.526      0.396531
   2.534      0.395304
   2.542      0.394084
   2.549      0.392871
   2.557      0.391666
   2.565      0.390468
   2.573      0.389278
   2.581      0.388095
   2.589      0.386919
   2.597      0.385750
   2.604      0.384588
   2.612      0.383433
   2.620      0.382285
   2.628      0.381144
   2.636      0.380009
   2.644      0.378882
   2.651      0.377761
   2.659      0.376647
   2.667      0.375539
   2.675      0.374437
   2.683      0.373343
   2.691      0.372254
   2.699      0.371172
   2.706      0.370096
   2.714      0.369026
   2.722      0.367963
   2.730      0.366906
   2.738      0.365854
   2.746      0.364809
   2.753      0.363770
   2.761      0.362736
   2.769      0.361709
   2.777      0.360687
   2.785      0.359671
   2.793      0.358661
   2.801      0.357656
   2.808      0.356657
   2.816      0.355663
   2.824      0.354675
   2.832      0.353693
   2.840      0.352716
   2.848      0.351744
   2.855      0.350778
   2.863      0.349817
   2.871      0.348861
   2.879      0.347911
   2.887      0.346965
   2.895      0.346025
   2.902      0.345090
   2.910      0.344159
   2.918      0.343234
   2.926      0.342314
   2.934      0.341399
   2.942      0.340488
   2.950      0.339583
   2.957      0.338682
   2.965      0.337786
   2.973      0.336895
   2.981      0.336008
   2.989      0.335126
   2.997      0.334249
   3.004      0.333376
   3.012      0.332508
   3.020      0.331645
   3.028      0.330785
   3.036      0.329931
   3.044      0.329080
   3.052      0.328234
   3.059      0.327393
   3.067      0.326555
   3.075      0.325722
   3.083      0.324894
   3.091      0.324069
   3.099      0.323249
   3.106      0.322432
   3.114      0.321620
   3.122      0.320812
