   0.000      0.766421
   0.008      0.766421
   0.016      0.766421
   0.024      0.766421
   0.031      0.766421
   0.039      0.766421
   0.047      0.766421
   0.055      0.766421
   0.063      0.766421
   0.071      0.766420
   0.078      0.766420
   0.086      0.766420
   0.094      0.766419
   0.102      0.766419
   0.110      0.766418
   0.118      0.766417
   0.126      0.766416
   0.133      0.766414
   0.141      0.766413
   0.149      0.766411
   0.157      0.766408
   0.165      0.766405
   0.173      0.766402
   0.180      0.766398
   0.188      0.766394
   0.196      0.766389
   0.204      0.766384
   0.212      0.766378
   0.220      0.766371
   0.227      0.766363
   0.235      0.766355
   0.243      0.766346
   0.251      0.766335
   0.259      0.766324
   0.267      0.766311
   0.275      0.766297
   0.282      0.766282
   0.290      0.766266
   0.298      0.766248
   0.306      0.766228
   0.314      0.766207
   0.322      0.766184
   0.329      0.766160
   0.337      0.766133
   0.345      0.766104
   0.353      0.766073
   0.361      0.766040
   0.369      0.766005
   0.377      0.765967
   0.384      0.765926
   0.392      0.765883
   0.400      0.765836
   0.408      0.765787
   0.416      0.765734
   0.424      0.765679
   0.431      0.765619
   0.439      0.765556
   0.447      0.765489
   0.455      0.765418
   0.463      0.765343
   0.471      0.765264
   0.479      0.765180
   0.486      0.765091
   0.494      0.764998
   0.502      0.764899
   0.510      0.764795
   0.518      0.764685
   0.526      0.764570
   0.533      0.764449
   0.541      0.764321
   0.549      0.764187
   0.557      0.764047
   0.565      0.763899
   0.573      0.763744
   0.580      0.763582
   0.588      0.763412
   0.596      0.763234
   0.604      0.763048
   0.612      0.762853
   0.620      0.762650
   0.628      0.762437
   0.635      0.762215
   0.643      0.761983
   0.651      0.761740
   0.659      0.761488
   0.667      0.761225
   0.675      0.760951
   0.682      0.760665
   0.690      0.760368
   0.698      0.760059
   0.706      0.759737
   0.714      0.759403
   0.722      0.759055
   0.730      0.758694
   0.737      0.758320
   0.745      0.757931
   0.753      0.757527
   0.761      0.757109
   0.769      0.756676
   0.777      0.756227
   0.784      0.755762
   0.792      0.755280
   0.800      0.754782
   0.808      0.754267
   0.816      0.753734
   0.824      0.753184
   0.832      0.752615
   0.839      0.752028
   0.847      0.751422
   0.855      0.750797
   0.863      0.750153
   0.871      0.749489
   0.879      0.748804
   0.886      0.748099
   0.894      0.747373
   0.902      0.746626
   0.910      0.745858
   0.918      0.745068
   0.926      0.744257
   0.934      0.743423
   0.941      0.742567
   0.949      0.741688
   0.957      0.740786
   0.965      0.739861
   0.973      0.738913
   0.981      0.737942
   0.988      0.736947
   0.996      0.735929
   1.004      0.734886
   1.012      0.733820
   1.020      0.732730
   1.028      0.731615
   1.035      0.730477
   1.043      0.729314
   1.051      0.728127
   1.059      0.726916
   1.067      0.725681
   1.075      0.724422
   1.083      0.723138
   1.090      0.721831
   1.098      0.720500
   1.106      0.719145
   1.114      0.717766
   1.122      0.716364
   1.130      0.714938
   1.137      0.713490
   1.145      0.712018
   1.153      0.710524
   1.161      0.709007
   1.169      0.707468
   1.177      0.705907
   1.185      0.704325
   1.192      0.702721
   1.200      0.701095
   1.208      0.699449
   1.216      0.697783
   1.224      0.696097
   1.232      0.694391
   1.239      0.692665
   1.247      0.690921
   1.255      0.689158
   1.263      0.687377
   1.271      0.685578
   1.279      0.683762
   1.287      0.681929
   1.294      0.680079
   1.302      0.678214
   1.310      0.676332
   1.318      0.674436
   1.326      0.672525
   1.334      0.670600
   1.341      0.668661
   1.349      0.666709
   1.357      0.664743
   1.365      0.662766
   1.373      0.660776
   1.381      0.658776
   1.388      0.656764
   1.396      0.654741
   1.404      0.652709
   1.412      0.650667
   1.420      0.648616
   1.428      0.646556
   1.436      0.644488
   1.443      0.642412
   1.451      0.640329
   1.459      0.638239
   1.467      0.636142
   1.475      0.634040
   1.483      0.631932
   1.490      0.629818
   1.498      0.627701
   1.506      0.625578
   1.514      0.623452
   1.522      0.621323
   1.530      0.619191
   1.538      0.617055
   1.545      0.614918
   1.553      0.612779
   1.561      0.610638
   1.569      0.608496
   1.577      0.606353
   1.585      0.604210
   1.592      0.602067
   1.600      0.599924
   1.608      0.597782
   1.616      0.595641
   1.624      0.593501
   1.632      0.591362
   1.640      0.589226
   1.647      0.587092
   1.655      0.584960
   1.663      0.582831
   1.671      0.580706
   1.679      0.578583
   1.687      0.576464
   1.694      0.574350
   1.702      0.572239
   1.710      0.570133
   1.718      0.568031
   1.726      0.565935
   1.734      0.563843
   1.741      0.561757
   1.749      0.559677
   1.757      0.557602
   1.765      0.555533
   1.773      0.553470
   1.781      0.551414
   1.789      0.549365
   1.796      0.547322
   1.804      0.545285
   1.812      0.543256
   1.820      0.541235
   1.828      0.539220
   1.836      0.537213
   1.843      0.535214
   1.851      0.533222
   1.859      0.531239
   1.867      0.529263
   1.875      0.527296
   1.883      0.525337
   1.891      0.523386
   1.898      0.521444
   1.906      0.519510
   1.914      0.517585
   1.922      0.515669
   1.930      0.513762
   1.938      0.511863
   1.945      0.509974
   1.953      0.508093
   1.961      0.506222
   1.969      0.504360
   1.977      0.502507
   1.985      0.500664
   1.993      0.498829
   2.000      0.497004
   2.008      0.495189
   2.016      0.493383
   2.024      0.491586
   2.032      0.489799
   2.040      0.488022
   2.047      0.486254
   2.055      0.484495
   2.063      0.482747
   2.071      0.481007
   2.079      0.479278
   2.087      0.477558
   2.095      0.475848
   2.102      0.474147
   2.110      0.472456
   2.118      0.470774
   2.126      0.469102
   2.134      0.467440
   2.142      0.465787
   2.149      0.464144
   2.157      0.462510
   2.165      0.460886
   2.173      0.459272
   2.181      0.457667
   2.189      0.456071
   2.196      0.454485
   2.204      0.452908
   2.212      0.451341
   2.220      0.449782
   2.228      0.448234
   2.236      0.446694
   2.244      0.445164
   2.251      0.443643
   2.259      0.442131
   2.267      0.440628
   2.275      0.439134
   2.283      0.437650
   2.291      0.436174
   2.298      0.434707
   2.306      0.433249
   2.314      0.431800
   2.322      0.430360
   2.330      0.428929
   2.338      0.427506
   2.346      0.426092
   2.353      0.424687
   2.361      0.423290
   2.369      0.421902
   2.377      0.420522
   2.385      0.419150
   2.393      0.417787
   2.400      0.416433
   2.408      0.415086
   2.416      0.413748
   2.424      0.412418
   2.432      0.411095
   2.440      0.409781
   2.448      0.408475
   2.455      0.407177
   2.463      0.405887
   2.471      0.404604
   2.479      0.403330
   2.487      0.402063
   2.495      0.400803
   2.502      0.399551
   2.510      0.398307
   2.518      0.397070
   2.526      0.395841
   2.534      0.394619
   2.542      0.393405
   2.549      0.392197
   2.557      0.390997
   2.565      0.389804
   2.573      0.388618
   2.581      0.387439
   2.589      0.386267
   2.597      0.385102
   2.604      0.383944
   2.612      0.382793
   2.620      0.381648
   2.628      0.380511
   2.636      0.379380
   2.644      0.378255
   2.651      0.377137
   2.659      0.376026
   2.667      0.374921
   2.675      0.373822
   2.683      0.372730
   2.691      0.371644
   2.699      0.370564
   2.706      0.369491
   2.714      0.368424
   2.722      0.367362
   2.730      0.366307
   2.738      0.365258
   2.746      0.364215
   2.753      0.363178
   2.761      0.362146
   2.769      0.361121
   2.777      0.360101
   2.785      0.359087
   2.793      0.358078
   2.801      0.357075
   2.808      0.356078
   2.816      0.355086
   2.824      0.354100
   2.832      0.353119
   2.840      0.352144
   2.848      0.351174
   2.855      0.350209
   2.863      0.349250
   2.871      0.348296
   2.879      0.347347
   2.887      0.346403
   2.895      0.345464
   2.902      0.344531
   2.910      0.343602
   2.918      0.342678
   2.926      0.341760
   2.934      0.340846
   2.942      0.339937
   2.950      0.339033
   2.957      0.338134
   2.965      0.337239
   2.973      0.336349
   2.981      0.335464
   2.989      0.334584
   2.997      0.333708
   3.004      0.332837
   3.012      0.331970
   3.020      0.331108
   3.028      0.330250
   3.036      0.329396
   3.044      0.328547
   3.052      0.327703
   3.059      0.326863
   3.067      0.326027
   3.075      0.325195
   3.083      0.324368
   3.091      0.323544
   3.099      0.322725
   3.106      0.321910
   3.114      0.321099
   3.122      0.320293
