   0.000      0.819762
   0.008      0.819761
   0.016      0.819758
   0.024      0.819752
   0.031      0.819743
   0.039      0.819733
   0.047      0.819720
   0.055      0.819704
   0.063      0.819686
   0.071      0.819666
   0.078      0.819643
   0.086      0.819618
   0.094      0.819590
   0.102      0.819560
   0.110      0.819527
   0.118      0.819491
   0.126      0.819453
   0.133      0.819412
   0.141      0.819369
   0.149      0.819322
   0.157      0.819273
   0.165      0.819221
   0.173      0.819166
   0.180      0.819108
   0.188      0.819047
   0.196      0.818983
   0.204      0.818916
   0.212      0.818846
   0.220      0.818772
   0.227      0.818695
   0.235      0.818614
   0.243      0.818530
   0.251      0.818442
   0.259      0.818351
   0.267      0.818255
   0.275      0.818156
   0.282      0.818053
   0.290      0.817946
   0.298      0.817834
   0.306      0.817718
   0.314      0.817598
   0.322      0.817473
   0.329      0.817343
   0.337      0.817209
   0.345      0.817069
   0.353      0.816924
   0.361      0.816774
   0.369      0.816619
   0.377      0.816457
   0.384      0.816290
   0.392      0.816117
   0.400      0.815938
   0.408      0.815752
   0.416      0.815560
   0.424      0.815361
   0.431      0.815155
   0.439      0.814942
   0.447      0.814721
   0.455      0.814493
   0.463      0.814257
   0.471      0.814012
   0.479      0.813759
   0.486      0.813498
   0.494      0.813227
   0.502      0.812947
   0.510      0.812658
   0.518      0.812359
   0.526      0.812049
   0.533      0.811729
   0.541      0.811398
   0.549      0.811057
   0.557      0.810703
   0.565      0.810338
   0.573      0.809961
   0.580      0.809571
   0.588      0.809168
   0.596      0.808752
   0.604      0.808322
   0.612      0.807878
   0.620      0.807420
   0.628      0.806947
   0.635      0.806459
   0.643      0.805955
   0.651      0.805435
   0.659      0.804898
   0.667      0.804345
   0.675      0.803774
   0.682      0.803185
   0.690      0.802579
   0.698      0.801954
   0.706      0.801309
   0.714      0.800646
   0.722      0.799962
   0.730      0.799258
   0.737      0.798534
   0.745      0.797788
   0.753      0.797021
   0.761      0.796232
   0.769      0.795421
   0.777      0.794587
   0.784      0.793731
   0.792      0.792851
   0.800      0.791947
   0.808      0.791019
   0.816      0.790067
   0.824      0.789090
   0.832      0.788089
   0.839      0.787062
   0.847      0.786010
   0.855      0.784933
   0.863      0.783829
   0.871      0.782700
   0.879      0.781544
   0.886      0.780362
   0.894      0.779154
   0.902      0.777919
   0.910      0.776658
   0.918      0.775370
   0.926      0.774056
   0.934      0.772715
   0.941      0.771348
   0.949      0.769954
   0.957      0.768533
   0.965      0.767087
   0.973      0.765614
   0.981      0.764115
   0.988      0.762590
   0.996      0.761040
   1.004      0.759465
   1.012      0.757864
   1.020      0.756238
   1.028      0.754589
   1.035      0.752914
   1.043      0.751216
   1.051      0.749495
   1.059      0.747750
   1.067      0.745983
   1.075      0.744193
   1.083      0.742382
   1.090      0.740549
   1.098      0.738695
   1.106      0.736821
   1.114      0.734927
   1.122      0.733013
   1.130      0.731081
   1.137      0.729129
   1.145      0.727160
   1.153      0.725174
   1.161      0.723170
   1.169      0.721150
   1.177      0.719114
   1.185      0.717063
   1.192      0.714998
   1.200      0.712917
   1.208      0.710824
   1.216      0.708717
   1.224      0.706597
   1.232      0.704466
   1.239      0.702323
   1.247      0.700168
   1.255      0.698004
   1.263      0.695829
   1.271      0.693645
   1.279      0.691452
   1.287      0.689250
   1.294      0.687041
   1.302      0.684824
   1.310      0.682600
   1.318      0.680369
   1.326      0.678132
   1.334      0.675890
   1.341      0.673643
   1.349      0.671391
   1.357      0.669134
   1.365      0.666874
   1.373      0.664610
   1.381      0.662344
   1.388      0.660074
   1.396      0.657803
   1.404      0.655529
   1.412      0.653255
   1.420      0.650979
   1.428      0.648702
   1.436      0.646425
   1.443      0.644148
   1.451      0.641872
   1.459      0.639596
   1.467      0.637321
   1.475      0.635047
   1.483      0.632775
   1.490      0.630505
   1.498      0.628237
   1.506      0.625971
   1.514      0.623709
   1.522      0.621449
   1.530      0.619192
   1.538      0.616940
   1.545      0.614690
   1.553      0.612445
   1.561      0.610205
   1.569      0.607968
   1.577      0.605737
   1.585      0.603510
   1.592      0.601289
   1.600      0.599073
   1.608      0.596862
   1.616      0.594657
   1.624      0.592458
   1.632      0.590265
   1.640      0.588079
   1.647      0.585899
   1.655      0.583725
   1.663      0.581558
   1.671      0.579398
   1.679      0.577245
   1.687      0.575099
   1.694      0.572961
   1.702      0.570829
   1.710      0.568706
   1.718      0.566590
   1.726      0.564482
   1.734      0.562381
   1.741      0.560289
   1.749      0.558205
   1.757      0.556128
   1.765      0.554061
   1.773      0.552001
   1.781      0.549950
   1.789      0.547907
   1.796      0.545873
   1.804      0.543848
   1.812      0.541831
   1.820      0.539823
   1.828      0.537824
   1.836      0.535834
   1.843      0.533852
   1.851      0.531880
   1.859      0.529917
   1.867      0.527963
   1.875      0.526017
   1.883      0.524081
   1.891      0.522155
   1.898      0.520237
   1.906      0.518329
   1.914      0.516430
   1.922      0.514540
   1.930      0.512659
   1.938      0.510788
   1.945      0.508926
   1.953      0.507074
   1.961      0.505231
   1.969      0.503397
   1.977      0.501573
   1.985      0.499758
   1.993      0.497952
   2.000      0.496156
   2.008      0.494369
   2.016      0.492592
   2.024      0.490824
   2.032      0.489065
   2.040      0.487316
   2.047      0.485576
   2.055      0.483845
   2.063      0.482124
   2.071      0.480412
   2.079      0.478709
   2.087      0.477016
   2.095      0.475332
   2.102      0.473657
   2.110      0.471992
   2.118      0.470335
   2.126      0.468688
   2.134      0.467050
   2.142      0.465421
   2.149      0.463801
   2.157      0.462190
   2.165      0.460589
   2.173      0.458996
   2.181      0.457412
   2.189      0.455837
   2.196      0.454272
   2.204      0.452715
   2.212      0.451167
   2.220      0.449627
   2.228      0.448097
   2.236      0.446575
   2.244      0.445062
   2.251      0.443558
   2.259      0.442063
   2.267      0.440576
   2.275      0.439097
   2.283      0.437627
   2.291      0.436166
   2.298      0.434713
   2.306      0.433268
   2.314      0.431832
   2.322      0.430404
   2.330      0.428985
   2.338      0.427573
   2.346      0.426170
   2.353      0.424775
   2.361      0.423389
   2.369      0.422010
   2.377      0.420639
   2.385      0.419277
   2.393      0.417922
   2.400      0.416575
   2.408      0.415236
   2.416      0.413905
   2.424      0.412581
   2.432      0.411266
   2.440      0.409958
   2.448      0.408657
   2.455      0.407365
   2.463      0.406080
   2.471      0.404802
   2.479      0.403532
   2.487      0.402269
   2.495      0.401013
   2.502      0.399765
   2.510      0.398524
   2.518      0.397291
   2.526      0.396064
   2.534      0.394845
   2.542      0.393633
   2.549      0.392427
   2.557      0.391229
   2.565      0.390038
   2.573      0.388854
   2.581      0.387676
   2.589      0.386505
   2.597      0.385342
   2.604      0.384184
   2.612      0.383034
   2.620      0.381890
   2.628      0.380753
   2.636      0.379622
   2.644      0.378498
   2.651      0.377380
   2.659      0.376269
   2.667      0.375164
   2.675      0.374065
   2.683      0.372973
   2.691      0.371887
   2.699      0.370807
   2.706      0.369733
   2.714      0.368665
   2.722      0.367604
   2.730      0.366548
   2.738      0.365498
   2.746      0.364454
   2.753      0.363417
   2.761      0.362384
   2.769      0.361358
   2.777      0.360338
   2.785      0.359323
   2.793      0.358314
   2.801      0.357310
   2.808      0.356312
   2.816      0.355320
   2.824      0.354333
   2.832      0.353351
   2.840      0.352375
   2.848      0.351405
   2.855      0.350439
   2.863      0.349479
   2.871      0.348524
   2.879      0.347575
   2.887      0.346630
   2.895      0.345691
   2.902      0.344757
   2.910      0.343827
   2.918      0.342903
   2.926      0.341984
   2.934      0.341069
   2.942      0.340160
   2.950      0.339255
   2.957      0.338355
   2.965      0.337460
   2.973      0.336570
   2.981      0.335684
   2.989      0.334803
   2.997      0.333926
   3.004      0.333055
   3.012      0.332187
   3.020      0.331324
   3.028      0.330466
   3.036      0.329612
   3.044      0.328763
   3.052      0.327917
   3.059      0.327077
   3.067      0.326240
   3.075      0.325408
   3.083      0.324580
   3.091      0.323756
   3.099      0.322936
   3.106      0.322121
   3.114      0.321310
   3.122      0.320502
