   0.006      0.000184
   0.012      0.002119
   0.018      0.004054
   0.024      0.006054
   0.030      0.008064
   0.035      0.010076
   0.041      0.012090
   0.047      0.014104
   0.053      0.016119
   0.059      0.018136
   0.065      0.020153
   0.071      0.022171
   0.077      0.024190
   0.083      0.026211
   0.089      0.028232
   0.094      0.030255
   0.100      0.032279
   0.106      0.034304
   0.112      0.036331
   0.118      0.038360
   0.124      0.040390
   0.130      0.042422
   0.136      0.044456
   0.142      0.046492
   0.148      0.048529
   0.153      0.050569
   0.159      0.052611
   0.165      0.054655
   0.171      0.056701
   0.177      0.058749
   0.183      0.060799
   0.189      0.062852
   0.195      0.064907
   0.201      0.066964
   0.207      0.069023
   0.212      0.071085
   0.218      0.073150
   0.224      0.075217
   0.230      0.077286
   0.236      0.079358
   0.242      0.081432
   0.248      0.083510
   0.254      0.085590
   0.260      0.087673
   0.266      0.089759
   0.271      0.091848
   0.277      0.093939
   0.283      0.096034
   0.289      0.098133
   0.295      0.100234
   0.301      0.102339
   0.307      0.104447
   0.313      0.106559
   0.319      0.108674
   0.325      0.110793
   0.330      0.112915
   0.336      0.115042
   0.342      0.117172
   0.348      0.119306
   0.354      0.121444
   0.360      0.123586
   0.366      0.125732
   0.372      0.127883
   0.378      0.130038
   0.384      0.132197
   0.389      0.134360
   0.395      0.136528
   0.401      0.138701
   0.407      0.140878
   0.413      0.143060
   0.419      0.145247
   0.425      0.147438
   0.431      0.149635
   0.437      0.151836
   0.443      0.154043
   0.448      0.156254
   0.454      0.158471
   0.460      0.160693
   0.466      0.162921
   0.472      0.165153
   0.478      0.167392
   0.484      0.169636
   0.490      0.171885
   0.496      0.174140
   0.502      0.176401
   0.507      0.178668
   0.513      0.180941
   0.519      0.183219
   0.525      0.185504
   0.531      0.187794
   0.537      0.190091
   0.543      0.192394
   0.549      0.194703
   0.555      0.197019
   0.561      0.199341
   0.566      0.201670
   0.572      0.204005
   0.578      0.206346
   0.584      0.208694
   0.590      0.211049
   0.596      0.213411
   0.602      0.215780
   0.608      0.218155
   0.614      0.220537
   0.620      0.222927
   0.625      0.225323
   0.631      0.227727
   0.637      0.230138
   0.643      0.232556
   0.649      0.234981
   0.655      0.237413
   0.661      0.239853
   0.667      0.242301
   0.673      0.244756
   0.679      0.247218
   0.684      0.249688
   0.690      0.252166
   0.696      0.254651
   0.702      0.257144
   0.708      0.259645
   0.714      0.262153
   0.720      0.264670
   0.726      0.267194
   0.732      0.269726
   0.738      0.272267
   0.743      0.274815
   0.749      0.277371
   0.755      0.279935
   0.761      0.282508
   0.767      0.285088
   0.773      0.287677
   0.779      0.290274
   0.785      0.292879
   0.791      0.295492
   0.797      0.298114
   0.802      0.300744
   0.808      0.303382
   0.814      0.306028
   0.820      0.308683
   0.826      0.311346
   0.832      0.314018
   0.838      0.316698
   0.844      0.319386
   0.850      0.322082
   0.856      0.324787
   0.861      0.327501
   0.867      0.330223
   0.873      0.332953
   0.879      0.335691
   0.885      0.338438
   0.891      0.341193
   0.897      0.343957
   0.903      0.346729
   0.909      0.349509
   0.915      0.352298
   0.920      0.355095
   0.926      0.357900
   0.932      0.360713
   0.938      0.363535
   0.944      0.366365
   0.950      0.369203
   0.956      0.372049
   0.962      0.374903
   0.968      0.377765
   0.974      0.380635
   0.979      0.383513
   0.985      0.386399
   0.991      0.389292
   0.997      0.392194
   1.003      0.395103
   1.009      0.398020
   1.015      0.400944
   1.021      0.403876
   1.027      0.406815
   1.033      0.409762
   1.038      0.412716
   1.044      0.415677
   1.050      0.418645
   1.056      0.421620
   1.062      0.424602
   1.068      0.427591
   1.074      0.430587
   1.080      0.433589
   1.086      0.436598
   1.092      0.439613
   1.097      0.442635
   1.103      0.445662
   1.109      0.448696
   1.115      0.451735
   1.121      0.454781
   1.127      0.457832
   1.133      0.460888
   1.139      0.463950
   1.145      0.467017
   1.151      0.470089
   1.156      0.473166
   1.162      0.476248
   1.168      0.479334
   1.174      0.482425
   1.180      0.485520
   1.186      0.488619
   1.192      0.491722
   1.198      0.494829
   1.204      0.497940
   1.210      0.501053
   1.215      0.504170
   1.221      0.507290
   1.227      0.510413
   1.233      0.513538
   1.239      0.516665
   1.245      0.519795
   1.251      0.522927
   1.257      0.526060
   1.263      0.529195
   1.269      0.532331
   1.274      0.535468
   1.280      0.538606
   1.286      0.541744
   1.292      0.544883
   1.298      0.548021
   1.304      0.551160
   1.310      0.554297
   1.316      0.557435
   1.322      0.560571
   1.328      0.563706
   1.333      0.566839
   1.339      0.569970
   1.345      0.573100
   1.351      0.576227
   1.357      0.579351
   1.363      0.582472
   1.369      0.585590
   1.375      0.588705
   1.381      0.591815
   1.387      0.594921
   1.392      0.598023
   1.398      0.601120
   1.404      0.604212
   1.410      0.607299
   1.416      0.610379
   1.422      0.613454
   1.428      0.616522
   1.434      0.619583
   1.440      0.622637
   1.446      0.625684
   1.451      0.628723
   1.457      0.631754
   1.463      0.634776
   1.469      0.637790
   1.475      0.640794
   1.481      0.643789
   1.487      0.646774
   1.493      0.649749
   1.499      0.652713
   1.505      0.655666
   1.510      0.658608
   1.516      0.661538
   1.522      0.664456
   1.528      0.667361
   1.534      0.670254
   1.540      0.673133
   1.546      0.675999
   1.552      0.678851
   1.558      0.681689
   1.564      0.684512
   1.569      0.687320
   1.575      0.690113
   1.581      0.692889
   1.587      0.695650
   1.593      0.698394
   1.599      0.701121
   1.605      0.703830
   1.611      0.706522
   1.617      0.709196
   1.623      0.711852
   1.628      0.714488
   1.634      0.717105
   1.640      0.719703
   1.646      0.722281
   1.652      0.724838
   1.658      0.727375
   1.664      0.729890
   1.670      0.732385
   1.676      0.734857
   1.682      0.737307
   1.687      0.739734
   1.693      0.742139
   1.699      0.744520
   1.705      0.746878
   1.711      0.749212
   1.717      0.751521
   1.723      0.753806
   1.729      0.756066
   1.735      0.758300
   1.741      0.760508
   1.746      0.762691
   1.752      0.764847
   1.758      0.766977
   1.764      0.769079
   1.770      0.771154
   1.776      0.773202
   1.782      0.775221
   1.788      0.777212
   1.794      0.779175
   1.800      0.781109
   1.805      0.783013
   1.811      0.784889
   1.817      0.786734
   1.823      0.788549
   1.829      0.790335
   1.835      0.792089
   1.841      0.793813
   1.847      0.795506
   1.853      0.797167
   1.859      0.798797
   1.864      0.800395
   1.870      0.801961
   1.876      0.803495
   1.882      0.804997
   1.888      0.806465
   1.894      0.807901
   1.900      0.809304
   1.906      0.810674
   1.912      0.812010
   1.918      0.813313
   1.923      0.814581
   1.929      0.815816
   1.935      0.817017
   1.941      0.818184
   1.947      0.819316
   1.953      0.820414
   1.959      0.821477
   1.965      0.822505
   1.971      0.823499
   1.977      0.824457
   1.982      0.825381
   1.988      0.826269
   1.994      0.827122
   2.000      0.827940
   2.006      0.828722
   2.012      0.829469
   2.018      0.830181
   2.024      0.830857
   2.030      0.831498
   2.036      0.832103
   2.041      0.832673
   2.047      0.833206
   2.053      0.833705
   2.059      0.834168
   2.065      0.834595
   2.071      0.834987
   2.077      0.835343
   2.083      0.835664
   2.089      0.835949
   2.095      0.836199
   2.100      0.836414
   2.106      0.836594
   2.112      0.836738
   2.118      0.836847
   2.124      0.836922
   2.130      0.836961
   2.136      0.836966
   2.142      0.836936
   2.148      0.836872
   2.154      0.836773
   2.159      0.836639
   2.165      0.836472
   2.171      0.836271
   2.177      0.836035
   2.183      0.835767
   2.189      0.835464
   2.195      0.835128
   2.201      0.834759
   2.207      0.834358
   2.213      0.833923
   2.218      0.833455
   2.224      0.832956
   2.230      0.832424
   2.236      0.831860
   2.242      0.831264
   2.248      0.830637
   2.254      0.829978
   2.260      0.829288
   2.266      0.828568
   2.272      0.827816
   2.277      0.827035
   2.283      0.826223
   2.289      0.825381
   2.295      0.824510
   2.301      0.823609
   2.307      0.822680
   2.313      0.821721
   2.319      0.820734
   2.325      0.819718
   2.331      0.818675
   2.336      0.817604
   2.342      0.816505
   2.348      0.815379
   2.354      0.814227
   2.360      0.813047
   2.366      0.811842
   2.372      0.810610
   2.378      0.809353
   2.384      0.808070
   2.390      0.806762
   2.395      0.805429
   2.401      0.804072
   2.407      0.802690
   2.413      0.801285
   2.419      0.799856
   2.425      0.798403
   2.431      0.796928
   2.437      0.795430
   2.443      0.793909
   2.449      0.792367
   2.454      0.790802
   2.460      0.789216
   2.466      0.787609
   2.472      0.785981
   2.478      0.784333
   2.484      0.782664
   2.490      0.780975
   2.496      0.779266
   2.502      0.777538
   2.508      0.775791
   2.513      0.774025
   2.519      0.772241
   2.525      0.770438
   2.531      0.768617
   2.537      0.766779
   2.543      0.764924
   2.549      0.763051
   2.555      0.761161
   2.561      0.759256
   2.567      0.757333
   2.572      0.755395
   2.578      0.753442
   2.584      0.751472
   2.590      0.749488
   2.596      0.747489
   2.602      0.745475
   2.608      0.743447
   2.614      0.741405
   2.620      0.739349
   2.626      0.737280
   2.631      0.735197
   2.637      0.733101
   2.643      0.730993
   2.649      0.728872
   2.655      0.726738
   2.661      0.724593
   2.667      0.722436
   2.673      0.720267
   2.679      0.718087
   2.685      0.715895
   2.690      0.713693
   2.696      0.711481
   2.702      0.709257
   2.708      0.707024
   2.714      0.704781
   2.720      0.702528
   2.726      0.700265
   2.732      0.697993
   2.738      0.695712
   2.744      0.693422
   2.749      0.691124
   2.755      0.688817
   2.761      0.686501
   2.767      0.684178
   2.773      0.681847
   2.779      0.679508
   2.785      0.677162
   2.791      0.674808
   2.797      0.672448
   2.803      0.670080
   2.808      0.667706
   2.814      0.665325
   2.820      0.662938
   2.826      0.660545
   2.832      0.658146
   2.838      0.655741
   2.844      0.653331
   2.850      0.650915
   2.856      0.648494
   2.862      0.646068
   2.867      0.643637
   2.873      0.641201
   2.879      0.638761
   2.885      0.636317
   2.891      0.633868
   2.897      0.631415
   2.903      0.628958
   2.909      0.626498
   2.915      0.624034
   2.921      0.621566
   2.926      0.619096
   2.932      0.616622
   2.938      0.614145
   2.944      0.611666
   2.950      0.609184
   2.956      0.606699
   2.962      0.604211
   2.968      0.601722
   2.974      0.599231
   2.980      0.596737
   2.985      0.594242
   2.991      0.591745
   2.997      0.589247
   3.003      0.586747
   3.009      0.584246
   3.015      0.581744
   3.021      0.579241
   3.027      0.576737
   3.033      0.574233
   3.039      0.571728
   3.044      0.569222
   3.050      0.566716
   3.056      0.564210
   3.062      0.561704
   3.068      0.559198
   3.074      0.556692
   3.080      0.554186
   3.086      0.551680
   3.092      0.549176
   3.098      0.546671
   3.103      0.544168
   3.109      0.541665
   3.115      0.539163
   3.121      0.536663
   3.127      0.534163
   3.133      0.531665
   3.139      0.529168
   3.145      0.526673
   3.151      0.524179
   3.157      0.521687
   3.162      0.519197
   3.168      0.516708
   3.174      0.514222
   3.180      0.511738
   3.186      0.509256
   3.192      0.506776
   3.198      0.504298
   3.204      0.501824
   3.210      0.499351
   3.216      0.496881
   3.221      0.494414
   3.227      0.491950
   3.233      0.489489
   3.239      0.487031
   3.245      0.484575
   3.251      0.482123
   3.257      0.479675
   3.263      0.477229
   3.269      0.474787
   3.275      0.472349
   3.280      0.469914
   3.286      0.467483
   3.292      0.465055
   3.298      0.462632
   3.304      0.460212
   3.310      0.457796
   3.316      0.455384
   3.322      0.452977
   3.328      0.450573
   3.334      0.448174
   3.339      0.445779
   3.345      0.443388
   3.351      0.441002
   3.357      0.438621
   3.363      0.436244
   3.369      0.433871
   3.375      0.431504
   3.381      0.429141
   3.387      0.426783
   3.393      0.424430
   3.398      0.422082
   3.404      0.419739
   3.410      0.417401
   3.416      0.415068
   3.422      0.412741
   3.428      0.410419
   3.434      0.408102
   3.440      0.405790
   3.446      0.403484
   3.452      0.401183
   3.457      0.398888
   3.463      0.396598
   3.469      0.394314
   3.475      0.392036
   3.481      0.389764
   3.487      0.387497
   3.493      0.385236
   3.499      0.382981
   3.505      0.380732
   3.511      0.378489
   3.516      0.376252
   3.522      0.374021
   3.528      0.371796
   3.534      0.369577
   3.540      0.367365
   3.546      0.365159
   3.552      0.362959
   3.558      0.360765
   3.564      0.358578
   3.570      0.356397
   3.575      0.354222
   3.581      0.352054
   3.587      0.349892
   3.593      0.347737
   3.599      0.345589
   3.605      0.343447
   3.611      0.341312
   3.617      0.339184
   3.623      0.337062
   3.629      0.334947
   3.634      0.332839
   3.640      0.330737
   3.646      0.328643
   3.652      0.326555
   3.658      0.324474
   3.664      0.322400
   3.670      0.320333
   3.676      0.318274
   3.682      0.316221
   3.688      0.314175
   3.693      0.312136
   3.699      0.310104
   3.705      0.308080
   3.711      0.306062
   3.717      0.304052
   3.723      0.302049
   3.729      0.300053
   3.735      0.298064
   3.741      0.296082
   3.747      0.294108
   3.752      0.292141
   3.758      0.290182
   3.764      0.288229
   3.770      0.286284
   3.776      0.284347
   3.782      0.282417
   3.788      0.280494
   3.794      0.278578
   3.800      0.276671
   3.806      0.274770
   3.811      0.272877
   3.817      0.270991
   3.823      0.269113
   3.829      0.267243
   3.835      0.265380
   3.841      0.263524
   3.847      0.261676
   3.853      0.259835
   3.859      0.258002
   3.865      0.256177
   3.870      0.254359
   3.876      0.252549
   3.882      0.250747
   3.888      0.248952
   3.894      0.247164
   3.900      0.245384
   3.906      0.243612
   3.912      0.241848
   3.918      0.240091
   3.924      0.238342
   3.929      0.236600
   3.935      0.234867
   3.941      0.233140
   3.947      0.231422
   3.953      0.229711
   3.959      0.228008
   3.965      0.226312
   3.971      0.224625
   3.977      0.222945
   3.983      0.221272
   3.988      0.219607
   3.994      0.217950
   4.000      0.216301
   4.006      0.214660
   4.012      0.213026
   4.018      0.211399
   4.024      0.209781
   4.030      0.208170
   4.036      0.206567
   4.042      0.204971
   4.047      0.203384
   4.053      0.201804
   4.059      0.200231
   4.065      0.198667
   4.071      0.197110
   4.077      0.195560
   4.083      0.194019
   4.089      0.192485
   4.095      0.190958
   4.101      0.189440
   4.106      0.187929
   4.112      0.186425
   4.118      0.184930
   4.124      0.183441
   4.130      0.181961
   4.136      0.180488
   4.142      0.179023
   4.148      0.177565
   4.154      0.176115
   4.160      0.174673
   4.165      0.173238
   4.171      0.171811
   4.177      0.170391
   4.183      0.168979
   4.189      0.167575
   4.195      0.166178
   4.201      0.164788
   4.207      0.163406
   4.213      0.162032
   4.219      0.160665
   4.224      0.159306
   4.230      0.157954
   4.236      0.156609
   4.242      0.155272
   4.248      0.153943
   4.254      0.152621
   4.260      0.151306
   4.266      0.149999
   4.272      0.148699
   4.278      0.147406
   4.283      0.146121
   4.289      0.144843
   4.295      0.143573
   4.301      0.142310
   4.307      0.141054
   4.313      0.139805
   4.319      0.138564
   4.325      0.137330
   4.331      0.136104
   4.337      0.134884
   4.342      0.133672
   4.348      0.132467
   4.354      0.131269
   4.360      0.130078
   4.366      0.128895
   4.372      0.127719
   4.378      0.126550
   4.384      0.125387
   4.390      0.124233
   4.396      0.123085
   4.401      0.121944
   4.407      0.120810
   4.413      0.119683
   4.419      0.118564
   4.425      0.117451
   4.431      0.116345
   4.437      0.115246
   4.443      0.114154
   4.449      0.113069
   4.455      0.111991
   4.460      0.110920
   4.466      0.109856
   4.472      0.108798
   4.478      0.107748
   4.484      0.106704
   4.490      0.105667
   4.496      0.104637
   4.502      0.103613
   4.508      0.102596
   4.514      0.101586
   4.519      0.100583
   4.525      0.099586
   4.531      0.098596
   4.537      0.097612
   4.543      0.096636
   4.549      0.095665
   4.555      0.094702
   4.561      0.093744
   4.567      0.092794
   4.573      0.091849
   4.578      0.090912
   4.584      0.089981
   4.590      0.089056
   4.596      0.088137
   4.602      0.087225
   4.608      0.086320
   4.614      0.085420
   4.620      0.084527
   4.626      0.083641
   4.632      0.082760
   4.637      0.081886
   4.643      0.081018
   4.649      0.080157
   4.655      0.079301
   4.661      0.078452
   4.667      0.077609
   4.673      0.076772
   4.679      0.075941
   4.685      0.075116
   4.691      0.074297
   4.696      0.073484
   4.702      0.072677
   4.708      0.071877
   4.714      0.071082
   4.720      0.070293
   4.726      0.069510
   4.732      0.068733
   4.738      0.067962
   4.744      0.067196
   4.750      0.066437
   4.755      0.065683
   4.761      0.064935
   4.767      0.064193
   4.773      0.063456
   4.779      0.062725
   4.785      0.062000
   4.791      0.061281
   4.797      0.060567
   4.803      0.059859
   4.809      0.059156
   4.814      0.058459
   4.820      0.057767
   4.826      0.057081
   4.832      0.056400
   4.838      0.055725
   4.844      0.055056
   4.850      0.054391
   4.856      0.053732
   4.862      0.053079
   4.868      0.052431
   4.873      0.051788
   4.879      0.051150
   4.885      0.050518
   4.891      0.049891
   4.897      0.049269
   4.903      0.048653
   4.909      0.048041
   4.915      0.047435
   4.921      0.046834
   4.927      0.046238
   4.932      0.045647
   4.938      0.045061
   4.944      0.044480
   4.950      0.043904
   4.956      0.043333
   4.962      0.042767
   4.968      0.042206
   4.974      0.041650
   4.980      0.041098
   4.986      0.040552
   4.991      0.040010
   4.997      0.039474
   5.003      0.038946
   5.009      0.038420
   5.015      0.037897
   5.021      0.037380
   5.027      0.036867
   5.033      0.036359
   5.039      0.035856
   5.045      0.035357
   5.050      0.034863
   5.056      0.034373
   5.062      0.033888
   5.068      0.033408
   5.074      0.032932
   5.080      0.032460
   5.086      0.031994
   5.092      0.031531
   5.098      0.031073
   5.104      0.030620
   5.109      0.030170
   5.115      0.029726
   5.121      0.029285
   5.127      0.028849
   5.133      0.028417
   5.139      0.027989
   5.145      0.027566
   5.151      0.027147
   5.157      0.026732
   5.163      0.026321
   5.168      0.025914
   5.174      0.025512
   5.180      0.025113
   5.186      0.024719
   5.192      0.024329
   5.198      0.023942
   5.204      0.023560
   5.210      0.023182
   5.216      0.022807
   5.222      0.022437
   5.227      0.022070
   5.233      0.021708
   5.239      0.021349
   5.245      0.020994
   5.251      0.020643
   5.257      0.020295
   5.263      0.019952
   5.269      0.019612
   5.275      0.019276
   5.281      0.018943
   5.286      0.018614
   5.292      0.018289
   5.298      0.017968
   5.304      0.017650
   5.310      0.017335
   5.316      0.017024
   5.322      0.016717
   5.328      0.016413
   5.334      0.016113
   5.340      0.015816
   5.345      0.015522
   5.351      0.015232
   5.357      0.014946
   5.363      0.014662
   5.369      0.014382
   5.375      0.014106
   5.381      0.013832
   5.387      0.013562
   5.393      0.013295
   5.399      0.013032
   5.404      0.012771
   5.410      0.012514
   5.416      0.012260
   5.422      0.012009
   5.428      0.011761
   5.434      0.011516
   5.440      0.011274
   5.446      0.011035
   5.452      0.010800
   5.458      0.010567
   5.463      0.010337
   5.469      0.010110
   5.475      0.009886
   5.481      0.009665
   5.487      0.009446
   5.493      0.009231
   5.499      0.009018
   5.505      0.008808
   5.511      0.008602
   5.517      0.008397
   5.522      0.008196
   5.528      0.007998
   5.534      0.007802
   5.540      0.007609
   5.546      0.007418
   5.552      0.007230
   5.558      0.007045
   5.564      0.006863
   5.570      0.006683
   5.576      0.006505
   5.581      0.006330
   5.587      0.006158
   5.593      0.005988
   5.599      0.005821
   5.605      0.005656
   5.611      0.005493
   5.617      0.005333
   5.623      0.005176
   5.629      0.005020
   5.635      0.004867
   5.640      0.004717
   5.646      0.004569
   5.652      0.004423
   5.658      0.004279
   5.664      0.004137
   5.670      0.003998
   5.676      0.003861
   5.682      0.003726
   5.688      0.003593
   5.694      0.003463
   5.699      0.003334
   5.705      0.003208
   5.711      0.003084
   5.717      0.002961
   5.723      0.002841
   5.729      0.002723
   5.735      0.002607
   5.741      0.002492
   5.747      0.002380
   5.753      0.002270
   5.758      0.002161
   5.764      0.002055
   5.770      0.001950
   5.776      0.001847
   5.782      0.001746
   5.788      0.001647
   5.794      0.001550
   5.800      0.001454
   5.806      0.001360
   5.812      0.001268
   5.817      0.001177
   5.823      0.001088
   5.829      0.001001
   5.835      0.000916
   5.841      0.000832
   5.847      0.000749
   5.853      0.000668
   5.859      0.000589
   5.865      0.000511
   5.871      0.000434
   5.876      0.000359
   5.882      0.000285
   5.888      0.000212
   5.894      0.000141
   5.900      0.000070
   5.906      0.000000
