   0.006     -0.000154
   0.012      0.000077
   0.017      0.000308
   0.023      0.000692
   0.029      0.001230
   0.035      0.001921
   0.041      0.002766
   0.046      0.003765
   0.052      0.004916
   0.058      0.006220
   0.064      0.007677
   0.070      0.009286
   0.075      0.011048
   0.081      0.012961
   0.087      0.015026
   0.093      0.017241
   0.099      0.019607
   0.104      0.022124
   0.110      0.024790
   0.116      0.027605
   0.122      0.030569
   0.128      0.033682
   0.133      0.036942
   0.139      0.040348
   0.145      0.043902
   0.151      0.047600
   0.157      0.051444
   0.162      0.055432
   0.168      0.059564
   0.174      0.063838
   0.180      0.068254
   0.186      0.072811
   0.191      0.077508
   0.197      0.082344
   0.203      0.087318
   0.209      0.092430
   0.215      0.097678
   0.220      0.103061
   0.226      0.108578
   0.232      0.114228
   0.238      0.120010
   0.244      0.125923
   0.249      0.131965
   0.255      0.138136
   0.261      0.144434
   0.267      0.150857
   0.273      0.157404
   0.278      0.164075
   0.284      0.170867
   0.290      0.177779
   0.296      0.184810
   0.302      0.191958
   0.307      0.199222
   0.313      0.206600
   0.319      0.214090
   0.325      0.221691
   0.331      0.229402
   0.336      0.237220
   0.342      0.245144
   0.348      0.253171
   0.354      0.261302
   0.360      0.269532
   0.365      0.277861
   0.371      0.286287
   0.377      0.294808
   0.383      0.303421
   0.389      0.312126
   0.394      0.320919
   0.400      0.329799
   0.406      0.338764
   0.412      0.347812
   0.418      0.356940
   0.423      0.366147
   0.429      0.375430
   0.435      0.384787
   0.441      0.394217
   0.447      0.403715
   0.452      0.413281
   0.458      0.422912
   0.464      0.432606
   0.470      0.442360
   0.476      0.452172
   0.481      0.462040
   0.487      0.471961
   0.493      0.481932
   0.499      0.491952
   0.505      0.502018
   0.510      0.512127
   0.516      0.522277
   0.522      0.532465
   0.528      0.542688
   0.534      0.552945
   0.539      0.563232
   0.545      0.573547
   0.551      0.583888
   0.557      0.594251
   0.563      0.604634
   0.568      0.615035
   0.574      0.625450
   0.580      0.635877
   0.586      0.646314
   0.592      0.656757
   0.597      0.667205
   0.603      0.677654
   0.609      0.688101
   0.615      0.698545
   0.621      0.708981
   0.626      0.719408
   0.632      0.729823
   0.638      0.740223
   0.644      0.750606
   0.650      0.760968
   0.655      0.771308
   0.661      0.781621
   0.667      0.791907
   0.673      0.802162
   0.679      0.812383
   0.684      0.822568
   0.690      0.832714
   0.696      0.842818
   0.702      0.852879
   0.708      0.862893
   0.713      0.872858
   0.719      0.882771
   0.725      0.892631
   0.731      0.902433
   0.737      0.912176
   0.742      0.921858
   0.748      0.931476
   0.754      0.941028
   0.760      0.950511
   0.766      0.959923
   0.771      0.969261
   0.777      0.978524
   0.783      0.987710
   0.789      0.996815
   0.795      1.005838
   0.800      1.014777
   0.806      1.023630
   0.812      1.032394
   0.818      1.041069
   0.824      1.049650
   0.829      1.058138
   0.835      1.066530
   0.841      1.074824
   0.847      1.083018
   0.853      1.091111
   0.858      1.099102
   0.864      1.106987
   0.870      1.114767
   0.876      1.122439
   0.882      1.130001
   0.887      1.137454
   0.893      1.144794
   0.899      1.152022
   0.905      1.159135
   0.911      1.166132
   0.916      1.173013
   0.922      1.179776
   0.928      1.186420
   0.934      1.192944
   0.940      1.199348
   0.945      1.205631
   0.951      1.211791
   0.957      1.217828
   0.963      1.223742
   0.969      1.229531
   0.974      1.235196
   0.980      1.240736
   0.986      1.246149
   0.992      1.251437
   0.998      1.256599
   1.003      1.261634
   1.009      1.266542
   1.015      1.271324
   1.021      1.275978
   1.027      1.280506
   1.032      1.284906
   1.038      1.289180
   1.044      1.293328
   1.050      1.297349
   1.056      1.301243
   1.061      1.305012
   1.067      1.308656
   1.073      1.312175
   1.079      1.315569
   1.085      1.318839
   1.090      1.321986
   1.096      1.325010
   1.102      1.327912
   1.108      1.330693
   1.114      1.333353
   1.119      1.335894
   1.125      1.338316
   1.131      1.340620
   1.137      1.342806
   1.143      1.344877
   1.148      1.346833
   1.154      1.348675
   1.160      1.350404
   1.166      1.352022
   1.172      1.353529
   1.177      1.354926
   1.183      1.356216
   1.189      1.357399
   1.195      1.358476
   1.201      1.359449
   1.206      1.360319
   1.212      1.361088
   1.218      1.361756
   1.224      1.362326
   1.230      1.362798
   1.235      1.363175
   1.241      1.363457
   1.247      1.363646
   1.253      1.363743
   1.259      1.363750
   1.264      1.363669
   1.270      1.363501
   1.276      1.363247
   1.282      1.362909
   1.288      1.362488
   1.293      1.361987
   1.299      1.361405
   1.305      1.360746
   1.311      1.360010
   1.317      1.359200
   1.322      1.358315
   1.328      1.357359
   1.334      1.356332
   1.340      1.355236
   1.346      1.354073
   1.351      1.352843
   1.357      1.351548
   1.363      1.350190
   1.369      1.348771
   1.375      1.347291
   1.380      1.345751
   1.386      1.344154
   1.392      1.342501
   1.398      1.340792
   1.404      1.339030
   1.409      1.337215
   1.415      1.335349
   1.421      1.333433
   1.427      1.331468
   1.433      1.329455
   1.438      1.327396
   1.444      1.325292
   1.450      1.323144
   1.456      1.320953
   1.462      1.318719
   1.467      1.316445
   1.473      1.314131
   1.479      1.311778
   1.485      1.309388
   1.491      1.306960
   1.496      1.304496
   1.502      1.301998
   1.508      1.299464
   1.514      1.296898
   1.520      1.294299
   1.525      1.291668
   1.531      1.289006
   1.537      1.286314
   1.543      1.283593
   1.549      1.280842
   1.554      1.278064
   1.560      1.275258
   1.566      1.272425
   1.572      1.269565
   1.578      1.266680
   1.583      1.263770
   1.589      1.260836
   1.595      1.257877
   1.601      1.254895
   1.607      1.251889
   1.612      1.248861
   1.618      1.245811
   1.624      1.242739
   1.630      1.239645
   1.636      1.236531
   1.641      1.233396
   1.647      1.230241
   1.653      1.227065
   1.659      1.223871
   1.665      1.220657
   1.670      1.217424
   1.676      1.214172
   1.682      1.210902
   1.688      1.207613
   1.694      1.204307
   1.699      1.200983
   1.705      1.197641
   1.711      1.194283
   1.717      1.190907
   1.723      1.187515
   1.728      1.184105
   1.734      1.180680
   1.740      1.177238
   1.746      1.173780
   1.752      1.170306
   1.757      1.166817
   1.763      1.163311
   1.769      1.159791
   1.775      1.156255
   1.781      1.152704
   1.786      1.149138
   1.792      1.145557
   1.798      1.141962
   1.804      1.138352
   1.810      1.134727
   1.815      1.131088
   1.821      1.127436
   1.827      1.123769
   1.833      1.120088
   1.839      1.116394
   1.844      1.112686
   1.850      1.108964
   1.856      1.105230
   1.862      1.101482
   1.868      1.097721
   1.873      1.093947
   1.879      1.090161
   1.885      1.086361
   1.891      1.082550
   1.897      1.078726
   1.902      1.074890
   1.908      1.071042
   1.914      1.067183
   1.920      1.063311
   1.926      1.059429
   1.931      1.055534
   1.937      1.051629
   1.943      1.047713
   1.949      1.043786
   1.955      1.039848
   1.960      1.035900
   1.966      1.031941
   1.972      1.027972
   1.978      1.023994
   1.984      1.020005
   1.989      1.016007
   1.995      1.012000
   2.001      1.007984
   2.007      1.003958
   2.013      0.999924
   2.018      0.995881
   2.024      0.991830
   2.030      0.987770
   2.036      0.983703
   2.042      0.979628
   2.047      0.975545
   2.053      0.971455
   2.059      0.967357
   2.065      0.963253
   2.071      0.959142
   2.076      0.955024
   2.082      0.950900
   2.088      0.946770
   2.094      0.942635
   2.100      0.938493
   2.105      0.934346
   2.111      0.930194
   2.117      0.926036
   2.123      0.921874
   2.129      0.917707
   2.134      0.913536
   2.140      0.909361
   2.146      0.905182
   2.152      0.900999
   2.158      0.896813
   2.163      0.892623
   2.169      0.888430
   2.175      0.884235
   2.181      0.880037
   2.187      0.875836
   2.192      0.871634
   2.198      0.867429
   2.204      0.863223
   2.210      0.859015
   2.216      0.854805
   2.221      0.850595
   2.227      0.846384
   2.233      0.842172
   2.239      0.837960
   2.245      0.833747
   2.250      0.829535
   2.256      0.825322
   2.262      0.821110
   2.268      0.816899
   2.274      0.812688
   2.279      0.808479
   2.285      0.804271
   2.291      0.800064
   2.297      0.795859
   2.303      0.791655
   2.308      0.787454
   2.314      0.783255
   2.320      0.779058
   2.326      0.774864
   2.332      0.770673
   2.337      0.766485
   2.343      0.762300
   2.349      0.758118
   2.355      0.753940
   2.361      0.749766
   2.366      0.745596
   2.372      0.741430
   2.378      0.737269
   2.384      0.733112
   2.390      0.728959
   2.395      0.724812
   2.401      0.720670
   2.407      0.716533
   2.413      0.712401
   2.419      0.708275
   2.424      0.704155
   2.430      0.700041
   2.436      0.695933
   2.442      0.691831
   2.448      0.687736
   2.453      0.683647
   2.459      0.679566
   2.465      0.675491
   2.471      0.671423
   2.477      0.667363
   2.482      0.663310
   2.488      0.659264
   2.494      0.655227
   2.500      0.651197
   2.506      0.647176
   2.511      0.643162
   2.517      0.639157
   2.523      0.635161
   2.529      0.631173
   2.535      0.627194
   2.540      0.623224
   2.546      0.619263
   2.552      0.615312
   2.558      0.611369
   2.564      0.607437
   2.569      0.603514
   2.575      0.599600
   2.581      0.595697
   2.587      0.591803
   2.593      0.587920
   2.598      0.584047
   2.604      0.580185
   2.610      0.576333
   2.616      0.572491
   2.622      0.568661
   2.627      0.564841
   2.633      0.561033
   2.639      0.557235
   2.645      0.553449
   2.651      0.549674
   2.656      0.545911
   2.662      0.542159
   2.668      0.538419
   2.674      0.534690
   2.680      0.530974
   2.685      0.527269
   2.691      0.523577
   2.697      0.519897
   2.703      0.516229
   2.709      0.512574
   2.714      0.508931
   2.720      0.505301
   2.726      0.501683
   2.732      0.498078
   2.738      0.494486
   2.743      0.490907
   2.749      0.487341
   2.755      0.483788
   2.761      0.480248
   2.767      0.476721
   2.772      0.473208
   2.778      0.469709
   2.784      0.466222
   2.790      0.462750
   2.796      0.459291
   2.801      0.455845
   2.807      0.452414
   2.813      0.448996
   2.819      0.445593
   2.825      0.442203
   2.830      0.438827
   2.836      0.435466
   2.842      0.432118
   2.848      0.428785
   2.854      0.425466
   2.859      0.422162
   2.865      0.418872
   2.871      0.415596
   2.877      0.412335
   2.883      0.409089
   2.888      0.405857
   2.894      0.402640
   2.900      0.399437
   2.906      0.396249
   2.912      0.393076
   2.917      0.389917
   2.923      0.386774
   2.929      0.383645
   2.935      0.380532
   2.941      0.377433
   2.946      0.374350
   2.952      0.371281
   2.958      0.368228
   2.964      0.365189
   2.970      0.362166
   2.975      0.359158
   2.981      0.356165
   2.987      0.353188
   2.993      0.350226
   2.999      0.347279
   3.004      0.344347
   3.010      0.341431
   3.016      0.338530
   3.022      0.335644
   3.028      0.332774
   3.033      0.329919
   3.039      0.327080
   3.045      0.324256
   3.051      0.321447
   3.057      0.318654
   3.062      0.315876
   3.068      0.313114
   3.074      0.310367
   3.080      0.307636
   3.086      0.304921
   3.091      0.302220
   3.097      0.299536
   3.103      0.296866
   3.109      0.294213
   3.115      0.291574
   3.120      0.288952
   3.126      0.286344
   3.132      0.283753
   3.138      0.281176
   3.144      0.278615
   3.149      0.276070
   3.155      0.273540
   3.161      0.271026
   3.167      0.268527
   3.173      0.266043
   3.178      0.263575
   3.184      0.261122
   3.190      0.258685
   3.196      0.256263
   3.202      0.253856
   3.207      0.251465
   3.213      0.249089
   3.219      0.246729
   3.225      0.244383
   3.231      0.242053
   3.236      0.239738
   3.242      0.237439
   3.248      0.235154
   3.254      0.232885
   3.260      0.230631
   3.265      0.228392
   3.271      0.226168
   3.277      0.223959
   3.283      0.221765
   3.289      0.219587
   3.294      0.217423
   3.300      0.215274
   3.306      0.213140
   3.312      0.211021
   3.318      0.208917
   3.323      0.206827
   3.329      0.204753
   3.335      0.202693
   3.341      0.200648
   3.347      0.198617
   3.352      0.196601
   3.358      0.194600
   3.364      0.192614
   3.370      0.190641
   3.376      0.188684
   3.381      0.186740
   3.387      0.184812
   3.393      0.182897
   3.399      0.180997
   3.405      0.179111
   3.410      0.177239
   3.416      0.175382
   3.422      0.173538
   3.428      0.171709
   3.434      0.169894
   3.439      0.168092
   3.445      0.166305
   3.451      0.164532
   3.457      0.162772
   3.463      0.161026
   3.468      0.159294
   3.474      0.157576
   3.480      0.155871
   3.486      0.154180
   3.492      0.152502
   3.497      0.150838
   3.503      0.149188
   3.509      0.147550
   3.515      0.145926
   3.521      0.144316
   3.526      0.142718
   3.532      0.141134
   3.538      0.139563
   3.544      0.138005
   3.550      0.136460
   3.555      0.134928
   3.561      0.133408
   3.567      0.131902
   3.573      0.130408
   3.579      0.128927
   3.584      0.127459
   3.590      0.126003
   3.596      0.124560
   3.602      0.123130
   3.608      0.121711
   3.613      0.120306
   3.619      0.118912
   3.625      0.117531
   3.631      0.116162
   3.637      0.114805
   3.642      0.113460
   3.648      0.112127
   3.654      0.110806
   3.660      0.109497
   3.666      0.108199
   3.671      0.106914
   3.677      0.105640
   3.683      0.104378
   3.689      0.103127
   3.695      0.101888
   3.700      0.100660
   3.706      0.099444
   3.712      0.098239
   3.718      0.097045
   3.724      0.095863
   3.729      0.094691
   3.735      0.093531
   3.741      0.092381
   3.747      0.091243
   3.753      0.090115
   3.758      0.088999
   3.764      0.087892
   3.770      0.086797
   3.776      0.085712
   3.782      0.084638
   3.787      0.083574
   3.793      0.082521
   3.799      0.081478
   3.805      0.080445
   3.811      0.079423
   3.816      0.078411
   3.822      0.077409
   3.828      0.076416
   3.834      0.075434
   3.840      0.074462
   3.845      0.073499
   3.851      0.072547
   3.857      0.071604
   3.863      0.070670
   3.869      0.069746
   3.874      0.068832
   3.880      0.067927
   3.886      0.067032
   3.892      0.066146
   3.898      0.065269
   3.903      0.064401
   3.909      0.063543
   3.915      0.062693
   3.921      0.061853
   3.927      0.061021
   3.932      0.060198
   3.938      0.059384
   3.944      0.058579
   3.950      0.057783
   3.956      0.056995
   3.961      0.056215
   3.967      0.055444
   3.973      0.054682
   3.979      0.053928
   3.985      0.053182
   3.990      0.052445
   3.996      0.051715
   4.002      0.050994
   4.008      0.050280
   4.014      0.049575
   4.019      0.048878
   4.025      0.048188
   4.031      0.047507
   4.037      0.046833
   4.043      0.046166
   4.048      0.045507
   4.054      0.044856
   4.060      0.044213
   4.066      0.043576
   4.072      0.042947
   4.077      0.042326
   4.083      0.041711
   4.089      0.041104
   4.095      0.040504
   4.101      0.039911
   4.106      0.039325
   4.112      0.038746
   4.118      0.038174
   4.124      0.037608
   4.130      0.037050
   4.135      0.036498
   4.141      0.035953
   4.147      0.035414
   4.153      0.034882
   4.159      0.034356
   4.164      0.033837
   4.170      0.033324
   4.176      0.032817
   4.182      0.032317
   4.188      0.031823
   4.193      0.031335
   4.199      0.030853
   4.205      0.030377
   4.211      0.029907
   4.217      0.029443
   4.222      0.028985
   4.228      0.028532
   4.234      0.028086
   4.240      0.027645
   4.246      0.027210
   4.251      0.026780
   4.257      0.026356
   4.263      0.025937
   4.269      0.025524
   4.275      0.025116
   4.280      0.024713
   4.286      0.024316
   4.292      0.023924
   4.298      0.023537
   4.304      0.023155
   4.309      0.022778
   4.315      0.022406
   4.321      0.022040
   4.327      0.021678
   4.333      0.021321
   4.338      0.020969
   4.344      0.020621
   4.350      0.020279
   4.356      0.019940
   4.362      0.019607
   4.367      0.019278
   4.373      0.018954
   4.379      0.018634
   4.385      0.018319
   4.391      0.018008
   4.396      0.017701
   4.402      0.017398
   4.408      0.017100
   4.414      0.016806
   4.420      0.016517
   4.425      0.016231
   4.431      0.015949
   4.437      0.015672
   4.443      0.015398
   4.449      0.015128
   4.454      0.014862
   4.460      0.014600
   4.466      0.014342
   4.472      0.014088
   4.478      0.013837
   4.483      0.013590
   4.489      0.013347
   4.495      0.013107
   4.501      0.012871
   4.507      0.012638
   4.512      0.012409
   4.518      0.012183
   4.524      0.011960
   4.530      0.011741
   4.536      0.011526
   4.541      0.011313
   4.547      0.011104
   4.553      0.010898
   4.559      0.010695
   4.565      0.010495
   4.570      0.010298
   4.576      0.010105
   4.582      0.009914
   4.588      0.009726
   4.594      0.009542
   4.599      0.009360
   4.605      0.009181
   4.611      0.009005
   4.617      0.008831
   4.623      0.008661
   4.628      0.008493
   4.634      0.008328
   4.640      0.008165
   4.646      0.008005
   4.652      0.007848
   4.657      0.007693
   4.663      0.007541
   4.669      0.007391
   4.675      0.007244
   4.681      0.007099
   4.686      0.006956
   4.692      0.006816
   4.698      0.006679
   4.704      0.006543
   4.710      0.006410
   4.715      0.006279
   4.721      0.006150
   4.727      0.006024
   4.733      0.005899
   4.739      0.005777
   4.744      0.005657
   4.750      0.005539
   4.756      0.005423
   4.762      0.005309
   4.768      0.005197
   4.773      0.005087
   4.779      0.004979
   4.785      0.004872
   4.791      0.004768
   4.797      0.004665
   4.802      0.004565
   4.808      0.004466
   4.814      0.004369
   4.820      0.004273
   4.826      0.004180
   4.831      0.004088
   4.837      0.003997
   4.843      0.003909
   4.849      0.003822
   4.855      0.003736
   4.860      0.003652
   4.866      0.003570
   4.872      0.003489
   4.878      0.003410
   4.884      0.003332
   4.889      0.003256
   4.895      0.003181
   4.901      0.003108
   4.907      0.003036
   4.913      0.002965
   4.918      0.002896
   4.924      0.002828
   4.930      0.002761
   4.936      0.002696
   4.942      0.002632
   4.947      0.002569
   4.953      0.002508
   4.959      0.002447
   4.965      0.002388
   4.971      0.002330
   4.976      0.002273
   4.982      0.002218
   4.988      0.002163
   4.994      0.002110
   5.000      0.002057
   5.005      0.002006
   5.011      0.001956
   5.017      0.001907
   5.023      0.001858
   5.029      0.001811
   5.034      0.001765
   5.040      0.001720
   5.046      0.001676
   5.052      0.001632
   5.058      0.001590
   5.063      0.001548
   5.069      0.001508
   5.075      0.001468
   5.081      0.001429
   5.087      0.001391
   5.092      0.001354
   5.098      0.001317
   5.104      0.001282
   5.110      0.001247
   5.116      0.001213
   5.121      0.001180
   5.127      0.001147
   5.133      0.001115
   5.139      0.001084
   5.145      0.001054
   5.150      0.001024
   5.156      0.000995
   5.162      0.000967
   5.168      0.000939
   5.174      0.000912
   5.179      0.000886
   5.185      0.000860
   5.191      0.000835
   5.197      0.000810
   5.203      0.000786
   5.208      0.000763
   5.214      0.000740
   5.220      0.000718
   5.226      0.000696
   5.232      0.000675
   5.237      0.000654
   5.243      0.000634
   5.249      0.000614
   5.255      0.000595
   5.261      0.000577
   5.266      0.000558
   5.272      0.000541
   5.278      0.000523
   5.284      0.000506
   5.290      0.000490
   5.295      0.000474
   5.301      0.000458
   5.307      0.000443
   5.313      0.000429
   5.319      0.000414
   5.324      0.000400
   5.330      0.000387
   5.336      0.000373
   5.342      0.000360
   5.348      0.000348
   5.353      0.000336
   5.359      0.000324
   5.365      0.000312
   5.371      0.000301
   5.377      0.000290
   5.382      0.000280
   5.388      0.000270
   5.394      0.000260
   5.400      0.000250
   5.406      0.000241
   5.411      0.000231
   5.417      0.000223
   5.423      0.000214
   5.429      0.000206
   5.435      0.000198
   5.440      0.000190
   5.446      0.000182
   5.452      0.000175
   5.458      0.000168
   5.464      0.000161
   5.469      0.000154
   5.475      0.000148
   5.481      0.000142
   5.487      0.000135
   5.493      0.000130
   5.498      0.000124
   5.504      0.000119
   5.510      0.000113
   5.516      0.000108
   5.522      0.000103
   5.527      0.000098
   5.533      0.000094
   5.539      0.000089
   5.545      0.000085
   5.551      0.000081
   5.556      0.000077
   5.562      0.000073
   5.568      0.000069
   5.574      0.000066
   5.580      0.000062
   5.585      0.000059
   5.591      0.000056
   5.597      0.000053
   5.603      0.000050
   5.609      0.000047
   5.614      0.000045
   5.620      0.000042
   5.626      0.000039
   5.632      0.000037
   5.638      0.000035
   5.643      0.000033
   5.649      0.000031
   5.655      0.000029
   5.661      0.000027
   5.667      0.000025
   5.672      0.000023
   5.678      0.000021
   5.684      0.000020
   5.690      0.000018
   5.696      0.000017
   5.701      0.000015
   5.707      0.000014
   5.713      0.000013
   5.719      0.000012
   5.725      0.000011
   5.730      0.000010
   5.736      0.000009
   5.742      0.000008
   5.748      0.000007
   5.754      0.000006
   5.759      0.000005
   5.765      0.000004
   5.771      0.000004
   5.777      0.000003
   5.783      0.000002
   5.788      0.000002
   5.794      0.000001
   5.800      0.000001
   5.806      0.000000
