   0.000     -4.049345
   0.008     -4.053943
   0.015     -4.061129
   0.023     -4.071323
   0.031     -4.084500
   0.039     -4.100501
   0.046     -4.119252
   0.054     -4.140632
   0.062     -4.164561
   0.069     -4.190897
   0.077     -4.219518
   0.085     -4.250295
   0.093     -4.283114
   0.100     -4.317844
   0.108     -4.354350
   0.116     -4.392505
   0.123     -4.432162
   0.131     -4.473171
   0.139     -4.515387
   0.147     -4.558653
   0.154     -4.602817
   0.162     -4.647726
   0.170     -4.693238
   0.177     -4.739207
   0.185     -4.785493
   0.193     -4.831958
   0.201     -4.878465
   0.208     -4.924883
   0.216     -4.971082
   0.224     -5.016931
   0.231     -5.062301
   0.239     -5.107058
   0.247     -5.151074
   0.254     -5.194215
   0.262     -5.236344
   0.270     -5.277326
   0.278     -5.317023
   0.285     -5.355290
   0.293     -5.391983
   0.301     -5.426954
   0.308     -5.460050
   0.316     -5.491123
   0.324     -5.520013
   0.332     -5.546567
   0.339     -5.570626
   0.347     -5.592031
   0.355     -5.610621
   0.362     -5.626240
   0.370     -5.638734
   0.378     -5.647942
   0.386     -5.653718
   0.393     -5.655912
   0.401     -5.654382
   0.409     -5.648992
   0.416     -5.639609
   0.424     -5.626112
   0.432     -5.608390
   0.440     -5.586338
   0.447     -5.559865
   0.455     -5.528890
   0.463     -5.493349
   0.470     -5.453186
   0.478     -5.408370
   0.486     -5.358874
   0.494     -5.304700
   0.501     -5.245859
   0.509     -5.182379
   0.517     -5.114336
   0.524     -5.041823
   0.532     -4.964898
   0.540     -4.883658
   0.548     -4.798248
   0.555     -4.708821
   0.563     -4.615551
   0.571     -4.518631
   0.578     -4.418280
   0.586     -4.314730
   0.594     -4.208233
   0.602     -4.099060
   0.609     -3.987496
   0.617     -3.873844
   0.625     -3.758417
   0.632     -3.641542
   0.640     -3.523552
   0.648     -3.404796
   0.655     -3.285618
   0.663     -3.166376
   0.671     -3.047414
   0.679     -2.929092
   0.686     -2.811753
   0.694     -2.695736
   0.702     -2.581371
   0.709     -2.468977
   0.717     -2.358855
   0.725     -2.251289
   0.733     -2.146545
   0.740     -2.044863
   0.748     -1.946464
   0.756     -1.851539
   0.763     -1.760253
   0.771     -1.672742
   0.779     -1.589115
   0.787     -1.509450
   0.794     -1.433795
   0.802     -1.362168
   0.810     -1.294561
   0.817     -1.230939
   0.825     -1.171235
   0.833     -1.115368
   0.841     -1.063226
   0.848     -1.014677
   0.856     -0.969583
   0.864     -0.927774
   0.871     -0.889079
   0.879     -0.853320
   0.887     -0.820296
   0.895     -0.789819
   0.902     -0.761695
   0.910     -0.735719
   0.918     -0.711705
   0.925     -0.689466
   0.933     -0.668811
   0.941     -0.649576
   0.949     -0.631594
   0.956     -0.614708
   0.964     -0.598779
   0.972     -0.583677
   0.979     -0.569282
   0.987     -0.555489
   0.995     -0.542203
   1.003     -0.529345
   1.010     -0.516841
   1.018     -0.504630
   1.026     -0.492670
   1.033     -0.480914
   1.041     -0.469328
   1.049     -0.457895
   1.056     -0.446595
   1.064     -0.435412
   1.072     -0.424341
   1.080     -0.413387
   1.087     -0.402543
   1.095     -0.391811
   1.103     -0.381206
   1.110     -0.370730
   1.118     -0.360389
   1.126     -0.350193
   1.134     -0.340156
   1.141     -0.330280
   1.149     -0.320574
   1.157     -0.311050
   1.164     -0.301711
   1.172     -0.292565
   1.180     -0.283614
   1.188     -0.274865
   1.195     -0.266321
   1.203     -0.257982
   1.211     -0.249851
   1.218     -0.241927
   1.226     -0.234211
   1.234     -0.226702
   1.242     -0.219397
   1.249     -0.212295
   1.257     -0.205392
   1.265     -0.198687
   1.272     -0.192176
   1.280     -0.185851
   1.288     -0.179712
   1.296     -0.173758
   1.303     -0.167986
   1.311     -0.162389
   1.319     -0.156963
   1.326     -0.151703
   1.334     -0.146604
   1.342     -0.141662
   1.350     -0.136872
   1.357     -0.132230
   1.365     -0.127731
   1.373     -0.123372
   1.380     -0.119149
   1.388     -0.115057
   1.396     -0.111092
   1.404     -0.107252
   1.411     -0.103532
   1.419     -0.099930
   1.427     -0.096440
   1.434     -0.093062
   1.442     -0.089790
   1.450     -0.086622
   1.457     -0.083555
   1.465     -0.080585
   1.473     -0.077711
   1.481     -0.074929
   1.488     -0.072237
   1.496     -0.069631
   1.504     -0.067110
   1.511     -0.064670
   1.519     -0.062310
   1.527     -0.060026
   1.535     -0.057818
   1.542     -0.055681
   1.550     -0.053615
   1.558     -0.051617
   1.565     -0.049685
   1.573     -0.047817
   1.581     -0.046012
   1.589     -0.044266
   1.596     -0.042579
   1.604     -0.040948
   1.612     -0.039372
   1.619     -0.037850
   1.627     -0.036379
   1.635     -0.034957
   1.643     -0.033585
   1.650     -0.032259
   1.658     -0.030978
   1.666     -0.029742
   1.673     -0.028548
   1.681     -0.027396
   1.689     -0.026283
   1.697     -0.025209
   1.704     -0.024173
   1.712     -0.023173
   1.720     -0.022208
   1.727     -0.021277
   1.735     -0.020380
   1.743     -0.019514
   1.751     -0.018679
   1.758     -0.017874
   1.766     -0.017097
   1.774     -0.016349
   1.781     -0.015628
   1.789     -0.014933
   1.797     -0.014263
   1.805     -0.013618
   1.812     -0.012997
   1.820     -0.012398
   1.828     -0.011822
   1.835     -0.011267
   1.843     -0.010732
   1.851     -0.010218
   1.859     -0.009723
   1.866     -0.009247
   1.874     -0.008788
   1.882     -0.008348
   1.889     -0.007924
   1.897     -0.007516
   1.905     -0.007124
   1.912     -0.006747
   1.920     -0.006385
   1.928     -0.006037
   1.936     -0.005703
   1.943     -0.005382
   1.951     -0.005073
   1.959     -0.004777
   1.966     -0.004493
   1.974     -0.004220
   1.982     -0.003958
   1.990     -0.003707
   1.997     -0.003466
   2.005     -0.003235
   2.013     -0.003013
   2.020     -0.002801
   2.028     -0.002597
   2.036     -0.002402
   2.044     -0.002216
   2.051     -0.002037
   2.059     -0.001866
   2.067     -0.001702
   2.074     -0.001545
   2.082     -0.001395
   2.090     -0.001251
   2.098     -0.001114
   2.105     -0.000983
   2.113     -0.000858
   2.121     -0.000738
   2.128     -0.000624
   2.136     -0.000514
   2.144     -0.000410
   2.152     -0.000311
   2.159     -0.000216
   2.167     -0.000126
   2.175     -0.000040
   2.182      0.000042
   2.190      0.000120
   2.198      0.000195
   2.206      0.000265
   2.213      0.000333
   2.221      0.000397
   2.229      0.000457
   2.236      0.000515
   2.244      0.000570
   2.252      0.000622
   2.260      0.000671
   2.267      0.000718
   2.275      0.000762
   2.283      0.000804
   2.290      0.000843
   2.298      0.000881
   2.306      0.000916
   2.313      0.000950
   2.321      0.000981
   2.329      0.001011
   2.337      0.001039
   2.344      0.001065
   2.352      0.001090
   2.360      0.001113
   2.367      0.001135
   2.375      0.001155
   2.383      0.001175
   2.391      0.001192
   2.398      0.001209
   2.406      0.001225
   2.414      0.001239
   2.421      0.001253
   2.429      0.001265
   2.437      0.001277
   2.445      0.001287
   2.452      0.001297
   2.460      0.001306
   2.468      0.001314
   2.475      0.001322
   2.483      0.001329
   2.491      0.001335
   2.499      0.001341
   2.506      0.001346
   2.514      0.001350
   2.522      0.001354
   2.529      0.001358
   2.537      0.001361
   2.545      0.001363
   2.553      0.001366
   2.560      0.001367
   2.568      0.001369
   2.576      0.001370
   2.583      0.001370
   2.591      0.001371
   2.599      0.001371
   2.607      0.001371
   2.614      0.001371
   2.622      0.001370
   2.630      0.001369
   2.637      0.001368
   2.645      0.001367
   2.653      0.001365
   2.661      0.001364
   2.668      0.001362
   2.676      0.001360
   2.684      0.001358
   2.691      0.001356
   2.699      0.001354
   2.707      0.001351
   2.714      0.001349
   2.722      0.001346
   2.730      0.001344
   2.738      0.001341
   2.745      0.001338
   2.753      0.001335
   2.761      0.001332
   2.768      0.001329
   2.776      0.001326
   2.784      0.001323
   2.792      0.001320
   2.799      0.001317
   2.807      0.001314
   2.815      0.001311
   2.822      0.001307
   2.830      0.001304
   2.838      0.001301
   2.846      0.001298
   2.853      0.001294
   2.861      0.001291
   2.869      0.001288
   2.876      0.001284
   2.884      0.001281
   2.892      0.001278
   2.900      0.001274
   2.907      0.001271
   2.915      0.001268
   2.923      0.001265
   2.930      0.001261
   2.938      0.001258
   2.946      0.001255
   2.954      0.001252
   2.961      0.001248
   2.969      0.001245
   2.977      0.001242
   2.984      0.001239
   2.992      0.001236
   3.000      0.001232
   3.008      0.001229
   3.015      0.001226
   3.023      0.001223
   3.031      0.001220
   3.038      0.001217
   3.046      0.001214
   3.054      0.001211
   3.062      0.001208
   3.069      0.001204
