   0.000      1.083238
   0.008      1.083235
   0.015      1.083227
   0.023      1.083213
   0.031      1.083193
   0.039      1.083168
   0.046      1.083137
   0.054      1.083101
   0.062      1.083058
   0.069      1.083010
   0.077      1.082955
   0.085      1.082895
   0.093      1.082828
   0.100      1.082754
   0.108      1.082674
   0.116      1.082587
   0.123      1.082493
   0.131      1.082392
   0.139      1.082284
   0.147      1.082167
   0.154      1.082043
   0.162      1.081911
   0.170      1.081770
   0.177      1.081620
   0.185      1.081461
   0.193      1.081292
   0.201      1.081113
   0.208      1.080925
   0.216      1.080725
   0.224      1.080514
   0.231      1.080291
   0.239      1.080056
   0.247      1.079809
   0.254      1.079548
   0.262      1.079274
   0.270      1.078985
   0.278      1.078681
   0.285      1.078361
   0.293      1.078025
   0.301      1.077671
   0.308      1.077300
   0.316      1.076910
   0.324      1.076501
   0.332      1.076072
   0.339      1.075622
   0.347      1.075149
   0.355      1.074654
   0.362      1.074135
   0.370      1.073591
   0.378      1.073022
   0.386      1.072426
   0.393      1.071802
   0.401      1.071149
   0.409      1.070467
   0.416      1.069753
   0.424      1.069008
   0.432      1.068229
   0.440      1.067417
   0.447      1.066569
   0.455      1.065684
   0.463      1.064762
   0.470      1.063802
   0.478      1.062802
   0.486      1.061761
   0.494      1.060678
   0.501      1.059552
   0.509      1.058382
   0.517      1.057167
   0.524      1.055907
   0.532      1.054599
   0.540      1.053244
   0.548      1.051840
   0.555      1.050387
   0.563      1.048883
   0.571      1.047329
   0.578      1.045723
   0.586      1.044065
   0.594      1.042355
   0.602      1.040591
   0.609      1.038774
   0.617      1.036904
   0.625      1.034979
   0.632      1.033000
   0.640      1.030967
   0.648      1.028879
   0.655      1.026737
   0.663      1.024541
   0.671      1.022291
   0.679      1.019987
   0.686      1.017629
   0.694      1.015219
   0.702      1.012756
   0.709      1.010241
   0.717      1.007674
   0.725      1.005057
   0.733      1.002390
   0.740      0.999673
   0.748      0.996908
   0.756      0.994095
   0.763      0.991235
   0.771      0.988330
   0.779      0.985380
   0.787      0.982386
   0.794      0.979349
   0.802      0.976271
   0.810      0.973153
   0.817      0.969995
   0.825      0.966800
   0.833      0.963567
   0.841      0.960299
   0.848      0.956997
   0.856      0.953661
   0.864      0.950294
   0.871      0.946896
   0.879      0.943468
   0.887      0.940013
   0.895      0.936531
   0.902      0.933023
   0.910      0.929490
   0.918      0.925935
   0.925      0.922358
   0.933      0.918760
   0.941      0.915143
   0.949      0.911508
   0.956      0.907856
   0.964      0.904188
   0.972      0.900506
   0.979      0.896810
   0.987      0.893101
   0.995      0.889382
   1.003      0.885652
   1.010      0.881913
   1.018      0.878166
   1.026      0.874412
   1.033      0.870653
   1.041      0.866888
   1.049      0.863119
   1.056      0.859347
   1.064      0.855573
   1.072      0.851798
   1.080      0.848022
   1.087      0.844247
   1.095      0.840473
   1.103      0.836702
   1.110      0.832933
   1.118      0.829168
   1.126      0.825407
   1.134      0.821651
   1.141      0.817902
   1.149      0.814158
   1.157      0.810422
   1.164      0.806694
   1.172      0.802974
   1.180      0.799263
   1.188      0.795562
   1.195      0.791871
   1.203      0.788190
   1.211      0.784521
   1.218      0.780863
   1.226      0.777218
   1.234      0.773585
   1.242      0.769965
   1.249      0.766358
   1.257      0.762766
   1.265      0.759187
   1.272      0.755623
   1.280      0.752075
   1.288      0.748541
   1.296      0.745023
   1.303      0.741521
   1.311      0.738035
   1.319      0.734566
   1.326      0.731113
   1.334      0.727677
   1.342      0.724259
   1.350      0.720858
   1.357      0.717474
   1.365      0.714109
   1.373      0.710761
   1.380      0.707432
   1.388      0.704120
   1.396      0.700828
   1.404      0.697554
   1.411      0.694298
   1.419      0.691062
   1.427      0.687844
   1.434      0.684646
   1.442      0.681467
   1.450      0.678306
   1.457      0.675165
   1.465      0.672044
   1.473      0.668942
   1.481      0.665859
   1.488      0.662796
   1.496      0.659752
   1.504      0.656727
   1.511      0.653723
   1.519      0.650737
   1.527      0.647772
   1.535      0.644825
   1.542      0.641898
   1.550      0.638991
   1.558      0.636103
   1.565      0.633235
   1.573      0.630386
   1.581      0.627556
   1.589      0.624746
   1.596      0.621955
   1.604      0.619183
   1.612      0.616430
   1.619      0.613697
   1.627      0.610982
   1.635      0.608286
   1.643      0.605610
   1.650      0.602952
   1.658      0.600313
   1.666      0.597692
   1.673      0.595090
   1.681      0.592506
   1.689      0.589941
   1.697      0.587394
   1.704      0.584866
   1.712      0.582355
   1.720      0.579863
   1.727      0.577388
   1.735      0.574931
   1.743      0.572492
   1.751      0.570071
   1.758      0.567667
   1.766      0.565280
   1.774      0.562911
   1.781      0.560559
   1.789      0.558224
   1.797      0.555905
   1.805      0.553604
   1.812      0.551319
   1.820      0.549051
   1.828      0.546799
   1.835      0.544564
   1.843      0.542345
   1.851      0.540142
   1.859      0.537955
   1.866      0.535784
   1.874      0.533629
   1.882      0.531489
   1.889      0.529365
   1.897      0.527256
   1.905      0.525163
   1.912      0.523084
   1.920      0.521021
   1.928      0.518972
   1.936      0.516939
   1.943      0.514920
   1.951      0.512916
   1.959      0.510926
   1.966      0.508950
   1.974      0.506989
   1.982      0.505041
   1.990      0.503108
   1.997      0.501188
   2.005      0.499282
   2.013      0.497390
   2.020      0.495511
   2.028      0.493646
   2.036      0.491794
   2.044      0.489955
   2.051      0.488129
   2.059      0.486316
   2.067      0.484516
   2.074      0.482728
   2.082      0.480953
   2.090      0.479191
   2.098      0.477440
   2.105      0.475702
   2.113      0.473977
   2.121      0.472263
   2.128      0.470561
   2.136      0.468871
   2.144      0.467193
   2.152      0.465526
   2.159      0.463871
   2.167      0.462227
   2.175      0.460594
   2.182      0.458973
   2.190      0.457362
   2.198      0.455763
   2.206      0.454175
   2.213      0.452597
   2.221      0.451030
   2.229      0.449473
   2.236      0.447927
   2.244      0.446392
   2.252      0.444867
   2.260      0.443351
   2.267      0.441846
   2.275      0.440352
   2.283      0.438867
   2.290      0.437391
   2.298      0.435926
   2.306      0.434470
   2.313      0.433024
   2.321      0.431587
   2.329      0.430160
   2.337      0.428742
   2.344      0.427333
   2.352      0.425933
   2.360      0.424542
   2.367      0.423161
   2.375      0.421788
   2.383      0.420424
   2.391      0.419069
   2.398      0.417722
   2.406      0.416384
   2.414      0.415054
   2.421      0.413733
   2.429      0.412420
   2.437      0.411116
   2.445      0.409819
   2.452      0.408531
   2.460      0.407251
   2.468      0.405978
   2.475      0.404714
   2.483      0.403457
   2.491      0.402209
   2.499      0.400967
   2.506      0.399734
   2.514      0.398508
   2.522      0.397289
   2.529      0.396078
   2.537      0.394875
   2.545      0.393678
   2.553      0.392489
   2.560      0.391307
   2.568      0.390132
   2.576      0.388964
   2.583      0.387803
   2.591      0.386649
   2.599      0.385501
   2.607      0.384361
   2.614      0.383227
   2.622      0.382100
   2.630      0.380979
   2.637      0.379865
   2.645      0.378758
   2.653      0.377657
   2.661      0.376562
   2.668      0.375474
   2.676      0.374392
   2.684      0.373316
   2.691      0.372246
   2.699      0.371183
   2.707      0.370125
   2.714      0.369074
   2.722      0.368028
   2.730      0.366989
   2.738      0.365955
   2.745      0.364927
   2.753      0.363905
   2.761      0.362888
   2.768      0.361877
   2.776      0.360872
   2.784      0.359873
   2.792      0.358878
   2.799      0.357890
   2.807      0.356907
   2.815      0.355929
   2.822      0.354956
   2.830      0.353989
   2.838      0.353027
   2.846      0.352070
   2.853      0.351119
   2.861      0.350172
   2.869      0.349231
   2.876      0.348295
   2.884      0.347364
   2.892      0.346437
   2.900      0.345516
   2.907      0.344599
   2.915      0.343688
   2.923      0.342781
   2.930      0.341879
   2.938      0.340982
   2.946      0.340089
   2.954      0.339201
   2.961      0.338318
   2.969      0.337439
   2.977      0.336565
   2.984      0.335695
   2.992      0.334830
   3.000      0.333969
   3.008      0.333113
   3.015      0.332261
   3.023      0.331413
   3.031      0.330570
   3.038      0.329731
   3.046      0.328896
   3.054      0.328066
   3.062      0.327239
   3.069      0.326417
