   0.006      0.001299
   0.012      0.014927
   0.017      0.028556
   0.023      0.042648
   0.029      0.056800
   0.035      0.070968
   0.041      0.085139
   0.046      0.099308
   0.052      0.113473
   0.058      0.127633
   0.064      0.141786
   0.070      0.155931
   0.075      0.170068
   0.081      0.184195
   0.087      0.198312
   0.093      0.212418
   0.099      0.226511
   0.104      0.240591
   0.110      0.254658
   0.116      0.268710
   0.122      0.282746
   0.128      0.296766
   0.133      0.310769
   0.139      0.324754
   0.145      0.338720
   0.151      0.352666
   0.157      0.366592
   0.162      0.380496
   0.168      0.394378
   0.174      0.408236
   0.180      0.422071
   0.186      0.435881
   0.191      0.449665
   0.197      0.463422
   0.203      0.477152
   0.209      0.490853
   0.215      0.504525
   0.220      0.518167
   0.226      0.531777
   0.232      0.545356
   0.238      0.558901
   0.244      0.572413
   0.249      0.585890
   0.255      0.599331
   0.261      0.612736
   0.267      0.626103
   0.273      0.639432
   0.278      0.652721
   0.284      0.665970
   0.290      0.679178
   0.296      0.692343
   0.302      0.705465
   0.307      0.718543
   0.313      0.731576
   0.319      0.744563
   0.325      0.757502
   0.331      0.770394
   0.336      0.783237
   0.342      0.796029
   0.348      0.808771
   0.354      0.821461
   0.360      0.834098
   0.365      0.846680
   0.371      0.859208
   0.377      0.871681
   0.383      0.884096
   0.389      0.896453
   0.394      0.908752
   0.400      0.920990
   0.406      0.933168
   0.412      0.945283
   0.418      0.957336
   0.423      0.969325
   0.429      0.981249
   0.435      0.993107
   0.441      1.004899
   0.447      1.016622
   0.452      1.028276
   0.458      1.039860
   0.464      1.051374
   0.470      1.062815
   0.476      1.074184
   0.481      1.085478
   0.487      1.096698
   0.493      1.107841
   0.499      1.118907
   0.505      1.129896
   0.510      1.140805
   0.516      1.151635
   0.522      1.162383
   0.528      1.173050
   0.534      1.183633
   0.539      1.194133
   0.545      1.204547
   0.551      1.214876
   0.557      1.225117
   0.563      1.235271
   0.568      1.245336
   0.574      1.255311
   0.580      1.265195
   0.586      1.274987
   0.592      1.284687
   0.597      1.294293
   0.603      1.303804
   0.609      1.313220
   0.615      1.322539
   0.621      1.331761
   0.626      1.340885
   0.632      1.349909
   0.638      1.358833
   0.644      1.367656
   0.650      1.376377
   0.655      1.384995
   0.661      1.393509
   0.667      1.401919
   0.673      1.410223
   0.679      1.418421
   0.684      1.426511
   0.690      1.434494
   0.696      1.442367
   0.702      1.450131
   0.708      1.457785
   0.713      1.465327
   0.719      1.472757
   0.725      1.480074
   0.731      1.487277
   0.737      1.494366
   0.742      1.501340
   0.748      1.508197
   0.754      1.514939
   0.760      1.521562
   0.766      1.528068
   0.771      1.534454
   0.777      1.540722
   0.783      1.546869
   0.789      1.552895
   0.795      1.558800
   0.800      1.564583
   0.806      1.570243
   0.812      1.575779
   0.818      1.581192
   0.824      1.586480
   0.829      1.591643
   0.835      1.596681
   0.841      1.601592
   0.847      1.606376
   0.853      1.611034
   0.858      1.615563
   0.864      1.619965
   0.870      1.624237
   0.876      1.628381
   0.882      1.632395
   0.887      1.636279
   0.893      1.640032
   0.899      1.643655
   0.905      1.647146
   0.911      1.650506
   0.916      1.653734
   0.922      1.656829
   0.928      1.659792
   0.934      1.662623
   0.940      1.665319
   0.945      1.667883
   0.951      1.670313
   0.957      1.672608
   0.963      1.674770
   0.969      1.676797
   0.974      1.678690
   0.980      1.680447
   0.986      1.682070
   0.992      1.683558
   0.998      1.684910
   1.003      1.686127
   1.009      1.687208
   1.015      1.688154
   1.021      1.688964
   1.027      1.689639
   1.032      1.690177
   1.038      1.690580
   1.044      1.690847
   1.050      1.690978
   1.056      1.690974
   1.061      1.690834
   1.067      1.690557
   1.073      1.690146
   1.079      1.689598
   1.085      1.688916
   1.090      1.688098
   1.096      1.687144
   1.102      1.686056
   1.108      1.684832
   1.114      1.683474
   1.119      1.681981
   1.125      1.680354
   1.131      1.678592
   1.137      1.676697
   1.143      1.674668
   1.148      1.672505
   1.154      1.670209
   1.160      1.667781
   1.166      1.665219
   1.172      1.662526
   1.177      1.659700
   1.183      1.656743
   1.189      1.653655
   1.195      1.650436
   1.201      1.647087
   1.206      1.643607
   1.212      1.639998
   1.218      1.636260
   1.224      1.632393
   1.230      1.628397
   1.235      1.624274
   1.241      1.620024
   1.247      1.615647
   1.253      1.611144
   1.259      1.606516
   1.264      1.601762
   1.270      1.596884
   1.276      1.591881
   1.282      1.586756
   1.288      1.581508
   1.293      1.576138
   1.299      1.570646
   1.305      1.565034
   1.311      1.559301
   1.317      1.553450
   1.322      1.547480
   1.328      1.541391
   1.334      1.535186
   1.340      1.528864
   1.346      1.522427
   1.351      1.515875
   1.357      1.509208
   1.363      1.502429
   1.369      1.495537
   1.375      1.488534
   1.380      1.481419
   1.386      1.474195
   1.392      1.466863
   1.398      1.459422
   1.404      1.451873
   1.409      1.444219
   1.415      1.436460
   1.421      1.428596
   1.427      1.420628
   1.433      1.412559
   1.438      1.404388
   1.444      1.396117
   1.450      1.387746
   1.456      1.379277
   1.462      1.370711
   1.467      1.362049
   1.473      1.353291
   1.479      1.344440
   1.485      1.335496
   1.491      1.326460
   1.496      1.317333
   1.502      1.308117
   1.508      1.298812
   1.514      1.289421
   1.520      1.279943
   1.525      1.270381
   1.531      1.260735
   1.537      1.251007
   1.543      1.241197
   1.549      1.231308
   1.554      1.221341
   1.560      1.211296
   1.566      1.201175
   1.572      1.190979
   1.578      1.180710
   1.583      1.170369
   1.589      1.159957
   1.595      1.149476
   1.601      1.138927
   1.607      1.128311
   1.612      1.117631
   1.618      1.106886
   1.624      1.096079
   1.630      1.085211
   1.636      1.074284
   1.641      1.063298
   1.647      1.052256
   1.653      1.041159
   1.659      1.030008
   1.665      1.018805
   1.670      1.007551
   1.676      0.996249
   1.682      0.984898
   1.688      0.973502
   1.694      0.962061
   1.699      0.950577
   1.705      0.939052
   1.711      0.927486
   1.717      0.915883
   1.723      0.904243
   1.728      0.892568
   1.734      0.880859
   1.740      0.869118
   1.746      0.857347
   1.752      0.845548
   1.757      0.833721
   1.763      0.821869
   1.769      0.809994
   1.775      0.798096
   1.781      0.786177
   1.786      0.774240
   1.792      0.762286
   1.798      0.750316
   1.804      0.738332
   1.810      0.726337
   1.815      0.714330
   1.821      0.702315
   1.827      0.690292
   1.833      0.678264
   1.839      0.666232
   1.844      0.654198
   1.850      0.642163
   1.856      0.630129
   1.862      0.618098
   1.868      0.606071
   1.873      0.594051
   1.879      0.582038
   1.885      0.570034
   1.891      0.558042
   1.897      0.546062
   1.902      0.534096
   1.908      0.522146
   1.914      0.510214
   1.920      0.498300
   1.926      0.486408
   1.931      0.474537
   1.937      0.462691
   1.943      0.450870
   1.949      0.439076
   1.955      0.427310
   1.960      0.415575
   1.966      0.403871
   1.972      0.392200
   1.978      0.380565
   1.984      0.368965
   1.989      0.357403
   1.995      0.345880
   2.001      0.334398
   2.007      0.322958
   2.013      0.311561
   2.018      0.300210
   2.024      0.288904
   2.030      0.277647
   2.036      0.266438
   2.042      0.255280
   2.047      0.244174
   2.053      0.233121
   2.059      0.222122
   2.065      0.211180
   2.071      0.200294
   2.076      0.189466
   2.082      0.178698
   2.088      0.167991
   2.094      0.157345
   2.100      0.146763
   2.105      0.136245
   2.111      0.125792
   2.117      0.115406
   2.123      0.105087
   2.129      0.094837
   2.134      0.084657
   2.140      0.074547
   2.146      0.064509
   2.152      0.054545
   2.158      0.044653
   2.163      0.034837
   2.169      0.025096
   2.175      0.015431
   2.181      0.005844
   2.187     -0.003665
   2.192     -0.013094
   2.198     -0.022444
   2.204     -0.031714
   2.210     -0.040902
   2.216     -0.050007
   2.221     -0.059030
   2.227     -0.067969
   2.233     -0.076824
   2.239     -0.085595
   2.245     -0.094279
   2.250     -0.102878
   2.256     -0.111390
   2.262     -0.119815
   2.268     -0.128152
   2.274     -0.136401
   2.279     -0.144561
   2.285     -0.152632
   2.291     -0.160613
   2.297     -0.168505
   2.303     -0.176306
   2.308     -0.184016
   2.314     -0.191635
   2.320     -0.199163
   2.326     -0.206599
   2.332     -0.213944
   2.337     -0.221196
   2.343     -0.228356
   2.349     -0.235423
   2.355     -0.242397
   2.361     -0.249279
   2.366     -0.256067
   2.372     -0.262763
   2.378     -0.269365
   2.384     -0.275874
   2.390     -0.282290
   2.395     -0.288612
   2.401     -0.294841
   2.407     -0.300976
   2.413     -0.307019
   2.419     -0.312968
   2.424     -0.318824
   2.430     -0.324587
   2.436     -0.330257
   2.442     -0.335834
   2.448     -0.341319
   2.453     -0.346711
   2.459     -0.352011
   2.465     -0.357219
   2.471     -0.362336
   2.477     -0.367361
   2.482     -0.372294
   2.488     -0.377137
   2.494     -0.381889
   2.500     -0.386551
   2.506     -0.391123
   2.511     -0.395605
   2.517     -0.399998
   2.523     -0.404303
   2.529     -0.408518
   2.535     -0.412646
   2.540     -0.416686
   2.546     -0.420639
   2.552     -0.424506
   2.558     -0.428286
   2.564     -0.431980
   2.569     -0.435589
   2.575     -0.439114
   2.581     -0.442554
   2.587     -0.445911
   2.593     -0.449184
   2.598     -0.452375
   2.604     -0.455484
   2.610     -0.458512
   2.616     -0.461458
   2.622     -0.464325
   2.627     -0.467112
   2.633     -0.469820
   2.639     -0.472450
   2.645     -0.475002
   2.651     -0.477476
   2.656     -0.479875
   2.662     -0.482198
   2.668     -0.484445
   2.674     -0.486619
   2.680     -0.488718
   2.685     -0.490745
   2.691     -0.492699
   2.697     -0.494581
   2.703     -0.496393
   2.709     -0.498134
   2.714     -0.499806
   2.720     -0.501409
   2.726     -0.502944
   2.732     -0.504412
   2.738     -0.505813
   2.743     -0.507148
   2.749     -0.508418
   2.755     -0.509624
   2.761     -0.510766
   2.767     -0.511845
   2.772     -0.512862
   2.778     -0.513818
   2.784     -0.514713
   2.790     -0.515548
   2.796     -0.516324
   2.801     -0.517041
   2.807     -0.517701
   2.813     -0.518304
   2.819     -0.518851
   2.825     -0.519343
   2.830     -0.519780
   2.836     -0.520163
   2.842     -0.520492
   2.848     -0.520770
   2.854     -0.520996
   2.859     -0.521171
   2.865     -0.521296
   2.871     -0.521372
   2.877     -0.521399
   2.883     -0.521378
   2.888     -0.521310
   2.894     -0.521195
   2.900     -0.521035
   2.906     -0.520830
   2.912     -0.520581
   2.917     -0.520288
   2.923     -0.519953
   2.929     -0.519575
   2.935     -0.519156
   2.941     -0.518697
   2.946     -0.518197
   2.952     -0.517658
   2.958     -0.517081
   2.964     -0.516466
   2.970     -0.515814
   2.975     -0.515125
   2.981     -0.514400
   2.987     -0.513640
   2.993     -0.512846
   2.999     -0.512018
   3.004     -0.511157
   3.010     -0.510263
   3.016     -0.509338
   3.022     -0.508381
   3.028     -0.507393
   3.033     -0.506376
   3.039     -0.505329
   3.045     -0.504254
   3.051     -0.503150
   3.057     -0.502019
   3.062     -0.500862
   3.068     -0.499677
   3.074     -0.498467
   3.080     -0.497232
   3.086     -0.495973
   3.091     -0.494689
   3.097     -0.493382
   3.103     -0.492052
   3.109     -0.490700
   3.115     -0.489326
   3.120     -0.487931
   3.126     -0.486515
   3.132     -0.485079
   3.138     -0.483623
   3.144     -0.482149
   3.149     -0.480655
   3.155     -0.479143
   3.161     -0.477614
   3.167     -0.476068
   3.173     -0.474505
   3.178     -0.472925
   3.184     -0.471330
   3.190     -0.469720
   3.196     -0.468095
   3.202     -0.466456
   3.207     -0.464802
   3.213     -0.463135
   3.219     -0.461455
   3.225     -0.459763
   3.231     -0.458058
   3.236     -0.456341
   3.242     -0.454613
   3.248     -0.452874
   3.254     -0.451125
   3.260     -0.449365
   3.265     -0.447595
   3.271     -0.445816
   3.277     -0.444028
   3.283     -0.442231
   3.289     -0.440426
   3.294     -0.438612
   3.300     -0.436791
   3.306     -0.434963
   3.312     -0.433128
   3.318     -0.431285
   3.323     -0.429437
   3.329     -0.427582
   3.335     -0.425722
   3.341     -0.423857
   3.347     -0.421986
   3.352     -0.420110
   3.358     -0.418230
   3.364     -0.416345
   3.370     -0.414457
   3.376     -0.412565
   3.381     -0.410669
   3.387     -0.408770
   3.393     -0.406869
   3.399     -0.404964
   3.405     -0.403057
   3.410     -0.401148
   3.416     -0.399237
   3.422     -0.397325
   3.428     -0.395410
   3.434     -0.393495
   3.439     -0.391578
   3.445     -0.389661
   3.451     -0.387743
   3.457     -0.385825
   3.463     -0.383906
   3.468     -0.381988
   3.474     -0.380069
   3.480     -0.378151
   3.486     -0.376233
   3.492     -0.374317
   3.497     -0.372401
   3.503     -0.370486
   3.509     -0.368572
   3.515     -0.366660
   3.521     -0.364749
   3.526     -0.362840
   3.532     -0.360933
   3.538     -0.359028
   3.544     -0.357125
   3.550     -0.355225
   3.555     -0.353327
   3.561     -0.351431
   3.567     -0.349538
   3.573     -0.347648
   3.579     -0.345761
   3.584     -0.343877
   3.590     -0.341997
   3.596     -0.340119
   3.602     -0.338245
   3.608     -0.336375
   3.613     -0.334508
   3.619     -0.332645
   3.625     -0.330786
   3.631     -0.328931
   3.637     -0.327080
   3.642     -0.325233
   3.648     -0.323390
   3.654     -0.321552
   3.660     -0.319718
   3.666     -0.317888
   3.671     -0.316063
   3.677     -0.314243
   3.683     -0.312428
   3.689     -0.310617
   3.695     -0.308811
   3.700     -0.307010
   3.706     -0.305214
   3.712     -0.303423
   3.718     -0.301638
   3.724     -0.299857
   3.729     -0.298082
   3.735     -0.296312
   3.741     -0.294548
   3.747     -0.292788
   3.753     -0.291035
   3.758     -0.289287
   3.764     -0.287544
   3.770     -0.285807
   3.776     -0.284076
   3.782     -0.282350
   3.787     -0.280630
   3.793     -0.278916
   3.799     -0.277208
   3.805     -0.275506
   3.811     -0.273809
   3.816     -0.272118
   3.822     -0.270434
   3.828     -0.268755
   3.834     -0.267083
   3.840     -0.265416
   3.845     -0.263755
   3.851     -0.262101
   3.857     -0.260453
   3.863     -0.258810
   3.869     -0.257174
   3.874     -0.255545
   3.880     -0.253921
   3.886     -0.252304
   3.892     -0.250692
   3.898     -0.249087
   3.903     -0.247489
   3.909     -0.245896
   3.915     -0.244310
   3.921     -0.242731
   3.927     -0.241157
   3.932     -0.239590
   3.938     -0.238029
   3.944     -0.236475
   3.950     -0.234927
   3.956     -0.233385
   3.961     -0.231850
   3.967     -0.230321
   3.973     -0.228798
   3.979     -0.227282
   3.985     -0.225772
   3.990     -0.224269
   3.996     -0.222772
   4.002     -0.221281
   4.008     -0.219797
   4.014     -0.218319
   4.019     -0.216848
   4.025     -0.215383
   4.031     -0.213924
   4.037     -0.212472
   4.043     -0.211026
   4.048     -0.209587
   4.054     -0.208154
   4.060     -0.206727
   4.066     -0.205307
   4.072     -0.203893
   4.077     -0.202486
   4.083     -0.201084
   4.089     -0.199690
   4.095     -0.198301
   4.101     -0.196919
   4.106     -0.195543
   4.112     -0.194174
   4.118     -0.192810
   4.124     -0.191454
   4.130     -0.190103
   4.135     -0.188759
   4.141     -0.187421
   4.147     -0.186089
   4.153     -0.184764
   4.159     -0.183445
   4.164     -0.182132
   4.170     -0.180825
   4.176     -0.179524
   4.182     -0.178230
   4.188     -0.176942
   4.193     -0.175660
   4.199     -0.174384
   4.205     -0.173115
   4.211     -0.171851
   4.217     -0.170594
   4.222     -0.169343
   4.228     -0.168098
   4.234     -0.166859
   4.240     -0.165626
   4.246     -0.164399
   4.251     -0.163178
   4.257     -0.161963
   4.263     -0.160754
   4.269     -0.159552
   4.275     -0.158355
   4.280     -0.157164
   4.286     -0.155979
   4.292     -0.154801
   4.298     -0.153628
   4.304     -0.152461
   4.309     -0.151299
   4.315     -0.150144
   4.321     -0.148995
   4.327     -0.147851
   4.333     -0.146714
   4.338     -0.145582
   4.344     -0.144456
   4.350     -0.143336
   4.356     -0.142221
   4.362     -0.141112
   4.367     -0.140009
   4.373     -0.138912
   4.379     -0.137821
   4.385     -0.136735
   4.391     -0.135654
   4.396     -0.134580
   4.402     -0.133511
   4.408     -0.132448
   4.414     -0.131390
   4.420     -0.130338
   4.425     -0.129292
   4.431     -0.128251
   4.437     -0.127215
   4.443     -0.126185
   4.449     -0.125161
   4.454     -0.124142
   4.460     -0.123129
   4.466     -0.122121
   4.472     -0.121118
   4.478     -0.120121
   4.483     -0.119129
   4.489     -0.118143
   4.495     -0.117162
   4.501     -0.116186
   4.507     -0.115216
   4.512     -0.114251
   4.518     -0.113291
   4.524     -0.112337
   4.530     -0.111387
   4.536     -0.110443
   4.541     -0.109505
   4.547     -0.108571
   4.553     -0.107643
   4.559     -0.106720
   4.565     -0.105802
   4.570     -0.104889
   4.576     -0.103981
   4.582     -0.103078
   4.588     -0.102181
   4.594     -0.101288
   4.599     -0.100401
   4.605     -0.099518
   4.611     -0.098641
   4.617     -0.097768
   4.623     -0.096901
   4.628     -0.096038
   4.634     -0.095181
   4.640     -0.094328
   4.646     -0.093480
   4.652     -0.092637
   4.657     -0.091799
   4.663     -0.090966
   4.669     -0.090138
   4.675     -0.089314
   4.681     -0.088495
   4.686     -0.087681
   4.692     -0.086872
   4.698     -0.086068
   4.704     -0.085268
   4.710     -0.084473
   4.715     -0.083683
   4.721     -0.082897
   4.727     -0.082116
   4.733     -0.081339
   4.739     -0.080568
   4.744     -0.079801
   4.750     -0.079038
   4.756     -0.078280
   4.762     -0.077526
   4.768     -0.076777
   4.773     -0.076033
   4.779     -0.075293
   4.785     -0.074558
   4.791     -0.073827
   4.797     -0.073100
   4.802     -0.072378
   4.808     -0.071660
   4.814     -0.070947
   4.820     -0.070238
   4.826     -0.069533
   4.831     -0.068833
   4.837     -0.068137
   4.843     -0.067446
   4.849     -0.066758
   4.855     -0.066075
   4.860     -0.065397
   4.866     -0.064722
   4.872     -0.064052
   4.878     -0.063386
   4.884     -0.062724
   4.889     -0.062066
   4.895     -0.061412
   4.901     -0.060763
   4.907     -0.060117
   4.913     -0.059476
   4.918     -0.058839
   4.924     -0.058206
   4.930     -0.057577
   4.936     -0.056952
   4.942     -0.056331
   4.947     -0.055714
   4.953     -0.055101
   4.959     -0.054492
   4.965     -0.053887
   4.971     -0.053286
   4.976     -0.052688
   4.982     -0.052095
   4.988     -0.051506
   4.994     -0.050920
   5.000     -0.050338
   5.005     -0.049760
   5.011     -0.049186
   5.017     -0.048616
   5.023     -0.048050
   5.029     -0.047487
   5.034     -0.046928
   5.040     -0.046373
   5.046     -0.045821
   5.052     -0.045274
   5.058     -0.044730
   5.063     -0.044189
   5.069     -0.043652
   5.075     -0.043119
   5.081     -0.042590
   5.087     -0.042064
   5.092     -0.041542
   5.098     -0.041023
   5.104     -0.040508
   5.110     -0.039996
   5.116     -0.039488
   5.121     -0.038984
   5.127     -0.038483
   5.133     -0.037985
   5.139     -0.037491
   5.145     -0.037001
   5.150     -0.036514
   5.156     -0.036030
   5.162     -0.035550
   5.168     -0.035073
   5.174     -0.034599
   5.179     -0.034129
   5.185     -0.033662
   5.191     -0.033199
   5.197     -0.032738
   5.203     -0.032282
   5.208     -0.031828
   5.214     -0.031378
   5.220     -0.030931
   5.226     -0.030487
   5.232     -0.030046
   5.237     -0.029609
   5.243     -0.029175
   5.249     -0.028744
   5.255     -0.028316
   5.261     -0.027891
   5.266     -0.027469
   5.272     -0.027051
   5.278     -0.026636
   5.284     -0.026224
   5.290     -0.025814
   5.295     -0.025408
   5.301     -0.025005
   5.307     -0.024605
   5.313     -0.024208
   5.319     -0.023814
   5.324     -0.023423
   5.330     -0.023035
   5.336     -0.022650
   5.342     -0.022268
   5.348     -0.021889
   5.353     -0.021513
   5.359     -0.021139
   5.365     -0.020769
   5.371     -0.020401
   5.377     -0.020037
   5.382     -0.019675
   5.388     -0.019316
   5.394     -0.018960
   5.400     -0.018606
   5.406     -0.018256
   5.411     -0.017908
   5.417     -0.017563
   5.423     -0.017220
   5.429     -0.016881
   5.435     -0.016544
   5.440     -0.016210
   5.446     -0.015878
   5.452     -0.015550
   5.458     -0.015223
   5.464     -0.014900
   5.469     -0.014579
   5.475     -0.014261
   5.481     -0.013945
   5.487     -0.013632
   5.493     -0.013322
   5.498     -0.013014
   5.504     -0.012709
   5.510     -0.012406
   5.516     -0.012106
   5.522     -0.011808
   5.527     -0.011513
   5.533     -0.011220
   5.539     -0.010930
   5.545     -0.010642
   5.551     -0.010357
   5.556     -0.010074
   5.562     -0.009794
   5.568     -0.009516
   5.574     -0.009240
   5.580     -0.008967
   5.585     -0.008696
   5.591     -0.008427
   5.597     -0.008161
   5.603     -0.007897
   5.609     -0.007636
   5.614     -0.007376
   5.620     -0.007119
   5.626     -0.006865
   5.632     -0.006612
   5.638     -0.006362
   5.643     -0.006114
   5.649     -0.005868
   5.655     -0.005625
   5.661     -0.005383
   5.667     -0.005144
   5.672     -0.004907
   5.678     -0.004672
   5.684     -0.004439
   5.690     -0.004208
   5.696     -0.003980
   5.701     -0.003753
   5.707     -0.003528
   5.713     -0.003306
   5.719     -0.003085
   5.725     -0.002867
   5.730     -0.002650
   5.736     -0.002436
   5.742     -0.002223
   5.748     -0.002013
   5.754     -0.001804
   5.759     -0.001597
   5.765     -0.001391
   5.771     -0.001188
   5.777     -0.000986
   5.783     -0.000786
   5.788     -0.000588
   5.794     -0.000391
   5.800     -0.000195
   5.806      0.000000
