   0.006      1.234395
   0.012      1.234486
   0.017      1.234576
   0.023      1.234728
   0.029      1.234940
   0.035      1.235212
   0.041      1.235546
   0.046      1.235940
   0.052      1.236395
   0.058      1.236912
   0.064      1.237489
   0.070      1.238127
   0.075      1.238827
   0.081      1.239588
   0.087      1.240409
   0.093      1.241293
   0.099      1.242237
   0.104      1.243243
   0.110      1.244309
   0.116      1.245438
   0.122      1.246627
   0.128      1.247877
   0.133      1.249188
   0.139      1.250561
   0.145      1.251994
   0.151      1.253488
   0.157      1.255043
   0.162      1.256659
   0.168      1.258335
   0.174      1.260071
   0.180      1.261868
   0.186      1.263725
   0.191      1.265641
   0.197      1.267618
   0.203      1.269653
   0.209      1.271748
   0.215      1.273902
   0.220      1.276115
   0.226      1.278387
   0.232      1.280716
   0.238      1.283104
   0.244      1.285549
   0.249      1.288052
   0.255      1.290612
   0.261      1.293228
   0.267      1.295901
   0.273      1.298630
   0.278      1.301415
   0.284      1.304254
   0.290      1.307149
   0.296      1.310097
   0.302      1.313100
   0.307      1.316156
   0.313      1.319265
   0.319      1.322426
   0.325      1.325640
   0.331      1.328905
   0.336      1.332220
   0.342      1.335586
   0.348      1.339002
   0.354      1.342466
   0.360      1.345980
   0.365      1.349541
   0.371      1.353149
   0.377      1.356804
   0.383      1.360504
   0.389      1.364250
   0.394      1.368040
   0.400      1.371873
   0.406      1.375750
   0.412      1.379668
   0.418      1.383628
   0.423      1.387628
   0.429      1.391667
   0.435      1.395745
   0.441      1.399861
   0.447      1.404013
   0.452      1.408202
   0.458      1.412425
   0.464      1.416682
   0.470      1.420972
   0.476      1.425293
   0.481      1.429646
   0.487      1.434028
   0.493      1.438438
   0.499      1.442875
   0.505      1.447339
   0.510      1.451828
   0.516      1.456340
   0.522      1.460875
   0.528      1.465431
   0.534      1.470007
   0.539      1.474601
   0.545      1.479212
   0.551      1.483839
   0.557      1.488481
   0.563      1.493135
   0.568      1.497801
   0.574      1.502477
   0.580      1.507161
   0.586      1.511853
   0.592      1.516549
   0.597      1.521249
   0.603      1.525951
   0.609      1.530654
   0.615      1.535355
   0.621      1.540054
   0.626      1.544748
   0.632      1.549435
   0.638      1.554114
   0.644      1.558783
   0.650      1.563440
   0.655      1.568084
   0.661      1.572712
   0.667      1.577322
   0.673      1.581913
   0.679      1.586483
   0.684      1.591029
   0.690      1.595551
   0.696      1.600044
   0.702      1.604509
   0.708      1.608942
   0.713      1.613342
   0.719      1.617706
   0.725      1.622033
   0.731      1.626320
   0.737      1.630565
   0.742      1.634766
   0.748      1.638921
   0.754      1.643028
   0.760      1.647084
   0.766      1.651088
   0.771      1.655036
   0.777      1.658928
   0.783      1.662760
   0.789      1.666531
   0.795      1.670238
   0.800      1.673878
   0.806      1.677451
   0.812      1.680953
   0.818      1.684382
   0.824      1.687736
   0.829      1.691013
   0.835      1.694211
   0.841      1.697326
   0.847      1.700358
   0.853      1.703303
   0.858      1.706159
   0.864      1.708925
   0.870      1.711598
   0.876      1.714176
   0.882      1.716656
   0.887      1.719037
   0.893      1.721315
   0.899      1.723490
   0.905      1.725559
   0.911      1.727519
   0.916      1.729369
   0.922      1.731107
   0.928      1.732730
   0.934      1.734236
   0.940      1.735624
   0.945      1.736891
   0.951      1.738035
   0.957      1.739055
   0.963      1.739948
   0.969      1.740712
   0.974      1.741346
   0.980      1.741848
   0.986      1.742216
   0.992      1.742448
   0.998      1.742542
   1.003      1.742497
   1.009      1.742311
   1.015      1.741982
   1.021      1.741509
   1.027      1.740890
   1.032      1.740124
   1.038      1.739209
   1.044      1.738144
   1.050      1.736927
   1.056      1.735557
   1.061      1.734033
   1.067      1.732353
   1.073      1.730516
   1.079      1.728521
   1.085      1.726367
   1.090      1.724053
   1.096      1.721578
   1.102      1.718940
   1.108      1.716140
   1.114      1.713175
   1.119      1.710046
   1.125      1.706751
   1.131      1.703290
   1.137      1.699663
   1.143      1.695868
   1.148      1.691904
   1.154      1.687773
   1.160      1.683473
   1.166      1.679003
   1.172      1.674364
   1.177      1.669555
   1.183      1.664576
   1.189      1.659428
   1.195      1.654109
   1.201      1.648620
   1.206      1.642961
   1.212      1.637132
   1.218      1.631133
   1.224      1.624965
   1.230      1.618627
   1.235      1.612121
   1.241      1.605446
   1.247      1.598603
   1.253      1.591592
   1.259      1.584415
   1.264      1.577071
   1.270      1.569562
   1.276      1.561888
   1.282      1.554049
   1.288      1.546048
   1.293      1.537884
   1.299      1.529559
   1.305      1.521073
   1.311      1.512429
   1.317      1.503626
   1.322      1.494666
   1.328      1.485550
   1.334      1.476280
   1.340      1.466857
   1.346      1.457282
   1.351      1.447557
   1.357      1.437682
   1.363      1.427661
   1.369      1.417493
   1.375      1.407181
   1.380      1.396726
   1.386      1.386130
   1.392      1.375395
   1.398      1.364523
   1.404      1.353514
   1.409      1.342372
   1.415      1.331097
   1.421      1.319692
   1.427      1.308159
   1.433      1.296499
   1.438      1.284715
   1.444      1.272809
   1.450      1.260782
   1.456      1.248637
   1.462      1.236376
   1.467      1.224001
   1.473      1.211514
   1.479      1.198918
   1.485      1.186214
   1.491      1.173404
   1.496      1.160492
   1.502      1.147480
   1.508      1.134368
   1.514      1.121161
   1.520      1.107860
   1.525      1.094468
   1.531      1.080987
   1.537      1.067420
   1.543      1.053769
   1.549      1.040035
   1.554      1.026223
   1.560      1.012334
   1.566      0.998371
   1.572      0.984337
   1.578      0.970233
   1.583      0.956062
   1.589      0.941828
   1.595      0.927532
   1.601      0.913177
   1.607      0.898766
   1.612      0.884301
   1.618      0.869785
   1.624      0.855221
   1.630      0.840610
   1.636      0.825957
   1.641      0.811262
   1.647      0.796530
   1.653      0.781762
   1.659      0.766962
   1.665      0.752132
   1.670      0.737274
   1.676      0.722392
   1.682      0.707487
   1.688      0.692563
   1.694      0.677622
   1.699      0.662668
   1.705      0.647701
   1.711      0.632726
   1.717      0.617745
   1.723      0.602761
   1.728      0.587775
   1.734      0.572792
   1.740      0.557812
   1.746      0.542840
   1.752      0.527878
   1.757      0.512928
   1.763      0.497993
   1.769      0.483075
   1.775      0.468178
   1.781      0.453303
   1.786      0.438453
   1.792      0.423631
   1.798      0.408840
   1.804      0.394081
   1.810      0.379358
   1.815      0.364672
   1.821      0.350027
   1.827      0.335425
   1.833      0.320868
   1.839      0.306358
   1.844      0.291898
   1.850      0.277491
   1.856      0.263139
   1.862      0.248843
   1.868      0.234607
   1.873      0.220433
   1.879      0.206323
   1.885      0.192279
   1.891      0.178303
   1.897      0.164398
   1.902      0.150565
   1.908      0.136808
   1.914      0.123127
   1.920      0.109525
   1.926      0.096005
   1.931      0.082568
   1.937      0.069215
   1.943      0.055950
   1.949      0.042774
   1.955      0.029688
   1.960      0.016695
   1.966      0.003797
   1.972     -0.009005
   1.978     -0.021709
   1.984     -0.034313
   1.989     -0.046816
   1.995     -0.059216
   2.001     -0.071511
   2.007     -0.083700
   2.013     -0.095782
   2.018     -0.107754
   2.024     -0.119615
   2.030     -0.131365
   2.036     -0.143001
   2.042     -0.154522
   2.047     -0.165927
   2.053     -0.177215
   2.059     -0.188385
   2.065     -0.199435
   2.071     -0.210364
   2.076     -0.221171
   2.082     -0.231856
   2.088     -0.242416
   2.094     -0.252852
   2.100     -0.263162
   2.105     -0.273346
   2.111     -0.283401
   2.117     -0.293329
   2.123     -0.303128
   2.129     -0.312797
   2.134     -0.322336
   2.140     -0.331744
   2.146     -0.341020
   2.152     -0.350164
   2.158     -0.359176
   2.163     -0.368055
   2.169     -0.376800
   2.175     -0.385412
   2.181     -0.393889
   2.187     -0.402232
   2.192     -0.410441
   2.198     -0.418514
   2.204     -0.426453
   2.210     -0.434256
   2.216     -0.441924
   2.221     -0.449457
   2.227     -0.456855
   2.233     -0.464117
   2.239     -0.471244
   2.245     -0.478237
   2.250     -0.485094
   2.256     -0.491816
   2.262     -0.498404
   2.268     -0.504857
   2.274     -0.511176
   2.279     -0.517362
   2.285     -0.523414
   2.291     -0.529334
   2.297     -0.535120
   2.303     -0.540775
   2.308     -0.546298
   2.314     -0.551690
   2.320     -0.556951
   2.326     -0.562082
   2.332     -0.567084
   2.337     -0.571957
   2.343     -0.576702
   2.349     -0.581319
   2.355     -0.585810
   2.361     -0.590174
   2.366     -0.594414
   2.372     -0.598528
   2.378     -0.602520
   2.384     -0.606388
   2.390     -0.610135
   2.395     -0.613760
   2.401     -0.617266
   2.407     -0.620652
   2.413     -0.623920
   2.419     -0.627070
   2.424     -0.630104
   2.430     -0.633023
   2.436     -0.635828
   2.442     -0.638519
   2.448     -0.641098
   2.453     -0.643566
   2.459     -0.645924
   2.465     -0.648173
   2.471     -0.650314
   2.477     -0.652348
   2.482     -0.654277
   2.488     -0.656101
   2.494     -0.657822
   2.500     -0.659441
   2.506     -0.660959
   2.511     -0.662377
   2.517     -0.663697
   2.523     -0.664919
   2.529     -0.666045
   2.535     -0.667077
   2.540     -0.668014
   2.546     -0.668860
   2.552     -0.669614
   2.558     -0.670278
   2.564     -0.670853
   2.569     -0.671341
   2.575     -0.671743
   2.581     -0.672059
   2.587     -0.672292
   2.593     -0.672443
   2.598     -0.672512
   2.604     -0.672502
   2.610     -0.672414
   2.616     -0.672248
   2.622     -0.672005
   2.627     -0.671688
   2.633     -0.671298
   2.639     -0.670835
   2.645     -0.670300
   2.651     -0.669696
   2.656     -0.669024
   2.662     -0.668284
   2.668     -0.667478
   2.674     -0.666606
   2.680     -0.665672
   2.685     -0.664674
   2.691     -0.663616
   2.697     -0.662497
   2.703     -0.661320
   2.709     -0.660085
   2.714     -0.658793
   2.720     -0.657446
   2.726     -0.656045
   2.732     -0.654591
   2.738     -0.653085
   2.743     -0.651529
   2.749     -0.649923
   2.755     -0.648268
   2.761     -0.646567
   2.767     -0.644819
   2.772     -0.643026
   2.778     -0.641189
   2.784     -0.639309
   2.790     -0.637388
   2.796     -0.635425
   2.801     -0.633423
   2.807     -0.631382
   2.813     -0.629304
   2.819     -0.627189
   2.825     -0.625038
   2.830     -0.622853
   2.836     -0.620634
   2.842     -0.618382
   2.848     -0.616098
   2.854     -0.613784
   2.859     -0.611440
   2.865     -0.609067
   2.871     -0.606666
   2.877     -0.604238
   2.883     -0.601783
   2.888     -0.599304
   2.894     -0.596799
   2.900     -0.594271
   2.906     -0.591721
   2.912     -0.589148
   2.917     -0.586554
   2.923     -0.583940
   2.929     -0.581306
   2.935     -0.578654
   2.941     -0.575983
   2.946     -0.573295
   2.952     -0.570591
   2.958     -0.567871
   2.964     -0.565135
   2.970     -0.562386
   2.975     -0.559622
   2.981     -0.556846
   2.987     -0.554057
   2.993     -0.551257
   2.999     -0.548446
   3.004     -0.545624
   3.010     -0.542792
   3.016     -0.539952
   3.022     -0.537102
   3.028     -0.534245
   3.033     -0.531380
   3.039     -0.528509
   3.045     -0.525631
   3.051     -0.522748
   3.057     -0.519859
   3.062     -0.516966
   3.068     -0.514068
   3.074     -0.511167
   3.080     -0.508263
   3.086     -0.505356
   3.091     -0.502446
   3.097     -0.499535
   3.103     -0.496623
   3.109     -0.493710
   3.115     -0.490796
   3.120     -0.487882
   3.126     -0.484969
   3.132     -0.482056
   3.138     -0.479145
   3.144     -0.476235
   3.149     -0.473327
   3.155     -0.470421
   3.161     -0.467518
   3.167     -0.464618
   3.173     -0.461721
   3.178     -0.458828
   3.184     -0.455939
   3.190     -0.453054
   3.196     -0.450173
   3.202     -0.447298
   3.207     -0.444428
   3.213     -0.441563
   3.219     -0.438703
   3.225     -0.435850
   3.231     -0.433003
   3.236     -0.430163
   3.242     -0.427329
   3.248     -0.424502
   3.254     -0.421682
   3.260     -0.418870
   3.265     -0.416065
   3.271     -0.413268
   3.277     -0.410479
   3.283     -0.407699
   3.289     -0.404926
   3.294     -0.402163
   3.300     -0.399408
   3.306     -0.396661
   3.312     -0.393924
   3.318     -0.391197
   3.323     -0.388478
   3.329     -0.385770
   3.335     -0.383070
   3.341     -0.380381
   3.347     -0.377702
   3.352     -0.375032
   3.358     -0.372373
   3.364     -0.369725
   3.370     -0.367086
   3.376     -0.364458
   3.381     -0.361841
   3.387     -0.359235
   3.393     -0.356639
   3.399     -0.354054
   3.405     -0.351481
   3.410     -0.348918
   3.416     -0.346367
   3.422     -0.343826
   3.428     -0.341297
   3.434     -0.338780
   3.439     -0.336274
   3.445     -0.333779
   3.451     -0.331296
   3.457     -0.328824
   3.463     -0.326364
   3.468     -0.323916
   3.474     -0.321480
   3.480     -0.319055
   3.486     -0.316642
   3.492     -0.314241
   3.497     -0.311852
   3.503     -0.309475
   3.509     -0.307110
   3.515     -0.304756
   3.521     -0.302415
   3.526     -0.300086
   3.532     -0.297768
   3.538     -0.295463
   3.544     -0.293170
   3.550     -0.290888
   3.555     -0.288619
   3.561     -0.286362
   3.567     -0.284117
   3.573     -0.281884
   3.579     -0.279663
   3.584     -0.277454
   3.590     -0.275257
   3.596     -0.273072
   3.602     -0.270900
   3.608     -0.268739
   3.613     -0.266590
   3.619     -0.264453
   3.625     -0.262329
   3.631     -0.260216
   3.637     -0.258115
   3.642     -0.256026
   3.648     -0.253949
   3.654     -0.251884
   3.660     -0.249831
   3.666     -0.247790
   3.671     -0.245761
   3.677     -0.243743
   3.683     -0.241737
   3.689     -0.239743
   3.695     -0.237761
   3.700     -0.235790
   3.706     -0.233831
   3.712     -0.231884
   3.718     -0.229948
   3.724     -0.228024
   3.729     -0.226112
   3.735     -0.224211
   3.741     -0.222321
   3.747     -0.220443
   3.753     -0.218576
   3.758     -0.216721
   3.764     -0.214877
   3.770     -0.213044
   3.776     -0.211223
   3.782     -0.209412
   3.787     -0.207613
   3.793     -0.205825
   3.799     -0.204048
   3.805     -0.202283
   3.811     -0.200528
   3.816     -0.198784
   3.822     -0.197051
   3.828     -0.195329
   3.834     -0.193618
   3.840     -0.191918
   3.845     -0.190228
   3.851     -0.188550
   3.857     -0.186881
   3.863     -0.185224
   3.869     -0.183577
   3.874     -0.181941
   3.880     -0.180315
   3.886     -0.178699
   3.892     -0.177094
   3.898     -0.175500
   3.903     -0.173915
   3.909     -0.172341
   3.915     -0.170778
   3.921     -0.169224
   3.927     -0.167680
   3.932     -0.166147
   3.938     -0.164624
   3.944     -0.163110
   3.950     -0.161607
   3.956     -0.160113
   3.961     -0.158630
   3.967     -0.157156
   3.973     -0.155692
   3.979     -0.154238
   3.985     -0.152793
   3.990     -0.151358
   3.996     -0.149932
   4.002     -0.148516
   4.008     -0.147110
   4.014     -0.145713
   4.019     -0.144325
   4.025     -0.142947
   4.031     -0.141578
   4.037     -0.140219
   4.043     -0.138868
   4.048     -0.137527
   4.054     -0.136195
   4.060     -0.134871
   4.066     -0.133557
   4.072     -0.132252
   4.077     -0.130956
   4.083     -0.129669
   4.089     -0.128390
   4.095     -0.127121
   4.101     -0.125860
   4.106     -0.124608
   4.112     -0.123364
   4.118     -0.122129
   4.124     -0.120903
   4.130     -0.119685
   4.135     -0.118476
   4.141     -0.117275
   4.147     -0.116082
   4.153     -0.114898
   4.159     -0.113722
   4.164     -0.112555
   4.170     -0.111395
   4.176     -0.110244
   4.182     -0.109101
   4.188     -0.107966
   4.193     -0.106839
   4.199     -0.105720
   4.205     -0.104609
   4.211     -0.103506
   4.217     -0.102411
   4.222     -0.101323
   4.228     -0.100243
   4.234     -0.099172
   4.240     -0.098107
   4.246     -0.097051
   4.251     -0.096002
   4.257     -0.094960
   4.263     -0.093927
   4.269     -0.092900
   4.275     -0.091881
   4.280     -0.090870
   4.286     -0.089866
   4.292     -0.088869
   4.298     -0.087879
   4.304     -0.086897
   4.309     -0.085922
   4.315     -0.084954
   4.321     -0.083993
   4.327     -0.083039
   4.333     -0.082092
   4.338     -0.081153
   4.344     -0.080220
   4.350     -0.079294
   4.356     -0.078375
   4.362     -0.077463
   4.367     -0.076557
   4.373     -0.075659
   4.379     -0.074767
   4.385     -0.073881
   4.391     -0.073003
   4.396     -0.072131
   4.402     -0.071265
   4.408     -0.070407
   4.414     -0.069554
   4.420     -0.068708
   4.425     -0.067869
   4.431     -0.067036
   4.437     -0.066209
   4.443     -0.065388
   4.449     -0.064574
   4.454     -0.063766
   4.460     -0.062964
   4.466     -0.062169
   4.472     -0.061379
   4.478     -0.060596
   4.483     -0.059818
   4.489     -0.059047
   4.495     -0.058281
   4.501     -0.057522
   4.507     -0.056768
   4.512     -0.056021
   4.518     -0.055279
   4.524     -0.054543
   4.530     -0.053812
   4.536     -0.053088
   4.541     -0.052369
   4.547     -0.051656
   4.553     -0.050948
   4.559     -0.050246
   4.565     -0.049550
   4.570     -0.048859
   4.576     -0.048173
   4.582     -0.047493
   4.588     -0.046819
   4.594     -0.046150
   4.599     -0.045486
   4.605     -0.044827
   4.611     -0.044174
   4.617     -0.043526
   4.623     -0.042884
   4.628     -0.042246
   4.634     -0.041614
   4.640     -0.040987
   4.646     -0.040365
   4.652     -0.039748
   4.657     -0.039136
   4.663     -0.038529
   4.669     -0.037927
   4.675     -0.037330
   4.681     -0.036738
   4.686     -0.036151
   4.692     -0.035568
   4.698     -0.034991
   4.704     -0.034418
   4.710     -0.033850
   4.715     -0.033287
   4.721     -0.032728
   4.727     -0.032174
   4.733     -0.031625
   4.739     -0.031080
   4.744     -0.030540
   4.750     -0.030005
   4.756     -0.029474
   4.762     -0.028947
   4.768     -0.028425
   4.773     -0.027908
   4.779     -0.027395
   4.785     -0.026886
   4.791     -0.026382
   4.797     -0.025881
   4.802     -0.025386
   4.808     -0.024894
   4.814     -0.024407
   4.820     -0.023924
   4.826     -0.023445
   4.831     -0.022970
   4.837     -0.022500
   4.843     -0.022033
   4.849     -0.021571
   4.855     -0.021112
   4.860     -0.020658
   4.866     -0.020207
   4.872     -0.019761
   4.878     -0.019319
   4.884     -0.018880
   4.889     -0.018445
   4.895     -0.018015
   4.901     -0.017588
   4.907     -0.017164
   4.913     -0.016745
   4.918     -0.016329
   4.924     -0.015918
   4.930     -0.015509
   4.936     -0.015105
   4.942     -0.014704
   4.947     -0.014307
   4.953     -0.013913
   4.959     -0.013523
   4.965     -0.013136
   4.971     -0.012753
   4.976     -0.012374
   4.982     -0.011998
   4.988     -0.011625
   4.994     -0.011256
   5.000     -0.010890
   5.005     -0.010528
   5.011     -0.010169
   5.017     -0.009813
   5.023     -0.009461
   5.029     -0.009112
   5.034     -0.008766
   5.040     -0.008423
   5.046     -0.008083
   5.052     -0.007747
   5.058     -0.007414
   5.063     -0.007083
   5.069     -0.006756
   5.075     -0.006432
   5.081     -0.006111
   5.087     -0.005793
   5.092     -0.005478
   5.098     -0.005166
   5.104     -0.004857
   5.110     -0.004550
   5.116     -0.004247
   5.121     -0.003946
   5.127     -0.003648
   5.133     -0.003353
   5.139     -0.003060
   5.145     -0.002770
   5.150     -0.002483
   5.156     -0.002198
   5.162     -0.001916
   5.168     -0.001636
   5.174     -0.001358
   5.179     -0.001083
   5.185     -0.000810
   5.191     -0.000538
   5.197     -0.000268
   5.203      0.000000
