   0.004      2.838863
   0.008      2.846627
   0.012      2.854392
   0.016      2.875315
   0.020      2.910532
   0.025      2.960635
   0.029      3.026209
   0.033      3.108018
   0.037      3.206931
   0.041      3.324042
   0.045      3.456129
   0.049      3.565319
   0.053      3.654165
   0.057      3.727319
   0.061      3.788107
   0.066      3.838965
   0.070      3.881723
   0.074      3.917779
   0.078      3.948217
   0.082      3.973895
   0.086      3.995499
   0.090      4.013584
   0.094      4.028606
   0.098      4.040944
   0.102      4.050914
   0.107      4.058787
   0.111      4.064790
   0.115      4.069123
   0.119      4.071958
   0.123      4.073445
   0.127      4.073719
   0.131      4.072898
   0.135      4.071089
   0.139      4.068386
   0.143      4.064873
   0.148      4.060625
   0.152      4.055707
   0.156      4.050179
   0.160      4.044092
   0.164      4.037494
   0.168      4.030427
   0.172      4.022930
   0.176      4.015037
   0.180      4.006779
   0.184      3.998186
   0.189      3.989282
   0.193      3.980092
   0.197      3.970637
   0.201      3.960937
   0.205      3.951010
   0.209      3.940874
   0.213      3.930544
   0.217      3.920033
   0.221      3.909356
   0.225      3.898525
   0.230      3.887550
   0.234      3.876443
   0.238      3.865213
   0.242      3.853870
   0.246      3.842422
   0.250      3.830877
   0.254      3.819242
   0.258      3.807525
   0.262      3.795731
   0.266      3.783868
   0.271      3.771941
   0.275      3.759954
   0.279      3.747914
   0.283      3.735825
   0.287      3.723692
   0.291      3.711518
   0.295      3.699309
   0.299      3.687066
   0.303      3.674795
   0.307      3.662498
   0.312      3.650179
   0.316      3.637840
   0.320      3.625485
   0.324      3.613116
   0.328      3.600735
   0.332      3.588346
   0.336      3.575950
   0.340      3.563550
   0.344      3.551147
   0.348      3.538744
   0.353      3.526342
   0.357      3.513943
   0.361      3.501549
   0.365      3.489162
   0.369      3.476783
   0.373      3.464413
   0.377      3.452054
   0.381      3.439707
   0.385      3.427374
   0.389      3.415055
   0.394      3.402751
   0.398      3.390465
   0.402      3.378196
   0.406      3.365946
   0.410      3.353716
   0.414      3.341506
   0.418      3.329318
   0.422      3.317152
   0.426      3.305009
   0.430      3.292890
   0.435      3.280795
   0.439      3.268726
   0.443      3.256682
   0.447      3.244664
   0.451      3.232673
   0.455      3.220710
   0.459      3.208775
   0.463      3.196868
   0.467      3.184990
   0.471      3.173142
   0.476      3.161323
   0.480      3.149535
   0.484      3.137777
   0.488      3.126051
   0.492      3.114356
   0.496      3.102692
   0.500      3.091060
   0.504      3.079461
   0.508      3.067894
   0.512      3.056360
   0.517      3.044860
   0.521      3.033392
   0.525      3.021959
   0.529      3.010559
   0.533      2.999193
   0.537      2.987861
   0.541      2.976563
   0.545      2.965300
   0.549      2.954072
   0.553      2.942879
   0.558      2.931720
   0.562      2.920597
   0.566      2.909509
   0.570      2.898457
   0.574      2.887439
   0.578      2.876458
   0.582      2.865512
   0.586      2.854601
   0.590      2.843727
   0.594      2.832888
   0.599      2.822085
   0.603      2.811319
   0.607      2.800588
   0.611      2.789893
   0.615      2.779235
   0.619      2.768612
   0.623      2.758026
   0.627      2.747476
   0.631      2.736962
   0.635      2.726484
   0.640      2.716043
   0.644      2.705637
   0.648      2.695268
   0.652      2.684935
   0.656      2.674638
   0.660      2.664378
   0.664      2.654153
   0.668      2.643965
   0.672      2.633813
   0.676      2.623697
   0.681      2.613617
   0.685      2.603573
   0.689      2.593565
   0.693      2.583592
   0.697      2.573656
   0.701      2.563756
   0.705      2.553891
   0.709      2.544062
   0.713      2.534269
   0.717      2.524511
   0.722      2.514789
   0.726      2.505102
   0.730      2.495451
   0.734      2.485835
   0.738      2.476255
   0.742      2.466710
   0.746      2.457200
   0.750      2.447725
   0.754      2.438285
   0.758      2.428880
   0.763      2.419510
   0.767      2.410174
   0.771      2.400874
   0.775      2.391608
   0.779      2.382376
   0.783      2.373179
   0.787      2.364017
   0.791      2.354888
   0.795      2.345794
   0.799      2.336734
   0.804      2.327708
   0.808      2.318716
   0.812      2.309758
   0.816      2.300833
   0.820      2.291943
   0.824      2.283085
   0.828      2.274262
   0.832      2.265471
   0.836      2.256714
   0.840      2.247990
   0.845      2.239299
   0.849      2.230641
   0.853      2.222016
   0.857      2.213424
   0.861      2.204864
   0.865      2.196337
   0.869      2.187843
   0.873      2.179381
   0.877      2.170951
   0.881      2.162553
   0.886      2.154188
   0.890      2.145854
   0.894      2.137552
   0.898      2.129282
   0.902      2.121044
   0.906      2.112837
   0.910      2.104661
   0.914      2.096517
   0.918      2.088404
   0.922      2.080323
   0.927      2.072272
   0.931      2.064252
   0.935      2.056263
   0.939      2.048305
   0.943      2.040377
   0.947      2.032480
   0.951      2.024613
   0.955      2.016776
   0.959      2.008970
   0.963      2.001194
   0.968      1.993447
   0.972      1.985730
   0.976      1.978044
   0.980      1.970386
   0.984      1.962759
   0.988      1.955160
   0.992      1.947591
   0.996      1.940052
   1.000      1.932541
   1.004      1.925059
   1.009      1.917606
   1.013      1.910182
   1.017      1.902787
   1.021      1.895420
   1.025      1.888082
   1.029      1.880772
   1.033      1.873490
   1.037      1.866236
   1.041      1.859010
   1.045      1.851813
   1.050      1.844643
   1.054      1.837500
   1.058      1.830386
   1.062      1.823299
   1.066      1.816239
   1.070      1.809206
   1.074      1.802201
   1.078      1.795223
   1.082      1.788272
   1.086      1.781347
   1.091      1.774449
   1.095      1.767578
   1.099      1.760734
   1.103      1.753916
   1.107      1.747124
   1.111      1.740359
   1.115      1.733620
   1.119      1.726907
   1.123      1.720219
   1.127      1.713558
   1.132      1.706922
   1.136      1.700312
   1.140      1.693728
   1.144      1.687168
   1.148      1.680635
   1.152      1.674126
   1.156      1.667643
   1.160      1.661184
   1.164      1.654751
   1.168      1.648342
   1.173      1.641958
   1.177      1.635599
   1.181      1.629264
   1.185      1.622954
   1.189      1.616668
   1.193      1.610406
   1.197      1.604168
   1.201      1.597955
   1.205      1.591765
   1.209      1.585599
   1.214      1.579457
   1.218      1.573339
   1.222      1.567244
   1.226      1.561173
   1.230      1.555125
   1.234      1.549100
   1.238      1.543098
   1.242      1.537120
   1.246      1.531164
   1.250      1.525232
   1.255      1.519322
   1.259      1.513435
   1.263      1.507571
   1.267      1.501729
   1.271      1.495909
   1.275      1.490112
   1.279      1.484337
   1.283      1.478585
   1.287      1.472854
   1.291      1.467145
   1.296      1.461459
   1.300      1.455794
   1.304      1.450151
   1.308      1.444529
   1.312      1.438929
   1.316      1.433350
   1.320      1.427793
   1.324      1.422257
   1.328      1.416742
   1.332      1.411249
   1.337      1.405776
   1.341      1.400324
   1.345      1.394893
   1.349      1.389483
   1.353      1.384094
   1.357      1.378725
   1.361      1.373376
   1.365      1.368048
   1.369      1.362741
   1.373      1.357453
   1.378      1.352186
   1.382      1.346939
   1.386      1.341712
   1.390      1.336504
   1.394      1.331317
   1.398      1.326149
   1.402      1.321001
   1.406      1.315873
   1.410      1.310764
   1.414      1.305674
   1.419      1.300604
   1.423      1.295553
   1.427      1.290521
   1.431      1.285509
   1.435      1.280515
   1.439      1.275541
   1.443      1.270585
   1.447      1.265648
   1.451      1.260730
   1.455      1.255830
   1.460      1.250949
   1.464      1.246087
   1.468      1.241242
   1.472      1.236417
   1.476      1.231609
   1.480      1.226820
   1.484      1.222048
   1.488      1.217295
   1.492      1.212560
   1.496      1.207842
   1.501      1.203143
   1.505      1.198461
   1.509      1.193797
   1.513      1.189150
   1.517      1.184521
   1.521      1.179909
   1.525      1.175315
   1.529      1.170738
   1.533      1.166178
   1.537      1.161636
   1.542      1.157110
   1.546      1.152601
   1.550      1.148110
   1.554      1.143635
   1.558      1.139177
   1.562      1.134736
   1.566      1.130312
   1.570      1.125904
   1.574      1.121512
   1.578      1.117137
   1.583      1.112779
   1.587      1.108437
   1.591      1.104111
   1.595      1.099801
   1.599      1.095507
   1.603      1.091230
   1.607      1.086968
   1.611      1.082722
   1.615      1.078492
   1.619      1.074278
   1.624      1.070080
   1.628      1.065897
   1.632      1.061730
   1.636      1.057579
   1.640      1.053443
   1.644      1.049322
   1.648      1.045217
   1.652      1.041127
   1.656      1.037052
   1.660      1.032992
   1.665      1.028948
   1.669      1.024918
   1.673      1.020904
   1.677      1.016904
   1.681      1.012919
   1.685      1.008949
   1.689      1.004994
   1.693      1.001053
   1.697      0.997127
   1.701      0.993215
   1.706      0.989318
   1.710      0.985436
   1.714      0.981567
   1.718      0.977713
   1.722      0.973873
   1.726      0.970048
   1.730      0.966236
   1.734      0.962439
   1.738      0.958656
   1.742      0.954886
   1.747      0.951131
   1.751      0.947389
   1.755      0.943661
   1.759      0.939947
   1.763      0.936247
   1.767      0.932560
   1.771      0.928886
   1.775      0.925226
   1.779      0.921580
   1.783      0.917947
   1.788      0.914327
   1.792      0.910721
   1.796      0.907128
   1.800      0.903548
   1.804      0.899981
   1.808      0.896427
   1.812      0.892886
   1.816      0.889358
   1.820      0.885844
   1.824      0.882341
   1.829      0.878852
   1.833      0.875376
   1.837      0.871912
   1.841      0.868461
   1.845      0.865022
   1.849      0.861596
   1.853      0.858182
   1.857      0.854781
   1.861      0.851392
   1.865      0.848016
   1.870      0.844652
   1.874      0.841300
   1.878      0.837960
   1.882      0.834633
   1.886      0.831317
   1.890      0.828014
   1.894      0.824722
   1.898      0.821443
   1.902      0.818175
   1.906      0.814919
   1.911      0.811675
   1.915      0.808443
   1.919      0.805222
   1.923      0.802013
   1.927      0.798816
   1.931      0.795630
   1.935      0.792456
   1.939      0.789293
   1.943      0.786142
   1.947      0.783002
   1.952      0.779873
   1.956      0.776756
   1.960      0.773650
   1.964      0.770555
   1.968      0.767471
   1.972      0.764398
   1.976      0.761336
   1.980      0.758286
   1.984      0.755246
   1.988      0.752217
   1.993      0.749199
   1.997      0.746192
   2.001      0.743196
   2.005      0.740210
   2.009      0.737235
   2.013      0.734271
   2.017      0.731318
   2.021      0.728374
   2.025      0.725442
   2.029      0.722520
   2.034      0.719608
   2.038      0.716707
   2.042      0.713816
   2.046      0.710936
   2.050      0.708065
   2.054      0.705205
   2.058      0.702356
   2.062      0.699516
   2.066      0.696686
   2.070      0.693867
   2.075      0.691057
   2.079      0.688258
   2.083      0.685468
   2.087      0.682688
   2.091      0.679918
   2.095      0.677158
   2.099      0.674408
   2.103      0.671668
   2.107      0.668937
   2.111      0.666216
   2.116      0.663505
   2.120      0.660803
   2.124      0.658110
   2.128      0.655428
   2.132      0.652754
   2.136      0.650090
   2.140      0.647436
   2.144      0.644791
   2.148      0.642155
   2.152      0.639529
   2.157      0.636911
   2.161      0.634303
   2.165      0.631704
   2.169      0.629115
   2.173      0.626534
   2.177      0.623962
   2.181      0.621400
   2.185      0.618846
   2.189      0.616302
   2.193      0.613766
   2.198      0.611239
   2.202      0.608722
   2.206      0.606212
   2.210      0.603712
   2.214      0.601221
   2.218      0.598738
   2.222      0.596263
   2.226      0.593798
   2.230      0.591341
   2.234      0.588893
   2.239      0.586453
   2.243      0.584021
   2.247      0.581599
   2.251      0.579184
   2.255      0.576778
   2.259      0.574380
   2.263      0.571991
   2.267      0.569610
   2.271      0.567237
   2.275      0.564873
   2.280      0.562516
   2.284      0.560168
   2.288      0.557828
   2.292      0.555496
   2.296      0.553172
   2.300      0.550857
   2.304      0.548549
   2.308      0.546249
   2.312      0.543957
   2.316      0.541673
   2.321      0.539397
   2.325      0.537129
   2.329      0.534868
   2.333      0.532616
   2.337      0.530371
   2.341      0.528134
   2.345      0.525904
   2.349      0.523682
   2.353      0.521468
   2.357      0.519262
   2.362      0.517063
   2.366      0.514871
   2.370      0.512687
   2.374      0.510511
   2.378      0.508342
   2.382      0.506180
   2.386      0.504026
   2.390      0.501879
   2.394      0.499740
   2.398      0.497607
   2.403      0.495483
   2.407      0.493365
   2.411      0.491254
   2.415      0.489151
   2.419      0.487055
   2.423      0.484966
   2.427      0.482884
   2.431      0.480809
   2.435      0.478742
   2.439      0.476681
   2.444      0.474627
   2.448      0.472580
   2.452      0.470540
   2.456      0.468508
   2.460      0.466482
   2.464      0.464462
   2.468      0.462450
   2.472      0.460444
   2.476      0.458446
   2.480      0.456454
   2.485      0.454468
   2.489      0.452490
   2.493      0.450518
   2.497      0.448552
   2.501      0.446593
   2.505      0.444641
   2.509      0.442696
   2.513      0.440757
   2.517      0.438824
   2.521      0.436898
   2.526      0.434979
   2.530      0.433065
   2.534      0.431159
   2.538      0.429258
   2.542      0.427364
   2.546      0.425476
   2.550      0.423595
   2.554      0.421720
   2.558      0.419851
   2.562      0.417988
   2.567      0.416132
   2.571      0.414282
   2.575      0.412438
   2.579      0.410600
   2.583      0.408768
   2.587      0.406942
   2.591      0.405122
   2.595      0.403309
   2.599      0.401501
   2.603      0.399699
   2.608      0.397904
   2.612      0.396114
   2.616      0.394330
   2.620      0.392552
   2.624      0.390780
   2.628      0.389014
   2.632      0.387253
   2.636      0.385499
   2.640      0.383750
   2.644      0.382007
   2.649      0.380269
   2.653      0.378537
   2.657      0.376811
   2.661      0.375091
   2.665      0.373376
   2.669      0.371667
   2.673      0.369964
   2.677      0.368266
   2.681      0.366574
   2.685      0.364887
   2.690      0.363206
   2.694      0.361530
   2.698      0.359859
   2.702      0.358194
   2.706      0.356535
   2.710      0.354881
   2.714      0.353232
   2.718      0.351589
   2.722      0.349951
   2.726      0.348318
   2.731      0.346690
   2.735      0.345068
   2.739      0.343451
   2.743      0.341840
   2.747      0.340233
   2.751      0.338632
   2.755      0.337036
   2.759      0.335445
   2.763      0.333859
   2.767      0.332278
   2.772      0.330703
   2.776      0.329132
   2.780      0.327566
   2.784      0.326006
   2.788      0.324450
   2.792      0.322900
   2.796      0.321354
   2.800      0.319813
   2.804      0.318278
   2.808      0.316747
   2.813      0.315221
   2.817      0.313700
   2.821      0.312184
   2.825      0.310672
   2.829      0.309166
   2.833      0.307664
   2.837      0.306167
   2.841      0.304675
   2.845      0.303187
   2.849      0.301704
   2.854      0.300226
   2.858      0.298753
   2.862      0.297284
   2.866      0.295820
   2.870      0.294360
   2.874      0.292905
   2.878      0.291455
   2.882      0.290009
   2.886      0.288568
   2.890      0.287131
   2.895      0.285699
   2.899      0.284271
   2.903      0.282848
   2.907      0.281429
   2.911      0.280015
   2.915      0.278605
   2.919      0.277200
   2.923      0.275798
   2.927      0.274402
   2.931      0.273009
   2.936      0.271621
   2.940      0.270237
   2.944      0.268858
   2.948      0.267483
   2.952      0.266112
   2.956      0.264745
   2.960      0.263383
   2.964      0.262024
   2.968      0.260670
   2.972      0.259320
   2.977      0.257975
   2.981      0.256633
   2.985      0.255296
   2.989      0.253962
   2.993      0.252633
   2.997      0.251308
   3.001      0.249987
   3.005      0.248670
   3.009      0.247357
   3.013      0.246048
   3.018      0.244743
   3.022      0.243442
   3.026      0.242145
   3.030      0.240852
   3.034      0.239562
   3.038      0.238277
   3.042      0.236996
   3.046      0.235718
   3.050      0.234445
   3.054      0.233175
   3.059      0.231909
   3.063      0.230647
   3.067      0.229389
   3.071      0.228134
   3.075      0.226884
   3.079      0.225637
   3.083      0.224393
   3.087      0.223154
   3.091      0.221918
   3.095      0.220686
   3.100      0.219458
   3.104      0.218233
   3.108      0.217012
   3.112      0.215795
   3.116      0.214581
   3.120      0.213371
   3.124      0.212164
   3.128      0.210961
   3.132      0.209762
   3.136      0.208566
   3.141      0.207373
   3.145      0.206185
   3.149      0.204999
   3.153      0.203818
   3.157      0.202639
   3.161      0.201464
   3.165      0.200293
   3.169      0.199125
   3.173      0.197961
   3.177      0.196799
   3.182      0.195642
   3.186      0.194487
   3.190      0.193336
   3.194      0.192189
   3.198      0.191045
   3.202      0.189904
   3.206      0.188766
   3.210      0.187632
   3.214      0.186501
   3.218      0.185373
   3.223      0.184248
   3.227      0.183127
   3.231      0.182009
   3.235      0.180894
   3.239      0.179783
   3.243      0.178674
   3.247      0.177569
   3.251      0.176467
   3.255      0.175368
   3.259      0.174272
   3.264      0.173180
   3.268      0.172090
   3.272      0.171004
   3.276      0.169921
   3.280      0.168840
   3.284      0.167763
   3.288      0.166689
   3.292      0.165618
   3.296      0.164550
   3.300      0.163485
   3.305      0.162423
   3.309      0.161364
   3.313      0.160308
   3.317      0.159255
   3.321      0.158205
   3.325      0.157158
   3.329      0.156113
   3.333      0.155072
   3.337      0.154034
   3.341      0.152998
   3.346      0.151966
   3.350      0.150936
   3.354      0.149909
   3.358      0.148885
   3.362      0.147864
   3.366      0.146845
   3.370      0.145830
   3.374      0.144817
   3.378      0.143807
   3.382      0.142800
   3.387      0.141795
   3.391      0.140794
   3.395      0.139795
   3.399      0.138798
   3.403      0.137805
   3.407      0.136814
   3.411      0.135826
   3.415      0.134841
   3.419      0.133858
   3.423      0.132878
   3.428      0.131900
   3.432      0.130926
   3.436      0.129954
   3.440      0.128984
   3.444      0.128017
   3.448      0.127053
   3.452      0.126091
   3.456      0.125132
   3.460      0.124176
   3.464      0.123222
   3.469      0.122270
   3.473      0.121321
   3.477      0.120375
   3.481      0.119431
   3.485      0.118490
   3.489      0.117551
   3.493      0.116614
   3.497      0.115681
   3.501      0.114749
   3.505      0.113820
   3.510      0.112894
   3.514      0.111970
   3.518      0.111048
   3.522      0.110129
   3.526      0.109212
   3.530      0.108297
   3.534      0.107385
   3.538      0.106476
   3.542      0.105568
   3.546      0.104663
   3.551      0.103761
   3.555      0.102860
   3.559      0.101962
   3.563      0.101067
   3.567      0.100174
   3.571      0.099283
   3.575      0.098394
   3.579      0.097507
   3.583      0.096623
   3.587      0.095741
   3.592      0.094862
   3.596      0.093984
   3.600      0.093109
   3.604      0.092236
   3.608      0.091365
   3.612      0.090497
   3.616      0.089631
   3.620      0.088766
   3.624      0.087905
   3.628      0.087045
   3.633      0.086187
   3.637      0.085332
   3.641      0.084478
   3.645      0.083627
   3.649      0.082778
   3.653      0.081931
   3.657      0.081087
   3.661      0.080244
   3.665      0.079403
   3.669      0.078565
   3.674      0.077729
   3.678      0.076894
   3.682      0.076062
   3.686      0.075232
   3.690      0.074404
   3.694      0.073577
   3.698      0.072753
   3.702      0.071931
   3.706      0.071111
   3.710      0.070293
   3.715      0.069477
   3.719      0.068663
   3.723      0.067851
   3.727      0.067041
   3.731      0.066233
   3.735      0.065427
   3.739      0.064623
   3.743      0.063820
   3.747      0.063020
   3.751      0.062222
   3.756      0.061425
   3.760      0.060631
   3.764      0.059838
   3.768      0.059048
   3.772      0.058259
   3.776      0.057472
   3.780      0.056687
   3.784      0.055904
   3.788      0.055122
   3.792      0.054343
   3.797      0.053565
   3.801      0.052789
   3.805      0.052016
   3.809      0.051243
   3.813      0.050473
   3.817      0.049705
   3.821      0.048938
   3.825      0.048173
   3.829      0.047410
   3.833      0.046649
   3.838      0.045889
   3.842      0.045132
   3.846      0.044376
   3.850      0.043622
   3.854      0.042869
   3.858      0.042118
   3.862      0.041370
   3.866      0.040622
   3.870      0.039877
   3.874      0.039133
   3.879      0.038391
   3.883      0.037651
   3.887      0.036912
   3.891      0.036175
   3.895      0.035440
   3.899      0.034706
   3.903      0.033974
   3.907      0.033244
   3.911      0.032515
   3.915      0.031788
   3.920      0.031063
   3.924      0.030339
   3.928      0.029617
   3.932      0.028896
   3.936      0.028177
   3.940      0.027460
   3.944      0.026744
   3.948      0.026030
   3.952      0.025318
   3.956      0.024607
   3.961      0.023898
   3.965      0.023190
   3.969      0.022483
   3.973      0.021779
   3.977      0.021076
   3.981      0.020374
   3.985      0.019674
   3.989      0.018975
   3.993      0.018278
   3.997      0.017582
   4.002      0.016888
   4.006      0.016196
   4.010      0.015505
   4.014      0.014815
   4.018      0.014127
   4.022      0.013440
   4.026      0.012755
   4.030      0.012071
   4.034      0.011388
   4.038      0.010707
   4.043      0.010028
   4.047      0.009350
   4.051      0.008673
   4.055      0.007998
   4.059      0.007324
   4.063      0.006651
   4.067      0.005980
   4.071      0.005310
   4.075      0.004642
   4.079      0.003974
   4.084      0.003309
   4.088      0.002644
   4.092      0.001981
   4.096      0.001320
   4.100      0.000659
   4.104      0.000000
