   0.005     -0.000504
   0.011      0.000252
   0.017      0.001008
   0.022      0.002267
   0.027      0.004029
   0.033      0.006294
   0.038      0.009060
   0.044      0.012326
   0.049      0.016092
   0.055      0.020356
   0.060      0.025117
   0.066      0.030372
   0.071      0.036120
   0.077      0.042358
   0.082      0.049085
   0.088      0.056298
   0.093      0.063994
   0.099      0.072170
   0.104      0.080823
   0.110      0.089951
   0.115      0.099549
   0.121      0.109614
   0.127      0.120142
   0.132      0.131130
   0.137      0.142572
   0.143      0.154466
   0.148      0.166805
   0.154      0.179586
   0.160      0.192804
   0.165      0.206454
   0.170      0.220530
   0.176      0.235027
   0.181      0.249940
   0.187      0.265263
   0.192      0.280990
   0.198      0.297115
   0.203      0.313631
   0.209      0.330534
   0.214      0.347815
   0.220      0.365468
   0.225      0.383487
   0.231      0.401865
   0.236      0.420594
   0.242      0.439667
   0.247      0.459077
   0.253      0.478816
   0.259      0.498877
   0.264      0.519252
   0.269      0.539932
   0.275      0.560910
   0.280      0.582178
   0.286      0.603727
   0.291      0.625550
   0.297      0.647636
   0.302      0.669978
   0.308      0.692567
   0.314      0.715394
   0.319      0.738450
   0.324      0.761726
   0.330      0.785213
   0.335      0.808901
   0.341      0.832781
   0.346      0.856844
   0.352      0.881080
   0.357      0.905480
   0.363      0.930034
   0.368      0.954731
   0.374      0.979563
   0.380      1.004519
   0.385      1.029590
   0.390      1.054765
   0.396      1.080035
   0.401      1.105389
   0.407      1.130817
   0.412      1.156309
   0.418      1.181855
   0.423      1.207444
   0.429      1.233067
   0.434      1.258712
   0.440      1.284370
   0.445      1.310031
   0.451      1.335683
   0.456      1.361318
   0.462      1.386923
   0.467      1.412489
   0.473      1.438007
   0.478      1.463464
   0.484      1.488851
   0.489      1.514159
   0.495      1.539375
   0.500      1.564491
   0.506      1.589496
   0.511      1.614380
   0.517      1.639133
   0.522      1.663745
   0.528      1.688205
   0.533      1.712504
   0.539      1.736632
   0.544      1.760579
   0.550      1.784335
   0.555      1.807891
   0.561      1.831236
   0.567      1.854362
   0.572      1.877259
   0.578      1.899918
   0.583      1.922328
   0.588      1.944482
   0.594      1.966370
   0.599      1.987983
   0.605      2.009312
   0.610      2.030348
   0.616      2.051083
   0.621      2.071508
   0.627      2.091614
   0.632      2.111394
   0.638      2.130839
   0.643      2.149941
   0.649      2.168693
   0.654      2.187086
   0.660      2.205112
   0.665      2.222765
   0.671      2.240037
   0.676      2.256921
   0.682      2.273409
   0.688      2.289495
   0.693      2.305171
   0.699      2.320432
   0.704      2.335271
   0.709      2.349682
   0.715      2.363658
   0.720      2.377193
   0.726      2.390283
   0.731      2.402920
   0.737      2.415100
   0.742      2.426817
   0.748      2.438066
   0.753      2.448843
   0.759      2.459142
   0.764      2.468959
   0.770      2.478289
   0.775      2.487129
   0.781      2.495474
   0.786      2.503320
   0.792      2.510664
   0.797      2.517502
   0.803      2.523831
   0.808      2.529647
   0.814      2.534949
   0.820      2.539732
   0.825      2.543995
   0.830      2.547735
   0.836      2.550949
   0.841      2.553637
   0.847      2.555795
   0.852      2.557423
   0.858      2.558520
   0.863      2.559083
   0.869      2.559111
   0.874      2.558605
   0.880      2.557563
   0.885      2.555985
   0.891      2.553870
   0.896      2.551219
   0.902      2.548032
   0.907      2.544309
   0.913      2.540050
   0.918      2.535257
   0.924      2.529930
   0.929      2.524070
   0.935      2.517679
   0.940      2.510759
   0.946      2.503311
   0.951      2.495337
   0.957      2.486839
   0.962      2.477820
   0.968      2.468282
   0.973      2.458228
   0.979      2.447661
   0.984      2.436584
   0.990      2.425001
   0.995      2.412915
   1.001      2.400330
   1.006      2.387251
   1.012      2.373680
   1.017      2.359623
   1.023      2.345085
   1.028      2.330070
   1.034      2.314583
   1.039      2.298629
   1.045      2.282215
   1.050      2.265345
   1.056      2.248025
   1.061      2.230262
   1.067      2.212061
   1.073      2.193430
   1.078      2.174374
   1.083      2.154901
   1.089      2.135017
   1.095      2.114729
   1.100      2.094046
   1.105      2.072974
   1.111      2.051521
   1.116      2.029695
   1.122      2.007503
   1.127      1.984955
   1.133      1.962058
   1.138      1.938822
   1.144      1.915253
   1.149      1.891362
   1.155      1.867157
   1.160      1.842647
   1.166      1.817841
   1.171      1.792749
   1.177      1.767380
   1.182      1.741744
   1.188      1.715849
   1.194      1.689706
   1.199      1.663325
   1.204      1.636715
   1.210      1.609887
   1.216      1.582849
   1.221      1.555614
   1.226      1.528190
   1.232      1.500588
   1.237      1.472817
   1.243      1.444890
   1.248      1.416815
   1.254      1.388603
   1.259      1.360264
   1.265      1.331810
   1.270      1.303249
   1.276      1.274593
   1.281      1.245852
   1.287      1.217037
   1.292      1.188157
   1.298      1.159223
   1.303      1.130245
   1.309      1.101234
   1.315      1.072199
   1.320      1.043151
   1.325      1.014100
   1.331      0.985055
   1.337      0.956028
   1.342      0.927027
   1.347      0.898062
   1.353      0.869143
   1.358      0.840279
   1.364      0.811481
   1.369      0.782756
   1.375      0.754115
   1.380      0.725567
   1.386      0.697120
   1.391      0.668783
   1.397      0.640565
   1.402      0.612475
   1.408      0.584520
   1.413      0.556710
   1.419      0.529052
   1.424      0.501553
   1.430      0.474223
   1.435      0.447068
   1.441      0.420096
   1.446      0.393314
   1.452      0.366729
   1.458      0.340347
   1.463      0.314177
   1.468      0.288224
   1.474      0.262494
   1.479      0.236994
   1.485      0.211729
   1.490      0.186705
   1.496      0.161928
   1.501      0.137404
   1.507      0.113136
   1.512      0.089131
   1.518      0.065393
   1.523      0.041926
   1.529      0.018735
   1.534     -0.004176
   1.540     -0.026803
   1.545     -0.049143
   1.551     -0.071191
   1.556     -0.092945
   1.562     -0.114401
   1.567     -0.135557
   1.573     -0.156409
   1.579     -0.176956
   1.584     -0.197194
   1.589     -0.217121
   1.595     -0.236737
   1.600     -0.256038
   1.606     -0.275023
   1.611     -0.293691
   1.617     -0.312040
   1.622     -0.330070
   1.628     -0.347780
   1.633     -0.365168
   1.639     -0.382235
   1.644     -0.398980
   1.650     -0.415403
   1.655     -0.431503
   1.661     -0.447281
   1.666     -0.462738
   1.672     -0.477873
   1.677     -0.492687
   1.683     -0.507181
   1.688     -0.521356
   1.694     -0.535213
   1.700     -0.548753
   1.705     -0.561977
   1.710     -0.574886
   1.716     -0.587483
   1.721     -0.599769
   1.727     -0.611745
   1.732     -0.623414
   1.738     -0.634777
   1.743     -0.645837
   1.749     -0.656596
   1.754     -0.667056
   1.760     -0.677220
   1.765     -0.687090
   1.771     -0.696668
   1.776     -0.705958
   1.782     -0.714962
   1.787     -0.723682
   1.793     -0.732123
   1.798     -0.740286
   1.804     -0.748175
   1.809     -0.755793
   1.815     -0.763144
   1.820     -0.770229
   1.826     -0.777053
   1.831     -0.783619
   1.837     -0.789930
   1.842     -0.795990
   1.848     -0.801802
   1.853     -0.807370
   1.859     -0.812696
   1.864     -0.817785
   1.870     -0.822641
   1.875     -0.827266
   1.881     -0.831664
   1.886     -0.835840
   1.892     -0.839796
   1.897     -0.843536
   1.903     -0.847064
   1.908     -0.850383
   1.914     -0.853498
   1.919     -0.856412
   1.925     -0.859128
   1.930     -0.861651
   1.936     -0.863983
   1.941     -0.866129
   1.947     -0.868092
   1.952     -0.869876
   1.958     -0.871484
   1.963     -0.872920
   1.969     -0.874188
   1.974     -0.875291
   1.980     -0.876233
   1.985     -0.877016
   1.991     -0.877645
   1.996     -0.878124
   2.002     -0.878455
   2.007     -0.878642
   2.013     -0.878688
   2.018     -0.878597
   2.024     -0.878372
   2.030     -0.878016
   2.035     -0.877532
   2.040     -0.876925
   2.046     -0.876196
   2.051     -0.875349
   2.057     -0.874387
   2.062     -0.873314
   2.068     -0.872131
   2.073     -0.870843
   2.079     -0.869452
   2.084     -0.867961
   2.090     -0.866373
   2.095     -0.864691
   2.101     -0.862917
   2.107     -0.861054
   2.112     -0.859105
   2.117     -0.857072
   2.123     -0.854959
   2.128     -0.852767
   2.134     -0.850500
   2.139     -0.848159
   2.145     -0.845747
   2.151     -0.843267
   2.156     -0.840721
   2.161     -0.838111
   2.167     -0.835439
   2.172     -0.832707
   2.178     -0.829919
   2.183     -0.827075
   2.189     -0.824179
   2.194     -0.821231
   2.200     -0.818234
   2.205     -0.815191
   2.211     -0.812102
   2.216     -0.808970
   2.222     -0.805796
   2.228     -0.802583
   2.233     -0.799333
   2.238     -0.796046
   2.244     -0.792724
   2.249     -0.789370
   2.255     -0.785985
   2.260     -0.782570
   2.266     -0.779127
   2.272     -0.775657
   2.277     -0.772162
   2.282     -0.768644
   2.288     -0.765103
   2.293     -0.761541
   2.299     -0.757959
   2.304     -0.754360
   2.310     -0.750743
   2.315     -0.747110
   2.321     -0.743462
   2.326     -0.739801
   2.332     -0.736127
   2.337     -0.732442
   2.343     -0.728747
   2.349     -0.725043
   2.354     -0.721330
   2.359     -0.717610
   2.365     -0.713883
   2.370     -0.710152
   2.376     -0.706415
   2.381     -0.702675
   2.387     -0.698933
   2.393     -0.695188
   2.398     -0.691442
   2.403     -0.687696
   2.409     -0.683950
   2.414     -0.680205
   2.420     -0.676462
   2.425     -0.672721
   2.431     -0.668984
   2.436     -0.665250
   2.442     -0.661521
   2.447     -0.657796
   2.453     -0.654078
   2.458     -0.650365
   2.464     -0.646659
   2.470     -0.642960
   2.475     -0.639269
   2.480     -0.635585
   2.486     -0.631911
   2.491     -0.628245
   2.497     -0.624589
   2.502     -0.620943
   2.508     -0.617307
   2.514     -0.613682
   2.519     -0.610068
   2.524     -0.606465
   2.530     -0.602874
   2.535     -0.599295
   2.541     -0.595729
   2.546     -0.592175
   2.552     -0.588634
   2.557     -0.585106
   2.563     -0.581591
   2.568     -0.578090
   2.574     -0.574603
   2.579     -0.571130
   2.585     -0.567671
   2.591     -0.564227
   2.596     -0.560797
   2.601     -0.557382
   2.607     -0.553982
   2.612     -0.550597
   2.618     -0.547227
   2.623     -0.543873
   2.629     -0.540534
   2.635     -0.537211
   2.640     -0.533903
   2.645     -0.530611
   2.651     -0.527335
   2.656     -0.524074
   2.662     -0.520830
   2.667     -0.517602
   2.673     -0.514390
   2.678     -0.511194
   2.684     -0.508014
   2.689     -0.504850
   2.695     -0.501703
   2.700     -0.498571
   2.706     -0.495456
   2.712     -0.492358
   2.717     -0.489275
   2.722     -0.486209
   2.728     -0.483159
   2.733     -0.480126
   2.739     -0.477108
   2.744     -0.474107
   2.750     -0.471122
   2.756     -0.468154
   2.761     -0.465201
   2.766     -0.462265
   2.772     -0.459345
   2.777     -0.456440
   2.783     -0.453552
   2.788     -0.450680
   2.794     -0.447824
   2.799     -0.444984
   2.805     -0.442159
   2.810     -0.439351
   2.816     -0.436558
   2.821     -0.433780
   2.827     -0.431019
   2.833     -0.428273
   2.838     -0.425542
   2.843     -0.422827
   2.849     -0.420127
   2.854     -0.417443
   2.860     -0.414774
   2.865     -0.412120
   2.871     -0.409481
   2.876     -0.406857
   2.882     -0.404248
   2.887     -0.401654
   2.893     -0.399074
   2.898     -0.396510
   2.904     -0.393960
   2.909     -0.391424
   2.915     -0.388903
   2.920     -0.386397
   2.926     -0.383905
   2.931     -0.381427
   2.937     -0.378963
   2.942     -0.376514
   2.948     -0.374078
   2.954     -0.371656
   2.959     -0.369249
   2.964     -0.366855
   2.970     -0.364474
   2.975     -0.362107
   2.981     -0.359754
   2.986     -0.357414
   2.992     -0.355088
   2.997     -0.352775
   3.003     -0.350475
   3.008     -0.348188
   3.014     -0.345914
   3.019     -0.343653
   3.025     -0.341405
   3.030     -0.339170
   3.036     -0.336947
   3.041     -0.334738
   3.047     -0.332540
   3.052     -0.330355
   3.058     -0.328183
   3.063     -0.326022
   3.069     -0.323874
   3.075     -0.321739
   3.080     -0.319615
   3.085     -0.317503
   3.091     -0.315403
   3.096     -0.313315
   3.102     -0.311238
   3.107     -0.309173
   3.113     -0.307120
   3.118     -0.305079
   3.124     -0.303048
   3.129     -0.301029
   3.135     -0.299022
   3.140     -0.297025
   3.146     -0.295040
   3.151     -0.293066
   3.157     -0.291103
   3.162     -0.289150
   3.168     -0.287209
   3.173     -0.285278
   3.179     -0.283358
   3.184     -0.281448
   3.190     -0.279549
   3.196     -0.277661
   3.201     -0.275783
   3.206     -0.273915
   3.212     -0.272057
   3.217     -0.270210
   3.223     -0.268373
   3.228     -0.266545
   3.234     -0.264728
   3.239     -0.262921
   3.245     -0.261123
   3.250     -0.259335
   3.256     -0.257557
   3.261     -0.255789
   3.267     -0.254030
   3.272     -0.252281
   3.278     -0.250541
   3.283     -0.248810
   3.289     -0.247089
   3.294     -0.245377
   3.300     -0.243674
   3.305     -0.241981
   3.311     -0.240296
   3.317     -0.238620
   3.322     -0.236954
   3.327     -0.235296
   3.333     -0.233647
   3.338     -0.232006
   3.344     -0.230375
   3.349     -0.228752
   3.355     -0.227137
   3.360     -0.225531
   3.366     -0.223934
   3.371     -0.222345
   3.377     -0.220764
   3.382     -0.219192
   3.388     -0.217628
   3.393     -0.216072
   3.399     -0.214524
   3.404     -0.212984
   3.410     -0.211452
   3.415     -0.209928
   3.421     -0.208412
   3.426     -0.206904
   3.432     -0.205403
   3.438     -0.203911
   3.443     -0.202426
   3.448     -0.200948
   3.454     -0.199478
   3.459     -0.198016
   3.465     -0.196561
   3.470     -0.195114
   3.476     -0.193674
   3.481     -0.192241
   3.487     -0.190816
   3.492     -0.189397
   3.498     -0.187986
   3.503     -0.186582
   3.509     -0.185185
   3.514     -0.183795
   3.520     -0.182413
   3.525     -0.181037
   3.531     -0.179667
   3.536     -0.178305
   3.542     -0.176950
   3.547     -0.175601
   3.553     -0.174259
   3.558     -0.172923
   3.564     -0.171595
   3.569     -0.170272
   3.575     -0.168957
   3.580     -0.167647
   3.586     -0.166344
   3.591     -0.165048
   3.597     -0.163758
   3.602     -0.162474
   3.608     -0.161196
   3.613     -0.159925
   3.619     -0.158660
   3.624     -0.157400
   3.630     -0.156147
   3.635     -0.154900
   3.641     -0.153659
   3.646     -0.152424
   3.652     -0.151195
   3.657     -0.149972
   3.663     -0.148754
   3.668     -0.147543
   3.674     -0.146337
   3.679     -0.145137
   3.685     -0.143942
   3.690     -0.142753
   3.696     -0.141570
   3.701     -0.140392
   3.707     -0.139220
   3.712     -0.138053
   3.718     -0.136892
   3.723     -0.135736
   3.729     -0.134586
   3.734     -0.133441
   3.740     -0.132301
   3.745     -0.131166
   3.751     -0.130037
   3.756     -0.128913
   3.762     -0.127794
   3.767     -0.126680
   3.773     -0.125571
   3.778     -0.124467
   3.784     -0.123369
   3.789     -0.122275
   3.795     -0.121186
   3.800     -0.120102
   3.806     -0.119023
   3.811     -0.117949
   3.817     -0.116880
   3.822     -0.115815
   3.828     -0.114755
   3.833     -0.113700
   3.839     -0.112650
   3.844     -0.111604
   3.850     -0.110563
   3.855     -0.109526
   3.861     -0.108494
   3.866     -0.107467
   3.872     -0.106444
   3.877     -0.105425
   3.883     -0.104411
   3.888     -0.103401
   3.894     -0.102396
   3.899     -0.101395
   3.905     -0.100398
   3.910     -0.099406
   3.916     -0.098418
   3.921     -0.097434
   3.927     -0.096454
   3.932     -0.095478
   3.938     -0.094507
   3.943     -0.093539
   3.949     -0.092576
   3.954     -0.091617
   3.960     -0.090661
   3.965     -0.089710
   3.971     -0.088763
   3.976     -0.087819
   3.982     -0.086880
   3.987     -0.085944
   3.993     -0.085012
   3.998     -0.084084
   4.004     -0.083160
   4.010     -0.082240
   4.015     -0.081323
   4.021     -0.080410
   4.026     -0.079501
   4.031     -0.078595
   4.037     -0.077693
   4.042     -0.076795
   4.048     -0.075900
   4.053     -0.075009
   4.059     -0.074121
   4.064     -0.073237
   4.070     -0.072357
   4.075     -0.071479
   4.081     -0.070606
   4.087     -0.069735
   4.092     -0.068868
   4.098     -0.068005
   4.103     -0.067144
   4.108     -0.066287
   4.114     -0.065433
   4.119     -0.064583
   4.125     -0.063736
   4.130     -0.062892
   4.136     -0.062051
   4.141     -0.061213
   4.147     -0.060379
   4.152     -0.059547
   4.158     -0.058719
   4.163     -0.057894
   4.169     -0.057072
   4.175     -0.056252
   4.180     -0.055436
   4.185     -0.054623
   4.191     -0.053813
   4.196     -0.053006
   4.202     -0.052201
   4.207     -0.051400
   4.213     -0.050601
   4.218     -0.049806
   4.224     -0.049013
   4.229     -0.048223
   4.235     -0.047435
   4.240     -0.046651
   4.246     -0.045869
   4.252     -0.045090
   4.257     -0.044313
   4.263     -0.043540
   4.268     -0.042769
   4.273     -0.042000
   4.279     -0.041235
   4.284     -0.040471
   4.290     -0.039711
   4.295     -0.038953
   4.301     -0.038197
   4.306     -0.037444
   4.312     -0.036694
   4.317     -0.035946
   4.323     -0.035200
   4.329     -0.034457
   4.334     -0.033716
   4.340     -0.032978
   4.345     -0.032242
   4.350     -0.031509
   4.356     -0.030778
   4.361     -0.030049
   4.367     -0.029322
   4.372     -0.028598
   4.378     -0.027876
   4.383     -0.027156
   4.389     -0.026438
   4.394     -0.025723
   4.400     -0.025010
   4.405     -0.024299
   4.411     -0.023590
   4.417     -0.022883
   4.422     -0.022179
   4.427     -0.021476
   4.433     -0.020776
   4.438     -0.020077
   4.444     -0.019381
   4.449     -0.018687
   4.455     -0.017995
   4.460     -0.017304
   4.466     -0.016616
   4.471     -0.015930
   4.477     -0.015245
   4.482     -0.014563
   4.488     -0.013882
   4.494     -0.013204
   4.499     -0.012527
   4.505     -0.011852
   4.510     -0.011179
   4.515     -0.010507
   4.521     -0.009838
   4.526     -0.009170
   4.532     -0.008504
   4.537     -0.007840
   4.543     -0.007177
   4.548     -0.006517
   4.554     -0.005858
   4.559     -0.005200
   4.565     -0.004545
   4.571     -0.003891
   4.576     -0.003238
   4.582     -0.002587
   4.587     -0.001938
   4.592     -0.001291
   4.598     -0.000644
   4.603      0.000000
