   0.005     -0.000324
   0.011      0.000162
   0.017      0.000647
   0.022      0.001456
   0.027      0.002588
   0.033      0.004043
   0.038      0.005820
   0.044      0.007919
   0.049      0.010339
   0.055      0.013078
   0.060      0.016138
   0.066      0.019515
   0.071      0.023209
   0.077      0.027219
   0.082      0.031544
   0.088      0.036181
   0.093      0.041130
   0.099      0.046388
   0.104      0.051955
   0.110      0.057827
   0.115      0.064004
   0.121      0.070482
   0.127      0.077260
   0.132      0.084335
   0.137      0.091706
   0.143      0.099369
   0.148      0.107321
   0.154      0.115561
   0.160      0.124086
   0.165      0.132891
   0.170      0.141976
   0.176      0.151335
   0.181      0.160967
   0.187      0.170868
   0.192      0.181034
   0.198      0.191462
   0.203      0.202149
   0.209      0.213091
   0.214      0.224284
   0.220      0.235725
   0.225      0.247408
   0.231      0.259332
   0.236      0.271491
   0.242      0.283881
   0.247      0.296498
   0.253      0.309338
   0.259      0.322397
   0.264      0.335669
   0.269      0.349151
   0.275      0.362838
   0.280      0.376726
   0.286      0.390809
   0.291      0.405082
   0.297      0.419542
   0.302      0.434183
   0.308      0.449000
   0.314      0.463988
   0.319      0.479141
   0.324      0.494456
   0.330      0.509927
   0.335      0.525548
   0.341      0.541314
   0.346      0.557221
   0.352      0.573261
   0.357      0.589431
   0.363      0.605725
   0.368      0.622137
   0.374      0.638661
   0.380      0.655293
   0.385      0.672027
   0.390      0.688856
   0.396      0.705776
   0.401      0.722780
   0.407      0.739864
   0.412      0.757021
   0.418      0.774246
   0.423      0.791533
   0.429      0.808876
   0.434      0.826269
   0.440      0.843707
   0.445      0.861185
   0.451      0.878695
   0.456      0.896233
   0.462      0.913793
   0.467      0.931369
   0.473      0.948956
   0.478      0.966547
   0.484      0.984136
   0.489      1.001719
   0.495      1.019290
   0.500      1.036843
   0.506      1.054371
   0.511      1.071871
   0.517      1.089336
   0.522      1.106760
   0.528      1.124138
   0.533      1.141465
   0.539      1.158734
   0.544      1.175942
   0.550      1.193082
   0.555      1.210149
   0.561      1.227138
   0.567      1.244043
   0.572      1.260860
   0.578      1.277583
   0.583      1.294207
   0.588      1.310728
   0.594      1.327139
   0.599      1.343438
   0.605      1.359617
   0.610      1.375674
   0.616      1.391602
   0.621      1.407398
   0.627      1.423057
   0.632      1.438575
   0.638      1.453947
   0.643      1.469168
   0.649      1.484235
   0.654      1.499144
   0.660      1.513889
   0.665      1.528468
   0.671      1.542877
   0.676      1.557111
   0.682      1.571166
   0.688      1.585040
   0.693      1.598729
   0.699      1.612228
   0.704      1.625536
   0.709      1.638648
   0.715      1.651561
   0.720      1.664273
   0.726      1.676780
   0.731      1.689079
   0.737      1.701168
   0.742      1.713043
   0.748      1.724703
   0.753      1.736145
   0.759      1.747366
   0.764      1.758365
   0.770      1.769138
   0.775      1.779684
   0.781      1.790001
   0.786      1.800087
   0.792      1.809940
   0.797      1.819559
   0.803      1.828942
   0.808      1.838087
   0.814      1.846994
   0.820      1.855660
   0.825      1.864086
   0.830      1.872269
   0.836      1.880209
   0.841      1.887905
   0.847      1.895356
   0.852      1.902562
   0.858      1.909522
   0.863      1.916236
   0.869      1.922703
   0.874      1.928923
   0.880      1.934897
   0.885      1.940623
   0.891      1.946103
   0.896      1.951335
   0.902      1.956321
   0.907      1.961062
   0.913      1.965556
   0.918      1.969805
   0.924      1.973810
   0.929      1.977571
   0.935      1.981089
   0.940      1.984365
   0.946      1.987399
   0.951      1.990194
   0.957      1.992750
   0.962      1.995068
   0.968      1.997150
   0.973      1.998997
   0.979      2.000610
   0.984      2.001992
   0.990      2.003143
   0.995      2.004066
   1.001      2.004761
   1.006      2.005232
   1.012      2.005480
   1.017      2.005506
   1.023      2.005313
   1.028      2.004903
   1.034      2.004278
   1.039      2.003441
   1.045      2.002393
   1.050      2.001137
   1.056      1.999675
   1.061      1.998009
   1.067      1.996143
   1.073      1.994078
   1.078      1.991817
   1.083      1.989363
   1.089      1.986719
   1.095      1.983886
   1.100      1.980868
   1.105      1.977668
   1.111      1.974288
   1.116      1.970731
   1.122      1.967000
   1.127      1.963097
   1.133      1.959026
   1.138      1.954790
   1.144      1.950391
   1.149      1.945833
   1.155      1.941118
   1.160      1.936249
   1.166      1.931230
   1.171      1.926063
   1.177      1.920752
   1.182      1.915299
   1.188      1.909708
   1.194      1.903981
   1.199      1.898122
   1.204      1.892133
   1.210      1.886018
   1.216      1.879780
   1.221      1.873422
   1.226      1.866946
   1.232      1.860357
   1.237      1.853656
   1.243      1.846848
   1.248      1.839934
   1.254      1.832918
   1.259      1.825804
   1.265      1.818593
   1.270      1.811289
   1.276      1.803895
   1.281      1.796414
   1.287      1.788848
   1.292      1.781201
   1.298      1.773476
   1.303      1.765675
   1.309      1.757801
   1.315      1.749857
   1.320      1.741846
   1.325      1.733771
   1.331      1.725633
   1.337      1.717437
   1.342      1.709184
   1.347      1.700877
   1.353      1.692519
   1.358      1.684113
   1.364      1.675661
   1.369      1.667165
   1.375      1.658628
   1.380      1.650053
   1.386      1.641441
   1.391      1.632796
   1.397      1.624120
   1.402      1.615414
   1.408      1.606682
   1.413      1.597925
   1.419      1.589146
   1.424      1.580347
   1.430      1.571530
   1.435      1.562697
   1.441      1.553850
   1.446      1.544991
   1.452      1.536123
   1.458      1.527247
   1.463      1.518364
   1.468      1.509478
   1.474      1.500590
   1.479      1.491701
   1.485      1.482814
   1.490      1.473930
   1.496      1.465050
   1.501      1.456177
   1.507      1.447312
   1.512      1.438457
   1.518      1.429613
   1.523      1.420782
   1.529      1.411965
   1.534      1.403163
   1.540      1.394378
   1.545      1.385612
   1.551      1.376866
   1.556      1.368140
   1.562      1.359437
   1.567      1.350756
   1.573      1.342101
   1.579      1.333471
   1.584      1.324868
   1.589      1.316293
   1.595      1.307747
   1.600      1.299231
   1.606      1.290746
   1.611      1.282292
   1.617      1.273872
   1.622      1.265485
   1.628      1.257132
   1.633      1.248815
   1.639      1.240533
   1.644      1.232289
   1.650      1.224082
   1.655      1.215913
   1.661      1.207784
   1.666      1.199693
   1.672      1.191643
   1.677      1.183633
   1.683      1.175665
   1.688      1.167738
   1.694      1.159854
   1.700      1.152012
   1.705      1.144214
   1.710      1.136459
   1.716      1.128748
   1.721      1.121081
   1.727      1.113459
   1.732      1.105882
   1.738      1.098351
   1.743      1.090864
   1.749      1.083424
   1.754      1.076030
   1.760      1.068682
   1.765      1.061380
   1.771      1.054125
   1.776      1.046917
   1.782      1.039755
   1.787      1.032641
   1.793      1.025574
   1.798      1.018554
   1.804      1.011581
   1.809      1.004656
   1.815      0.997778
   1.820      0.990947
   1.826      0.984163
   1.831      0.977427
   1.837      0.970738
   1.842      0.964096
   1.848      0.957502
   1.853      0.950954
   1.859      0.944454
   1.864      0.938000
   1.870      0.931594
   1.875      0.925233
   1.881      0.918920
   1.886      0.912653
   1.892      0.906432
   1.897      0.900257
   1.903      0.894128
   1.908      0.888044
   1.914      0.882006
   1.919      0.876014
   1.925      0.870066
   1.930      0.864163
   1.936      0.858305
   1.941      0.852492
   1.947      0.846722
   1.952      0.840996
   1.958      0.835314
   1.963      0.829676
   1.969      0.824080
   1.974      0.818527
   1.980      0.813017
   1.985      0.807549
   1.991      0.802123
   1.996      0.796739
   2.002      0.791396
   2.007      0.786094
   2.013      0.780833
   2.018      0.775612
   2.024      0.770431
   2.030      0.765291
   2.035      0.760189
   2.040      0.755127
   2.046      0.750104
   2.051      0.745120
   2.057      0.740173
   2.062      0.735265
   2.068      0.730394
   2.073      0.725560
   2.079      0.720763
   2.084      0.716003
   2.090      0.711279
   2.095      0.706591
   2.101      0.701938
   2.107      0.697321
   2.112      0.692738
   2.117      0.688191
   2.123      0.683677
   2.128      0.679198
   2.134      0.674752
   2.139      0.670339
   2.145      0.665959
   2.151      0.661612
   2.156      0.657297
   2.161      0.653014
   2.167      0.648763
   2.172      0.644543
   2.178      0.640354
   2.183      0.636196
   2.189      0.632068
   2.194      0.627971
   2.200      0.623903
   2.205      0.619865
   2.211      0.615855
   2.216      0.611875
   2.222      0.607923
   2.228      0.604000
   2.233      0.600105
   2.238      0.596237
   2.244      0.592397
   2.249      0.588584
   2.255      0.584798
   2.260      0.581038
   2.266      0.577305
   2.272      0.573598
   2.277      0.569917
   2.282      0.566261
   2.288      0.562631
   2.293      0.559026
   2.299      0.555445
   2.304      0.551889
   2.310      0.548358
   2.315      0.544850
   2.321      0.541366
   2.326      0.537906
   2.332      0.534470
   2.337      0.531056
   2.343      0.527666
   2.349      0.524298
   2.354      0.520953
   2.359      0.517630
   2.365      0.514329
   2.370      0.511050
   2.376      0.507793
   2.381      0.504558
   2.387      0.501343
   2.393      0.498150
   2.398      0.494978
   2.403      0.491827
   2.409      0.488696
   2.414      0.485586
   2.420      0.482496
   2.425      0.479426
   2.431      0.476376
   2.436      0.473345
   2.442      0.470335
   2.447      0.467344
   2.453      0.464372
   2.458      0.461419
   2.464      0.458485
   2.470      0.455570
   2.475      0.452674
   2.480      0.449797
   2.486      0.446938
   2.491      0.444097
   2.497      0.441274
   2.502      0.438470
   2.508      0.435683
   2.514      0.432914
   2.519      0.430163
   2.524      0.427430
   2.530      0.424713
   2.535      0.422014
   2.541      0.419332
   2.546      0.416668
   2.552      0.414020
   2.557      0.411389
   2.563      0.408774
   2.568      0.406176
   2.574      0.403595
   2.579      0.401029
   2.585      0.398480
   2.591      0.395947
   2.596      0.393430
   2.601      0.390929
   2.607      0.388444
   2.612      0.385974
   2.618      0.383520
   2.623      0.381081
   2.629      0.378657
   2.635      0.376249
   2.640      0.373855
   2.645      0.371477
   2.651      0.369113
   2.656      0.366764
   2.662      0.364430
   2.667      0.362110
   2.673      0.359805
   2.678      0.357514
   2.684      0.355237
   2.689      0.352974
   2.695      0.350725
   2.700      0.348491
   2.706      0.346269
   2.712      0.344062
   2.717      0.341868
   2.722      0.339688
   2.728      0.337521
   2.733      0.335368
   2.739      0.333228
   2.744      0.331101
   2.750      0.328987
   2.756      0.326885
   2.761      0.324797
   2.766      0.322721
   2.772      0.320658
   2.777      0.318608
   2.783      0.316570
   2.788      0.314545
   2.794      0.312531
   2.799      0.310530
   2.805      0.308542
   2.810      0.306565
   2.816      0.304600
   2.821      0.302647
   2.827      0.300705
   2.833      0.298776
   2.838      0.296858
   2.843      0.294951
   2.849      0.293056
   2.854      0.291173
   2.860      0.289300
   2.865      0.287439
   2.871      0.285589
   2.876      0.283750
   2.882      0.281922
   2.887      0.280105
   2.893      0.278298
   2.898      0.276503
   2.904      0.274718
   2.909      0.272943
   2.915      0.271179
   2.920      0.269426
   2.926      0.267683
   2.931      0.265950
   2.937      0.264227
   2.942      0.262514
   2.948      0.260812
   2.954      0.259119
   2.959      0.257437
   2.964      0.255764
   2.970      0.254101
   2.975      0.252448
   2.981      0.250804
   2.986      0.249170
   2.992      0.247545
   2.997      0.245930
   3.003      0.244324
   3.008      0.242728
   3.014      0.241140
   3.019      0.239562
   3.025      0.237993
   3.030      0.236433
   3.036      0.234882
   3.041      0.233340
   3.047      0.231807
   3.052      0.230282
   3.058      0.228766
   3.063      0.227259
   3.069      0.225761
   3.075      0.224271
   3.080      0.222789
   3.085      0.221316
   3.091      0.219852
   3.096      0.218395
   3.102      0.216947
   3.107      0.215507
   3.113      0.214075
   3.118      0.212651
   3.124      0.211235
   3.129      0.209828
   3.135      0.208428
   3.140      0.207036
   3.146      0.205651
   3.151      0.204275
   3.157      0.202906
   3.162      0.201545
   3.168      0.200191
   3.173      0.198845
   3.179      0.197506
   3.184      0.196175
   3.190      0.194851
   3.196      0.193534
   3.201      0.192225
   3.206      0.190923
   3.212      0.189628
   3.217      0.188340
   3.223      0.187059
   3.228      0.185785
   3.234      0.184519
   3.239      0.183259
   3.245      0.182006
   3.250      0.180759
   3.256      0.179520
   3.261      0.178287
   3.267      0.177061
   3.272      0.175842
   3.278      0.174629
   3.283      0.173423
   3.289      0.172223
   3.294      0.171029
   3.300      0.169842
   3.305      0.168662
   3.311      0.167488
   3.317      0.166320
   3.322      0.165158
   3.327      0.164002
   3.333      0.162853
   3.338      0.161709
   3.344      0.160572
   3.349      0.159441
   3.355      0.158316
   3.360      0.157196
   3.366      0.156083
   3.371      0.154975
   3.377      0.153874
   3.382      0.152777
   3.388      0.151687
   3.393      0.150603
   3.399      0.149524
   3.404      0.148450
   3.410      0.147383
   3.415      0.146320
   3.421      0.145264
   3.426      0.144212
   3.432      0.143167
   3.438      0.142126
   3.443      0.141091
   3.448      0.140061
   3.454      0.139037
   3.459      0.138018
   3.465      0.137004
   3.470      0.135995
   3.476      0.134991
   3.481      0.133992
   3.487      0.132999
   3.492      0.132010
   3.498      0.131027
   3.503      0.130048
   3.509      0.129075
   3.514      0.128106
   3.520      0.127142
   3.525      0.126183
   3.531      0.125229
   3.536      0.124279
   3.542      0.123334
   3.547      0.122394
   3.553      0.121459
   3.558      0.120528
   3.564      0.119602
   3.569      0.118680
   3.575      0.117763
   3.580      0.116850
   3.586      0.115942
   3.591      0.115039
   3.597      0.114139
   3.602      0.113245
   3.608      0.112354
   3.613      0.111468
   3.619      0.110586
   3.624      0.109708
   3.630      0.108835
   3.635      0.107966
   3.641      0.107101
   3.646      0.106240
   3.652      0.105383
   3.657      0.104531
   3.663      0.103682
   3.668      0.102838
   3.674      0.101997
   3.679      0.101161
   3.685      0.100328
   3.690      0.099499
   3.696      0.098675
   3.701      0.097854
   3.707      0.097037
   3.712      0.096224
   3.718      0.095414
   3.723      0.094609
   3.729      0.093807
   3.734      0.093008
   3.740      0.092214
   3.745      0.091423
   3.751      0.090636
   3.756      0.089853
   3.762      0.089073
   3.767      0.088296
   3.773      0.087523
   3.778      0.086754
   3.784      0.085988
   3.789      0.085226
   3.795      0.084467
   3.800      0.083712
   3.806      0.082959
   3.811      0.082211
   3.817      0.081465
   3.822      0.080723
   3.828      0.079985
   3.833      0.079249
   3.839      0.078517
   3.844      0.077788
   3.850      0.077063
   3.855      0.076340
   3.861      0.075621
   3.866      0.074905
   3.872      0.074192
   3.877      0.073482
   3.883      0.072775
   3.888      0.072071
   3.894      0.071370
   3.899      0.070673
   3.905      0.069978
   3.910      0.069286
   3.916      0.068597
   3.921      0.067911
   3.927      0.067229
   3.932      0.066548
   3.938      0.065871
   3.943      0.065197
   3.949      0.064526
   3.954      0.063857
   3.960      0.063191
   3.965      0.062528
   3.971      0.061868
   3.976      0.061210
   3.982      0.060555
   3.987      0.059903
   3.993      0.059254
   3.998      0.058607
   4.004      0.057963
   4.010      0.057321
   4.015      0.056682
   4.021      0.056046
   4.026      0.055412
   4.031      0.054781
   4.037      0.054153
   4.042      0.053526
   4.048      0.052903
   4.053      0.052282
   4.059      0.051663
   4.064      0.051047
   4.070      0.050433
   4.075      0.049821
   4.081      0.049212
   4.087      0.048606
   4.092      0.048001
   4.098      0.047399
   4.103      0.046800
   4.108      0.046202
   4.114      0.045607
   4.119      0.045014
   4.125      0.044424
   4.130      0.043836
   4.136      0.043250
   4.141      0.042666
   4.147      0.042084
   4.152      0.041505
   4.158      0.040927
   4.163      0.040352
   4.169      0.039779
   4.175      0.039208
   4.180      0.038639
   4.185      0.038072
   4.191      0.037508
   4.196      0.036945
   4.202      0.036384
   4.207      0.035826
   4.213      0.035269
   4.218      0.034715
   4.224      0.034162
   4.229      0.033611
   4.235      0.033062
   4.240      0.032516
   4.246      0.031971
   4.252      0.031428
   4.257      0.030887
   4.263      0.030347
   4.268      0.029810
   4.273      0.029274
   4.279      0.028741
   4.284      0.028209
   4.290      0.027679
   4.295      0.027150
   4.301      0.026624
   4.306      0.026099
   4.312      0.025576
   4.317      0.025054
   4.323      0.024535
   4.329      0.024017
   4.334      0.023500
   4.340      0.022986
   4.345      0.022473
   4.350      0.021962
   4.356      0.021452
   4.361      0.020944
   4.367      0.020438
   4.372      0.019933
   4.378      0.019429
   4.383      0.018928
   4.389      0.018428
   4.394      0.017929
   4.400      0.017432
   4.405      0.016936
   4.411      0.016442
   4.417      0.015950
   4.422      0.015459
   4.427      0.014969
   4.433      0.014481
   4.438      0.013994
   4.444      0.013509
   4.449      0.013025
   4.455      0.012542
   4.460      0.012061
   4.466      0.011581
   4.471      0.011103
   4.477      0.010626
   4.482      0.010150
   4.488      0.009676
   4.494      0.009203
   4.499      0.008731
   4.505      0.008261
   4.510      0.007792
   4.515      0.007324
   4.521      0.006857
   4.526      0.006392
   4.532      0.005927
   4.537      0.005464
   4.543      0.005003
   4.548      0.004542
   4.554      0.004083
   4.559      0.003625
   4.565      0.003168
   4.571      0.002712
   4.576      0.002257
   4.582      0.001803
   4.587      0.001351
   4.592      0.000899
   4.598      0.000449
   4.603      0.000000
