   0.000      1.359821
   0.007      1.359821
   0.015      1.359821
   0.022      1.359821
   0.029      1.359821
   0.037      1.359821
   0.044      1.359821
   0.051      1.359821
   0.059      1.359821
   0.066      1.359820
   0.073      1.359820
   0.080      1.359819
   0.088      1.359817
   0.095      1.359815
   0.102      1.359811
   0.110      1.359807
   0.117      1.359800
   0.124      1.359791
   0.132      1.359779
   0.139      1.359763
   0.146      1.359743
   0.154      1.359717
   0.161      1.359685
   0.168      1.359645
   0.176      1.359596
   0.183      1.359537
   0.190      1.359465
   0.197      1.359379
   0.205      1.359278
   0.212      1.359159
   0.219      1.359019
   0.227      1.358857
   0.234      1.358670
   0.241      1.358455
   0.249      1.358210
   0.256      1.357931
   0.263      1.357615
   0.271      1.357260
   0.278      1.356862
   0.285      1.356418
   0.293      1.355924
   0.300      1.355376
   0.307      1.354772
   0.314      1.354107
   0.322      1.353378
   0.329      1.352581
   0.336      1.351713
   0.344      1.350770
   0.351      1.349748
   0.358      1.348644
   0.366      1.347455
   0.373      1.346178
   0.380      1.344808
   0.388      1.343344
   0.395      1.341781
   0.402      1.340118
   0.410      1.338352
   0.417      1.336480
   0.424      1.334500
   0.431      1.332410
   0.439      1.330209
   0.446      1.327894
   0.453      1.325465
   0.461      1.322920
   0.468      1.320258
   0.475      1.317479
   0.483      1.314583
   0.490      1.311569
   0.497      1.308437
   0.505      1.305188
   0.512      1.301822
   0.519      1.298341
   0.527      1.294745
   0.534      1.291035
   0.541      1.287214
   0.548      1.283282
   0.556      1.279243
   0.563      1.275097
   0.570      1.270847
   0.578      1.266496
   0.585      1.262046
   0.592      1.257500
   0.600      1.252860
   0.607      1.248131
   0.614      1.243315
   0.622      1.238415
   0.629      1.233434
   0.636      1.228376
   0.644      1.223245
   0.651      1.218043
   0.658      1.212775
   0.665      1.207443
   0.673      1.202052
   0.680      1.196604
   0.687      1.191105
   0.695      1.185556
   0.702      1.179961
   0.709      1.174324
   0.717      1.168649
   0.724      1.162938
   0.731      1.157196
   0.739      1.151425
   0.746      1.145628
   0.753      1.139809
   0.761      1.133970
   0.768      1.128115
   0.775      1.122246
   0.782      1.116367
   0.790      1.110480
   0.797      1.104588
   0.804      1.098692
   0.812      1.092796
   0.819      1.086902
   0.826      1.081013
   0.834      1.075129
   0.841      1.069255
   0.848      1.063390
   0.856      1.057538
   0.863      1.051700
   0.870      1.045878
   0.878      1.040073
   0.885      1.034287
   0.892      1.028521
   0.899      1.022778
   0.907      1.017057
   0.914      1.011361
   0.921      1.005690
   0.929      1.000046
   0.936      0.994429
   0.943      0.988841
   0.951      0.983282
   0.958      0.977754
   0.965      0.972256
   0.973      0.966790
   0.980      0.961356
   0.987      0.955955
   0.995      0.950588
   1.002      0.945254
   1.009      0.939955
   1.016      0.934690
   1.024      0.929461
   1.031      0.924266
   1.038      0.919108
   1.046      0.913985
   1.053      0.908899
   1.060      0.903848
   1.068      0.898835
   1.075      0.893857
   1.082      0.888917
   1.090      0.884013
   1.097      0.879146
   1.104      0.874315
   1.112      0.869522
   1.119      0.864765
   1.126      0.860044
   1.133      0.855361
   1.141      0.850714
   1.148      0.846103
   1.155      0.841529
   1.163      0.836991
   1.170      0.832490
   1.177      0.828024
   1.185      0.823594
   1.192      0.819199
   1.199      0.814841
   1.207      0.810517
   1.214      0.806229
   1.221      0.801975
   1.229      0.797757
   1.236      0.793573
   1.243      0.789423
   1.250      0.785307
   1.258      0.781225
   1.265      0.777177
   1.272      0.773162
   1.280      0.769181
   1.287      0.765232
   1.294      0.761316
   1.302      0.757432
   1.309      0.753581
   1.316      0.749762
   1.324      0.745974
   1.331      0.742218
   1.338      0.738493
   1.346      0.734799
   1.353      0.731136
   1.360      0.727503
   1.367      0.723901
   1.375      0.720328
   1.382      0.716785
   1.389      0.713272
   1.397      0.709787
   1.404      0.706332
   1.411      0.702905
   1.419      0.699507
   1.426      0.696137
   1.433      0.692795
   1.441      0.689480
   1.448      0.686193
   1.455      0.682933
   1.463      0.679700
   1.470      0.676493
   1.477      0.673313
   1.484      0.670159
   1.492      0.667031
   1.499      0.663929
   1.506      0.660852
   1.514      0.657800
   1.521      0.654773
   1.528      0.651771
   1.536      0.648794
   1.543      0.645840
   1.550      0.642911
   1.558      0.640005
   1.565      0.637123
   1.572      0.634264
   1.580      0.631428
   1.587      0.628616
   1.594      0.625825
   1.601      0.623057
   1.609      0.620312
   1.616      0.617588
   1.623      0.614886
   1.631      0.612206
   1.638      0.609547
   1.645      0.606909
   1.653      0.604292
   1.660      0.601695
   1.667      0.599119
   1.675      0.596564
   1.682      0.594028
   1.689      0.591513
   1.697      0.589017
   1.704      0.586540
   1.711      0.584083
   1.718      0.581645
   1.726      0.579226
   1.733      0.576826
   1.740      0.574444
   1.748      0.572081
   1.755      0.569736
   1.762      0.567408
   1.770      0.565099
   1.777      0.562807
   1.784      0.560533
   1.792      0.558276
   1.799      0.556036
   1.806      0.553813
   1.814      0.551607
   1.821      0.549418
   1.828      0.547245
   1.836      0.545088
   1.843      0.542948
   1.850      0.540823
   1.857      0.538714
   1.865      0.536621
   1.872      0.534544
   1.879      0.532481
   1.887      0.530434
   1.894      0.528402
   1.901      0.526385
   1.909      0.524383
   1.916      0.522395
   1.923      0.520422
   1.931      0.518463
   1.938      0.516519
   1.945      0.514588
   1.953      0.512671
   1.960      0.510768
   1.967      0.508879
   1.974      0.507003
   1.982      0.505141
   1.989      0.503292
   1.996      0.501456
   2.004      0.499633
   2.011      0.497823
   2.018      0.496025
   2.026      0.494241
   2.033      0.492468
   2.040      0.490709
   2.048      0.488961
   2.055      0.487225
   2.062      0.485502
   2.070      0.483791
   2.077      0.482091
   2.084      0.480403
   2.091      0.478726
   2.099      0.477061
   2.106      0.475408
   2.113      0.473765
   2.121      0.472134
   2.128      0.470514
   2.135      0.468905
   2.143      0.467306
   2.150      0.465719
   2.157      0.464141
   2.165      0.462575
   2.172      0.461019
   2.179      0.459473
   2.187      0.457937
   2.194      0.456412
   2.201      0.454897
   2.208      0.453391
   2.216      0.451896
   2.223      0.450410
   2.230      0.448934
   2.238      0.447467
   2.245      0.446010
   2.252      0.444562
   2.260      0.443124
   2.267      0.441695
   2.274      0.440275
   2.282      0.438864
   2.289      0.437462
   2.296      0.436069
   2.304      0.434685
   2.311      0.433310
   2.318      0.431943
   2.325      0.430584
   2.333      0.429235
   2.340      0.427893
   2.347      0.426561
   2.355      0.425236
   2.362      0.423919
   2.369      0.422611
   2.377      0.421311
   2.384      0.420018
   2.391      0.418734
   2.399      0.417457
   2.406      0.416188
   2.413      0.414927
   2.421      0.413674
   2.428      0.412428
   2.435      0.411189
   2.442      0.409958
   2.450      0.408734
   2.457      0.407518
   2.464      0.406309
   2.472      0.405106
   2.479      0.403911
   2.486      0.402723
   2.494      0.401542
   2.501      0.400368
   2.508      0.399201
   2.516      0.398041
   2.523      0.396887
   2.530      0.395740
   2.538      0.394599
   2.545      0.393465
   2.552      0.392338
   2.559      0.391217
   2.567      0.390102
   2.574      0.388994
   2.581      0.387892
   2.589      0.386797
   2.596      0.385707
   2.603      0.384623
   2.611      0.383546
   2.618      0.382475
   2.625      0.381409
   2.633      0.380350
   2.640      0.379296
   2.647      0.378249
   2.655      0.377207
   2.662      0.376170
   2.669      0.375140
   2.676      0.374115
   2.684      0.373095
   2.691      0.372081
   2.698      0.371073
   2.706      0.370070
   2.713      0.369073
   2.720      0.368081
   2.728      0.367094
   2.735      0.366112
   2.742      0.365136
   2.750      0.364165
   2.757      0.363199
   2.764      0.362238
   2.772      0.361282
   2.779      0.360331
   2.786      0.359386
   2.793      0.358445
   2.801      0.357509
   2.808      0.356578
   2.815      0.355652
   2.823      0.354730
   2.830      0.353814
   2.837      0.352902
   2.845      0.351995
   2.852      0.351092
   2.859      0.350194
   2.867      0.349301
   2.874      0.348412
   2.881      0.347528
   2.889      0.346648
   2.896      0.345773
   2.903      0.344902
   2.910      0.344035
