   0.000      3.704621
   0.007      3.705008
   0.015      3.704872
   0.022      3.705418
   0.029      3.706665
   0.037      3.709107
   0.044      3.713381
   0.051      3.719980
   0.059      3.729278
   0.066      3.741536
   0.073      3.756743
   0.080      3.774701
   0.088      3.795070
   0.095      3.817451
   0.102      3.841527
   0.110      3.866912
   0.117      3.893311
   0.124      3.920463
   0.132      3.948161
   0.139      3.976210
   0.146      4.004452
   0.154      4.032756
   0.161      4.060974
   0.168      4.089011
   0.176      4.116767
   0.183      4.144147
   0.190      4.171059
   0.197      4.197418
   0.205      4.223134
   0.212      4.248143
   0.219      4.272362
   0.227      4.295722
   0.234      4.318133
   0.241      4.339540
   0.249      4.359865
   0.256      4.379049
   0.263      4.397007
   0.271      4.413690
   0.278      4.429016
   0.285      4.442921
   0.293      4.455359
   0.300      4.466246
   0.307      4.475535
   0.314      4.483166
   0.322      4.489079
   0.329      4.493191
   0.336      4.495518
   0.344      4.496030
   0.351      4.494586
   0.358      4.491165
   0.366      4.485708
   0.373      4.478184
   0.380      4.468536
   0.388      4.456735
   0.395      4.442737
   0.402      4.426510
   0.410      4.408027
   0.417      4.387259
   0.424      4.364184
   0.431      4.338777
   0.439      4.311019
   0.446      4.280901
   0.453      4.248409
   0.461      4.213546
   0.468      4.176291
   0.475      4.136667
   0.483      4.094660
   0.490      4.050295
   0.497      4.003575
   0.505      3.954524
   0.512      3.903163
   0.519      3.849518
   0.527      3.793620
   0.534      3.735508
   0.541      3.675220
   0.548      3.612799
   0.556      3.548297
   0.563      3.481766
   0.570      3.413263
   0.578      3.342853
   0.585      3.270601
   0.592      3.196579
   0.600      3.120861
   0.607      3.043530
   0.614      2.964664
   0.622      2.884354
   0.629      2.802691
   0.636      2.719770
   0.644      2.635689
   0.651      2.550549
   0.658      2.464456
   0.665      2.377516
   0.673      2.289843
   0.680      2.201550
   0.687      2.112749
   0.695      2.023562
   0.702      1.934106
   0.709      1.844502
   0.717      1.754874
   0.724      1.665345
   0.731      1.576042
   0.739      1.487083
   0.746      1.398598
   0.753      1.310711
   0.761      1.223544
   0.768      1.137220
   0.775      1.051862
   0.782      0.967600
   0.790      0.884566
   0.797      0.802865
   0.804      0.722603
   0.812      0.643888
   0.819      0.566824
   0.826      0.491519
   0.834      0.418070
   0.841      0.346574
   0.848      0.277124
   0.856      0.209805
   0.863      0.144699
   0.870      0.081883
   0.878      0.021427
   0.885     -0.036604
   0.892     -0.092150
   0.899     -0.145162
   0.907     -0.195589
   0.914     -0.243396
   0.921     -0.288549
   0.929     -0.331023
   0.936     -0.370798
   0.943     -0.407864
   0.951     -0.442217
   0.958     -0.473859
   0.965     -0.502801
   0.973     -0.529060
   0.980     -0.552662
   0.987     -0.573636
   0.995     -0.592023
   1.002     -0.607867
   1.009     -0.621223
   1.016     -0.632146
   1.024     -0.640703
   1.031     -0.646969
   1.038     -0.651012
   1.046     -0.652924
   1.053     -0.652788
   1.060     -0.650699
   1.068     -0.646751
   1.075     -0.641050
   1.082     -0.633702
   1.090     -0.624813
   1.097     -0.614495
   1.104     -0.602869
   1.112     -0.590045
   1.119     -0.576146
   1.126     -0.561289
   1.133     -0.545598
   1.141     -0.529193
   1.148     -0.512191
   1.155     -0.494713
   1.163     -0.476886
   1.170     -0.458814
   1.177     -0.440613
   1.185     -0.422397
   1.192     -0.404276
   1.199     -0.386346
   1.207     -0.368698
   1.214     -0.351436
   1.221     -0.334643
   1.229     -0.318390
   1.236     -0.302743
   1.243     -0.287770
   1.250     -0.273534
   1.258     -0.260057
   1.265     -0.247372
   1.272     -0.235498
   1.280     -0.224458
   1.287     -0.214228
   1.294     -0.204779
   1.302     -0.196070
   1.309     -0.188036
   1.316     -0.180621
   1.324     -0.173757
   1.331     -0.167364
   1.338     -0.161262
   1.346     -0.155330
   1.353     -0.149611
   1.360     -0.144074
   1.367     -0.138704
   1.375     -0.133544
   1.382     -0.128549
   1.389     -0.123702
   1.397     -0.118997
   1.404     -0.114447
   1.411     -0.110071
   1.419     -0.105840
   1.426     -0.101750
   1.433     -0.097798
   1.441     -0.093978
   1.448     -0.090286
   1.455     -0.086719
   1.463     -0.083271
   1.470     -0.079940
   1.477     -0.076722
   1.484     -0.073612
   1.492     -0.070608
   1.499     -0.067705
   1.506     -0.064902
   1.514     -0.062195
   1.521     -0.059580
   1.528     -0.057055
   1.536     -0.054616
   1.543     -0.052262
   1.550     -0.049989
   1.558     -0.047795
   1.565     -0.045676
   1.572     -0.043632
   1.580     -0.041659
   1.587     -0.039755
   1.594     -0.037919
   1.601     -0.036147
   1.609     -0.034437
   1.616     -0.032789
   1.623     -0.031198
   1.631     -0.029666
   1.638     -0.028188
   1.645     -0.026763
   1.653     -0.025390
   1.660     -0.024066
   1.667     -0.022791
   1.675     -0.021563
   1.682     -0.020379
   1.689     -0.019240
   1.697     -0.018143
   1.704     -0.017087
   1.711     -0.016070
   1.718     -0.015091
   1.726     -0.014150
   1.733     -0.013244
   1.740     -0.012373
   1.748     -0.011535
   1.755     -0.010730
   1.762     -0.009955
   1.770     -0.009212
   1.777     -0.008497
   1.784     -0.007811
   1.792     -0.007151
   1.799     -0.006518
   1.806     -0.005911
   1.814     -0.005329
   1.821     -0.004770
   1.828     -0.004233
   1.836     -0.003720
   1.843     -0.003227
   1.850     -0.002756
   1.857     -0.002304
   1.865     -0.001872
   1.872     -0.001458
   1.879     -0.001062
   1.887     -0.000683
   1.894     -0.000321
   1.901      0.000025
   1.909      0.000355
   1.916      0.000671
   1.923      0.000972
   1.931      0.001259
   1.938      0.001533
   1.945      0.001794
   1.953      0.002043
   1.960      0.002279
   1.967      0.002505
   1.974      0.002719
   1.982      0.002922
   1.989      0.003116
   1.996      0.003299
   2.004      0.003473
   2.011      0.003637
   2.018      0.003794
   2.026      0.003942
   2.033      0.004082
   2.040      0.004214
   2.048      0.004338
   2.055      0.004456
   2.062      0.004567
   2.070      0.004671
   2.077      0.004768
   2.084      0.004860
   2.091      0.004946
   2.099      0.005027
   2.106      0.005103
   2.113      0.005173
   2.121      0.005239
   2.128      0.005300
   2.135      0.005357
   2.143      0.005409
   2.150      0.005458
   2.157      0.005503
   2.165      0.005544
   2.172      0.005581
   2.179      0.005616
   2.187      0.005648
   2.194      0.005676
   2.201      0.005702
   2.208      0.005724
   2.216      0.005746
   2.223      0.005763
   2.230      0.005779
   2.238      0.005793
   2.245      0.005805
   2.252      0.005814
   2.260      0.005822
   2.267      0.005829
   2.274      0.005833
   2.282      0.005837
   2.289      0.005839
   2.296      0.005839
   2.304      0.005839
   2.311      0.005836
   2.318      0.005833
   2.325      0.005829
   2.333      0.005825
   2.340      0.005819
   2.347      0.005812
   2.355      0.005805
   2.362      0.005797
   2.369      0.005789
   2.377      0.005779
   2.384      0.005769
   2.391      0.005759
   2.399      0.005748
   2.406      0.005737
   2.413      0.005725
   2.421      0.005713
   2.428      0.005701
   2.435      0.005688
   2.442      0.005675
   2.450      0.005661
   2.457      0.005648
   2.464      0.005634
   2.472      0.005620
   2.479      0.005605
   2.486      0.005591
   2.494      0.005577
   2.501      0.005562
   2.508      0.005547
   2.516      0.005533
   2.523      0.005518
   2.530      0.005503
   2.538      0.005488
   2.545      0.005473
   2.552      0.005458
   2.559      0.005443
   2.567      0.005428
   2.574      0.005413
   2.581      0.005398
   2.589      0.005383
   2.596      0.005368
   2.603      0.005353
   2.611      0.005338
   2.618      0.005324
   2.625      0.005309
   2.633      0.005294
   2.640      0.005280
   2.647      0.005265
   2.655      0.005251
   2.662      0.005236
   2.669      0.005222
   2.676      0.005207
   2.684      0.005193
   2.691      0.005179
   2.698      0.005165
   2.706      0.005151
   2.713      0.005137
   2.720      0.005124
   2.728      0.005110
   2.735      0.005096
   2.742      0.005083
   2.750      0.005069
   2.757      0.005056
   2.764      0.005042
   2.772      0.005029
   2.779      0.005016
   2.786      0.005002
   2.793      0.004989
   2.801      0.004976
   2.808      0.004963
   2.815      0.004951
   2.823      0.004938
   2.830      0.004925
   2.837      0.004912
   2.845      0.004900
   2.852      0.004887
   2.859      0.004875
   2.867      0.004862
   2.874      0.004850
   2.881      0.004837
   2.889      0.004825
   2.896      0.004813
   2.903      0.004801
   2.910      0.004789
