   0.000      0.778203
   0.007      0.778203
   0.015      0.778203
   0.022      0.778203
   0.029      0.778203
   0.037      0.778203
   0.044      0.778203
   0.051      0.778203
   0.059      0.778202
   0.066      0.778202
   0.073      0.778202
   0.080      0.778202
   0.088      0.778201
   0.095      0.778201
   0.102      0.778200
   0.110      0.778200
   0.117      0.778199
   0.124      0.778198
   0.132      0.778196
   0.139      0.778195
   0.146      0.778193
   0.154      0.778191
   0.161      0.778188
   0.168      0.778185
   0.176      0.778182
   0.183      0.778179
   0.190      0.778174
   0.197      0.778170
   0.205      0.778165
   0.212      0.778159
   0.219      0.778152
   0.227      0.778145
   0.234      0.778137
   0.241      0.778129
   0.249      0.778119
   0.256      0.778109
   0.263      0.778097
   0.271      0.778085
   0.278      0.778071
   0.285      0.778057
   0.293      0.778041
   0.300      0.778024
   0.307      0.778005
   0.314      0.777985
   0.322      0.777964
   0.329      0.777941
   0.336      0.777916
   0.344      0.777890
   0.351      0.777861
   0.358      0.777831
   0.366      0.777799
   0.373      0.777764
   0.380      0.777728
   0.388      0.777689
   0.395      0.777648
   0.402      0.777604
   0.410      0.777557
   0.417      0.777508
   0.424      0.777456
   0.431      0.777401
   0.439      0.777343
   0.446      0.777281
   0.453      0.777216
   0.461      0.777148
   0.468      0.777076
   0.475      0.777000
   0.483      0.776920
   0.490      0.776837
   0.497      0.776749
   0.505      0.776656
   0.512      0.776559
   0.519      0.776457
   0.527      0.776351
   0.534      0.776239
   0.541      0.776122
   0.548      0.776000
   0.556      0.775872
   0.563      0.775738
   0.570      0.775598
   0.578      0.775452
   0.585      0.775299
   0.592      0.775140
   0.600      0.774974
   0.607      0.774801
   0.614      0.774620
   0.622      0.774432
   0.629      0.774236
   0.636      0.774033
   0.644      0.773821
   0.651      0.773600
   0.658      0.773371
   0.665      0.773132
   0.673      0.772885
   0.680      0.772627
   0.687      0.772360
   0.695      0.772083
   0.702      0.771795
   0.709      0.771497
   0.717      0.771188
   0.724      0.770867
   0.731      0.770535
   0.739      0.770191
   0.746      0.769835
   0.753      0.769467
   0.761      0.769085
   0.768      0.768691
   0.775      0.768283
   0.782      0.767861
   0.790      0.767425
   0.797      0.766975
   0.804      0.766510
   0.812      0.766030
   0.819      0.765534
   0.826      0.765023
   0.834      0.764496
   0.841      0.763953
   0.848      0.763392
   0.856      0.762815
   0.863      0.762221
   0.870      0.761609
   0.878      0.760979
   0.885      0.760330
   0.892      0.759663
   0.899      0.758977
   0.907      0.758272
   0.914      0.757548
   0.921      0.756804
   0.929      0.756040
   0.936      0.755255
   0.943      0.754450
   0.951      0.753624
   0.958      0.752777
   0.965      0.751909
   0.973      0.751019
   0.980      0.750108
   0.987      0.749175
   0.995      0.748219
   1.002      0.747242
   1.009      0.746242
   1.016      0.745219
   1.024      0.744174
   1.031      0.743106
   1.038      0.742015
   1.046      0.740901
   1.053      0.739764
   1.060      0.738604
   1.068      0.737421
   1.075      0.736215
   1.082      0.734985
   1.090      0.733733
   1.097      0.732457
   1.104      0.731159
   1.112      0.729837
   1.119      0.728493
   1.126      0.727126
   1.133      0.725737
   1.141      0.724325
   1.148      0.722891
   1.155      0.721435
   1.163      0.719957
   1.170      0.718457
   1.177      0.716936
   1.185      0.715393
   1.192      0.713830
   1.199      0.712246
   1.207      0.710642
   1.214      0.709018
   1.221      0.707374
   1.229      0.705711
   1.236      0.704029
   1.243      0.702328
   1.250      0.700609
   1.258      0.698872
   1.265      0.697117
   1.272      0.695346
   1.280      0.693557
   1.287      0.691753
   1.294      0.689932
   1.302      0.688096
   1.309      0.686245
   1.316      0.684379
   1.324      0.682500
   1.331      0.680606
   1.338      0.678699
   1.346      0.676779
   1.353      0.674847
   1.360      0.672903
   1.367      0.670948
   1.375      0.668981
   1.382      0.667004
   1.389      0.665017
   1.397      0.663019
   1.404      0.661013
   1.411      0.658998
   1.419      0.656974
   1.426      0.654943
   1.433      0.652903
   1.441      0.650857
   1.448      0.648804
   1.455      0.646745
   1.463      0.644680
   1.470      0.642609
   1.477      0.640534
   1.484      0.638454
   1.492      0.636369
   1.499      0.634281
   1.506      0.632190
   1.514      0.630095
   1.521      0.627998
   1.528      0.625898
   1.536      0.623796
   1.543      0.621693
   1.550      0.619589
   1.558      0.617484
   1.565      0.615378
   1.572      0.613273
   1.580      0.611167
   1.587      0.609062
   1.594      0.606958
   1.601      0.604855
   1.609      0.602753
   1.616      0.600653
   1.623      0.598555
   1.631      0.596459
   1.638      0.594366
   1.645      0.592276
   1.653      0.590189
   1.660      0.588106
   1.667      0.586026
   1.675      0.583950
   1.682      0.581878
   1.689      0.579810
   1.697      0.577748
   1.704      0.575690
   1.711      0.573637
   1.718      0.571589
   1.726      0.569547
   1.733      0.567510
   1.740      0.565480
   1.748      0.563455
   1.755      0.561437
   1.762      0.559425
   1.770      0.557419
   1.777      0.555421
   1.784      0.553429
   1.792      0.551444
   1.799      0.549466
   1.806      0.547496
   1.814      0.545533
   1.821      0.543578
   1.828      0.541630
   1.836      0.539691
   1.843      0.537759
   1.850      0.535835
   1.857      0.533919
   1.865      0.532012
   1.872      0.530113
   1.879      0.528222
   1.887      0.526340
   1.894      0.524466
   1.901      0.522601
   1.909      0.520745
   1.916      0.518898
   1.923      0.517059
   1.931      0.515229
   1.938      0.513408
   1.945      0.511596
   1.953      0.509793
   1.960      0.508000
   1.967      0.506215
   1.974      0.504439
   1.982      0.502673
   1.989      0.500916
   1.996      0.499168
   2.004      0.497429
   2.011      0.495699
   2.018      0.493979
   2.026      0.492268
   2.033      0.490567
   2.040      0.488874
   2.048      0.487191
   2.055      0.485517
   2.062      0.483853
   2.070      0.482197
   2.077      0.480551
   2.084      0.478915
   2.091      0.477287
   2.099      0.475669
   2.106      0.474060
   2.113      0.472460
   2.121      0.470869
   2.128      0.469288
   2.135      0.467715
   2.143      0.466152
   2.150      0.464598
   2.157      0.463052
   2.165      0.461516
   2.172      0.459989
   2.179      0.458471
   2.187      0.456961
   2.194      0.455461
   2.201      0.453969
   2.208      0.452486
   2.216      0.451012
   2.223      0.449546
   2.230      0.448089
   2.238      0.446641
   2.245      0.445202
   2.252      0.443770
   2.260      0.442348
   2.267      0.440934
   2.274      0.439528
   2.282      0.438130
   2.289      0.436741
   2.296      0.435360
   2.304      0.433988
   2.311      0.432623
   2.318      0.431267
   2.325      0.429918
   2.333      0.428578
   2.340      0.427245
   2.347      0.425921
   2.355      0.424604
   2.362      0.423295
   2.369      0.421994
   2.377      0.420700
   2.384      0.419414
   2.391      0.418136
   2.399      0.416865
   2.406      0.415602
   2.413      0.414346
   2.421      0.413097
   2.428      0.411856
   2.435      0.410622
   2.442      0.409395
   2.450      0.408175
   2.457      0.406963
   2.464      0.405757
   2.472      0.404558
   2.479      0.403367
   2.486      0.402182
   2.494      0.401004
   2.501      0.399833
   2.508      0.398668
   2.516      0.397511
   2.523      0.396359
   2.530      0.395215
   2.538      0.394077
   2.545      0.392945
   2.552      0.391820
   2.559      0.390701
   2.567      0.389589
   2.574      0.388482
   2.581      0.387382
   2.589      0.386289
   2.596      0.385201
   2.603      0.384119
   2.611      0.383044
   2.618      0.381974
   2.625      0.380910
   2.633      0.379852
   2.640      0.378800
   2.647      0.377754
   2.655      0.376714
   2.662      0.375679
   2.669      0.374650
   2.676      0.373626
   2.684      0.372608
   2.691      0.371596
   2.698      0.370589
   2.706      0.369587
   2.713      0.368591
   2.720      0.367600
   2.728      0.366615
   2.735      0.365635
   2.742      0.364660
   2.750      0.363690
   2.757      0.362725
   2.764      0.361766
   2.772      0.360811
   2.779      0.359862
   2.786      0.358917
   2.793      0.357978
   2.801      0.357043
   2.808      0.356113
   2.815      0.355188
   2.823      0.354268
   2.830      0.353353
   2.837      0.352442
   2.845      0.351536
   2.852      0.350634
   2.859      0.349738
   2.867      0.348846
   2.874      0.347958
   2.881      0.347075
   2.889      0.346196
   2.896      0.345322
   2.903      0.344452
   2.910      0.343587
