   0.000      0.822119
   0.007      0.822118
   0.015      0.822115
   0.022      0.822111
   0.029      0.822104
   0.037      0.822096
   0.044      0.822087
   0.051      0.822075
   0.059      0.822062
   0.066      0.822046
   0.073      0.822029
   0.080      0.822010
   0.088      0.821989
   0.095      0.821966
   0.102      0.821942
   0.110      0.821915
   0.117      0.821887
   0.124      0.821856
   0.132      0.821823
   0.139      0.821789
   0.146      0.821752
   0.154      0.821713
   0.161      0.821672
   0.168      0.821629
   0.176      0.821584
   0.183      0.821536
   0.190      0.821486
   0.197      0.821434
   0.205      0.821379
   0.212      0.821322
   0.219      0.821262
   0.227      0.821200
   0.234      0.821135
   0.241      0.821067
   0.249      0.820997
   0.256      0.820924
   0.263      0.820847
   0.271      0.820768
   0.278      0.820686
   0.285      0.820601
   0.293      0.820512
   0.300      0.820420
   0.307      0.820325
   0.314      0.820226
   0.322      0.820124
   0.329      0.820018
   0.336      0.819908
   0.344      0.819795
   0.351      0.819677
   0.358      0.819555
   0.366      0.819429
   0.373      0.819298
   0.380      0.819163
   0.388      0.819023
   0.395      0.818879
   0.402      0.818729
   0.410      0.818574
   0.417      0.818414
   0.424      0.818249
   0.431      0.818078
   0.439      0.817901
   0.446      0.817719
   0.453      0.817530
   0.461      0.817334
   0.468      0.817133
   0.475      0.816924
   0.483      0.816709
   0.490      0.816486
   0.497      0.816256
   0.505      0.816019
   0.512      0.815773
   0.519      0.815519
   0.527      0.815258
   0.534      0.814987
   0.541      0.814708
   0.548      0.814419
   0.556      0.814121
   0.563      0.813813
   0.570      0.813496
   0.578      0.813168
   0.585      0.812829
   0.592      0.812480
   0.600      0.812120
   0.607      0.811747
   0.614      0.811364
   0.622      0.810968
   0.629      0.810559
   0.636      0.810138
   0.644      0.809703
   0.651      0.809255
   0.658      0.808793
   0.665      0.808317
   0.673      0.807827
   0.680      0.807321
   0.687      0.806800
   0.695      0.806264
   0.702      0.805711
   0.709      0.805142
   0.717      0.804557
   0.724      0.803954
   0.731      0.803334
   0.739      0.802696
   0.746      0.802040
   0.753      0.801366
   0.761      0.800673
   0.768      0.799960
   0.775      0.799228
   0.782      0.798477
   0.790      0.797705
   0.797      0.796913
   0.804      0.796099
   0.812      0.795265
   0.819      0.794410
   0.826      0.793533
   0.834      0.792634
   0.841      0.791714
   0.848      0.790770
   0.856      0.789805
   0.863      0.788816
   0.870      0.787805
   0.878      0.786771
   0.885      0.785714
   0.892      0.784633
   0.899      0.783528
   0.907      0.782401
   0.914      0.781249
   0.921      0.780074
   0.929      0.778875
   0.936      0.777653
   0.943      0.776407
   0.951      0.775137
   0.958      0.773843
   0.965      0.772526
   0.973      0.771185
   0.980      0.769821
   0.987      0.768433
   0.995      0.767023
   1.002      0.765589
   1.009      0.764133
   1.016      0.762653
   1.024      0.761152
   1.031      0.759628
   1.038      0.758082
   1.046      0.756515
   1.053      0.754926
   1.060      0.753316
   1.068      0.751685
   1.075      0.750034
   1.082      0.748362
   1.090      0.746671
   1.097      0.744960
   1.104      0.743231
   1.112      0.741482
   1.119      0.739715
   1.126      0.737930
   1.133      0.736128
   1.141      0.734309
   1.148      0.732473
   1.155      0.730620
   1.163      0.728752
   1.170      0.726868
   1.177      0.724970
   1.185      0.723057
   1.192      0.721129
   1.199      0.719189
   1.207      0.717234
   1.214      0.715268
   1.221      0.713288
   1.229      0.711297
   1.236      0.709295
   1.243      0.707281
   1.250      0.705257
   1.258      0.703223
   1.265      0.701178
   1.272      0.699125
   1.280      0.697063
   1.287      0.694992
   1.294      0.692913
   1.302      0.690827
   1.309      0.688733
   1.316      0.686633
   1.324      0.684526
   1.331      0.682413
   1.338      0.680294
   1.346      0.678170
   1.353      0.676042
   1.360      0.673908
   1.367      0.671771
   1.375      0.669629
   1.382      0.667484
   1.389      0.665336
   1.397      0.663186
   1.404      0.661033
   1.411      0.658877
   1.419      0.656720
   1.426      0.654562
   1.433      0.652402
   1.441      0.650241
   1.448      0.648080
   1.455      0.645919
   1.463      0.643757
   1.470      0.641596
   1.477      0.639435
   1.484      0.637276
   1.492      0.635117
   1.499      0.632960
   1.506      0.630804
   1.514      0.628651
   1.521      0.626499
   1.528      0.624350
   1.536      0.622203
   1.543      0.620059
   1.550      0.617918
   1.558      0.615780
   1.565      0.613646
   1.572      0.611515
   1.580      0.609389
   1.587      0.607266
   1.594      0.605147
   1.601      0.603033
   1.609      0.600924
   1.616      0.598819
   1.623      0.596719
   1.631      0.594624
   1.638      0.592535
   1.645      0.590450
   1.653      0.588372
   1.660      0.586299
   1.667      0.584232
   1.675      0.582171
   1.682      0.580116
   1.689      0.578067
   1.697      0.576025
   1.704      0.573989
   1.711      0.571959
   1.718      0.569937
   1.726      0.567921
   1.733      0.565912
   1.740      0.563910
   1.748      0.561915
   1.755      0.559927
   1.762      0.557947
   1.770      0.555974
   1.777      0.554008
   1.784      0.552050
   1.792      0.550100
   1.799      0.548157
   1.806      0.546222
   1.814      0.544295
   1.821      0.542376
   1.828      0.540464
   1.836      0.538561
   1.843      0.536666
   1.850      0.534779
   1.857      0.532900
   1.865      0.531029
   1.872      0.529166
   1.879      0.527312
   1.887      0.525466
   1.894      0.523628
   1.901      0.521799
   1.909      0.519978
   1.916      0.518166
   1.923      0.516362
   1.931      0.514566
   1.938      0.512780
   1.945      0.511001
   1.953      0.509231
   1.960      0.507470
   1.967      0.505718
   1.974      0.503974
   1.982      0.502238
   1.989      0.500511
   1.996      0.498793
   2.004      0.497084
   2.011      0.495383
   2.018      0.493691
   2.026      0.492007
   2.033      0.490332
   2.040      0.488666
   2.048      0.487008
   2.055      0.485359
   2.062      0.483719
   2.070      0.482087
   2.077      0.480464
   2.084      0.478849
   2.091      0.477243
   2.099      0.475645
   2.106      0.474056
   2.113      0.472476
   2.121      0.470904
   2.128      0.469340
   2.135      0.467786
   2.143      0.466239
   2.150      0.464701
   2.157      0.463171
   2.165      0.461650
   2.172      0.460137
   2.179      0.458633
   2.187      0.457136
   2.194      0.455648
   2.201      0.454169
   2.208      0.452697
   2.216      0.451234
   2.223      0.449779
   2.230      0.448332
   2.238      0.446893
   2.245      0.445462
   2.252      0.444039
   2.260      0.442625
   2.267      0.441218
   2.274      0.439819
   2.282      0.438428
   2.289      0.437045
   2.296      0.435670
   2.304      0.434303
   2.311      0.432943
   2.318      0.431591
   2.325      0.430247
   2.333      0.428910
   2.340      0.427581
   2.347      0.426260
   2.355      0.424946
   2.362      0.423640
   2.369      0.422341
   2.377      0.421049
   2.384      0.419765
   2.391      0.418489
   2.399      0.417219
   2.406      0.415957
   2.413      0.414702
   2.421      0.413454
   2.428      0.412213
   2.435      0.410980
   2.442      0.409753
   2.450      0.408533
   2.457      0.407321
   2.464      0.406115
   2.472      0.404916
   2.479      0.403724
   2.486      0.402539
   2.494      0.401360
   2.501      0.400188
   2.508      0.399023
   2.516      0.397865
   2.523      0.396713
   2.530      0.395567
   2.538      0.394428
   2.545      0.393295
   2.552      0.392169
   2.559      0.391049
   2.567      0.389936
   2.574      0.388828
   2.581      0.387727
   2.589      0.386632
   2.596      0.385543
   2.603      0.384461
   2.611      0.383384
   2.618      0.382313
   2.625      0.381248
   2.633      0.380189
   2.640      0.379136
   2.647      0.378089
   2.655      0.377047
   2.662      0.376011
   2.669      0.374981
   2.676      0.373957
   2.684      0.372938
   2.691      0.371924
   2.698      0.370916
   2.706      0.369914
   2.713      0.368917
   2.720      0.367925
   2.728      0.366939
   2.735      0.365958
   2.742      0.364982
   2.750      0.364011
   2.757      0.363046
   2.764      0.362085
   2.772      0.361130
   2.779      0.360179
   2.786      0.359234
   2.793      0.358294
   2.801      0.357358
   2.808      0.356428
   2.815      0.355502
   2.823      0.354581
   2.830      0.353665
   2.837      0.352753
   2.845      0.351846
   2.852      0.350944
   2.859      0.350046
   2.867      0.349154
   2.874      0.348265
   2.881      0.347381
   2.889      0.346502
   2.896      0.345627
   2.903      0.344756
   2.910      0.343890
