   0.005      0.315862
   0.011      0.315881
   0.017      0.315900
   0.022      0.315931
   0.027      0.315975
   0.033      0.316031
   0.038      0.316100
   0.044      0.316181
   0.049      0.316275
   0.055      0.316382
   0.060      0.316501
   0.066      0.316632
   0.071      0.316777
   0.077      0.316933
   0.082      0.317103
   0.088      0.317285
   0.093      0.317479
   0.099      0.317686
   0.104      0.317906
   0.110      0.318138
   0.115      0.318383
   0.121      0.318641
   0.127      0.318912
   0.132      0.319195
   0.137      0.319491
   0.143      0.319799
   0.148      0.320120
   0.154      0.320455
   0.160      0.320801
   0.165      0.321161
   0.170      0.321534
   0.176      0.321919
   0.181      0.322317
   0.187      0.322729
   0.192      0.323153
   0.198      0.323590
   0.203      0.324040
   0.209      0.324503
   0.214      0.324979
   0.220      0.325468
   0.225      0.325970
   0.231      0.326486
   0.236      0.327014
   0.242      0.327556
   0.247      0.328111
   0.253      0.328679
   0.259      0.329261
   0.264      0.329856
   0.269      0.330464
   0.275      0.331086
   0.280      0.331721
   0.286      0.332370
   0.291      0.333032
   0.297      0.333708
   0.302      0.334397
   0.308      0.335100
   0.314      0.335817
   0.319      0.336548
   0.324      0.337292
   0.330      0.338050
   0.335      0.338822
   0.341      0.339608
   0.346      0.340408
   0.352      0.341222
   0.357      0.342050
   0.363      0.342893
   0.368      0.343749
   0.374      0.344620
   0.380      0.345504
   0.385      0.346404
   0.390      0.347317
   0.396      0.348245
   0.401      0.349187
   0.407      0.350144
   0.412      0.351116
   0.418      0.352102
   0.423      0.353103
   0.429      0.354118
   0.434      0.355148
   0.440      0.356193
   0.445      0.357253
   0.451      0.358328
   0.456      0.359418
   0.462      0.360523
   0.467      0.361643
   0.473      0.362778
   0.478      0.363928
   0.484      0.365094
   0.489      0.366274
   0.495      0.367470
   0.500      0.368682
   0.506      0.369909
   0.511      0.371151
   0.517      0.372410
   0.522      0.373683
   0.528      0.374972
   0.533      0.376277
   0.539      0.377598
   0.544      0.378935
   0.550      0.380287
   0.555      0.381655
   0.561      0.383040
   0.567      0.384440
   0.572      0.385856
   0.578      0.387289
   0.583      0.388737
   0.588      0.390202
   0.594      0.391683
   0.599      0.393180
   0.605      0.394694
   0.610      0.396223
   0.616      0.397770
   0.621      0.399332
   0.627      0.400912
   0.632      0.402507
   0.638      0.404120
   0.643      0.405749
   0.649      0.407394
   0.654      0.409056
   0.660      0.410735
   0.665      0.412431
   0.671      0.414143
   0.676      0.415872
   0.682      0.417618
   0.688      0.419381
   0.693      0.421160
   0.699      0.422957
   0.704      0.424770
   0.709      0.426600
   0.715      0.428448
   0.720      0.430312
   0.726      0.432193
   0.731      0.434091
   0.737      0.436006
   0.742      0.437938
   0.748      0.439887
   0.753      0.441853
   0.759      0.443836
   0.764      0.445836
   0.770      0.447853
   0.775      0.449887
   0.781      0.451938
   0.786      0.454006
   0.792      0.456091
   0.797      0.458193
   0.803      0.460312
   0.808      0.462447
   0.814      0.464600
   0.820      0.466769
   0.825      0.468955
   0.830      0.471158
   0.836      0.473377
   0.841      0.475613
   0.847      0.477866
   0.852      0.480135
   0.858      0.482421
   0.863      0.484723
   0.869      0.487042
   0.874      0.489377
   0.880      0.491728
   0.885      0.494096
   0.891      0.496479
   0.896      0.498879
   0.902      0.501294
   0.907      0.503726
   0.913      0.506173
   0.918      0.508636
   0.924      0.511114
   0.929      0.513608
   0.935      0.516118
   0.940      0.518642
   0.946      0.521182
   0.951      0.523736
   0.957      0.526306
   0.962      0.528890
   0.968      0.531489
   0.973      0.534102
   0.979      0.536730
   0.984      0.539372
   0.990      0.542028
   0.995      0.544697
   1.001      0.547380
   1.006      0.550077
   1.012      0.552787
   1.017      0.555511
   1.023      0.558247
   1.028      0.560996
   1.034      0.563757
   1.039      0.566531
   1.045      0.569317
   1.050      0.572114
   1.056      0.574924
   1.061      0.577745
   1.067      0.580577
   1.073      0.583420
   1.078      0.586274
   1.083      0.589138
   1.089      0.592013
   1.095      0.594897
   1.100      0.597792
   1.105      0.600695
   1.111      0.603608
   1.116      0.606529
   1.122      0.609460
   1.127      0.612398
   1.133      0.615344
   1.138      0.618298
   1.144      0.621259
   1.149      0.624228
   1.155      0.627202
   1.160      0.630184
   1.166      0.633171
   1.171      0.636164
   1.177      0.639162
   1.182      0.642165
   1.188      0.645172
   1.194      0.648184
   1.199      0.651200
   1.204      0.654219
   1.210      0.657241
   1.216      0.660266
   1.221      0.663292
   1.226      0.666321
   1.232      0.669352
   1.237      0.672383
   1.243      0.675415
   1.248      0.678447
   1.254      0.681479
   1.259      0.684510
   1.265      0.687540
   1.270      0.690568
   1.276      0.693595
   1.281      0.696618
   1.287      0.699639
   1.292      0.702657
   1.298      0.705671
   1.303      0.708680
   1.309      0.711685
   1.315      0.714684
   1.320      0.717678
   1.325      0.720665
   1.331      0.723646
   1.337      0.726619
   1.342      0.729585
   1.347      0.732542
   1.353      0.735491
   1.358      0.738430
   1.364      0.741360
   1.369      0.744279
   1.375      0.747188
   1.380      0.750086
   1.386      0.752971
   1.391      0.755844
   1.397      0.758705
   1.402      0.761552
   1.408      0.764385
   1.413      0.767204
   1.419      0.770008
   1.424      0.772797
   1.430      0.775569
   1.435      0.778325
   1.441      0.781065
   1.446      0.783786
   1.452      0.786490
   1.458      0.789175
   1.463      0.791841
   1.468      0.794487
   1.474      0.797113
   1.479      0.799719
   1.485      0.802303
   1.490      0.804866
   1.496      0.807407
   1.501      0.809925
   1.507      0.812420
   1.512      0.814891
   1.518      0.817338
   1.523      0.819760
   1.529      0.822157
   1.534      0.824529
   1.540      0.826875
   1.545      0.829194
   1.551      0.831485
   1.556      0.833750
   1.562      0.835986
   1.567      0.838195
   1.573      0.840374
   1.579      0.842524
   1.584      0.844644
   1.589      0.846734
   1.595      0.848793
   1.600      0.850822
   1.606      0.852819
   1.611      0.854784
   1.617      0.856717
   1.622      0.858618
   1.628      0.860486
   1.633      0.862320
   1.639      0.864120
   1.644      0.865887
   1.650      0.867619
   1.655      0.869317
   1.661      0.870979
   1.666      0.872606
   1.672      0.874198
   1.677      0.875753
   1.683      0.877273
   1.688      0.878755
   1.694      0.880201
   1.700      0.881610
   1.705      0.882982
   1.710      0.884316
   1.716      0.885613
   1.721      0.886872
   1.727      0.888092
   1.732      0.889274
   1.738      0.890418
   1.743      0.891523
   1.749      0.892589
   1.754      0.893616
   1.760      0.894604
   1.765      0.895553
   1.771      0.896462
   1.776      0.897332
   1.782      0.898162
   1.787      0.898953
   1.793      0.899704
   1.798      0.900416
   1.804      0.901087
   1.809      0.901719
   1.815      0.902311
   1.820      0.902863
   1.826      0.903375
   1.831      0.903848
   1.837      0.904281
   1.842      0.904674
   1.848      0.905027
   1.853      0.905340
   1.859      0.905615
   1.864      0.905849
   1.870      0.906044
   1.875      0.906200
   1.881      0.906317
   1.886      0.906395
   1.892      0.906434
   1.897      0.906434
   1.903      0.906395
   1.908      0.906318
   1.914      0.906203
   1.919      0.906050
   1.925      0.905859
   1.930      0.905630
   1.936      0.905364
   1.941      0.905061
   1.947      0.904721
   1.952      0.904344
   1.958      0.903931
   1.963      0.903481
   1.969      0.902996
   1.974      0.902475
   1.980      0.901918
   1.985      0.901327
   1.991      0.900700
   1.996      0.900040
   2.002      0.899345
   2.007      0.898616
   2.013      0.897854
   2.018      0.897059
   2.024      0.896231
   2.030      0.895371
   2.035      0.894479
   2.040      0.893555
   2.046      0.892599
   2.051      0.891613
   2.057      0.890596
   2.062      0.889548
   2.068      0.888471
   2.073      0.887365
   2.079      0.886229
   2.084      0.885065
   2.090      0.883873
   2.095      0.882652
   2.101      0.881404
   2.107      0.880130
   2.112      0.878828
   2.117      0.877501
   2.123      0.876147
   2.128      0.874768
   2.134      0.873364
   2.139      0.871936
   2.145      0.870483
   2.151      0.869007
   2.156      0.867507
   2.161      0.865985
   2.167      0.864440
   2.172      0.862873
   2.178      0.861284
   2.183      0.859674
   2.189      0.858043
   2.194      0.856392
   2.200      0.854720
   2.205      0.853029
   2.211      0.851319
   2.216      0.849591
   2.222      0.847843
   2.228      0.846078
   2.233      0.844295
   2.238      0.842495
   2.244      0.840678
   2.249      0.838845
   2.255      0.836996
   2.260      0.835131
   2.266      0.833250
   2.272      0.831355
   2.277      0.829445
   2.282      0.827521
   2.288      0.825584
   2.293      0.823632
   2.299      0.821668
   2.304      0.819690
   2.310      0.817701
   2.315      0.815699
   2.321      0.813685
   2.326      0.811660
   2.332      0.809624
   2.337      0.807577
   2.343      0.805519
   2.349      0.803451
   2.354      0.801374
   2.359      0.799286
   2.365      0.797189
   2.370      0.795084
   2.376      0.792969
   2.381      0.790846
   2.387      0.788714
   2.393      0.786575
   2.398      0.784427
   2.403      0.782273
   2.409      0.780111
   2.414      0.777942
   2.420      0.775766
   2.425      0.773583
   2.431      0.771394
   2.436      0.769199
   2.442      0.766999
   2.447      0.764792
   2.453      0.762580
   2.458      0.760362
   2.464      0.758139
   2.470      0.755912
   2.475      0.753679
   2.480      0.751442
   2.486      0.749201
   2.491      0.746955
   2.497      0.744705
   2.502      0.742451
   2.508      0.740194
   2.514      0.737932
   2.519      0.735668
   2.524      0.733400
   2.530      0.731128
   2.535      0.728854
   2.541      0.726577
   2.546      0.724297
   2.552      0.722014
   2.557      0.719729
   2.563      0.717441
   2.568      0.715151
   2.574      0.712859
   2.579      0.710565
   2.585      0.708270
   2.591      0.705972
   2.596      0.703673
   2.601      0.701372
   2.607      0.699070
   2.612      0.696767
   2.618      0.694462
   2.623      0.692157
   2.629      0.689850
   2.635      0.687543
   2.640      0.685235
   2.645      0.682927
   2.651      0.680618
   2.656      0.678308
   2.662      0.675998
   2.667      0.673688
   2.673      0.671378
   2.678      0.669068
   2.684      0.666758
   2.689      0.664449
   2.695      0.662139
   2.700      0.659830
   2.706      0.657521
   2.712      0.655213
   2.717      0.652906
   2.722      0.650599
   2.728      0.648293
   2.733      0.645988
   2.739      0.643683
   2.744      0.641380
   2.750      0.639078
   2.756      0.636777
   2.761      0.634477
   2.766      0.632179
   2.772      0.629882
   2.777      0.627587
   2.783      0.625293
   2.788      0.623001
   2.794      0.620710
   2.799      0.618421
   2.805      0.616134
   2.810      0.613849
   2.816      0.611565
   2.821      0.609284
   2.827      0.607005
   2.833      0.604728
   2.838      0.602453
   2.843      0.600180
   2.849      0.597910
   2.854      0.595642
   2.860      0.593376
   2.865      0.591113
   2.871      0.588852
   2.876      0.586594
   2.882      0.584338
   2.887      0.582086
   2.893      0.579835
   2.898      0.577588
   2.904      0.575343
   2.909      0.573102
   2.915      0.570863
   2.920      0.568627
   2.926      0.566394
   2.931      0.564164
   2.937      0.561937
   2.942      0.559714
   2.948      0.557493
   2.954      0.555276
   2.959      0.553062
   2.964      0.550851
   2.970      0.548644
   2.975      0.546439
   2.981      0.544239
   2.986      0.542041
   2.992      0.539847
   2.997      0.537657
   3.003      0.535470
   3.008      0.533287
   3.014      0.531107
   3.019      0.528931
   3.025      0.526759
   3.030      0.524590
   3.036      0.522425
   3.041      0.520264
   3.047      0.518106
   3.052      0.515952
   3.058      0.513803
   3.063      0.511657
   3.069      0.509514
   3.075      0.507376
   3.080      0.505242
   3.085      0.503111
   3.091      0.500985
   3.096      0.498863
   3.102      0.496744
   3.107      0.494630
   3.113      0.492520
   3.118      0.490414
   3.124      0.488312
   3.129      0.486214
   3.135      0.484120
   3.140      0.482030
   3.146      0.479945
   3.151      0.477864
   3.157      0.475787
   3.162      0.473714
   3.168      0.471646
   3.173      0.469582
   3.179      0.467522
   3.184      0.465466
   3.190      0.463415
   3.196      0.461368
   3.201      0.459326
   3.206      0.457288
   3.212      0.455254
   3.217      0.453225
   3.223      0.451200
   3.228      0.449179
   3.234      0.447163
   3.239      0.445152
   3.245      0.443144
   3.250      0.441142
   3.256      0.439144
   3.261      0.437150
   3.267      0.435161
   3.272      0.433176
   3.278      0.431196
   3.283      0.429220
   3.289      0.427249
   3.294      0.425283
   3.300      0.423321
   3.305      0.421363
   3.311      0.419410
   3.317      0.417462
   3.322      0.415518
   3.327      0.413579
   3.333      0.411645
   3.338      0.409715
   3.344      0.407790
   3.349      0.405869
   3.355      0.403953
   3.360      0.402042
   3.366      0.400135
   3.371      0.398233
   3.377      0.396335
   3.382      0.394442
   3.388      0.392554
   3.393      0.390671
   3.399      0.388792
   3.404      0.386918
   3.410      0.385048
   3.415      0.383183
   3.421      0.381323
   3.426      0.379467
   3.432      0.377617
   3.438      0.375770
   3.443      0.373929
   3.448      0.372092
   3.454      0.370260
   3.459      0.368432
   3.465      0.366610
   3.470      0.364791
   3.476      0.362978
   3.481      0.361169
   3.487      0.359365
   3.492      0.357566
   3.498      0.355771
   3.503      0.353981
   3.509      0.352195
   3.514      0.350415
   3.520      0.348638
   3.525      0.346867
   3.531      0.345100
   3.536      0.343338
   3.542      0.341581
   3.547      0.339828
   3.553      0.338080
   3.558      0.336337
   3.564      0.334598
   3.569      0.332864
   3.575      0.331134
   3.580      0.329409
   3.586      0.327689
   3.591      0.325974
   3.597      0.324263
   3.602      0.322557
   3.608      0.320855
   3.613      0.319158
   3.619      0.317466
   3.624      0.315778
   3.630      0.314095
   3.635      0.312416
   3.641      0.310742
   3.646      0.309073
   3.652      0.307408
   3.657      0.305748
   3.663      0.304092
   3.668      0.302441
   3.674      0.300795
   3.679      0.299153
   3.685      0.297516
   3.690      0.295883
   3.696      0.294255
   3.701      0.292631
   3.707      0.291012
   3.712      0.289397
   3.718      0.287787
   3.723      0.286182
   3.729      0.284580
   3.734      0.282984
   3.740      0.281392
   3.745      0.279804
   3.751      0.278221
   3.756      0.276643
   3.762      0.275069
   3.767      0.273499
   3.773      0.271934
   3.778      0.270373
   3.784      0.268817
   3.789      0.267265
   3.795      0.265717
   3.800      0.264174
   3.806      0.262636
   3.811      0.261101
   3.817      0.259572
   3.822      0.258046
   3.828      0.256525
   3.833      0.255008
   3.839      0.253496
   3.844      0.251988
   3.850      0.250485
   3.855      0.248985
   3.861      0.247490
   3.866      0.246000
   3.872      0.244513
   3.877      0.243031
   3.883      0.241554
   3.888      0.240080
   3.894      0.238611
   3.899      0.237146
   3.905      0.235686
   3.910      0.234229
   3.916      0.232777
   3.921      0.231329
   3.927      0.229886
   3.932      0.228446
   3.938      0.227011
   3.943      0.225580
   3.949      0.224153
   3.954      0.222731
   3.960      0.221312
   3.965      0.219898
   3.971      0.218487
   3.976      0.217081
   3.982      0.215679
   3.987      0.214282
   3.993      0.212888
   3.998      0.211498
   4.004      0.210113
   4.010      0.208731
   4.015      0.207354
   4.021      0.205981
   4.026      0.204612
   4.031      0.203246
   4.037      0.201885
   4.042      0.200528
   4.048      0.199175
   4.053      0.197826
   4.059      0.196481
   4.064      0.195139
   4.070      0.193802
   4.075      0.192469
   4.081      0.191140
   4.087      0.189814
   4.092      0.188493
   4.098      0.187175
   4.103      0.185862
   4.108      0.184552
   4.114      0.183246
   4.119      0.181944
   4.125      0.180646
   4.130      0.179352
   4.136      0.178061
   4.141      0.176775
   4.147      0.175492
   4.152      0.174213
   4.158      0.172938
   4.163      0.171667
   4.169      0.170399
   4.175      0.169135
   4.180      0.167875
   4.185      0.166619
   4.191      0.165366
   4.196      0.164117
   4.202      0.162872
   4.207      0.161631
   4.213      0.160393
   4.218      0.159159
   4.224      0.157928
   4.229      0.156702
   4.235      0.155479
   4.240      0.154259
   4.246      0.153043
   4.252      0.151831
   4.257      0.150622
   4.263      0.149417
   4.268      0.148216
   4.273      0.147018
   4.279      0.145823
   4.284      0.144632
   4.290      0.143445
   4.295      0.142261
   4.301      0.141081
   4.306      0.139904
   4.312      0.138731
   4.317      0.137561
   4.323      0.136395
   4.329      0.135232
   4.334      0.134072
   4.340      0.132916
   4.345      0.131763
   4.350      0.130614
   4.356      0.129468
   4.361      0.128326
   4.367      0.127187
   4.372      0.126051
   4.378      0.124918
   4.383      0.123789
   4.389      0.122664
   4.394      0.121541
   4.400      0.120422
   4.405      0.119306
   4.411      0.118193
   4.417      0.117084
   4.422      0.115978
   4.427      0.114875
   4.433      0.113775
   4.438      0.112679
   4.444      0.111586
   4.449      0.110496
   4.455      0.109409
   4.460      0.108325
   4.466      0.107245
   4.471      0.106167
   4.477      0.105093
   4.482      0.104022
   4.488      0.102954
   4.494      0.101889
   4.499      0.100827
   4.505      0.099768
   4.510      0.098712
   4.515      0.097659
   4.521      0.096610
   4.526      0.095563
   4.532      0.094519
   4.537      0.093479
   4.543      0.092441
   4.548      0.091406
   4.554      0.090375
   4.559      0.089346
   4.565      0.088320
   4.571      0.087297
   4.576      0.086277
   4.582      0.085260
   4.587      0.084245
   4.592      0.083234
   4.598      0.082225
   4.603      0.081220
   4.609      0.080217
   4.614      0.079217
   4.620      0.078219
   4.625      0.077225
   4.631      0.076233
   4.636      0.075244
   4.642      0.074258
   4.647      0.073275
   4.653      0.072294
   4.659      0.071316
   4.664      0.070341
   4.669      0.069368
   4.675      0.068398
   4.680      0.067431
   4.686      0.066467
   4.691      0.065505
   4.697      0.064545
   4.702      0.063589
   4.708      0.062635
   4.713      0.061683
   4.719      0.060734
   4.724      0.059788
   4.730      0.058844
   4.736      0.057903
   4.741      0.056964
   4.747      0.056028
   4.752      0.055095
   4.757      0.054163
   4.763      0.053235
   4.768      0.052309
   4.774      0.051385
   4.779      0.050464
   4.785      0.049545
   4.790      0.048628
   4.796      0.047714
   4.801      0.046803
   4.807      0.045893
   4.812      0.044987
   4.818      0.044082
   4.824      0.043180
   4.829      0.042280
   4.834      0.041382
   4.840      0.040487
   4.845      0.039594
   4.851      0.038704
   4.856      0.037815
   4.862      0.036929
   4.867      0.036046
   4.873      0.035164
   4.878      0.034285
   4.884      0.033407
   4.889      0.032533
   4.895      0.031660
   4.901      0.030789
   4.906      0.029921
   4.911      0.029055
   4.917      0.028190
   4.922      0.027329
   4.928      0.026469
   4.933      0.025611
   4.939      0.024755
   4.944      0.023902
   4.950      0.023050
   4.955      0.022201
   4.961      0.021353
   4.966      0.020508
   4.972      0.019665
   4.978      0.018823
   4.983      0.017984
   4.988      0.017147
   4.994      0.016311
   4.999      0.015478
   5.005      0.014646
   5.010      0.013817
   5.016      0.012989
   5.021      0.012164
   5.027      0.011340
   5.032      0.010518
   5.038      0.009698
   5.043      0.008880
   5.049      0.008064
   5.054      0.007249
   5.060      0.006436
   5.066      0.005626
   5.071      0.004817
   5.076      0.004009
   5.082      0.003204
   5.087      0.002400
   5.093      0.001599
   5.098      0.000798
   5.104      0.000000
