   0.000      0.512374
   0.010      0.512374
   0.020      0.512374
   0.030      0.512374
   0.040      0.512374
   0.051      0.512373
   0.061      0.512373
   0.071      0.512373
   0.081      0.512373
   0.091      0.512373
   0.101      0.512373
   0.111      0.512373
   0.121      0.512373
   0.131      0.512372
   0.141      0.512372
   0.152      0.512372
   0.162      0.512371
   0.172      0.512370
   0.182      0.512370
   0.192      0.512369
   0.202      0.512367
   0.212      0.512366
   0.222      0.512364
   0.232      0.512363
   0.243      0.512361
   0.253      0.512358
   0.263      0.512356
   0.273      0.512353
   0.283      0.512349
   0.293      0.512346
   0.303      0.512342
   0.313      0.512337
   0.323      0.512332
   0.333      0.512326
   0.344      0.512320
   0.354      0.512313
   0.364      0.512306
   0.374      0.512298
   0.384      0.512289
   0.394      0.512279
   0.404      0.512269
   0.414      0.512258
   0.424      0.512245
   0.435      0.512232
   0.445      0.512218
   0.455      0.512203
   0.465      0.512186
   0.475      0.512168
   0.485      0.512149
   0.495      0.512129
   0.505      0.512107
   0.515      0.512084
   0.525      0.512059
   0.536      0.512032
   0.546      0.512004
   0.556      0.511974
   0.566      0.511942
   0.576      0.511908
   0.586      0.511872
   0.596      0.511834
   0.606      0.511794
   0.616      0.511751
   0.627      0.511706
   0.637      0.511658
   0.647      0.511608
   0.657      0.511555
   0.667      0.511499
   0.677      0.511440
   0.687      0.511378
   0.697      0.511313
   0.707      0.511245
   0.717      0.511173
   0.728      0.511098
   0.738      0.511019
   0.748      0.510936
   0.758      0.510850
   0.768      0.510759
   0.778      0.510664
   0.788      0.510565
   0.798      0.510462
   0.808      0.510354
   0.818      0.510241
   0.829      0.510124
   0.839      0.510002
   0.849      0.509874
   0.859      0.509742
   0.869      0.509604
   0.879      0.509460
   0.889      0.509312
   0.899      0.509157
   0.909      0.508996
   0.920      0.508830
   0.930      0.508657
   0.940      0.508479
   0.950      0.508293
   0.960      0.508102
   0.970      0.507903
   0.980      0.507698
   0.990      0.507486
   1.000      0.507267
   1.010      0.507041
   1.021      0.506808
   1.031      0.506567
   1.041      0.506319
   1.051      0.506063
   1.061      0.505799
   1.071      0.505527
   1.081      0.505248
   1.091      0.504960
   1.101      0.504665
   1.112      0.504361
   1.122      0.504048
   1.132      0.503727
   1.142      0.503398
   1.152      0.503060
   1.162      0.502713
   1.172      0.502357
   1.182      0.501993
   1.192      0.501619
   1.202      0.501236
   1.213      0.500844
   1.223      0.500443
   1.233      0.500033
   1.243      0.499613
   1.253      0.499184
   1.263      0.498746
   1.273      0.498298
   1.283      0.497840
   1.293      0.497373
   1.304      0.496896
   1.314      0.496410
   1.324      0.495914
   1.334      0.495408
   1.344      0.494892
   1.354      0.494367
   1.364      0.493831
   1.374      0.493286
   1.384      0.492732
   1.394      0.492167
   1.405      0.491592
   1.415      0.491008
   1.425      0.490414
   1.435      0.489810
   1.445      0.489196
   1.455      0.488573
   1.465      0.487939
   1.475      0.487296
   1.485      0.486644
   1.496      0.485981
   1.506      0.485309
   1.516      0.484627
   1.526      0.483936
   1.536      0.483235
   1.546      0.482525
   1.556      0.481805
   1.566      0.481076
   1.576      0.480337
   1.586      0.479589
   1.597      0.478832
   1.607      0.478066
   1.617      0.477290
   1.627      0.476506
   1.637      0.475713
   1.647      0.474911
   1.657      0.474100
   1.667      0.473280
   1.677      0.472451
   1.688      0.471614
   1.698      0.470769
   1.708      0.469915
   1.718      0.469053
   1.728      0.468183
   1.738      0.467304
   1.748      0.466417
   1.758      0.465523
   1.768      0.464621
   1.778      0.463711
   1.789      0.462793
   1.799      0.461868
   1.809      0.460935
   1.819      0.459995
   1.829      0.459048
   1.839      0.458094
   1.849      0.457133
   1.859      0.456165
   1.869      0.455190
   1.880      0.454209
   1.890      0.453221
   1.900      0.452227
   1.910      0.451226
   1.920      0.450219
   1.930      0.449206
   1.940      0.448188
   1.950      0.447163
   1.960      0.446133
   1.970      0.445097
   1.981      0.444056
   1.991      0.443009
   2.001      0.441957
   2.011      0.440900
   2.021      0.439838
   2.031      0.438772
   2.041      0.437701
   2.051      0.436625
   2.061      0.435544
   2.072      0.434460
   2.082      0.433371
   2.092      0.432278
   2.102      0.431181
   2.112      0.430080
   2.122      0.428976
   2.132      0.427868
   2.142      0.426757
   2.152      0.425642
   2.162      0.424524
   2.173      0.423403
   2.183      0.422279
   2.193      0.421152
   2.203      0.420023
   2.213      0.418891
   2.223      0.417756
   2.233      0.416619
   2.243      0.415480
   2.253      0.414339
   2.263      0.413196
   2.274      0.412051
   2.284      0.410905
   2.294      0.409756
   2.304      0.408607
   2.314      0.407455
   2.324      0.406303
   2.334      0.405149
   2.344      0.403995
   2.354      0.402839
   2.365      0.401683
   2.375      0.400526
   2.385      0.399368
   2.395      0.398210
   2.405      0.397051
   2.415      0.395893
   2.425      0.394734
   2.435      0.393575
   2.445      0.392416
   2.455      0.391257
   2.466      0.390098
   2.476      0.388940
   2.486      0.387782
   2.496      0.386625
   2.506      0.385469
   2.516      0.384313
   2.526      0.383158
   2.536      0.382004
   2.546      0.380851
   2.557      0.379699
   2.567      0.378548
   2.577      0.377399
   2.587      0.376251
   2.597      0.375104
   2.607      0.373959
   2.617      0.372816
   2.627      0.371674
   2.637      0.370535
   2.647      0.369397
   2.658      0.368261
   2.668      0.367127
   2.678      0.365995
   2.688      0.364866
   2.698      0.363738
   2.708      0.362613
   2.718      0.361491
   2.728      0.360371
   2.738      0.359253
   2.749      0.358138
   2.759      0.357026
   2.769      0.355917
   2.779      0.354810
   2.789      0.353706
   2.799      0.352606
   2.809      0.351508
   2.819      0.350413
   2.829      0.349321
   2.839      0.348233
   2.850      0.347148
   2.860      0.346066
   2.870      0.344987
   2.880      0.343912
   2.890      0.342840
   2.900      0.341772
   2.910      0.340707
   2.920      0.339645
   2.930      0.338588
   2.941      0.337534
   2.951      0.336483
   2.961      0.335437
   2.971      0.334394
   2.981      0.333355
   2.991      0.332320
   3.001      0.331289
   3.011      0.330261
   3.021      0.329238
   3.031      0.328219
   3.042      0.327203
   3.052      0.326192
   3.062      0.325185
   3.072      0.324181
   3.082      0.323182
   3.092      0.322187
   3.102      0.321197
   3.112      0.320210
   3.122      0.319228
   3.133      0.318250
   3.143      0.317276
   3.153      0.316306
   3.163      0.315341
   3.173      0.314380
   3.183      0.313423
   3.193      0.312471
   3.203      0.311523
   3.213      0.310579
   3.223      0.309640
   3.234      0.308705
   3.244      0.307774
   3.254      0.306848
   3.264      0.305926
   3.274      0.305009
   3.284      0.304095
   3.294      0.303187
   3.304      0.302283
   3.314      0.301383
   3.325      0.300487
   3.335      0.299596
   3.345      0.298710
   3.355      0.297827
   3.365      0.296949
   3.375      0.296076
   3.385      0.295207
   3.395      0.294342
   3.405      0.293482
   3.415      0.292626
   3.426      0.291774
   3.436      0.290927
   3.446      0.290084
   3.456      0.289245
   3.466      0.288411
   3.476      0.287581
   3.486      0.286755
   3.496      0.285934
   3.506      0.285117
   3.517      0.284304
   3.527      0.283495
   3.537      0.282690
   3.547      0.281890
   3.557      0.281094
   3.567      0.280302
   3.577      0.279514
   3.587      0.278731
   3.597      0.277951
   3.607      0.277176
   3.618      0.276404
   3.628      0.275637
   3.638      0.274874
   3.648      0.274115
   3.658      0.273359
   3.668      0.272608
   3.678      0.271861
   3.688      0.271118
   3.698      0.270378
   3.708      0.269643
   3.719      0.268911
   3.729      0.268183
   3.739      0.267459
   3.749      0.266739
   3.759      0.266023
   3.769      0.265310
   3.779      0.264601
   3.789      0.263896
   3.799      0.263195
   3.810      0.262497
   3.820      0.261803
   3.830      0.261112
   3.840      0.260425
   3.850      0.259742
   3.860      0.259062
   3.870      0.258386
   3.880      0.257713
   3.890      0.257044
   3.900      0.256378
   3.911      0.255716
   3.921      0.255057
   3.931      0.254401
   3.941      0.253749
   3.951      0.253100
   3.961      0.252454
   3.971      0.251812
   3.981      0.251173
   3.991      0.250537
   4.002      0.249904
   4.012      0.249274
   4.022      0.248648
