   0.008      0.000099
   0.015      0.001135
   0.023      0.002171
   0.030      0.003243
   0.038      0.004320
   0.046      0.005398
   0.053      0.006477
   0.061      0.007557
   0.068      0.008637
   0.076      0.009718
   0.084      0.010800
   0.091      0.011882
   0.099      0.012965
   0.106      0.014049
   0.114      0.015133
   0.122      0.016218
   0.129      0.017304
   0.137      0.018391
   0.144      0.019480
   0.152      0.020569
   0.160      0.021659
   0.167      0.022751
   0.175      0.023844
   0.182      0.024938
   0.190      0.026033
   0.198      0.027130
   0.205      0.028229
   0.213      0.029329
   0.220      0.030430
   0.228      0.031534
   0.236      0.032639
   0.243      0.033745
   0.251      0.034854
   0.258      0.035965
   0.266      0.037077
   0.274      0.038192
   0.281      0.039308
   0.289      0.040427
   0.296      0.041548
   0.304      0.042671
   0.312      0.043796
   0.319      0.044924
   0.327      0.046054
   0.334      0.047187
   0.342      0.048322
   0.350      0.049459
   0.357      0.050599
   0.365      0.051742
   0.372      0.052888
   0.380      0.054036
   0.388      0.055187
   0.395      0.056341
   0.403      0.057498
   0.410      0.058658
   0.418      0.059821
   0.426      0.060987
   0.433      0.062156
   0.441      0.063328
   0.448      0.064504
   0.456      0.065682
   0.464      0.066864
   0.471      0.068049
   0.479      0.069238
   0.486      0.070430
   0.494      0.071625
   0.502      0.072824
   0.509      0.074027
   0.517      0.075233
   0.524      0.076443
   0.532      0.077656
   0.540      0.078873
   0.547      0.080094
   0.555      0.081319
   0.562      0.082547
   0.570      0.083779
   0.578      0.085016
   0.585      0.086256
   0.593      0.087500
   0.600      0.088748
   0.608      0.090000
   0.616      0.091256
   0.623      0.092516
   0.631      0.093780
   0.638      0.095049
   0.646      0.096321
   0.654      0.097598
   0.661      0.098879
   0.669      0.100164
   0.676      0.101453
   0.684      0.102747
   0.692      0.104045
   0.699      0.105347
   0.707      0.106654
   0.714      0.107965
   0.722      0.109280
   0.730      0.110600
   0.737      0.111924
   0.745      0.113253
   0.752      0.114585
   0.760      0.115923
   0.768      0.117265
   0.775      0.118611
   0.783      0.119961
   0.790      0.121317
   0.798      0.122676
   0.806      0.124040
   0.813      0.125409
   0.821      0.126781
   0.828      0.128159
   0.836      0.129540
   0.844      0.130927
   0.851      0.132317
   0.859      0.133712
   0.866      0.135112
   0.874      0.136516
   0.882      0.137924
   0.889      0.139336
   0.897      0.140753
   0.904      0.142174
   0.912      0.143600
   0.920      0.145030
   0.927      0.146464
   0.935      0.147902
   0.942      0.149344
   0.950      0.150791
   0.958      0.152242
   0.965      0.153697
   0.973      0.155156
   0.980      0.156619
   0.988      0.158085
   0.996      0.159556
   1.003      0.161031
   1.011      0.162510
   1.018      0.163992
   1.026      0.165478
   1.034      0.166968
   1.041      0.168462
   1.049      0.169959
   1.056      0.171460
   1.064      0.172964
   1.072      0.174472
   1.079      0.175983
   1.087      0.177497
   1.094      0.179014
   1.102      0.180535
   1.110      0.182059
   1.117      0.183585
   1.125      0.185115
   1.132      0.186648
   1.140      0.188183
   1.148      0.189721
   1.155      0.191262
   1.163      0.192805
   1.170      0.194351
   1.178      0.195899
   1.186      0.197449
   1.193      0.199002
   1.201      0.200557
   1.208      0.202113
   1.216      0.203672
   1.224      0.205232
   1.231      0.206794
   1.239      0.208358
   1.246      0.209923
   1.254      0.211490
   1.262      0.213058
   1.269      0.214627
   1.277      0.216197
   1.284      0.217768
   1.292      0.219340
   1.300      0.220913
   1.307      0.222486
   1.315      0.224060
   1.322      0.225635
   1.330      0.227210
   1.338      0.228785
   1.345      0.230360
   1.353      0.231935
   1.360      0.233509
   1.368      0.235084
   1.376      0.236658
   1.383      0.238232
   1.391      0.239805
   1.398      0.241377
   1.406      0.242949
   1.414      0.244519
   1.421      0.246089
   1.429      0.247657
   1.436      0.249224
   1.444      0.250789
   1.452      0.252353
   1.459      0.253915
   1.467      0.255476
   1.474      0.257035
   1.482      0.258591
   1.490      0.260146
   1.497      0.261698
   1.505      0.263248
   1.512      0.264795
   1.520      0.266340
   1.528      0.267882
   1.535      0.269422
   1.543      0.270958
   1.550      0.272492
   1.558      0.274022
   1.566      0.275549
   1.573      0.277073
   1.581      0.278593
   1.588      0.280110
   1.596      0.281623
   1.604      0.283132
   1.611      0.284638
   1.619      0.286139
   1.626      0.287636
   1.634      0.289129
   1.642      0.290618
   1.649      0.292103
   1.657      0.293582
   1.664      0.295057
   1.672      0.296528
   1.680      0.297994
   1.687      0.299454
   1.695      0.300910
   1.702      0.302360
   1.710      0.303806
   1.718      0.305246
   1.725      0.306680
   1.733      0.308109
   1.740      0.309533
   1.748      0.310951
   1.756      0.312362
   1.763      0.313768
   1.771      0.315169
   1.778      0.316563
   1.786      0.317950
   1.794      0.319332
   1.801      0.320707
   1.809      0.322076
   1.816      0.323438
   1.824      0.324794
   1.832      0.326143
   1.839      0.327485
   1.847      0.328821
   1.854      0.330149
   1.862      0.331470
   1.870      0.332785
   1.877      0.334092
   1.885      0.335392
   1.892      0.336685
   1.900      0.337970
   1.908      0.339248
   1.915      0.340518
   1.923      0.341781
   1.930      0.343036
   1.938      0.344283
   1.946      0.345523
   1.953      0.346754
   1.961      0.347978
   1.968      0.349194
   1.976      0.350402
   1.984      0.351601
   1.991      0.352792
   1.999      0.353976
   2.006      0.355150
   2.014      0.356317
   2.022      0.357475
   2.029      0.358624
   2.037      0.359766
   2.044      0.360898
   2.052      0.362022
   2.060      0.363137
   2.067      0.364244
   2.075      0.365341
   2.082      0.366430
   2.090      0.367510
   2.098      0.368582
   2.105      0.369644
   2.113      0.370697
   2.120      0.371742
   2.128      0.372777
   2.136      0.373803
   2.143      0.374820
   2.151      0.375828
   2.158      0.376827
   2.166      0.377816
   2.174      0.378796
   2.181      0.379767
   2.189      0.380729
   2.196      0.381681
   2.204      0.382624
   2.212      0.383557
   2.219      0.384481
   2.227      0.385396
   2.234      0.386301
   2.242      0.387197
   2.250      0.388083
   2.257      0.388960
   2.265      0.389827
   2.272      0.390685
   2.280      0.391533
   2.288      0.392371
   2.295      0.393200
   2.303      0.394019
   2.310      0.394829
   2.318      0.395629
   2.326      0.396419
   2.333      0.397200
   2.341      0.397971
   2.348      0.398732
   2.356      0.399484
   2.364      0.400226
   2.371      0.400958
   2.379      0.401681
   2.386      0.402394
   2.394      0.403097
   2.402      0.403791
   2.409      0.404475
   2.417      0.405149
   2.424      0.405814
   2.432      0.406469
   2.440      0.407114
   2.447      0.407750
   2.455      0.408376
   2.462      0.408992
   2.470      0.409599
   2.478      0.410196
   2.485      0.410783
   2.493      0.411361
   2.500      0.411929
   2.508      0.412488
   2.516      0.413037
   2.523      0.413577
   2.531      0.414107
   2.538      0.414627
   2.546      0.415138
   2.554      0.415639
   2.561      0.416131
   2.569      0.416614
   2.576      0.417087
   2.584      0.417550
   2.592      0.418004
   2.599      0.418449
   2.607      0.418885
   2.614      0.419311
   2.622      0.419727
   2.630      0.420135
   2.637      0.420533
   2.645      0.420921
   2.652      0.421301
   2.660      0.421671
   2.668      0.422032
   2.675      0.422384
   2.683      0.422727
   2.690      0.423061
   2.698      0.423385
   2.706      0.423701
   2.713      0.424007
   2.721      0.424304
   2.728      0.424593
   2.736      0.424872
   2.744      0.425143
   2.751      0.425404
   2.759      0.425657
   2.766      0.425901
   2.774      0.426136
   2.782      0.426362
   2.789      0.426580
   2.797      0.426788
   2.804      0.426988
   2.812      0.427180
   2.820      0.427362
   2.827      0.427537
   2.835      0.427702
   2.842      0.427859
   2.850      0.428008
   2.858      0.428148
   2.865      0.428279
   2.873      0.428402
   2.880      0.428517
   2.888      0.428623
   2.896      0.428722
   2.903      0.428811
   2.911      0.428893
   2.918      0.428966
   2.926      0.429031
   2.934      0.429089
   2.941      0.429137
   2.949      0.429178
   2.956      0.429211
   2.964      0.429236
   2.972      0.429253
   2.979      0.429262
   2.987      0.429263
   2.994      0.429256
   3.002      0.429241
   3.010      0.429219
   3.017      0.429189
   3.025      0.429151
   3.032      0.429105
   3.040      0.429052
   3.048      0.428991
   3.055      0.428923
   3.063      0.428847
   3.070      0.428764
   3.078      0.428673
   3.086      0.428574
   3.093      0.428469
   3.101      0.428356
   3.108      0.428235
   3.116      0.428108
   3.124      0.427973
   3.131      0.427831
   3.139      0.427681
   3.146      0.427525
   3.154      0.427362
   3.162      0.427191
   3.169      0.427014
   3.177      0.426829
   3.184      0.426638
   3.192      0.426439
   3.200      0.426234
   3.207      0.426022
   3.215      0.425803
   3.222      0.425578
   3.230      0.425345
   3.238      0.425106
   3.245      0.424861
   3.253      0.424609
   3.260      0.424350
   3.268      0.424084
   3.276      0.423813
   3.283      0.423534
   3.291      0.423250
   3.298      0.422959
   3.306      0.422661
   3.314      0.422357
   3.321      0.422047
   3.329      0.421731
   3.336      0.421408
   3.344      0.421080
   3.352      0.420745
   3.359      0.420404
   3.367      0.420057
   3.374      0.419704
   3.382      0.419345
   3.390      0.418981
   3.397      0.418610
   3.405      0.418233
   3.412      0.417851
   3.420      0.417462
   3.428      0.417068
   3.435      0.416669
   3.443      0.416263
   3.450      0.415852
   3.458      0.415435
   3.466      0.415013
   3.473      0.414585
   3.481      0.414151
   3.488      0.413713
   3.496      0.413268
   3.504      0.412818
   3.511      0.412363
   3.519      0.411903
   3.526      0.411437
   3.534      0.410966
   3.542      0.410490
   3.549      0.410008
   3.557      0.409522
   3.564      0.409030
   3.572      0.408533
   3.580      0.408031
   3.587      0.407524
   3.595      0.407012
   3.602      0.406495
   3.610      0.405973
   3.618      0.405447
   3.625      0.404915
   3.633      0.404378
   3.640      0.403837
   3.648      0.403291
   3.656      0.402741
   3.663      0.402185
   3.671      0.401625
   3.678      0.401060
   3.686      0.400491
   3.694      0.399917
   3.701      0.399339
   3.709      0.398756
   3.716      0.398169
   3.724      0.397577
   3.732      0.396981
   3.739      0.396380
   3.747      0.395775
   3.754      0.395166
   3.762      0.394553
   3.770      0.393935
   3.777      0.393313
   3.785      0.392687
   3.792      0.392057
   3.800      0.391422
   3.808      0.390784
   3.815      0.390142
   3.823      0.389495
   3.830      0.388845
   3.838      0.388190
   3.846      0.387532
   3.853      0.386869
   3.861      0.386203
   3.868      0.385533
   3.876      0.384860
   3.884      0.384182
   3.891      0.383501
   3.899      0.382816
   3.906      0.382127
   3.914      0.381435
   3.922      0.380739
   3.929      0.380039
   3.937      0.379336
   3.944      0.378629
   3.952      0.377919
   3.960      0.377205
   3.967      0.376488
   3.975      0.375768
   3.982      0.375044
   3.990      0.374316
   3.998      0.373586
   4.005      0.372852
   4.013      0.372114
   4.020      0.371374
   4.028      0.370630
   4.036      0.369883
   4.043      0.369133
   4.051      0.368380
   4.058      0.367624
   4.066      0.366864
   4.074      0.366102
   4.081      0.365336
   4.089      0.364567
   4.096      0.363796
   4.104      0.363021
   4.112      0.362244
   4.119      0.361464
   4.127      0.360681
   4.134      0.359895
   4.142      0.359106
   4.150      0.358314
   4.157      0.357520
   4.165      0.356723
   4.172      0.355923
   4.180      0.355120
   4.188      0.354315
   4.195      0.353507
   4.203      0.352697
   4.210      0.351884
   4.218      0.351068
   4.226      0.350250
   4.233      0.349429
   4.241      0.348606
   4.248      0.347781
   4.256      0.346953
   4.264      0.346122
   4.271      0.345290
   4.279      0.344454
   4.286      0.343617
   4.294      0.342777
   4.302      0.341935
   4.309      0.341091
   4.317      0.340244
   4.324      0.339395
   4.332      0.338544
   4.340      0.337691
   4.347      0.336836
   4.355      0.335978
   4.362      0.335119
   4.370      0.334257
   4.378      0.333393
   4.385      0.332528
   4.393      0.331660
   4.400      0.330790
   4.408      0.329918
   4.416      0.329045
   4.423      0.328169
   4.431      0.327292
   4.438      0.326413
   4.446      0.325532
   4.454      0.324649
   4.461      0.323764
   4.469      0.322877
   4.476      0.321989
   4.484      0.321099
   4.492      0.320207
   4.499      0.319314
   4.507      0.318419
   4.514      0.317522
   4.522      0.316624
   4.530      0.315724
   4.537      0.314822
   4.545      0.313919
   4.552      0.313014
   4.560      0.312108
   4.568      0.311200
   4.575      0.310291
   4.583      0.309381
   4.590      0.308469
   4.598      0.307555
   4.606      0.306640
   4.613      0.305724
   4.621      0.304806
   4.628      0.303887
   4.636      0.302967
   4.644      0.302045
   4.651      0.301123
   4.659      0.300198
   4.666      0.299273
   4.674      0.298347
   4.682      0.297419
   4.689      0.296490
   4.697      0.295560
   4.704      0.294628
   4.712      0.293696
   4.720      0.292763
   4.727      0.291828
   4.735      0.290892
   4.742      0.289956
   4.750      0.289018
   4.758      0.288079
   4.765      0.287140
   4.773      0.286199
   4.780      0.285257
   4.788      0.284315
   4.796      0.283371
   4.803      0.282427
   4.811      0.281482
   4.818      0.280535
   4.826      0.279589
   4.834      0.278641
   4.841      0.277692
   4.849      0.276743
   4.856      0.275793
   4.864      0.274842
   4.872      0.273890
   4.879      0.272938
   4.887      0.271985
   4.894      0.271031
   4.902      0.270076
   4.910      0.269121
   4.917      0.268166
   4.925      0.267209
   4.932      0.266252
   4.940      0.265295
   4.948      0.264337
   4.955      0.263378
   4.963      0.262419
   4.970      0.261459
   4.978      0.260499
   4.986      0.259538
   4.993      0.258577
   5.001      0.257616
   5.008      0.256654
   5.016      0.255691
   5.024      0.254728
   5.031      0.253765
   5.039      0.252802
   5.046      0.251838
   5.054      0.250873
   5.062      0.249909
   5.069      0.248944
   5.077      0.247978
   5.084      0.247013
   5.092      0.246047
   5.100      0.245081
   5.107      0.244115
   5.115      0.243148
   5.122      0.242181
   5.130      0.241215
   5.138      0.240247
   5.145      0.239280
   5.153      0.238313
   5.160      0.237345
   5.168      0.236378
   5.176      0.235410
   5.183      0.234442
   5.191      0.233474
   5.198      0.232506
   5.206      0.231538
   5.214      0.230570
   5.221      0.229602
   5.229      0.228634
   5.236      0.227666
   5.244      0.226698
   5.252      0.225730
   5.259      0.224762
   5.267      0.223794
   5.274      0.222826
   5.282      0.221858
   5.290      0.220891
   5.297      0.219923
   5.305      0.218956
   5.312      0.217988
   5.320      0.217021
   5.328      0.216054
   5.335      0.215088
   5.343      0.214121
   5.350      0.213155
   5.358      0.212189
   5.366      0.211223
   5.373      0.210257
   5.381      0.209292
   5.388      0.208327
   5.396      0.207362
   5.404      0.206397
   5.411      0.205433
   5.419      0.204469
   5.426      0.203506
   5.434      0.202543
   5.442      0.201580
   5.449      0.200618
   5.457      0.199656
   5.464      0.198694
   5.472      0.197733
   5.480      0.196772
   5.487      0.195812
   5.495      0.194852
   5.502      0.193893
   5.510      0.192934
   5.518      0.191976
   5.525      0.191019
   5.533      0.190062
   5.540      0.189105
   5.548      0.188149
   5.556      0.187194
   5.563      0.186239
   5.571      0.185285
   5.578      0.184332
   5.586      0.183379
   5.594      0.182427
   5.601      0.181475
   5.609      0.180525
   5.616      0.179575
   5.624      0.178626
   5.632      0.177677
   5.639      0.176730
   5.647      0.175783
   5.654      0.174837
   5.662      0.173892
   5.670      0.172948
   5.677      0.172004
   5.685      0.171062
   5.692      0.170120
   5.700      0.169180
   5.708      0.168240
   5.715      0.167301
   5.723      0.166363
   5.730      0.165427
   5.738      0.164491
   5.746      0.163556
   5.753      0.162623
   5.761      0.161690
   5.768      0.160759
   5.776      0.159828
   5.784      0.158899
   5.791      0.157971
   5.799      0.157044
   5.806      0.156119
   5.814      0.155194
   5.822      0.154271
   5.829      0.153349
   5.837      0.152428
   5.844      0.151509
   5.852      0.150591
   5.860      0.149674
   5.867      0.148759
   5.875      0.147845
   5.882      0.146932
   5.890      0.146021
   5.898      0.145111
   5.905      0.144202
   5.913      0.143295
   5.920      0.142390
   5.928      0.141486
   5.936      0.140583
   5.943      0.139682
   5.951      0.138783
   5.958      0.137885
   5.966      0.136989
   5.974      0.136094
   5.981      0.135201
   5.989      0.134309
   5.996      0.133420
   6.004      0.132531
   6.012      0.131645
   6.019      0.130760
   6.027      0.129877
   6.034      0.128996
   6.042      0.128117
   6.050      0.127239
   6.057      0.126363
   6.065      0.125489
   6.072      0.124617
   6.080      0.123746
   6.088      0.122878
   6.095      0.122011
   6.103      0.121146
   6.110      0.120283
   6.118      0.119422
   6.126      0.118563
   6.133      0.117706
   6.141      0.116851
   6.148      0.115998
   6.156      0.115147
   6.164      0.114298
   6.171      0.113451
   6.179      0.112606
   6.186      0.111763
   6.194      0.110922
   6.202      0.110084
   6.209      0.109247
   6.217      0.108413
   6.224      0.107580
   6.232      0.106750
   6.240      0.105922
   6.247      0.105097
   6.255      0.104273
   6.262      0.103452
   6.270      0.102632
   6.278      0.101816
   6.285      0.101001
   6.293      0.100189
   6.300      0.099379
   6.308      0.098571
   6.316      0.097765
   6.323      0.096962
   6.331      0.096162
   6.338      0.095363
   6.346      0.094567
   6.354      0.093773
   6.361      0.092982
   6.369      0.092193
   6.376      0.091407
   6.384      0.090622
   6.392      0.089841
   6.399      0.089062
   6.407      0.088285
   6.414      0.087511
   6.422      0.086739
   6.430      0.085969
   6.437      0.085203
   6.445      0.084438
   6.452      0.083677
   6.460      0.082917
   6.468      0.082161
   6.475      0.081406
   6.483      0.080655
   6.490      0.079906
   6.498      0.079159
   6.506      0.078415
   6.513      0.077674
   6.521      0.076935
   6.528      0.076199
   6.536      0.075466
   6.544      0.074735
   6.551      0.074007
   6.559      0.073281
   6.566      0.072559
   6.574      0.071838
   6.582      0.071121
   6.589      0.070406
   6.597      0.069694
   6.604      0.068984
   6.612      0.068278
   6.620      0.067573
   6.627      0.066872
   6.635      0.066174
   6.642      0.065478
   6.650      0.064784
   6.658      0.064094
   6.665      0.063406
   6.673      0.062721
   6.680      0.062039
   6.688      0.061360
   6.696      0.060683
   6.703      0.060009
   6.711      0.059338
   6.718      0.058670
   6.726      0.058005
   6.734      0.057342
   6.741      0.056682
   6.749      0.056025
   6.756      0.055371
   6.764      0.054719
   6.772      0.054071
   6.779      0.053425
   6.787      0.052782
   6.794      0.052142
   6.802      0.051504
   6.810      0.050870
   6.817      0.050238
   6.825      0.049610
   6.832      0.048984
   6.840      0.048360
   6.848      0.047740
   6.855      0.047123
   6.863      0.046508
   6.870      0.045897
   6.878      0.045288
   6.886      0.044682
   6.893      0.044079
   6.901      0.043479
   6.908      0.042881
   6.916      0.042287
   6.924      0.041695
   6.931      0.041107
   6.939      0.040521
   6.946      0.039938
   6.954      0.039358
   6.962      0.038781
   6.969      0.038206
   6.977      0.037635
   6.984      0.037066
   6.992      0.036501
   7.000      0.035938
   7.007      0.035378
   7.015      0.034821
   7.022      0.034267
   7.030      0.033716
   7.038      0.033167
   7.045      0.032622
   7.053      0.032079
   7.060      0.031540
   7.068      0.031003
   7.076      0.030469
   7.083      0.029938
   7.091      0.029410
   7.098      0.028884
   7.106      0.028362
   7.114      0.027843
   7.121      0.027326
   7.129      0.026812
   7.136      0.026301
   7.144      0.025794
   7.152      0.025288
   7.159      0.024786
   7.167      0.024287
   7.174      0.023790
   7.182      0.023297
   7.190      0.022806
   7.197      0.022318
   7.205      0.021833
   7.212      0.021350
   7.220      0.020871
   7.228      0.020394
   7.235      0.019921
   7.243      0.019450
   7.250      0.018981
   7.258      0.018516
   7.266      0.018053
   7.273      0.017593
   7.281      0.017136
   7.288      0.016682
   7.296      0.016231
   7.304      0.015782
   7.311      0.015336
   7.319      0.014893
   7.326      0.014452
   7.334      0.014014
   7.342      0.013579
   7.349      0.013147
   7.357      0.012718
   7.364      0.012291
   7.372      0.011866
   7.380      0.011445
   7.387      0.011026
   7.395      0.010610
   7.402      0.010197
   7.410      0.009786
   7.418      0.009378
   7.425      0.008972
   7.433      0.008570
   7.440      0.008170
   7.448      0.007772
   7.456      0.007377
   7.463      0.006985
   7.471      0.006595
   7.478      0.006208
   7.486      0.005823
   7.494      0.005441
   7.501      0.005062
   7.509      0.004685
   7.516      0.004310
   7.524      0.003938
   7.532      0.003569
   7.539      0.003201
   7.547      0.002837
   7.554      0.002475
   7.562      0.002115
   7.570      0.001757
   7.577      0.001402
   7.585      0.001048
   7.592      0.000697
   7.600      0.000348
   7.608      0.000000
