   0.008      0.193272
   0.015      0.193287
   0.023      0.193301
   0.030      0.193325
   0.038      0.193358
   0.046      0.193401
   0.053      0.193453
   0.061      0.193515
   0.068      0.193587
   0.076      0.193668
   0.084      0.193758
   0.091      0.193858
   0.099      0.193968
   0.106      0.194087
   0.114      0.194216
   0.122      0.194355
   0.129      0.194503
   0.137      0.194661
   0.144      0.194828
   0.152      0.195006
   0.160      0.195192
   0.167      0.195389
   0.175      0.195595
   0.182      0.195811
   0.190      0.196037
   0.198      0.196273
   0.205      0.196518
   0.213      0.196773
   0.220      0.197038
   0.228      0.197313
   0.236      0.197597
   0.243      0.197891
   0.251      0.198196
   0.258      0.198510
   0.266      0.198834
   0.274      0.199167
   0.281      0.199511
   0.289      0.199865
   0.296      0.200229
   0.304      0.200602
   0.312      0.200986
   0.319      0.201379
   0.327      0.201783
   0.334      0.202197
   0.342      0.202620
   0.350      0.203054
   0.357      0.203498
   0.365      0.203952
   0.372      0.204416
   0.380      0.204890
   0.388      0.205374
   0.395      0.205868
   0.403      0.206373
   0.410      0.206887
   0.418      0.207412
   0.426      0.207948
   0.433      0.208493
   0.441      0.209048
   0.448      0.209614
   0.456      0.210190
   0.464      0.210777
   0.471      0.211374
   0.479      0.211981
   0.486      0.212598
   0.494      0.213226
   0.502      0.213864
   0.509      0.214512
   0.517      0.215171
   0.524      0.215840
   0.532      0.216520
   0.540      0.217210
   0.547      0.217911
   0.555      0.218622
   0.562      0.219343
   0.570      0.220075
   0.578      0.220818
   0.585      0.221571
   0.593      0.222334
   0.600      0.223108
   0.608      0.223893
   0.616      0.224688
   0.623      0.225494
   0.631      0.226310
   0.638      0.227137
   0.646      0.227974
   0.654      0.228822
   0.661      0.229681
   0.669      0.230550
   0.676      0.231429
   0.684      0.232320
   0.692      0.233221
   0.699      0.234132
   0.707      0.235054
   0.714      0.235987
   0.722      0.236930
   0.730      0.237884
   0.737      0.238849
   0.745      0.239824
   0.752      0.240810
   0.760      0.241806
   0.768      0.242813
   0.775      0.243830
   0.783      0.244858
   0.790      0.245896
   0.798      0.246945
   0.806      0.248004
   0.813      0.249074
   0.821      0.250155
   0.828      0.251245
   0.836      0.252346
   0.844      0.253458
   0.851      0.254580
   0.859      0.255712
   0.866      0.256854
   0.874      0.258007
   0.882      0.259170
   0.889      0.260343
   0.897      0.261526
   0.904      0.262720
   0.912      0.263923
   0.920      0.265136
   0.927      0.266360
   0.935      0.267593
   0.942      0.268836
   0.950      0.270089
   0.958      0.271352
   0.965      0.272624
   0.973      0.273906
   0.980      0.275198
   0.988      0.276499
   0.996      0.277810
   1.003      0.279130
   1.011      0.280459
   1.018      0.281797
   1.026      0.283145
   1.034      0.284502
   1.041      0.285867
   1.049      0.287242
   1.056      0.288625
   1.064      0.290017
   1.072      0.291417
   1.079      0.292826
   1.087      0.294243
   1.094      0.295669
   1.102      0.297103
   1.110      0.298545
   1.117      0.299995
   1.125      0.301452
   1.132      0.302918
   1.140      0.304391
   1.148      0.305871
   1.155      0.307359
   1.163      0.308854
   1.170      0.310356
   1.178      0.311865
   1.186      0.313381
   1.193      0.314903
   1.201      0.316432
   1.208      0.317968
   1.216      0.319509
   1.224      0.321057
   1.231      0.322610
   1.239      0.324170
   1.246      0.325734
   1.254      0.327305
   1.262      0.328880
   1.269      0.330461
   1.277      0.332046
   1.284      0.333636
   1.292      0.335231
   1.300      0.336830
   1.307      0.338434
   1.315      0.340041
   1.322      0.341652
   1.330      0.343267
   1.338      0.344885
   1.345      0.346507
   1.353      0.348131
   1.360      0.349759
   1.368      0.351389
   1.376      0.353022
   1.383      0.354657
   1.391      0.356294
   1.398      0.357933
   1.406      0.359574
   1.414      0.361216
   1.421      0.362859
   1.429      0.364504
   1.436      0.366150
   1.444      0.367796
   1.452      0.369443
   1.459      0.371090
   1.467      0.372737
   1.474      0.374385
   1.482      0.376031
   1.490      0.377678
   1.497      0.379324
   1.505      0.380968
   1.512      0.382612
   1.520      0.384254
   1.528      0.385895
   1.535      0.387534
   1.543      0.389171
   1.550      0.390806
   1.558      0.392438
   1.566      0.394068
   1.573      0.395695
   1.581      0.397319
   1.588      0.398940
   1.596      0.400558
   1.604      0.402172
   1.611      0.403782
   1.619      0.405387
   1.626      0.406989
   1.634      0.408586
   1.642      0.410179
   1.649      0.411766
   1.657      0.413348
   1.664      0.414925
   1.672      0.416497
   1.680      0.418063
   1.687      0.419622
   1.695      0.421176
   1.702      0.422723
   1.710      0.424264
   1.718      0.425797
   1.725      0.427324
   1.733      0.428844
   1.740      0.430356
   1.748      0.431860
   1.756      0.433357
   1.763      0.434845
   1.771      0.436326
   1.778      0.437797
   1.786      0.439261
   1.794      0.440715
   1.801      0.442160
   1.809      0.443596
   1.816      0.445023
   1.824      0.446440
   1.832      0.447847
   1.839      0.449244
   1.847      0.450631
   1.854      0.452007
   1.862      0.453373
   1.870      0.454728
   1.877      0.456072
   1.885      0.457405
   1.892      0.458727
   1.900      0.460037
   1.908      0.461336
   1.915      0.462622
   1.923      0.463897
   1.930      0.465159
   1.938      0.466409
   1.946      0.467647
   1.953      0.468872
   1.961      0.470084
   1.968      0.471283
   1.976      0.472469
   1.984      0.473642
   1.991      0.474801
   1.999      0.475946
   2.006      0.477078
   2.014      0.478196
   2.022      0.479300
   2.029      0.480390
   2.037      0.481465
   2.044      0.482527
   2.052      0.483573
   2.060      0.484605
   2.067      0.485622
   2.075      0.486625
   2.082      0.487612
   2.090      0.488584
   2.098      0.489541
   2.105      0.490483
   2.113      0.491409
   2.120      0.492320
   2.128      0.493215
   2.136      0.494095
   2.143      0.494958
   2.151      0.495806
   2.158      0.496638
   2.166      0.497454
   2.174      0.498254
   2.181      0.499038
   2.189      0.499806
   2.196      0.500557
   2.204      0.501292
   2.212      0.502011
   2.219      0.502713
   2.227      0.503399
   2.234      0.504068
   2.242      0.504721
   2.250      0.505357
   2.257      0.505976
   2.265      0.506579
   2.272      0.507166
   2.280      0.507735
   2.288      0.508288
   2.295      0.508824
   2.303      0.509344
   2.310      0.509847
   2.318      0.510333
   2.326      0.510802
   2.333      0.511255
   2.341      0.511691
   2.348      0.512110
   2.356      0.512513
   2.364      0.512899
   2.371      0.513268
   2.379      0.513621
   2.386      0.513957
   2.394      0.514277
   2.402      0.514580
   2.409      0.514867
   2.417      0.515137
   2.424      0.515391
   2.432      0.515629
   2.440      0.515850
   2.447      0.516056
   2.455      0.516245
   2.462      0.516417
   2.470      0.516574
   2.478      0.516715
   2.485      0.516840
   2.493      0.516949
   2.500      0.517043
   2.508      0.517120
   2.516      0.517182
   2.523      0.517229
   2.531      0.517260
   2.538      0.517276
   2.546      0.517276
   2.554      0.517262
   2.561      0.517232
   2.569      0.517187
   2.576      0.517127
   2.584      0.517053
   2.592      0.516964
   2.599      0.516860
   2.607      0.516742
   2.614      0.516609
   2.622      0.516462
   2.630      0.516301
   2.637      0.516126
   2.645      0.515937
   2.652      0.515734
   2.660      0.515517
   2.668      0.515287
   2.675      0.515043
   2.683      0.514786
   2.690      0.514515
   2.698      0.514231
   2.706      0.513935
   2.713      0.513625
   2.721      0.513303
   2.728      0.512968
   2.736      0.512620
   2.744      0.512260
   2.751      0.511888
   2.759      0.511503
   2.766      0.511107
   2.774      0.510698
   2.782      0.510278
   2.789      0.509846
   2.797      0.509403
   2.804      0.508948
   2.812      0.508482
   2.820      0.508004
   2.827      0.507516
   2.835      0.507017
   2.842      0.506507
   2.850      0.505986
   2.858      0.505454
   2.865      0.504913
   2.873      0.504361
   2.880      0.503798
   2.888      0.503226
   2.896      0.502644
   2.903      0.502052
   2.911      0.501451
   2.918      0.500839
   2.926      0.500219
   2.934      0.499589
   2.941      0.498950
   2.949      0.498302
   2.956      0.497644
   2.964      0.496979
   2.972      0.496304
   2.979      0.495621
   2.987      0.494929
   2.994      0.494229
   3.002      0.493521
   3.010      0.492804
   3.017      0.492080
   3.025      0.491347
   3.032      0.490607
   3.040      0.489859
   3.048      0.489104
   3.055      0.488341
   3.063      0.487571
   3.070      0.486793
   3.078      0.486008
   3.086      0.485217
   3.093      0.484418
   3.101      0.483612
   3.108      0.482800
   3.116      0.481981
   3.124      0.481156
   3.131      0.480324
   3.139      0.479486
   3.146      0.478641
   3.154      0.477791
   3.162      0.476934
   3.169      0.476072
   3.177      0.475203
   3.184      0.474329
   3.192      0.473449
   3.200      0.472564
   3.207      0.471672
   3.215      0.470776
   3.222      0.469874
   3.230      0.468967
   3.238      0.468055
   3.245      0.467138
   3.253      0.466215
   3.260      0.465288
   3.268      0.464356
   3.276      0.463419
   3.283      0.462478
   3.291      0.461532
   3.298      0.460581
   3.306      0.459626
   3.314      0.458666
   3.321      0.457702
   3.329      0.456734
   3.336      0.455762
   3.344      0.454786
   3.352      0.453806
   3.359      0.452821
   3.367      0.451833
   3.374      0.450841
   3.382      0.449845
   3.390      0.448846
   3.397      0.447843
   3.405      0.446836
   3.412      0.445826
   3.420      0.444812
   3.428      0.443795
   3.435      0.442775
   3.443      0.441752
   3.450      0.440725
   3.458      0.439695
   3.466      0.438662
   3.473      0.437626
   3.481      0.436587
   3.488      0.435545
   3.496      0.434501
   3.504      0.433453
   3.511      0.432403
   3.519      0.431350
   3.526      0.430294
   3.534      0.429236
   3.542      0.428175
   3.549      0.427112
   3.557      0.426046
   3.564      0.424978
   3.572      0.423908
   3.580      0.422835
   3.587      0.421760
   3.595      0.420683
   3.602      0.419603
   3.610      0.418522
   3.618      0.417438
   3.625      0.416353
   3.633      0.415265
   3.640      0.414176
   3.648      0.413084
   3.656      0.411991
   3.663      0.410896
   3.671      0.409799
   3.678      0.408701
   3.686      0.407600
   3.694      0.406498
   3.701      0.405395
   3.709      0.404290
   3.716      0.403183
   3.724      0.402075
   3.732      0.400966
   3.739      0.399855
   3.747      0.398743
   3.754      0.397629
   3.762      0.396514
   3.770      0.395398
   3.777      0.394281
   3.785      0.393162
   3.792      0.392043
   3.800      0.390922
   3.808      0.389800
   3.815      0.388677
   3.823      0.387553
   3.830      0.386428
   3.838      0.385302
   3.846      0.384175
   3.853      0.383048
   3.861      0.381919
   3.868      0.380790
   3.876      0.379660
   3.884      0.378529
   3.891      0.377397
   3.899      0.376265
   3.906      0.375132
   3.914      0.373998
   3.922      0.372864
   3.929      0.371729
   3.937      0.370594
   3.944      0.369458
   3.952      0.368321
   3.960      0.367185
   3.967      0.366047
   3.975      0.364910
   3.982      0.363772
   3.990      0.362633
   3.998      0.361494
   4.005      0.360355
   4.013      0.359216
   4.020      0.358076
   4.028      0.356937
   4.036      0.355797
   4.043      0.354657
   4.051      0.353516
   4.058      0.352376
   4.066      0.351235
   4.074      0.350095
   4.081      0.348954
   4.089      0.347814
   4.096      0.346673
   4.104      0.345532
   4.112      0.344392
   4.119      0.343251
   4.127      0.342111
   4.134      0.340971
   4.142      0.339830
   4.150      0.338690
   4.157      0.337551
   4.165      0.336411
   4.172      0.335272
   4.180      0.334133
   4.188      0.332994
   4.195      0.331855
   4.203      0.330717
   4.210      0.329579
   4.218      0.328441
   4.226      0.327304
   4.233      0.326167
   4.241      0.325031
   4.248      0.323895
   4.256      0.322760
   4.264      0.321625
   4.271      0.320490
   4.279      0.319356
   4.286      0.318222
   4.294      0.317089
   4.302      0.315957
   4.309      0.314825
   4.317      0.313694
   4.324      0.312563
   4.332      0.311433
   4.340      0.310304
   4.347      0.309175
   4.355      0.308047
   4.362      0.306920
   4.370      0.305794
   4.378      0.304668
   4.385      0.303543
   4.393      0.302418
   4.400      0.301295
   4.408      0.300172
   4.416      0.299050
   4.423      0.297929
   4.431      0.296809
   4.438      0.295689
   4.446      0.294571
   4.454      0.293453
   4.461      0.292337
   4.469      0.291221
   4.476      0.290106
   4.484      0.288992
   4.492      0.287879
   4.499      0.286767
   4.507      0.285656
   4.514      0.284546
   4.522      0.283437
   4.530      0.282329
   4.537      0.281222
   4.545      0.280116
   4.552      0.279012
   4.560      0.277908
   4.568      0.276805
   4.575      0.275704
   4.583      0.274603
   4.590      0.273504
   4.598      0.272406
   4.606      0.271309
   4.613      0.270213
   4.621      0.269119
   4.628      0.268025
   4.636      0.266933
   4.644      0.265842
   4.651      0.264752
   4.659      0.263664
   4.666      0.262576
   4.674      0.261490
   4.682      0.260406
   4.689      0.259322
   4.697      0.258240
   4.704      0.257159
   4.712      0.256079
   4.720      0.255001
   4.727      0.253924
   4.735      0.252848
   4.742      0.251774
   4.750      0.250701
   4.758      0.249630
   4.765      0.248559
   4.773      0.247491
   4.780      0.246423
   4.788      0.245357
   4.796      0.244293
   4.803      0.243229
   4.811      0.242168
   4.818      0.241107
   4.826      0.240048
   4.834      0.238991
   4.841      0.237935
   4.849      0.236881
   4.856      0.235828
   4.864      0.234776
   4.872      0.233726
   4.879      0.232678
   4.887      0.231631
   4.894      0.230585
   4.902      0.229541
   4.910      0.228499
   4.917      0.227458
   4.925      0.226418
   4.932      0.225381
   4.940      0.224344
   4.948      0.223310
   4.955      0.222277
   4.963      0.221245
   4.970      0.220215
   4.978      0.219187
   4.986      0.218160
   4.993      0.217135
   5.001      0.216111
   5.008      0.215089
   5.016      0.214069
   5.024      0.213050
   5.031      0.212033
   5.039      0.211018
   5.046      0.210004
   5.054      0.208992
   5.062      0.207982
   5.069      0.206973
   5.077      0.205966
   5.084      0.204960
   5.092      0.203957
   5.100      0.202955
   5.107      0.201954
   5.115      0.200955
   5.122      0.199958
   5.130      0.198963
   5.138      0.197970
   5.145      0.196978
   5.153      0.195987
   5.160      0.194999
   5.168      0.194012
   5.176      0.193027
   5.183      0.192044
   5.191      0.191062
   5.198      0.190083
   5.206      0.189105
   5.214      0.188128
   5.221      0.187154
   5.229      0.186181
   5.236      0.185210
   5.244      0.184240
   5.252      0.183273
   5.259      0.182307
   5.267      0.181343
   5.274      0.180381
   5.282      0.179420
   5.290      0.178462
   5.297      0.177505
   5.305      0.176550
   5.312      0.175596
   5.320      0.174645
   5.328      0.173695
   5.335      0.172747
   5.343      0.171801
   5.350      0.170857
   5.358      0.169914
   5.366      0.168974
   5.373      0.168035
   5.381      0.167098
   5.388      0.166162
   5.396      0.165229
   5.404      0.164297
   5.411      0.163367
   5.419      0.162439
   5.426      0.161513
   5.434      0.160589
   5.442      0.159666
   5.449      0.158745
   5.457      0.157827
   5.464      0.156909
   5.472      0.155994
   5.480      0.155081
   5.487      0.154169
   5.495      0.153260
   5.502      0.152352
   5.510      0.151446
   5.518      0.150541
   5.525      0.149639
   5.533      0.148739
   5.540      0.147840
   5.548      0.146943
   5.556      0.146048
   5.563      0.145155
   5.571      0.144264
   5.578      0.143374
   5.586      0.142487
   5.594      0.141601
   5.601      0.140717
   5.609      0.139835
   5.616      0.138955
   5.624      0.138076
   5.632      0.137200
   5.639      0.136325
   5.647      0.135452
   5.654      0.134581
   5.662      0.133712
   5.670      0.132845
   5.677      0.131980
   5.685      0.131116
   5.692      0.130254
   5.700      0.129394
   5.708      0.128536
   5.715      0.127680
   5.723      0.126826
   5.730      0.125973
   5.738      0.125123
   5.746      0.124274
   5.753      0.123427
   5.761      0.122582
   5.768      0.121739
   5.776      0.120898
   5.784      0.120058
   5.791      0.119220
   5.799      0.118385
   5.806      0.117551
   5.814      0.116718
   5.822      0.115888
   5.829      0.115060
   5.837      0.114233
   5.844      0.113408
   5.852      0.112585
   5.860      0.111764
   5.867      0.110945
   5.875      0.110127
   5.882      0.109312
   5.890      0.108498
   5.898      0.107686
   5.905      0.106876
   5.913      0.106068
   5.920      0.105261
   5.928      0.104456
   5.936      0.103654
   5.943      0.102853
   5.951      0.102053
   5.958      0.101256
   5.966      0.100460
   5.974      0.099667
   5.981      0.098875
   5.989      0.098085
   5.996      0.097296
   6.004      0.096510
   6.012      0.095725
   6.019      0.094942
   6.027      0.094161
   6.034      0.093382
   6.042      0.092604
   6.050      0.091829
   6.057      0.091055
   6.065      0.090283
   6.072      0.089512
   6.080      0.088744
   6.088      0.087977
   6.095      0.087212
   6.103      0.086449
   6.110      0.085688
   6.118      0.084928
   6.126      0.084170
   6.133      0.083414
   6.141      0.082660
   6.148      0.081907
   6.156      0.081156
   6.164      0.080407
   6.171      0.079660
   6.179      0.078914
   6.186      0.078171
   6.194      0.077428
   6.202      0.076688
   6.209      0.075950
   6.217      0.075213
   6.224      0.074478
   6.232      0.073744
   6.240      0.073013
   6.247      0.072283
   6.255      0.071555
   6.262      0.070828
   6.270      0.070104
   6.278      0.069381
   6.285      0.068659
   6.293      0.067940
   6.300      0.067222
   6.308      0.066506
   6.316      0.065791
   6.323      0.065079
   6.331      0.064368
   6.338      0.063658
   6.346      0.062950
   6.354      0.062244
   6.361      0.061540
   6.369      0.060837
   6.376      0.060137
   6.384      0.059437
   6.392      0.058740
   6.399      0.058044
   6.407      0.057349
   6.414      0.056657
   6.422      0.055966
   6.430      0.055276
   6.437      0.054589
   6.445      0.053902
   6.452      0.053218
   6.460      0.052535
   6.468      0.051854
   6.475      0.051174
   6.483      0.050497
   6.490      0.049820
   6.498      0.049145
   6.506      0.048472
   6.513      0.047801
   6.521      0.047131
   6.528      0.046463
   6.536      0.045796
   6.544      0.045131
   6.551      0.044467
   6.559      0.043805
   6.566      0.043145
   6.574      0.042486
   6.582      0.041829
   6.589      0.041173
   6.597      0.040519
   6.604      0.039867
   6.612      0.039216
   6.620      0.038566
   6.627      0.037919
   6.635      0.037272
   6.642      0.036627
   6.650      0.035984
   6.658      0.035342
   6.665      0.034702
   6.673      0.034063
   6.680      0.033426
   6.688      0.032790
   6.696      0.032156
   6.703      0.031523
   6.711      0.030892
   6.718      0.030262
   6.726      0.029634
   6.734      0.029007
   6.741      0.028382
   6.749      0.027758
   6.756      0.027136
   6.764      0.026515
   6.772      0.025896
   6.779      0.025278
   6.787      0.024661
   6.794      0.024046
   6.802      0.023432
   6.810      0.022820
   6.817      0.022209
   6.825      0.021600
   6.832      0.020992
   6.840      0.020385
   6.848      0.019780
   6.855      0.019176
   6.863      0.018574
   6.870      0.017973
   6.878      0.017373
   6.886      0.016775
   6.893      0.016178
   6.901      0.015583
   6.908      0.014988
   6.916      0.014396
   6.924      0.013804
   6.931      0.013214
   6.939      0.012625
   6.946      0.012038
   6.954      0.011452
   6.962      0.010867
   6.969      0.010284
   6.977      0.009701
   6.984      0.009121
   6.992      0.008541
   7.000      0.007963
   7.007      0.007386
   7.015      0.006810
   7.022      0.006236
   7.030      0.005663
   7.038      0.005091
   7.045      0.004520
   7.053      0.003951
   7.060      0.003383
   7.068      0.002816
   7.076      0.002250
   7.083      0.001686
   7.091      0.001123
   7.098      0.000561
   7.106      0.000000
