   0.000      1.016765
   0.008      1.016765
   0.015      1.016765
   0.023      1.016765
   0.031      1.016765
   0.039      1.016765
   0.046      1.016764
   0.054      1.016763
   0.062      1.016762
   0.069      1.016760
   0.077      1.016758
   0.085      1.016754
   0.093      1.016750
   0.100      1.016745
   0.108      1.016738
   0.116      1.016729
   0.123      1.016718
   0.131      1.016705
   0.139      1.016690
   0.147      1.016672
   0.154      1.016651
   0.162      1.016627
   0.170      1.016599
   0.177      1.016567
   0.185      1.016530
   0.193      1.016488
   0.201      1.016442
   0.208      1.016390
   0.216      1.016331
   0.224      1.016267
   0.231      1.016195
   0.239      1.016116
   0.247      1.016029
   0.254      1.015933
   0.262      1.015829
   0.270      1.015715
   0.278      1.015592
   0.285      1.015458
   0.293      1.015313
   0.301      1.015157
   0.308      1.014988
   0.316      1.014807
   0.324      1.014612
   0.332      1.014404
   0.339      1.014181
   0.347      1.013943
   0.355      1.013689
   0.362      1.013419
   0.370      1.013132
   0.378      1.012828
   0.386      1.012505
   0.393      1.012163
   0.401      1.011802
   0.409      1.011420
   0.416      1.011018
   0.424      1.010594
   0.432      1.010148
   0.440      1.009679
   0.447      1.009186
   0.455      1.008669
   0.463      1.008128
   0.470      1.007560
   0.478      1.006967
   0.486      1.006347
   0.494      1.005699
   0.501      1.005023
   0.509      1.004318
   0.517      1.003583
   0.524      1.002818
   0.532      1.002023
   0.540      1.001196
   0.548      1.000337
   0.555      0.999445
   0.563      0.998520
   0.571      0.997561
   0.578      0.996568
   0.586      0.995539
   0.594      0.994475
   0.602      0.993375
   0.609      0.992238
   0.617      0.991064
   0.625      0.989852
   0.632      0.988602
   0.640      0.987314
   0.648      0.985986
   0.655      0.984619
   0.663      0.983212
   0.671      0.981764
   0.679      0.980276
   0.686      0.978747
   0.694      0.977177
   0.702      0.975565
   0.709      0.973911
   0.717      0.972215
   0.725      0.970477
   0.733      0.968696
   0.740      0.966873
   0.748      0.965007
   0.756      0.963098
   0.763      0.961147
   0.771      0.959152
   0.779      0.957114
   0.787      0.955034
   0.794      0.952911
   0.802      0.950745
   0.810      0.948536
   0.817      0.946285
   0.825      0.943992
   0.833      0.941657
   0.841      0.939280
   0.848      0.936862
   0.856      0.934402
   0.864      0.931902
   0.871      0.929362
   0.879      0.926781
   0.887      0.924162
   0.895      0.921503
   0.902      0.918806
   0.910      0.916071
   0.918      0.913299
   0.925      0.910490
   0.933      0.907646
   0.941      0.904766
   0.949      0.901851
   0.956      0.898903
   0.964      0.895922
   0.972      0.892908
   0.979      0.889863
   0.987      0.886787
   0.995      0.883682
   1.003      0.880548
   1.010      0.877386
   1.018      0.874196
   1.026      0.870981
   1.033      0.867740
   1.041      0.864476
   1.049      0.861188
   1.056      0.857878
   1.064      0.854546
   1.072      0.851195
   1.080      0.847824
   1.087      0.844435
   1.095      0.841029
   1.103      0.837606
   1.110      0.834169
   1.118      0.830717
   1.126      0.827253
   1.134      0.823776
   1.141      0.820289
   1.149      0.816791
   1.157      0.813285
   1.164      0.809771
   1.172      0.806249
   1.180      0.802722
   1.188      0.799189
   1.195      0.795653
   1.203      0.792114
   1.211      0.788572
   1.218      0.785029
   1.226      0.781486
   1.234      0.777943
   1.242      0.774402
   1.249      0.770863
   1.257      0.767327
   1.265      0.763795
   1.272      0.760268
   1.280      0.756747
   1.288      0.753231
   1.296      0.749723
   1.303      0.746222
   1.311      0.742730
   1.319      0.739247
   1.326      0.735774
   1.334      0.732311
   1.342      0.728859
   1.350      0.725419
   1.357      0.721990
   1.365      0.718575
   1.373      0.715172
   1.380      0.711784
   1.388      0.708409
   1.396      0.705050
   1.404      0.701705
   1.411      0.698376
   1.419      0.695063
   1.427      0.691766
   1.434      0.688486
   1.442      0.685222
   1.450      0.681977
   1.457      0.678748
   1.465      0.675538
   1.473      0.672346
   1.481      0.669172
   1.488      0.666017
   1.496      0.662880
   1.504      0.659763
   1.511      0.656665
   1.519      0.653587
   1.527      0.650528
   1.535      0.647489
   1.542      0.644469
   1.550      0.641470
   1.558      0.638490
   1.565      0.635531
   1.573      0.632592
   1.581      0.629673
   1.589      0.626774
   1.596      0.623896
   1.604      0.621038
   1.612      0.618200
   1.619      0.615383
   1.627      0.612586
   1.635      0.609810
   1.643      0.607053
   1.650      0.604318
   1.658      0.601602
   1.666      0.598906
   1.673      0.596231
   1.681      0.593576
   1.689      0.590940
   1.697      0.588325
   1.704      0.585730
   1.712      0.583154
   1.720      0.580598
   1.727      0.578061
   1.735      0.575544
   1.743      0.573047
   1.751      0.570568
   1.758      0.568109
   1.766      0.565669
   1.774      0.563247
   1.781      0.560844
   1.789      0.558460
   1.797      0.556095
   1.805      0.553748
   1.812      0.551419
   1.820      0.549108
   1.828      0.546815
   1.835      0.544540
   1.843      0.542282
   1.851      0.540043
   1.859      0.537820
   1.866      0.535615
   1.874      0.533426
   1.882      0.531255
   1.889      0.529101
   1.897      0.526963
   1.905      0.524841
   1.912      0.522736
   1.920      0.520647
   1.928      0.518574
   1.936      0.516517
   1.943      0.514476
   1.951      0.512450
   1.959      0.510440
   1.966      0.508445
   1.974      0.506465
   1.982      0.504500
   1.990      0.502550
   1.997      0.500614
   2.005      0.498693
   2.013      0.496787
   2.020      0.494894
   2.028      0.493016
   2.036      0.491152
   2.044      0.489302
   2.051      0.487465
   2.059      0.485642
   2.067      0.483832
   2.074      0.482036
   2.082      0.480253
   2.090      0.478482
   2.098      0.476725
   2.105      0.474980
   2.113      0.473248
   2.121      0.471529
   2.128      0.469821
   2.136      0.468126
   2.144      0.466444
   2.152      0.464773
   2.159      0.463114
   2.167      0.461466
   2.175      0.459831
   2.182      0.458206
   2.190      0.456594
   2.198      0.454992
   2.206      0.453402
   2.213      0.451822
   2.221      0.450254
   2.229      0.448696
   2.236      0.447149
   2.244      0.445613
   2.252      0.444087
   2.260      0.442572
   2.267      0.441067
   2.275      0.439572
   2.283      0.438087
   2.290      0.436612
   2.298      0.435147
   2.306      0.433692
   2.313      0.432247
   2.321      0.430811
   2.329      0.429384
   2.337      0.427967
   2.344      0.426559
   2.352      0.425161
   2.360      0.423772
   2.367      0.422391
   2.375      0.421020
   2.383      0.419658
   2.391      0.418304
   2.398      0.416959
   2.406      0.415622
   2.414      0.414295
   2.421      0.412975
   2.429      0.411664
   2.437      0.410362
   2.445      0.409067
   2.452      0.407781
   2.460      0.406502
   2.468      0.405232
   2.475      0.403970
   2.483      0.402715
   2.491      0.401468
   2.499      0.400229
   2.506      0.398998
   2.514      0.397774
   2.522      0.396557
   2.529      0.395348
   2.537      0.394147
   2.545      0.392952
   2.553      0.391765
   2.560      0.390585
   2.568      0.389412
   2.576      0.388246
   2.583      0.387087
   2.591      0.385935
   2.599      0.384790
   2.607      0.383652
   2.614      0.382520
   2.622      0.381395
   2.630      0.380277
   2.637      0.379165
   2.645      0.378059
   2.653      0.376960
   2.661      0.375868
   2.668      0.374781
   2.676      0.373701
   2.684      0.372627
   2.691      0.371560
   2.699      0.370498
   2.707      0.369442
   2.714      0.368393
   2.722      0.367349
   2.730      0.366312
   2.738      0.365280
   2.745      0.364254
   2.753      0.363233
   2.761      0.362219
   2.768      0.361210
   2.776      0.360206
   2.784      0.359209
   2.792      0.358216
   2.799      0.357229
   2.807      0.356248
   2.815      0.355272
   2.822      0.354301
   2.830      0.353336
   2.838      0.352376
   2.846      0.351421
   2.853      0.350471
   2.861      0.349526
   2.869      0.348587
   2.876      0.347652
   2.884      0.346723
   2.892      0.345798
   2.900      0.344878
   2.907      0.343964
   2.915      0.343054
   2.923      0.342149
   2.930      0.341248
   2.938      0.340352
   2.946      0.339462
   2.954      0.338575
   2.961      0.337693
   2.969      0.336816
   2.977      0.335944
   2.984      0.335076
   2.992      0.334212
   3.000      0.333353
   3.008      0.332498
   3.015      0.331648
   3.023      0.330802
   3.031      0.329960
   3.038      0.329123
   3.046      0.328289
   3.054      0.327460
   3.062      0.326636
   3.069      0.325815
