   0.000      1.291922
   0.008      1.291922
   0.015      1.291922
   0.023      1.291922
   0.031      1.291922
   0.039      1.291922
   0.046      1.291921
   0.054      1.291921
   0.062      1.291919
   0.069      1.291917
   0.077      1.291912
   0.085      1.291905
   0.093      1.291893
   0.100      1.291876
   0.108      1.291852
   0.116      1.291817
   0.123      1.291769
   0.131      1.291705
   0.139      1.291621
   0.147      1.291513
   0.154      1.291374
   0.162      1.291200
   0.170      1.290985
   0.177      1.290721
   0.185      1.290402
   0.193      1.290019
   0.201      1.289565
   0.208      1.289031
   0.216      1.288408
   0.224      1.287687
   0.231      1.286858
   0.239      1.285912
   0.247      1.284840
   0.254      1.283632
   0.262      1.282279
   0.270      1.280773
   0.278      1.279104
   0.285      1.277266
   0.293      1.275250
   0.301      1.273050
   0.308      1.270661
   0.316      1.268076
   0.324      1.265293
   0.332      1.262309
   0.339      1.259120
   0.347      1.255727
   0.355      1.252128
   0.362      1.248327
   0.370      1.244324
   0.378      1.240124
   0.386      1.235731
   0.393      1.231150
   0.401      1.226388
   0.409      1.221453
   0.416      1.216352
   0.424      1.211096
   0.432      1.205694
   0.440      1.200156
   0.447      1.194494
   0.455      1.188719
   0.463      1.182844
   0.470      1.176880
   0.478      1.170840
   0.486      1.164737
   0.494      1.158582
   0.501      1.152389
   0.509      1.146170
   0.517      1.139936
   0.524      1.133700
   0.532      1.127472
   0.540      1.121263
   0.548      1.115085
   0.555      1.108945
   0.563      1.102855
   0.571      1.096822
   0.578      1.090853
   0.586      1.084957
   0.594      1.079139
   0.602      1.073406
   0.609      1.067761
   0.617      1.062211
   0.625      1.056757
   0.632      1.051404
   0.640      1.046152
   0.648      1.041005
   0.655      1.035962
   0.663      1.031023
   0.671      1.026190
   0.679      1.021461
   0.686      1.016834
   0.694      1.012307
   0.702      1.007880
   0.709      1.003548
   0.717      0.999310
   0.725      0.995161
   0.733      0.991099
   0.740      0.987120
   0.748      0.983219
   0.756      0.979393
   0.763      0.975637
   0.771      0.971948
   0.779      0.968320
   0.787      0.964750
   0.794      0.961233
   0.802      0.957765
   0.810      0.954341
   0.817      0.950958
   0.825      0.947611
   0.833      0.944296
   0.841      0.941009
   0.848      0.937747
   0.856      0.934506
   0.864      0.931282
   0.871      0.928073
   0.879      0.924874
   0.887      0.921684
   0.895      0.918500
   0.902      0.915318
   0.910      0.912137
   0.918      0.908955
   0.925      0.905769
   0.933      0.902577
   0.941      0.899379
   0.949      0.896173
   0.956      0.892957
   0.964      0.889730
   0.972      0.886492
   0.979      0.883241
   0.987      0.879978
   0.995      0.876701
   1.003      0.873410
   1.010      0.870105
   1.018      0.866786
   1.026      0.863452
   1.033      0.860105
   1.041      0.856744
   1.049      0.853370
   1.056      0.849982
   1.064      0.846582
   1.072      0.843170
   1.080      0.839746
   1.087      0.836312
   1.095      0.832867
   1.103      0.829413
   1.110      0.825951
   1.118      0.822480
   1.126      0.819003
   1.134      0.815520
   1.141      0.812032
   1.149      0.808539
   1.157      0.805043
   1.164      0.801545
   1.172      0.798045
   1.180      0.794544
   1.188      0.791044
   1.195      0.787544
   1.203      0.784047
   1.211      0.780552
   1.218      0.777061
   1.226      0.773574
   1.234      0.770092
   1.242      0.766616
   1.249      0.763147
   1.257      0.759685
   1.265      0.756231
   1.272      0.752786
   1.280      0.749350
   1.288      0.745924
   1.296      0.742509
   1.303      0.739105
   1.311      0.735712
   1.319      0.732331
   1.326      0.728963
   1.334      0.725608
   1.342      0.722267
   1.350      0.718939
   1.357      0.715626
   1.365      0.712327
   1.373      0.709044
   1.380      0.705776
   1.388      0.702523
   1.396      0.699286
   1.404      0.696066
   1.411      0.692862
   1.419      0.689675
   1.427      0.686505
   1.434      0.683352
   1.442      0.680216
   1.450      0.677097
   1.457      0.673997
   1.465      0.670914
   1.473      0.667849
   1.481      0.664802
   1.488      0.661773
   1.496      0.658762
   1.504      0.655770
   1.511      0.652796
   1.519      0.649840
   1.527      0.646903
   1.535      0.643984
   1.542      0.641084
   1.550      0.638202
   1.558      0.635339
   1.565      0.632495
   1.573      0.629669
   1.581      0.626862
   1.589      0.624073
   1.596      0.621303
   1.604      0.618551
   1.612      0.615818
   1.619      0.613103
   1.627      0.610406
   1.635      0.607728
   1.643      0.605068
   1.650      0.602426
   1.658      0.599803
   1.666      0.597197
   1.673      0.594610
   1.681      0.592041
   1.689      0.589489
   1.697      0.586955
   1.704      0.584439
   1.712      0.581941
   1.720      0.579460
   1.727      0.576996
   1.735      0.574550
   1.743      0.572122
   1.751      0.569710
   1.758      0.567315
   1.766      0.564938
   1.774      0.562577
   1.781      0.560233
   1.789      0.557906
   1.797      0.555595
   1.805      0.553301
   1.812      0.551023
   1.820      0.548762
   1.828      0.546516
   1.835      0.544287
   1.843      0.542073
   1.851      0.539876
   1.859      0.537694
   1.866      0.535527
   1.874      0.533376
   1.882      0.531241
   1.889      0.529121
   1.897      0.527015
   1.905      0.524925
   1.912      0.522850
   1.920      0.520790
   1.928      0.518744
   1.936      0.516713
   1.943      0.514696
   1.951      0.512694
   1.959      0.510706
   1.966      0.508732
   1.974      0.506772
   1.982      0.504826
   1.990      0.502894
   1.997      0.500975
   2.005      0.499070
   2.013      0.497179
   2.020      0.495301
   2.028      0.493436
   2.036      0.491584
   2.044      0.489746
   2.051      0.487920
   2.059      0.486107
   2.067      0.484307
   2.074      0.482519
   2.082      0.480744
   2.090      0.478981
   2.098      0.477230
   2.105      0.475492
   2.113      0.473766
   2.121      0.472052
   2.128      0.470349
   2.136      0.468659
   2.144      0.466980
   2.152      0.465312
   2.159      0.463656
   2.167      0.462012
   2.175      0.460378
   2.182      0.458756
   2.190      0.457145
   2.198      0.455545
   2.206      0.453956
   2.213      0.452377
   2.221      0.450809
   2.229      0.449252
   2.236      0.447705
   2.244      0.446169
   2.252      0.444643
   2.260      0.443127
   2.267      0.441622
   2.275      0.440126
   2.283      0.438641
   2.290      0.437165
   2.298      0.435699
   2.306      0.434243
   2.313      0.432796
   2.321      0.431359
   2.329      0.429931
   2.337      0.428513
   2.344      0.427103
   2.352      0.425703
   2.360      0.424313
   2.367      0.422931
   2.375      0.421558
   2.383      0.420194
   2.391      0.418838
   2.398      0.417492
   2.406      0.416154
   2.414      0.414824
   2.421      0.413503
   2.429      0.412190
   2.437      0.410886
   2.445      0.409590
   2.452      0.408302
   2.460      0.407022
   2.468      0.405750
   2.475      0.404486
   2.483      0.403230
   2.491      0.401981
   2.499      0.400741
   2.506      0.399508
   2.514      0.398282
   2.522      0.397064
   2.529      0.395854
   2.537      0.394650
   2.545      0.393454
   2.553      0.392266
   2.560      0.391084
   2.568      0.389910
   2.576      0.388742
   2.583      0.387582
   2.591      0.386429
   2.599      0.385282
   2.607      0.384142
   2.614      0.383009
   2.622      0.381882
   2.630      0.380762
   2.637      0.379649
   2.645      0.378542
   2.653      0.377442
   2.661      0.376348
   2.668      0.375260
   2.676      0.374179
   2.684      0.373103
   2.691      0.372034
   2.699      0.370971
   2.707      0.369914
   2.714      0.368864
   2.722      0.367819
   2.730      0.366780
   2.738      0.365746
   2.745      0.364719
   2.753      0.363697
   2.761      0.362682
   2.768      0.361671
   2.776      0.360667
   2.784      0.359668
   2.792      0.358674
   2.799      0.357686
   2.807      0.356703
   2.815      0.355726
   2.822      0.354754
   2.830      0.353787
   2.838      0.352826
   2.846      0.351870
   2.853      0.350919
   2.861      0.349973
   2.869      0.349032
   2.876      0.348096
   2.884      0.347166
   2.892      0.346240
   2.900      0.345319
   2.907      0.344403
   2.915      0.343492
   2.923      0.342586
   2.930      0.341684
   2.938      0.340787
   2.946      0.339895
   2.954      0.339008
   2.961      0.338125
   2.969      0.337247
   2.977      0.336373
   2.984      0.335504
   2.992      0.334639
   3.000      0.333779
   3.008      0.332923
   3.015      0.332072
   3.023      0.331224
   3.031      0.330382
   3.038      0.329543
   3.046      0.328709
   3.054      0.327879
   3.062      0.327053
   3.069      0.326231
