   0.006      0.437671
   0.012      0.437695
   0.017      0.437719
   0.023      0.437758
   0.029      0.437814
   0.035      0.437885
   0.041      0.437972
   0.046      0.438075
   0.052      0.438194
   0.058      0.438329
   0.064      0.438480
   0.070      0.438647
   0.075      0.438830
   0.081      0.439028
   0.087      0.439243
   0.093      0.439474
   0.099      0.439721
   0.104      0.439983
   0.110      0.440263
   0.116      0.440558
   0.122      0.440869
   0.128      0.441197
   0.133      0.441541
   0.139      0.441902
   0.145      0.442279
   0.151      0.442672
   0.157      0.443082
   0.162      0.443509
   0.168      0.443952
   0.174      0.444411
   0.180      0.444888
   0.186      0.445381
   0.191      0.445891
   0.197      0.446417
   0.203      0.446961
   0.209      0.447521
   0.215      0.448098
   0.220      0.448693
   0.226      0.449304
   0.232      0.449932
   0.238      0.450577
   0.244      0.451240
   0.249      0.451919
   0.255      0.452616
   0.261      0.453330
   0.267      0.454061
   0.273      0.454810
   0.278      0.455576
   0.284      0.456359
   0.290      0.457160
   0.296      0.457978
   0.302      0.458814
   0.307      0.459667
   0.313      0.460538
   0.319      0.461426
   0.325      0.462333
   0.331      0.463257
   0.336      0.464198
   0.342      0.465158
   0.348      0.466135
   0.354      0.467131
   0.360      0.468144
   0.365      0.469176
   0.371      0.470225
   0.377      0.471293
   0.383      0.472378
   0.389      0.473482
   0.394      0.474604
   0.400      0.475745
   0.406      0.476903
   0.412      0.478081
   0.418      0.479276
   0.423      0.480490
   0.429      0.481723
   0.435      0.482974
   0.441      0.484244
   0.447      0.485533
   0.452      0.486840
   0.458      0.488166
   0.464      0.489511
   0.470      0.490874
   0.476      0.492257
   0.481      0.493658
   0.487      0.495079
   0.493      0.496518
   0.499      0.497977
   0.505      0.499454
   0.510      0.500951
   0.516      0.502467
   0.522      0.504002
   0.528      0.505556
   0.534      0.507130
   0.539      0.508723
   0.545      0.510335
   0.551      0.511967
   0.557      0.513618
   0.563      0.515288
   0.568      0.516978
   0.574      0.518687
   0.580      0.520416
   0.586      0.522165
   0.592      0.523933
   0.597      0.525720
   0.603      0.527527
   0.609      0.529354
   0.615      0.531200
   0.621      0.533066
   0.626      0.534951
   0.632      0.536856
   0.638      0.538781
   0.644      0.540725
   0.650      0.542688
   0.655      0.544672
   0.661      0.546675
   0.667      0.548697
   0.673      0.550739
   0.679      0.552801
   0.684      0.554882
   0.690      0.556983
   0.696      0.559103
   0.702      0.561242
   0.708      0.563401
   0.713      0.565580
   0.719      0.567777
   0.725      0.569994
   0.731      0.572230
   0.737      0.574486
   0.742      0.576760
   0.748      0.579053
   0.754      0.581366
   0.760      0.583697
   0.766      0.586047
   0.771      0.588416
   0.777      0.590804
   0.783      0.593210
   0.789      0.595635
   0.795      0.598078
   0.800      0.600539
   0.806      0.603019
   0.812      0.605516
   0.818      0.608032
   0.824      0.610565
   0.829      0.613116
   0.835      0.615685
   0.841      0.618271
   0.847      0.620875
   0.853      0.623495
   0.858      0.626133
   0.864      0.628787
   0.870      0.631458
   0.876      0.634145
   0.882      0.636849
   0.887      0.639569
   0.893      0.642305
   0.899      0.645056
   0.905      0.647823
   0.911      0.650606
   0.916      0.653403
   0.922      0.656215
   0.928      0.659042
   0.934      0.661883
   0.940      0.664738
   0.945      0.667607
   0.951      0.670490
   0.957      0.673386
   0.963      0.676295
   0.969      0.679217
   0.974      0.682152
   0.980      0.685098
   0.986      0.688057
   0.992      0.691027
   0.998      0.694008
   1.003      0.697000
   1.009      0.700003
   1.015      0.703016
   1.021      0.706039
   1.027      0.709072
   1.032      0.712114
   1.038      0.715164
   1.044      0.718223
   1.050      0.721290
   1.056      0.724365
   1.061      0.727447
   1.067      0.730536
   1.073      0.733631
   1.079      0.736732
   1.085      0.739839
   1.090      0.742951
   1.096      0.746068
   1.102      0.749189
   1.108      0.752313
   1.114      0.755441
   1.119      0.758572
   1.125      0.761705
   1.131      0.764840
   1.137      0.767977
   1.143      0.771114
   1.148      0.774252
   1.154      0.777389
   1.160      0.780526
   1.166      0.783662
   1.172      0.786795
   1.177      0.789927
   1.183      0.793056
   1.189      0.796181
   1.195      0.799302
   1.201      0.802419
   1.206      0.805531
   1.212      0.808637
   1.218      0.811737
   1.224      0.814831
   1.230      0.817916
   1.235      0.820994
   1.241      0.824063
   1.247      0.827123
   1.253      0.830174
   1.259      0.833213
   1.264      0.836242
   1.270      0.839259
   1.276      0.842264
   1.282      0.845256
   1.288      0.848235
   1.293      0.851199
   1.299      0.854149
   1.305      0.857083
   1.311      0.860002
   1.317      0.862903
   1.322      0.865788
   1.328      0.868654
   1.334      0.871502
   1.340      0.874331
   1.346      0.877140
   1.351      0.879928
   1.357      0.882695
   1.363      0.885441
   1.369      0.888164
   1.375      0.890865
   1.380      0.893541
   1.386      0.896194
   1.392      0.898821
   1.398      0.901424
   1.404      0.904000
   1.409      0.906549
   1.415      0.909071
   1.421      0.911565
   1.427      0.914031
   1.433      0.916468
   1.438      0.918875
   1.444      0.921251
   1.450      0.923597
   1.456      0.925911
   1.462      0.928194
   1.467      0.930443
   1.473      0.932660
   1.479      0.934843
   1.485      0.936992
   1.491      0.939106
   1.496      0.941185
   1.502      0.943228
   1.508      0.945236
   1.514      0.947206
   1.520      0.949139
   1.525      0.951034
   1.531      0.952892
   1.537      0.954710
   1.543      0.956490
   1.549      0.958230
   1.554      0.959930
   1.560      0.961590
   1.566      0.963210
   1.572      0.964788
   1.578      0.966325
   1.583      0.967820
   1.589      0.969273
   1.595      0.970684
   1.601      0.972051
   1.607      0.973376
   1.612      0.974657
   1.618      0.975895
   1.624      0.977088
   1.630      0.978238
   1.636      0.979343
   1.641      0.980403
   1.647      0.981419
   1.653      0.982389
   1.659      0.983315
   1.665      0.984194
   1.670      0.985029
   1.676      0.985818
   1.682      0.986560
   1.688      0.987257
   1.694      0.987908
   1.699      0.988513
   1.705      0.989072
   1.711      0.989585
   1.717      0.990051
   1.723      0.990472
   1.728      0.990846
   1.734      0.991173
   1.740      0.991455
   1.746      0.991690
   1.752      0.991880
   1.757      0.992023
   1.763      0.992121
   1.769      0.992172
   1.775      0.992178
   1.781      0.992138
   1.786      0.992053
   1.792      0.991923
   1.798      0.991747
   1.804      0.991527
   1.810      0.991262
   1.815      0.990952
   1.821      0.990598
   1.827      0.990199
   1.833      0.989757
   1.839      0.989272
   1.844      0.988743
   1.850      0.988171
   1.856      0.987556
   1.862      0.986899
   1.868      0.986200
   1.873      0.985458
   1.879      0.984676
   1.885      0.983852
   1.891      0.982988
   1.897      0.982083
   1.902      0.981138
   1.908      0.980153
   1.914      0.979129
   1.920      0.978066
   1.926      0.976965
   1.931      0.975825
   1.937      0.974648
   1.943      0.973434
   1.949      0.972182
   1.955      0.970895
   1.960      0.969571
   1.966      0.968212
   1.972      0.966818
   1.978      0.965389
   1.984      0.963926
   1.989      0.962429
   1.995      0.960900
   2.001      0.959337
   2.007      0.957742
   2.013      0.956115
   2.018      0.954457
   2.024      0.952768
   2.030      0.951049
   2.036      0.949299
   2.042      0.947521
   2.047      0.945713
   2.053      0.943877
   2.059      0.942012
   2.065      0.940121
   2.071      0.938202
   2.076      0.936256
   2.082      0.934285
   2.088      0.932287
   2.094      0.930265
   2.100      0.928218
   2.105      0.926146
   2.111      0.924051
   2.117      0.921933
   2.123      0.919791
   2.129      0.917627
   2.134      0.915441
   2.140      0.913234
   2.146      0.911005
   2.152      0.908756
   2.158      0.906487
   2.163      0.904197
   2.169      0.901889
   2.175      0.899561
   2.181      0.897214
   2.187      0.894850
   2.192      0.892467
   2.198      0.890068
   2.204      0.887651
   2.210      0.885217
   2.216      0.882768
   2.221      0.880302
   2.227      0.877821
   2.233      0.875324
   2.239      0.872813
   2.245      0.870288
   2.250      0.867748
   2.256      0.865194
   2.262      0.862627
   2.268      0.860046
   2.274      0.857453
   2.279      0.854848
   2.285      0.852230
   2.291      0.849600
   2.297      0.846958
   2.303      0.844305
   2.308      0.841641
   2.314      0.838966
   2.320      0.836281
   2.326      0.833586
   2.332      0.830880
   2.337      0.828165
   2.343      0.825441
   2.349      0.822707
   2.355      0.819964
   2.361      0.817213
   2.366      0.814453
   2.372      0.811685
   2.378      0.808909
   2.384      0.806126
   2.390      0.803335
   2.395      0.800537
   2.401      0.797732
   2.407      0.794920
   2.413      0.792102
   2.419      0.789278
   2.424      0.786447
   2.430      0.783610
   2.436      0.780768
   2.442      0.777921
   2.448      0.775068
   2.453      0.772211
   2.459      0.769348
   2.465      0.766481
   2.471      0.763610
   2.477      0.760734
   2.482      0.757854
   2.488      0.754971
   2.494      0.752084
   2.500      0.749194
   2.506      0.746300
   2.511      0.743403
   2.517      0.740504
   2.523      0.737602
   2.529      0.734697
   2.535      0.731790
   2.540      0.728880
   2.546      0.725969
   2.552      0.723056
   2.558      0.720141
   2.564      0.717225
   2.569      0.714308
   2.575      0.711389
   2.581      0.708469
   2.587      0.705548
   2.593      0.702627
   2.598      0.699705
   2.604      0.696783
   2.610      0.693860
   2.616      0.690938
   2.622      0.688015
   2.627      0.685092
   2.633      0.682170
   2.639      0.679248
   2.645      0.676327
   2.651      0.673407
   2.656      0.670487
   2.662      0.667568
   2.668      0.664650
   2.674      0.661734
   2.680      0.658818
   2.685      0.655905
   2.691      0.652993
   2.697      0.650082
   2.703      0.647174
   2.709      0.644267
   2.714      0.641363
   2.720      0.638460
   2.726      0.635560
   2.732      0.632663
   2.738      0.629768
   2.743      0.626875
   2.749      0.623986
   2.755      0.621099
   2.761      0.618215
   2.767      0.615334
   2.772      0.612457
   2.778      0.609582
   2.784      0.606711
   2.790      0.603843
   2.796      0.600979
   2.801      0.598119
   2.807      0.595262
   2.813      0.592409
   2.819      0.589560
   2.825      0.586715
   2.830      0.583875
   2.836      0.581038
   2.842      0.578205
   2.848      0.575377
   2.854      0.572554
   2.859      0.569734
   2.865      0.566920
   2.871      0.564110
   2.877      0.561305
   2.883      0.558504
   2.888      0.555709
   2.894      0.552918
   2.900      0.550133
   2.906      0.547353
   2.912      0.544578
   2.917      0.541808
   2.923      0.539043
   2.929      0.536284
   2.935      0.533530
   2.941      0.530782
   2.946      0.528039
   2.952      0.525302
   2.958      0.522571
   2.964      0.519846
   2.970      0.517126
   2.975      0.514412
   2.981      0.511705
   2.987      0.509003
   2.993      0.506307
   2.999      0.503618
   3.004      0.500934
   3.010      0.498257
   3.016      0.495586
   3.022      0.492922
   3.028      0.490264
   3.033      0.487612
   3.039      0.484967
   3.045      0.482328
   3.051      0.479696
   3.057      0.477071
   3.062      0.474452
   3.068      0.471840
   3.074      0.469235
   3.080      0.466637
   3.086      0.464045
   3.091      0.461460
   3.097      0.458883
   3.103      0.456312
   3.109      0.453748
   3.115      0.451192
   3.120      0.448642
   3.126      0.446100
   3.132      0.443564
   3.138      0.441036
   3.144      0.438516
   3.149      0.436002
   3.155      0.433496
   3.161      0.430997
   3.167      0.428506
   3.173      0.426022
   3.178      0.423545
   3.184      0.421076
   3.190      0.418614
   3.196      0.416160
   3.202      0.413714
   3.207      0.411275
   3.213      0.408843
   3.219      0.406420
   3.225      0.404004
   3.231      0.401595
   3.236      0.399195
   3.242      0.396802
   3.248      0.394417
   3.254      0.392039
   3.260      0.389670
   3.265      0.387308
   3.271      0.384954
   3.277      0.382608
   3.283      0.380270
   3.289      0.377940
   3.294      0.375618
   3.300      0.373303
   3.306      0.370997
   3.312      0.368699
   3.318      0.366408
   3.323      0.364126
   3.329      0.361852
   3.335      0.359585
   3.341      0.357327
   3.347      0.355077
   3.352      0.352835
   3.358      0.350601
   3.364      0.348375
   3.370      0.346158
   3.376      0.343948
   3.381      0.341747
   3.387      0.339553
   3.393      0.337368
   3.399      0.335192
   3.405      0.333023
   3.410      0.330862
   3.416      0.328710
   3.422      0.326566
   3.428      0.324430
   3.434      0.322302
   3.439      0.320183
   3.445      0.318072
   3.451      0.315969
   3.457      0.313874
   3.463      0.311788
   3.468      0.309710
   3.474      0.307640
   3.480      0.305578
   3.486      0.303525
   3.492      0.301480
   3.497      0.299443
   3.503      0.297415
   3.509      0.295395
   3.515      0.293383
   3.521      0.291379
   3.526      0.289384
   3.532      0.287397
   3.538      0.285418
   3.544      0.283448
   3.550      0.281485
   3.555      0.279532
   3.561      0.277586
   3.567      0.275649
   3.573      0.273720
   3.579      0.271799
   3.584      0.269886
   3.590      0.267982
   3.596      0.266086
   3.602      0.264199
   3.608      0.262319
   3.613      0.260448
   3.619      0.258585
   3.625      0.256731
   3.631      0.254884
   3.637      0.253046
   3.642      0.251216
   3.648      0.249395
   3.654      0.247581
   3.660      0.245776
   3.666      0.243979
   3.671      0.242190
   3.677      0.240410
   3.683      0.238637
   3.689      0.236873
   3.695      0.235117
   3.700      0.233369
   3.706      0.231629
   3.712      0.229897
   3.718      0.228174
   3.724      0.226459
   3.729      0.224751
   3.735      0.223052
   3.741      0.221361
   3.747      0.219678
   3.753      0.218003
   3.758      0.216337
   3.764      0.214678
   3.770      0.213027
   3.776      0.211384
   3.782      0.209750
   3.787      0.208123
   3.793      0.206504
   3.799      0.204894
   3.805      0.203291
   3.811      0.201696
   3.816      0.200110
   3.822      0.198531
   3.828      0.196960
   3.834      0.195397
   3.840      0.193842
   3.845      0.192294
   3.851      0.190755
   3.857      0.189223
   3.863      0.187700
   3.869      0.186184
   3.874      0.184676
   3.880      0.183176
   3.886      0.181683
   3.892      0.180198
   3.898      0.178721
   3.903      0.177252
   3.909      0.175791
   3.915      0.174337
   3.921      0.172891
   3.927      0.171452
   3.932      0.170021
   3.938      0.168598
   3.944      0.167182
   3.950      0.165774
   3.956      0.164374
   3.961      0.162981
   3.967      0.161596
   3.973      0.160218
   3.979      0.158848
   3.985      0.157485
   3.990      0.156130
   3.996      0.154782
   4.002      0.153442
   4.008      0.152109
   4.014      0.150783
   4.019      0.149465
   4.025      0.148154
   4.031      0.146851
   4.037      0.145555
   4.043      0.144266
   4.048      0.142984
   4.054      0.141710
   4.060      0.140443
   4.066      0.139184
   4.072      0.137931
   4.077      0.136686
   4.083      0.135448
   4.089      0.134217
   4.095      0.132993
   4.101      0.131776
   4.106      0.130566
   4.112      0.129364
   4.118      0.128168
   4.124      0.126980
   4.130      0.125799
   4.135      0.124624
   4.141      0.123457
   4.147      0.122296
   4.153      0.121143
   4.159      0.119996
   4.164      0.118856
   4.170      0.117723
   4.176      0.116597
   4.182      0.115478
   4.188      0.114366
   4.193      0.113260
   4.199      0.112161
   4.205      0.111069
   4.211      0.109984
   4.217      0.108905
   4.222      0.107833
   4.228      0.106768
   4.234      0.105709
   4.240      0.104657
   4.246      0.103612
   4.251      0.102573
   4.257      0.101540
   4.263      0.100515
   4.269      0.099495
   4.275      0.098482
   4.280      0.097476
   4.286      0.096476
   4.292      0.095483
   4.298      0.094496
   4.304      0.093515
   4.309      0.092540
   4.315      0.091572
   4.321      0.090611
   4.327      0.089655
   4.333      0.088706
   4.338      0.087763
   4.344      0.086826
   4.350      0.085896
   4.356      0.084971
   4.362      0.084053
   4.367      0.083141
   4.373      0.082235
   4.379      0.081335
   4.385      0.080441
   4.391      0.079553
   4.396      0.078672
   4.402      0.077796
   4.408      0.076926
   4.414      0.076062
   4.420      0.075204
   4.425      0.074352
   4.431      0.073506
   4.437      0.072665
   4.443      0.071831
   4.449      0.071002
   4.454      0.070179
   4.460      0.069362
   4.466      0.068551
   4.472      0.067745
   4.478      0.066945
   4.483      0.066150
   4.489      0.065362
   4.495      0.064579
   4.501      0.063801
   4.507      0.063029
   4.512      0.062263
   4.518      0.061502
   4.524      0.060747
   4.530      0.059997
   4.536      0.059252
   4.541      0.058513
   4.547      0.057780
   4.553      0.057052
   4.559      0.056329
   4.565      0.055612
   4.570      0.054900
   4.576      0.054193
   4.582      0.053491
   4.588      0.052795
   4.594      0.052104
   4.599      0.051418
   4.605      0.050737
   4.611      0.050062
   4.617      0.049392
   4.623      0.048726
   4.628      0.048066
   4.634      0.047411
   4.640      0.046761
   4.646      0.046116
   4.652      0.045476
   4.657      0.044841
   4.663      0.044211
   4.669      0.043586
   4.675      0.042965
   4.681      0.042350
   4.686      0.041740
   4.692      0.041134
   4.698      0.040533
   4.704      0.039937
   4.710      0.039346
   4.715      0.038759
   4.721      0.038177
   4.727      0.037600
   4.733      0.037028
   4.739      0.036460
   4.744      0.035897
   4.750      0.035339
   4.756      0.034785
   4.762      0.034235
   4.768      0.033690
   4.773      0.033150
   4.779      0.032614
   4.785      0.032083
   4.791      0.031556
   4.797      0.031034
   4.802      0.030516
   4.808      0.030002
   4.814      0.029493
   4.820      0.028988
   4.826      0.028487
   4.831      0.027991
   4.837      0.027499
   4.843      0.027011
   4.849      0.026528
   4.855      0.026048
   4.860      0.025573
   4.866      0.025102
   4.872      0.024635
   4.878      0.024172
   4.884      0.023714
   4.889      0.023259
   4.895      0.022809
   4.901      0.022362
   4.907      0.021920
   4.913      0.021481
   4.918      0.021047
   4.924      0.020616
   4.930      0.020189
   4.936      0.019767
   4.942      0.019348
   4.947      0.018933
   4.953      0.018522
   4.959      0.018114
   4.965      0.017711
   4.971      0.017311
   4.976      0.016915
   4.982      0.016522
   4.988      0.016134
   4.994      0.015749
   5.000      0.015367
   5.005      0.014990
   5.011      0.014616
   5.017      0.014245
   5.023      0.013878
   5.029      0.013515
   5.034      0.013155
   5.040      0.012799
   5.046      0.012446
   5.052      0.012097
   5.058      0.011751
   5.063      0.011408
   5.069      0.011069
   5.075      0.010733
   5.081      0.010401
   5.087      0.010072
   5.092      0.009746
   5.098      0.009424
   5.104      0.009105
   5.110      0.008789
   5.116      0.008476
   5.121      0.008166
   5.127      0.007860
   5.133      0.007557
   5.139      0.007257
   5.145      0.006960
   5.150      0.006666
   5.156      0.006375
   5.162      0.006087
   5.168      0.005802
   5.174      0.005521
   5.179      0.005242
   5.185      0.004966
   5.191      0.004693
   5.197      0.004422
   5.203      0.004155
   5.208      0.003890
   5.214      0.003629
   5.220      0.003370
   5.226      0.003113
   5.232      0.002860
   5.237      0.002608
   5.243      0.002360
   5.249      0.002114
   5.255      0.001870
   5.261      0.001629
   5.266      0.001391
   5.272      0.001154
   5.278      0.000920
   5.284      0.000687
   5.290      0.000457
   5.295      0.000228
   5.301      0.000000
