   0.004      3.041560
   0.008      3.047483
   0.011      3.053406
   0.015      3.071073
   0.019      3.101822
   0.023      3.146261
   0.027      3.204839
   0.030      3.278181
   0.034      3.366971
   0.038      3.472034
   0.042      3.590394
   0.046      3.687897
   0.049      3.766868
   0.053      3.831542
   0.057      3.884952
   0.061      3.929327
   0.065      3.966344
   0.068      3.997289
   0.072      4.023164
   0.076      4.044762
   0.080      4.062720
   0.084      4.077553
   0.087      4.089687
   0.091      4.099470
   0.095      4.107197
   0.099      4.113114
   0.103      4.117431
   0.106      4.120326
   0.110      4.121953
   0.114      4.122445
   0.118      4.121917
   0.122      4.120470
   0.125      4.118192
   0.129      4.115160
   0.133      4.111445
   0.137      4.107106
   0.141      4.102198
   0.144      4.096770
   0.148      4.090866
   0.152      4.084524
   0.156      4.077781
   0.160      4.070668
   0.163      4.063213
   0.167      4.055445
   0.171      4.047386
   0.175      4.039058
   0.179      4.030482
   0.182      4.021676
   0.186      4.012657
   0.190      4.003441
   0.194      3.994041
   0.198      3.984471
   0.201      3.974743
   0.205      3.964868
   0.209      3.954858
   0.213      3.944721
   0.217      3.934467
   0.220      3.924104
   0.224      3.913640
   0.228      3.903083
   0.232      3.892439
   0.236      3.881715
   0.239      3.870916
   0.243      3.860048
   0.247      3.849117
   0.251      3.838128
   0.255      3.827085
   0.258      3.815992
   0.262      3.804854
   0.266      3.793675
   0.270      3.782458
   0.274      3.771206
   0.277      3.759924
   0.281      3.748613
   0.285      3.737277
   0.289      3.725919
   0.293      3.714542
   0.296      3.703147
   0.300      3.691737
   0.304      3.680314
   0.308      3.668881
   0.312      3.657440
   0.315      3.645991
   0.319      3.634538
   0.323      3.623082
   0.327      3.611624
   0.331      3.600166
   0.334      3.588710
   0.338      3.577256
   0.342      3.565807
   0.346      3.554363
   0.350      3.542926
   0.353      3.531497
   0.357      3.520077
   0.361      3.508667
   0.365      3.497267
   0.369      3.485880
   0.372      3.474506
   0.376      3.463145
   0.380      3.451799
   0.384      3.440469
   0.388      3.429154
   0.391      3.417856
   0.395      3.406576
   0.399      3.395314
   0.403      3.384071
   0.407      3.372848
   0.410      3.361644
   0.414      3.350461
   0.418      3.339299
   0.422      3.328158
   0.426      3.317040
   0.429      3.305944
   0.433      3.294871
   0.437      3.283821
   0.441      3.272795
   0.445      3.261793
   0.448      3.250816
   0.452      3.239863
   0.456      3.228935
   0.460      3.218034
   0.464      3.207157
   0.467      3.196307
   0.471      3.185483
   0.475      3.174686
   0.479      3.163915
   0.483      3.153172
   0.486      3.142456
   0.490      3.131767
   0.494      3.121106
   0.498      3.110472
   0.502      3.099867
   0.505      3.089290
   0.509      3.078742
   0.513      3.068222
   0.517      3.057730
   0.521      3.047267
   0.524      3.036834
   0.528      3.026429
   0.532      3.016053
   0.536      3.005707
   0.540      2.995390
   0.543      2.985103
   0.547      2.974845
   0.551      2.964617
   0.555      2.954418
   0.559      2.944249
   0.562      2.934110
   0.566      2.924001
   0.570      2.913922
   0.574      2.903873
   0.578      2.893853
   0.581      2.883864
   0.585      2.873905
   0.589      2.863976
   0.593      2.854078
   0.597      2.844209
   0.600      2.834371
   0.604      2.824562
   0.608      2.814784
   0.612      2.805037
   0.616      2.795319
   0.619      2.785632
   0.623      2.775975
   0.627      2.766348
   0.631      2.756751
   0.635      2.747185
   0.638      2.737649
   0.642      2.728143
   0.646      2.718667
   0.650      2.709221
   0.654      2.699805
   0.657      2.690420
   0.661      2.681064
   0.665      2.671739
   0.669      2.662443
   0.673      2.653178
   0.676      2.643942
   0.680      2.634736
   0.684      2.625560
   0.688      2.616414
   0.692      2.607298
   0.695      2.598211
   0.699      2.589154
   0.703      2.580127
   0.707      2.571129
   0.711      2.562161
   0.714      2.553222
   0.718      2.544312
   0.722      2.535432
   0.726      2.526581
   0.730      2.517760
   0.733      2.508967
   0.737      2.500204
   0.741      2.491470
   0.745      2.482765
   0.749      2.474089
   0.752      2.465441
   0.756      2.456823
   0.760      2.448233
   0.764      2.439672
   0.768      2.431139
   0.771      2.422635
   0.775      2.414159
   0.779      2.405712
   0.783      2.397293
   0.787      2.388903
   0.790      2.380541
   0.794      2.372206
   0.798      2.363900
   0.802      2.355622
   0.806      2.347371
   0.809      2.339149
   0.813      2.330954
   0.817      2.322787
   0.821      2.314647
   0.825      2.306535
   0.828      2.298451
   0.832      2.290394
   0.836      2.282364
   0.840      2.274361
   0.844      2.266386
   0.847      2.258437
   0.851      2.250515
   0.855      2.242621
   0.859      2.234753
   0.863      2.226912
   0.866      2.219097
   0.870      2.211310
   0.874      2.203548
   0.878      2.195813
   0.882      2.188105
   0.885      2.180422
   0.889      2.172766
   0.893      2.165136
   0.897      2.157532
   0.901      2.149954
   0.904      2.142401
   0.908      2.134875
   0.912      2.127374
   0.916      2.119899
   0.920      2.112449
   0.923      2.105024
   0.927      2.097625
   0.931      2.090252
   0.935      2.082903
   0.939      2.075580
   0.942      2.068281
   0.946      2.061008
   0.950      2.053759
   0.954      2.046536
   0.958      2.039336
   0.961      2.032162
   0.965      2.025012
   0.969      2.017886
   0.973      2.010785
   0.977      2.003708
   0.980      1.996656
   0.984      1.989627
   0.988      1.982622
   0.992      1.975642
   0.996      1.968685
   0.999      1.961752
   1.003      1.954843
   1.007      1.947957
   1.011      1.941095
   1.015      1.934257
   1.018      1.927442
   1.022      1.920650
   1.026      1.913881
   1.030      1.907135
   1.034      1.900413
   1.037      1.893713
   1.041      1.887037
   1.045      1.880383
   1.049      1.873752
   1.053      1.867143
   1.056      1.860558
   1.060      1.853994
   1.064      1.847453
   1.068      1.840935
   1.072      1.834438
   1.075      1.827964
   1.079      1.821512
   1.083      1.815082
   1.087      1.808674
   1.091      1.802287
   1.094      1.795923
   1.098      1.789580
   1.102      1.783259
   1.106      1.776959
   1.110      1.770681
   1.113      1.764425
   1.117      1.758189
   1.121      1.751975
   1.125      1.745782
   1.129      1.739610
   1.132      1.733459
   1.136      1.727329
   1.140      1.721220
   1.144      1.715131
   1.148      1.709064
   1.151      1.703017
   1.155      1.696990
   1.159      1.690984
   1.163      1.684998
   1.167      1.679033
   1.170      1.673088
   1.174      1.667163
   1.178      1.661258
   1.182      1.655374
   1.186      1.649509
   1.189      1.643664
   1.193      1.637839
   1.197      1.632034
   1.201      1.626248
   1.205      1.620482
   1.208      1.614735
   1.212      1.609008
   1.216      1.603300
   1.220      1.597612
   1.224      1.591943
   1.227      1.586293
   1.231      1.580662
   1.235      1.575050
   1.239      1.569457
   1.243      1.563883
   1.246      1.558327
   1.250      1.552791
   1.254      1.547273
   1.258      1.541774
   1.262      1.536293
   1.265      1.530830
   1.269      1.525387
   1.273      1.519961
   1.277      1.514554
   1.281      1.509165
   1.284      1.503793
   1.288      1.498441
   1.292      1.493106
   1.296      1.487789
   1.300      1.482489
   1.303      1.477208
   1.307      1.471944
   1.311      1.466698
   1.315      1.461470
   1.319      1.456259
   1.322      1.451065
   1.326      1.445889
   1.330      1.440731
   1.334      1.435589
   1.338      1.430465
   1.341      1.425358
   1.345      1.420268
   1.349      1.415194
   1.353      1.410138
   1.357      1.405099
   1.360      1.400077
   1.364      1.395071
   1.368      1.390082
   1.372      1.385110
   1.376      1.380154
   1.379      1.375215
   1.383      1.370292
   1.387      1.365385
   1.391      1.360495
   1.395      1.355621
   1.398      1.350764
   1.402      1.345922
   1.406      1.341097
   1.410      1.336287
   1.414      1.331494
   1.417      1.326716
   1.421      1.321955
   1.425      1.317209
   1.429      1.312479
   1.433      1.307764
   1.436      1.303065
   1.440      1.298382
   1.444      1.293714
   1.448      1.289061
   1.452      1.284424
   1.455      1.279802
   1.459      1.275196
   1.463      1.270605
   1.467      1.266028
   1.471      1.261467
   1.474      1.256921
   1.478      1.252390
   1.482      1.247874
   1.486      1.243373
   1.490      1.238886
   1.493      1.234415
   1.497      1.229958
   1.501      1.225515
   1.505      1.221088
   1.509      1.216674
   1.512      1.212276
   1.516      1.207891
   1.520      1.203522
   1.524      1.199166
   1.528      1.194825
   1.531      1.190498
   1.535      1.186185
   1.539      1.181886
   1.543      1.177601
   1.547      1.173330
   1.550      1.169073
   1.554      1.164831
   1.558      1.160602
   1.562      1.156386
   1.566      1.152185
   1.569      1.147997
   1.573      1.143823
   1.577      1.139662
   1.581      1.135515
   1.585      1.131382
   1.588      1.127262
   1.592      1.123155
   1.596      1.119062
   1.600      1.114982
   1.604      1.110915
   1.607      1.106862
   1.611      1.102821
   1.615      1.098794
   1.619      1.094780
   1.623      1.090779
   1.626      1.086790
   1.630      1.082815
   1.634      1.078853
   1.638      1.074903
   1.642      1.070966
   1.645      1.067042
   1.649      1.063130
   1.653      1.059232
   1.657      1.055345
   1.661      1.051472
   1.664      1.047610
   1.668      1.043762
   1.672      1.039925
   1.676      1.036101
   1.680      1.032289
   1.683      1.028490
   1.687      1.024703
   1.691      1.020928
   1.695      1.017165
   1.699      1.013414
   1.702      1.009675
   1.706      1.005948
   1.710      1.002234
   1.714      0.998531
   1.718      0.994840
   1.721      0.991160
   1.725      0.987493
   1.729      0.983837
   1.733      0.980193
   1.737      0.976561
   1.740      0.972940
   1.744      0.969331
   1.748      0.965733
   1.752      0.962147
   1.756      0.958572
   1.759      0.955009
   1.763      0.951457
   1.767      0.947916
   1.771      0.944387
   1.775      0.940869
   1.778      0.937362
   1.782      0.933866
   1.786      0.930381
   1.790      0.926908
   1.794      0.923445
   1.797      0.919994
   1.801      0.916553
   1.805      0.913123
   1.809      0.909705
   1.813      0.906297
   1.816      0.902900
   1.820      0.899513
   1.824      0.896137
   1.828      0.892772
   1.832      0.889418
   1.835      0.886074
   1.839      0.882741
   1.843      0.879418
   1.847      0.876106
   1.851      0.872804
   1.854      0.869513
   1.858      0.866232
   1.862      0.862962
   1.866      0.859701
   1.870      0.856451
   1.873      0.853211
   1.877      0.849982
   1.881      0.846762
   1.885      0.843553
   1.889      0.840354
   1.892      0.837165
   1.896      0.833985
   1.900      0.830816
   1.904      0.827657
   1.908      0.824507
   1.911      0.821368
   1.915      0.818238
   1.919      0.815118
   1.923      0.812008
   1.927      0.808908
   1.930      0.805817
   1.934      0.802736
   1.938      0.799665
   1.942      0.796603
   1.946      0.793550
   1.949      0.790508
   1.953      0.787474
   1.957      0.784451
   1.961      0.781436
   1.965      0.778431
   1.968      0.775436
   1.972      0.772449
   1.976      0.769472
   1.980      0.766505
   1.984      0.763546
   1.987      0.760597
   1.991      0.757656
   1.995      0.754725
   1.999      0.751803
   2.003      0.748891
   2.006      0.745987
   2.010      0.743092
   2.014      0.740206
   2.018      0.737329
   2.022      0.734461
   2.025      0.731602
   2.029      0.728751
   2.033      0.725910
   2.037      0.723077
   2.041      0.720253
   2.044      0.717438
   2.048      0.714631
   2.052      0.711833
   2.056      0.709044
   2.060      0.706263
   2.063      0.703491
   2.067      0.700727
   2.071      0.697972
   2.075      0.695225
   2.079      0.692487
   2.082      0.689757
   2.086      0.687036
   2.090      0.684323
   2.094      0.681618
   2.098      0.678922
   2.101      0.676234
   2.105      0.673554
   2.109      0.670882
   2.113      0.668219
   2.117      0.665563
   2.120      0.662916
   2.124      0.660277
   2.128      0.657646
   2.132      0.655023
   2.136      0.652408
   2.139      0.649801
   2.143      0.647202
   2.147      0.644611
   2.151      0.642027
   2.155      0.639452
   2.158      0.636885
   2.162      0.634325
   2.166      0.631773
   2.170      0.629229
   2.174      0.626692
   2.177      0.624164
   2.181      0.621643
   2.185      0.619130
   2.189      0.616624
   2.193      0.614126
   2.196      0.611635
   2.200      0.609152
   2.204      0.606677
   2.208      0.604209
   2.212      0.601749
   2.215      0.599296
   2.219      0.596850
   2.223      0.594412
   2.227      0.591981
   2.231      0.589558
   2.234      0.587142
   2.238      0.584733
   2.242      0.582331
   2.246      0.579937
   2.250      0.577550
   2.253      0.575170
   2.257      0.572797
   2.261      0.570432
   2.265      0.568073
   2.269      0.565722
   2.272      0.563378
   2.276      0.561040
   2.280      0.558710
   2.284      0.556387
   2.288      0.554071
   2.291      0.551762
   2.295      0.549459
   2.299      0.547164
   2.303      0.544875
   2.307      0.542594
   2.310      0.540319
   2.314      0.538051
   2.318      0.535790
   2.322      0.533535
   2.326      0.531288
   2.329      0.529047
   2.333      0.526812
   2.337      0.524585
   2.341      0.522364
   2.345      0.520149
   2.348      0.517942
   2.352      0.515740
   2.356      0.513546
   2.360      0.511358
   2.364      0.509176
   2.367      0.507001
   2.371      0.504833
   2.375      0.502670
   2.379      0.500515
   2.383      0.498365
   2.386      0.496223
   2.390      0.494086
   2.394      0.491956
   2.398      0.489832
   2.402      0.487714
   2.405      0.485603
   2.409      0.483498
   2.413      0.481399
   2.417      0.479306
   2.421      0.477220
   2.424      0.475140
   2.428      0.473066
   2.432      0.470998
   2.436      0.468936
   2.440      0.466880
   2.443      0.464830
   2.447      0.462787
   2.451      0.460749
   2.455      0.458717
   2.459      0.456692
   2.462      0.454672
   2.466      0.452658
   2.470      0.450650
   2.474      0.448648
   2.478      0.446652
   2.481      0.444662
   2.485      0.442678
   2.489      0.440699
   2.493      0.438727
   2.497      0.436760
   2.500      0.434798
   2.504      0.432843
   2.508      0.430893
   2.512      0.428949
   2.516      0.427011
   2.519      0.425078
   2.523      0.423151
   2.527      0.421230
   2.531      0.419314
   2.535      0.417404
   2.538      0.415500
   2.542      0.413600
   2.546      0.411707
   2.550      0.409819
   2.554      0.407937
   2.557      0.406060
   2.561      0.404188
   2.565      0.402322
   2.569      0.400461
   2.573      0.398606
   2.576      0.396756
   2.580      0.394911
   2.584      0.393072
   2.588      0.391238
   2.592      0.389410
   2.595      0.387587
   2.599      0.385769
   2.603      0.383956
   2.607      0.382149
   2.611      0.380346
   2.614      0.378549
   2.618      0.376758
   2.622      0.374971
   2.626      0.373189
   2.630      0.371413
   2.633      0.369642
   2.637      0.367876
   2.641      0.366115
   2.645      0.364359
   2.649      0.362608
   2.652      0.360862
   2.656      0.359121
   2.660      0.357385
   2.664      0.355654
   2.668      0.353928
   2.671      0.352207
   2.675      0.350491
   2.679      0.348780
   2.683      0.347074
   2.687      0.345373
   2.690      0.343676
   2.694      0.341984
   2.698      0.340298
   2.702      0.338616
   2.706      0.336939
   2.709      0.335266
   2.713      0.333599
   2.717      0.331936
   2.721      0.330278
   2.725      0.328624
   2.728      0.326975
   2.732      0.325331
   2.736      0.323692
   2.740      0.322057
   2.744      0.320427
   2.747      0.318802
   2.751      0.317181
   2.755      0.315565
   2.759      0.313953
   2.763      0.312346
   2.766      0.310744
   2.770      0.309146
   2.774      0.307552
   2.778      0.305963
   2.782      0.304379
   2.785      0.302799
   2.789      0.301223
   2.793      0.299652
   2.797      0.298086
   2.801      0.296523
   2.804      0.294966
   2.808      0.293412
   2.812      0.291863
   2.816      0.290318
   2.820      0.288778
   2.823      0.287242
   2.827      0.285710
   2.831      0.284182
   2.835      0.282659
   2.839      0.281140
   2.842      0.279626
   2.846      0.278115
   2.850      0.276609
   2.854      0.275107
   2.858      0.273609
   2.861      0.272115
   2.865      0.270626
   2.869      0.269140
   2.873      0.267659
   2.877      0.266182
   2.880      0.264709
   2.884      0.263240
   2.888      0.261776
   2.892      0.260315
   2.896      0.258858
   2.899      0.257405
   2.903      0.255957
   2.907      0.254512
   2.911      0.253072
   2.915      0.251635
   2.918      0.250202
   2.922      0.248774
   2.926      0.247349
   2.930      0.245928
   2.934      0.244511
   2.937      0.243098
   2.941      0.241689
   2.945      0.240284
   2.949      0.238883
   2.953      0.237485
   2.956      0.236091
   2.960      0.234701
   2.964      0.233315
   2.968      0.231933
   2.972      0.230555
   2.975      0.229180
   2.979      0.227809
   2.983      0.226442
   2.987      0.225078
   2.991      0.223719
   2.994      0.222363
   2.998      0.221010
   3.002      0.219662
   3.006      0.218317
   3.010      0.216975
   3.013      0.215638
   3.017      0.214304
   3.021      0.212973
   3.025      0.211647
   3.029      0.210323
   3.032      0.209004
   3.036      0.207688
   3.040      0.206375
   3.044      0.205066
   3.048      0.203761
   3.051      0.202459
   3.055      0.201160
   3.059      0.199866
   3.063      0.198574
   3.067      0.197286
   3.070      0.196002
   3.074      0.194721
   3.078      0.193443
   3.082      0.192169
   3.086      0.190898
   3.089      0.189631
   3.093      0.188367
   3.097      0.187106
   3.101      0.185849
   3.105      0.184595
   3.108      0.183345
   3.112      0.182097
   3.116      0.180854
   3.120      0.179613
   3.124      0.178376
   3.127      0.177142
   3.131      0.175911
   3.135      0.174683
   3.139      0.173459
   3.143      0.172238
   3.146      0.171021
   3.150      0.169806
   3.154      0.168595
   3.158      0.167387
   3.162      0.166182
   3.165      0.164980
   3.169      0.163781
   3.173      0.162586
   3.177      0.161393
   3.181      0.160204
   3.184      0.159018
   3.188      0.157835
   3.192      0.156655
   3.196      0.155478
   3.200      0.154305
   3.203      0.153134
   3.207      0.151966
   3.211      0.150802
   3.215      0.149640
   3.219      0.148482
   3.222      0.147326
   3.226      0.146174
   3.230      0.145024
   3.234      0.143877
   3.238      0.142734
   3.241      0.141593
   3.245      0.140455
   3.249      0.139321
   3.253      0.138189
   3.257      0.137060
   3.260      0.135934
   3.264      0.134811
   3.268      0.133690
   3.272      0.132573
   3.276      0.131458
   3.279      0.130347
   3.283      0.129238
   3.287      0.128132
   3.291      0.127028
   3.295      0.125928
   3.298      0.124830
   3.302      0.123736
   3.306      0.122643
   3.310      0.121554
   3.314      0.120468
   3.317      0.119384
   3.321      0.118303
   3.325      0.117224
   3.329      0.116149
   3.333      0.115076
   3.336      0.114006
   3.340      0.112938
   3.344      0.111873
   3.348      0.110811
   3.352      0.109752
   3.355      0.108695
   3.359      0.107641
   3.363      0.106589
   3.367      0.105540
   3.371      0.104494
   3.374      0.103450
   3.378      0.102409
   3.382      0.101370
   3.386      0.100334
   3.390      0.099301
   3.393      0.098270
   3.397      0.097241
   3.401      0.096215
   3.405      0.095192
   3.409      0.094171
   3.412      0.093153
   3.416      0.092137
   3.420      0.091124
   3.424      0.090113
   3.428      0.089104
   3.431      0.088099
   3.435      0.087095
   3.439      0.086094
   3.443      0.085095
   3.447      0.084099
   3.450      0.083105
   3.454      0.082114
   3.458      0.081125
   3.462      0.080138
   3.466      0.079154
   3.469      0.078172
   3.473      0.077193
   3.477      0.076216
   3.481      0.075241
   3.485      0.074268
   3.488      0.073298
   3.492      0.072330
   3.496      0.071365
   3.500      0.070401
   3.504      0.069440
   3.507      0.068481
   3.511      0.067525
   3.515      0.066571
   3.519      0.065619
   3.523      0.064669
   3.526      0.063722
   3.530      0.062776
   3.534      0.061833
   3.538      0.060892
   3.542      0.059954
   3.545      0.059017
   3.549      0.058083
   3.553      0.057151
   3.557      0.056221
   3.561      0.055293
   3.564      0.054367
   3.568      0.053444
   3.572      0.052522
   3.576      0.051603
   3.580      0.050686
   3.583      0.049771
   3.587      0.048858
   3.591      0.047947
   3.595      0.047038
   3.599      0.046131
   3.602      0.045226
   3.606      0.044324
   3.610      0.043423
   3.614      0.042524
   3.618      0.041628
   3.621      0.040733
   3.625      0.039841
   3.629      0.038950
   3.633      0.038062
   3.637      0.037175
   3.640      0.036290
   3.644      0.035408
   3.648      0.034527
   3.652      0.033648
   3.656      0.032771
   3.659      0.031896
   3.663      0.031023
   3.667      0.030152
   3.671      0.029283
   3.675      0.028416
   3.678      0.027551
   3.682      0.026687
   3.686      0.025825
   3.690      0.024966
   3.694      0.024108
   3.697      0.023252
   3.701      0.022398
   3.705      0.021545
   3.709      0.020695
   3.713      0.019846
   3.716      0.018999
   3.720      0.018154
   3.724      0.017311
   3.728      0.016469
   3.732      0.015629
   3.735      0.014791
   3.739      0.013955
   3.743      0.013120
   3.747      0.012288
   3.751      0.011457
   3.754      0.010627
   3.758      0.009800
   3.762      0.008974
   3.766      0.008150
   3.770      0.007327
   3.773      0.006507
   3.777      0.005687
   3.781      0.004870
   3.785      0.004054
   3.789      0.003240
   3.792      0.002428
   3.796      0.001617
   3.800      0.000808
   3.804      0.000000
