   0.004     -0.000199
   0.008      0.000100
   0.012      0.000399
   0.016      0.000897
   0.020      0.001595
   0.025      0.002492
   0.029      0.003588
   0.033      0.004882
   0.037      0.006375
   0.041      0.008066
   0.045      0.009954
   0.049      0.012040
   0.053      0.014321
   0.057      0.016800
   0.061      0.019473
   0.066      0.022341
   0.070      0.025404
   0.074      0.028659
   0.078      0.032108
   0.082      0.035748
   0.086      0.039579
   0.090      0.043599
   0.094      0.047809
   0.098      0.052206
   0.102      0.056790
   0.107      0.061560
   0.111      0.066514
   0.115      0.071651
   0.119      0.076969
   0.123      0.082468
   0.127      0.088145
   0.131      0.094000
   0.135      0.100031
   0.139      0.106236
   0.143      0.112613
   0.148      0.119161
   0.152      0.125878
   0.156      0.132762
   0.160      0.139812
   0.164      0.147024
   0.168      0.154397
   0.172      0.161930
   0.176      0.169620
   0.180      0.177464
   0.184      0.185461
   0.189      0.193607
   0.193      0.201902
   0.197      0.210341
   0.201      0.218924
   0.205      0.227646
   0.209      0.236507
   0.213      0.245502
   0.217      0.254629
   0.221      0.263885
   0.225      0.273268
   0.230      0.282774
   0.234      0.292401
   0.238      0.302145
   0.242      0.312004
   0.246      0.321974
   0.250      0.332053
   0.254      0.342236
   0.258      0.352521
   0.262      0.362905
   0.266      0.373383
   0.271      0.383954
   0.275      0.394612
   0.279      0.405355
   0.283      0.416180
   0.287      0.427082
   0.291      0.438059
   0.295      0.449106
   0.299      0.460220
   0.303      0.471398
   0.307      0.482635
   0.312      0.493929
   0.316      0.505274
   0.320      0.516669
   0.324      0.528108
   0.328      0.539589
   0.332      0.551108
   0.336      0.562660
   0.340      0.574243
   0.344      0.585852
   0.348      0.597484
   0.353      0.609136
   0.357      0.620803
   0.361      0.632482
   0.365      0.644170
   0.369      0.655863
   0.373      0.667557
   0.377      0.679250
   0.381      0.690937
   0.385      0.702615
   0.389      0.714281
   0.394      0.725932
   0.398      0.737565
   0.402      0.749176
   0.406      0.760762
   0.410      0.772320
   0.414      0.783848
   0.418      0.795343
   0.422      0.806801
   0.426      0.818220
   0.430      0.829597
   0.435      0.840931
   0.439      0.852217
   0.443      0.863455
   0.447      0.874641
   0.451      0.885774
   0.455      0.896850
   0.459      0.907870
   0.463      0.918829
   0.467      0.929727
   0.471      0.940561
   0.476      0.951331
   0.480      0.962034
   0.484      0.972668
   0.488      0.983233
   0.492      0.993728
   0.496      1.004150
   0.500      1.014498
   0.504      1.024773
   0.508      1.034972
   0.512      1.045095
   0.517      1.055141
   0.521      1.065110
   0.525      1.075000
   0.529      1.084811
   0.533      1.094543
   0.537      1.104195
   0.541      1.113768
   0.545      1.123260
   0.549      1.132672
   0.553      1.142003
   0.558      1.151254
   0.562      1.160425
   0.566      1.169515
   0.570      1.178525
   0.574      1.187455
   0.578      1.196306
   0.582      1.205077
   0.586      1.213769
   0.590      1.222382
   0.594      1.230918
   0.599      1.239376
   0.603      1.247757
   0.607      1.256061
   0.611      1.264289
   0.615      1.272442
   0.619      1.280520
   0.623      1.288524
   0.627      1.296454
   0.631      1.304311
   0.635      1.312096
   0.640      1.319809
   0.644      1.327452
   0.648      1.335024
   0.652      1.342526
   0.656      1.349960
   0.660      1.357325
   0.664      1.364622
   0.668      1.371852
   0.672      1.379015
   0.676      1.386112
   0.681      1.393143
   0.685      1.400110
   0.689      1.407012
   0.693      1.413850
   0.697      1.420624
   0.701      1.427335
   0.705      1.433984
   0.709      1.440570
   0.713      1.447093
   0.717      1.453555
   0.722      1.459956
   0.726      1.466296
   0.730      1.472574
   0.734      1.478792
   0.738      1.484949
   0.742      1.491046
   0.746      1.497083
   0.750      1.503060
   0.754      1.508976
   0.758      1.514833
   0.763      1.520630
   0.767      1.526367
   0.771      1.532045
   0.775      1.537663
   0.779      1.543221
   0.783      1.548719
   0.787      1.554157
   0.791      1.559536
   0.795      1.564854
   0.799      1.570113
   0.804      1.575311
   0.808      1.580449
   0.812      1.585527
   0.816      1.590545
   0.820      1.595502
   0.824      1.600399
   0.828      1.605235
   0.832      1.610010
   0.836      1.614724
   0.840      1.619377
   0.845      1.623969
   0.849      1.628500
   0.853      1.632969
   0.857      1.637377
   0.861      1.641723
   0.865      1.646007
   0.869      1.650230
   0.873      1.654390
   0.877      1.658489
   0.881      1.662525
   0.886      1.666499
   0.890      1.670411
   0.894      1.674261
   0.898      1.678048
   0.902      1.681772
   0.906      1.685434
   0.910      1.689033
   0.914      1.692569
   0.918      1.696043
   0.922      1.699454
   0.927      1.702802
   0.931      1.706087
   0.935      1.709310
   0.939      1.712469
   0.943      1.715566
   0.947      1.718599
   0.951      1.721570
   0.955      1.724478
   0.959      1.727323
   0.963      1.730104
   0.968      1.732824
   0.972      1.735480
   0.976      1.738073
   0.980      1.740604
   0.984      1.743072
   0.988      1.745477
   0.992      1.747819
   0.996      1.750099
   1.000      1.752316
   1.004      1.754471
   1.009      1.756563
   1.013      1.758593
   1.017      1.760560
   1.021      1.762465
   1.025      1.764308
   1.029      1.766089
   1.033      1.767808
   1.037      1.769465
   1.041      1.771060
   1.045      1.772593
   1.050      1.774065
   1.054      1.775475
   1.058      1.776823
   1.062      1.778110
   1.066      1.779336
   1.070      1.780501
   1.074      1.781604
   1.078      1.782647
   1.082      1.783628
   1.086      1.784549
   1.091      1.785409
   1.095      1.786209
   1.099      1.786949
   1.103      1.787628
   1.107      1.788247
   1.111      1.788806
   1.115      1.789305
   1.119      1.789745
   1.123      1.790125
   1.127      1.790446
   1.132      1.790707
   1.136      1.790909
   1.140      1.791053
   1.144      1.791137
   1.148      1.791163
   1.152      1.791131
   1.156      1.791040
   1.160      1.790891
   1.164      1.790684
   1.168      1.790419
   1.173      1.790097
   1.177      1.789717
   1.181      1.789280
   1.185      1.788785
   1.189      1.788234
   1.193      1.787627
   1.197      1.786962
   1.201      1.786242
   1.205      1.785465
   1.209      1.784633
   1.214      1.783744
   1.218      1.782801
   1.222      1.781802
   1.226      1.780748
   1.230      1.779639
   1.234      1.778475
   1.238      1.777257
   1.242      1.775985
   1.246      1.774659
   1.250      1.773279
   1.255      1.771845
   1.259      1.770359
   1.263      1.768819
   1.267      1.767227
   1.271      1.765582
   1.275      1.763884
   1.279      1.762135
   1.283      1.760334
   1.287      1.758481
   1.291      1.756577
   1.296      1.754622
   1.300      1.752616
   1.304      1.750560
   1.308      1.748454
   1.312      1.746297
   1.316      1.744091
   1.320      1.741835
   1.324      1.739531
   1.328      1.737177
   1.332      1.734775
   1.337      1.732324
   1.341      1.729826
   1.345      1.727279
   1.349      1.724686
   1.353      1.722045
   1.357      1.719357
   1.361      1.716623
   1.365      1.713843
   1.369      1.711016
   1.373      1.708144
   1.378      1.705227
   1.382      1.702265
   1.386      1.699258
   1.390      1.696206
   1.394      1.693111
   1.398      1.689971
   1.402      1.686788
   1.406      1.683563
   1.410      1.680294
   1.414      1.676983
   1.419      1.673629
   1.423      1.670234
   1.427      1.666798
   1.431      1.663320
   1.435      1.659801
   1.439      1.656242
   1.443      1.652643
   1.447      1.649004
   1.451      1.645326
   1.455      1.641608
   1.460      1.637852
   1.464      1.634057
   1.468      1.630224
   1.472      1.626354
   1.476      1.622446
   1.480      1.618501
   1.484      1.614519
   1.488      1.610501
   1.492      1.606447
   1.496      1.602358
   1.501      1.598233
   1.505      1.594074
   1.509      1.589879
   1.513      1.585651
   1.517      1.581389
   1.521      1.577093
   1.525      1.572765
   1.529      1.568404
   1.533      1.564010
   1.537      1.559584
   1.542      1.555127
   1.546      1.550639
   1.550      1.546119
   1.554      1.541570
   1.558      1.536990
   1.562      1.532380
   1.566      1.527741
   1.570      1.523073
   1.574      1.518377
   1.578      1.513652
   1.583      1.508899
   1.587      1.504119
   1.591      1.499312
   1.595      1.494478
   1.599      1.489618
   1.603      1.484731
   1.607      1.479819
   1.611      1.474882
   1.615      1.469920
   1.619      1.464934
   1.624      1.459924
   1.628      1.454889
   1.632      1.449832
   1.636      1.444751
   1.640      1.439649
   1.644      1.434523
   1.648      1.429376
   1.652      1.424208
   1.656      1.419019
   1.660      1.413809
   1.665      1.408578
   1.669      1.403328
   1.673      1.398058
   1.677      1.392770
   1.681      1.387462
   1.685      1.382136
   1.689      1.376792
   1.693      1.371430
   1.697      1.366051
   1.701      1.360655
   1.706      1.355243
   1.710      1.349815
   1.714      1.344370
   1.718      1.338911
   1.722      1.333436
   1.726      1.327947
   1.730      1.322444
   1.734      1.316926
   1.738      1.311395
   1.742      1.305851
   1.747      1.300294
   1.751      1.294725
   1.755      1.289144
   1.759      1.283551
   1.763      1.277947
   1.767      1.272331
   1.771      1.266705
   1.775      1.261069
   1.779      1.255423
   1.783      1.249768
   1.788      1.244103
   1.792      1.238430
   1.796      1.232748
   1.800      1.227058
   1.804      1.221360
   1.808      1.215655
   1.812      1.209943
   1.816      1.204224
   1.820      1.198499
   1.824      1.192767
   1.829      1.187031
   1.833      1.181288
   1.837      1.175541
   1.841      1.169790
   1.845      1.164034
   1.849      1.158274
   1.853      1.152510
   1.857      1.146743
   1.861      1.140974
   1.865      1.135201
   1.870      1.129426
   1.874      1.123650
   1.878      1.117872
   1.882      1.112092
   1.886      1.106311
   1.890      1.100530
   1.894      1.094749
   1.898      1.088967
   1.902      1.083186
   1.906      1.077405
   1.911      1.071625
   1.915      1.065847
   1.919      1.060070
   1.923      1.054294
   1.927      1.048521
   1.931      1.042751
   1.935      1.036983
   1.939      1.031218
   1.943      1.025456
   1.947      1.019698
   1.952      1.013944
   1.956      1.008194
   1.960      1.002449
   1.964      0.996709
   1.968      0.990973
   1.972      0.985243
   1.976      0.979519
   1.980      0.973800
   1.984      0.968087
   1.988      0.962381
   1.993      0.956682
   1.997      0.950990
   2.001      0.945305
   2.005      0.939627
   2.009      0.933957
   2.013      0.928296
   2.017      0.922642
   2.021      0.916997
   2.025      0.911361
   2.029      0.905734
   2.034      0.900116
   2.038      0.894508
   2.042      0.888909
   2.046      0.883321
   2.050      0.877743
   2.054      0.872175
   2.058      0.866617
   2.062      0.861071
   2.066      0.855535
   2.070      0.850011
   2.075      0.844499
   2.079      0.838999
   2.083      0.833510
   2.087      0.828034
   2.091      0.822571
   2.095      0.817120
   2.099      0.811682
   2.103      0.806257
   2.107      0.800846
   2.111      0.795448
   2.116      0.790064
   2.120      0.784694
   2.124      0.779338
   2.128      0.773996
   2.132      0.768669
   2.136      0.763356
   2.140      0.758058
   2.144      0.752776
   2.148      0.747509
   2.152      0.742257
   2.157      0.737020
   2.161      0.731800
   2.165      0.726595
   2.169      0.721407
   2.173      0.716235
   2.177      0.711079
   2.181      0.705940
   2.185      0.700818
   2.189      0.695712
   2.193      0.690624
   2.198      0.685553
   2.202      0.680499
   2.206      0.675463
   2.210      0.670444
   2.214      0.665444
   2.218      0.660461
   2.222      0.655496
   2.226      0.650550
   2.230      0.645621
   2.234      0.640712
   2.239      0.635821
   2.243      0.630948
   2.247      0.626095
   2.251      0.621260
   2.255      0.616445
   2.259      0.611649
   2.263      0.606872
   2.267      0.602114
   2.271      0.597376
   2.275      0.592658
   2.280      0.587959
   2.284      0.583280
   2.288      0.578622
   2.292      0.573983
   2.296      0.569364
   2.300      0.564766
   2.304      0.560188
   2.308      0.555630
   2.312      0.551093
   2.316      0.546576
   2.321      0.542080
   2.325      0.537605
   2.329      0.533151
   2.333      0.528717
   2.337      0.524305
   2.341      0.519913
   2.345      0.515543
   2.349      0.511193
   2.353      0.506865
   2.357      0.502559
   2.362      0.498273
   2.366      0.494009
   2.370      0.489767
   2.374      0.485546
   2.378      0.481346
   2.382      0.477168
   2.386      0.473012
   2.390      0.468877
   2.394      0.464765
   2.398      0.460674
   2.403      0.456604
   2.407      0.452557
   2.411      0.448532
   2.415      0.444528
   2.419      0.440546
   2.423      0.436587
   2.427      0.432649
   2.431      0.428734
   2.435      0.424840
   2.439      0.420969
   2.444      0.417120
   2.448      0.413292
   2.452      0.409487
   2.456      0.405705
   2.460      0.401944
   2.464      0.398205
   2.468      0.394489
   2.472      0.390795
   2.476      0.387123
   2.480      0.383473
   2.485      0.379845
   2.489      0.376240
   2.493      0.372657
   2.497      0.369096
   2.501      0.365557
   2.505      0.362040
   2.509      0.358546
   2.513      0.355073
   2.517      0.351623
   2.521      0.348195
   2.526      0.344789
   2.530      0.341405
   2.534      0.338043
   2.538      0.334704
   2.542      0.331386
   2.546      0.328090
   2.550      0.324817
   2.554      0.321565
   2.558      0.318335
   2.562      0.315128
   2.567      0.311942
   2.571      0.308778
   2.575      0.305635
   2.579      0.302515
   2.583      0.299416
   2.587      0.296339
   2.591      0.293284
   2.595      0.290250
   2.599      0.287238
   2.603      0.284247
   2.608      0.281278
   2.612      0.278331
   2.616      0.275405
   2.620      0.272500
   2.624      0.269616
   2.628      0.266754
   2.632      0.263913
   2.636      0.261094
   2.640      0.258295
   2.644      0.255517
   2.649      0.252761
   2.653      0.250025
   2.657      0.247310
   2.661      0.244616
   2.665      0.241943
   2.669      0.239291
   2.673      0.236659
   2.677      0.234048
   2.681      0.231458
   2.685      0.228887
   2.690      0.226338
   2.694      0.223808
   2.698      0.221299
   2.702      0.218810
   2.706      0.216342
   2.710      0.213893
   2.714      0.211464
   2.718      0.209055
   2.722      0.206666
   2.726      0.204297
   2.731      0.201948
   2.735      0.199618
   2.739      0.197308
   2.743      0.195017
   2.747      0.192745
   2.751      0.190493
   2.755      0.188260
   2.759      0.186047
   2.763      0.183852
   2.767      0.181676
   2.772      0.179520
   2.776      0.177382
   2.780      0.175263
   2.784      0.173162
   2.788      0.171081
   2.792      0.169017
   2.796      0.166972
   2.800      0.164946
   2.804      0.162938
   2.808      0.160947
   2.813      0.158975
   2.817      0.157021
   2.821      0.155085
   2.825      0.153167
   2.829      0.151266
   2.833      0.149383
   2.837      0.147518
   2.841      0.145670
   2.845      0.143839
   2.849      0.142026
   2.854      0.140229
   2.858      0.138450
   2.862      0.136688
   2.866      0.134943
   2.870      0.133215
   2.874      0.131503
   2.878      0.129808
   2.882      0.128129
   2.886      0.126467
   2.890      0.124822
   2.895      0.123192
   2.899      0.121579
   2.903      0.119982
   2.907      0.118400
   2.911      0.116835
   2.915      0.115285
   2.919      0.113751
   2.923      0.112233
   2.927      0.110730
   2.931      0.109242
   2.936      0.107770
   2.940      0.106313
   2.944      0.104871
   2.948      0.103444
   2.952      0.102032
   2.956      0.100635
   2.960      0.099253
   2.964      0.097885
   2.968      0.096531
   2.972      0.095192
   2.977      0.093868
   2.981      0.092558
   2.985      0.091261
   2.989      0.089979
   2.993      0.088711
   2.997      0.087456
   3.001      0.086216
   3.005      0.084989
   3.009      0.083775
   3.013      0.082575
   3.018      0.081388
   3.022      0.080215
   3.026      0.079054
   3.030      0.077907
   3.034      0.076773
   3.038      0.075652
   3.042      0.074543
   3.046      0.073447
   3.050      0.072364
   3.054      0.071293
   3.059      0.070234
   3.063      0.069188
   3.067      0.068154
   3.071      0.067132
   3.075      0.066122
   3.079      0.065124
   3.083      0.064138
   3.087      0.063163
   3.091      0.062200
   3.095      0.061249
   3.100      0.060309
   3.104      0.059380
   3.108      0.058463
   3.112      0.057557
   3.116      0.056662
   3.120      0.055778
   3.124      0.054904
   3.128      0.054042
   3.132      0.053190
   3.136      0.052349
   3.141      0.051518
   3.145      0.050698
   3.149      0.049888
   3.153      0.049088
   3.157      0.048298
   3.161      0.047519
   3.165      0.046749
   3.169      0.045990
   3.173      0.045240
   3.177      0.044499
   3.182      0.043769
   3.186      0.043048
   3.190      0.042336
   3.194      0.041634
   3.198      0.040940
   3.202      0.040257
   3.206      0.039582
   3.210      0.038916
   3.214      0.038259
   3.218      0.037611
   3.223      0.036971
   3.227      0.036341
   3.231      0.035718
   3.235      0.035105
   3.239      0.034499
   3.243      0.033902
   3.247      0.033314
   3.251      0.032733
   3.255      0.032161
   3.259      0.031596
   3.264      0.031039
   3.268      0.030491
   3.272      0.029950
   3.276      0.029416
   3.280      0.028890
   3.284      0.028372
   3.288      0.027861
   3.292      0.027358
   3.296      0.026862
   3.300      0.026373
   3.305      0.025891
   3.309      0.025416
   3.313      0.024948
   3.317      0.024487
   3.321      0.024033
   3.325      0.023586
   3.329      0.023145
   3.333      0.022711
   3.337      0.022283
   3.341      0.021862
   3.346      0.021447
   3.350      0.021039
   3.354      0.020636
   3.358      0.020240
   3.362      0.019850
   3.366      0.019467
   3.370      0.019089
   3.374      0.018716
   3.378      0.018350
   3.382      0.017990
   3.387      0.017635
   3.391      0.017286
   3.395      0.016942
   3.399      0.016604
   3.403      0.016271
   3.407      0.015944
   3.411      0.015621
   3.415      0.015305
   3.419      0.014993
   3.423      0.014686
   3.428      0.014385
   3.432      0.014088
   3.436      0.013796
   3.440      0.013509
   3.444      0.013227
   3.448      0.012950
   3.452      0.012677
   3.456      0.012409
   3.460      0.012146
   3.464      0.011887
   3.469      0.011632
   3.473      0.011382
   3.477      0.011136
   3.481      0.010894
   3.485      0.010657
   3.489      0.010424
   3.493      0.010195
   3.497      0.009969
   3.501      0.009748
   3.505      0.009531
   3.510      0.009318
   3.514      0.009108
   3.518      0.008903
   3.522      0.008701
   3.526      0.008502
   3.530      0.008308
   3.534      0.008116
   3.538      0.007929
   3.542      0.007745
   3.546      0.007564
   3.551      0.007387
   3.555      0.007213
   3.559      0.007042
   3.563      0.006875
   3.567      0.006710
   3.571      0.006549
   3.575      0.006391
   3.579      0.006236
   3.583      0.006084
   3.587      0.005935
   3.592      0.005789
   3.596      0.005646
   3.600      0.005505
   3.604      0.005368
   3.608      0.005233
   3.612      0.005101
   3.616      0.004971
   3.620      0.004844
   3.624      0.004720
   3.628      0.004598
   3.633      0.004479
   3.637      0.004362
   3.641      0.004248
   3.645      0.004136
   3.649      0.004026
   3.653      0.003919
   3.657      0.003814
   3.661      0.003711
   3.665      0.003610
   3.669      0.003512
   3.674      0.003415
   3.678      0.003321
   3.682      0.003229
   3.686      0.003139
   3.690      0.003051
   3.694      0.002964
   3.698      0.002880
   3.702      0.002798
   3.706      0.002717
   3.710      0.002639
   3.715      0.002562
   3.719      0.002487
   3.723      0.002413
   3.727      0.002342
   3.731      0.002272
   3.735      0.002203
   3.739      0.002136
   3.743      0.002071
   3.747      0.002008
   3.751      0.001945
   3.756      0.001885
   3.760      0.001826
   3.764      0.001768
   3.768      0.001712
   3.772      0.001657
   3.776      0.001603
   3.780      0.001551
   3.784      0.001500
   3.788      0.001451
   3.792      0.001403
   3.797      0.001355
   3.801      0.001310
   3.805      0.001265
   3.809      0.001222
   3.813      0.001179
   3.817      0.001138
   3.821      0.001098
   3.825      0.001059
   3.829      0.001021
   3.833      0.000984
   3.838      0.000948
   3.842      0.000913
   3.846      0.000879
   3.850      0.000846
   3.854      0.000814
   3.858      0.000783
   3.862      0.000753
   3.866      0.000724
   3.870      0.000695
   3.874      0.000668
   3.879      0.000641
   3.883      0.000615
   3.887      0.000590
   3.891      0.000565
   3.895      0.000541
   3.899      0.000518
   3.903      0.000496
   3.907      0.000475
   3.911      0.000454
   3.915      0.000434
   3.920      0.000414
   3.924      0.000395
   3.928      0.000377
   3.932      0.000359
   3.936      0.000342
   3.940      0.000325
   3.944      0.000310
   3.948      0.000294
   3.952      0.000279
   3.956      0.000265
   3.961      0.000251
   3.965      0.000238
   3.969      0.000225
   3.973      0.000213
   3.977      0.000201
   3.981      0.000189
   3.985      0.000178
   3.989      0.000168
   3.993      0.000157
   3.997      0.000148
   4.002      0.000138
   4.006      0.000129
   4.010      0.000121
   4.014      0.000112
   4.018      0.000104
   4.022      0.000097
   4.026      0.000089
   4.030      0.000083
   4.034      0.000076
   4.038      0.000070
   4.043      0.000063
   4.047      0.000058
   4.051      0.000052
   4.055      0.000047
   4.059      0.000042
   4.063      0.000037
   4.067      0.000033
   4.071      0.000028
   4.075      0.000024
   4.079      0.000020
   4.084      0.000016
   4.088      0.000013
   4.092      0.000010
   4.096      0.000006
   4.100      0.000003
   4.104      0.000000
