   0.000      2.113584
   0.005      2.113584
   0.011      2.113583
   0.016      2.113578
   0.022      2.113566
   0.027      2.113541
   0.033      2.113496
   0.038      2.113422
   0.044      2.113309
   0.049      2.113146
   0.055      2.112921
   0.060      2.112621
   0.065      2.112233
   0.071      2.111741
   0.076      2.111131
   0.082      2.110387
   0.087      2.109496
   0.093      2.108443
   0.098      2.107212
   0.104      2.105791
   0.109      2.104168
   0.114      2.102331
   0.120      2.100269
   0.125      2.097973
   0.131      2.095438
   0.136      2.092655
   0.142      2.089623
   0.147      2.086337
   0.153      2.082796
   0.158      2.079003
   0.164      2.074957
   0.169      2.070663
   0.174      2.066125
   0.180      2.061348
   0.185      2.056338
   0.191      2.051103
   0.196      2.045649
   0.202      2.039985
   0.207      2.034118
   0.213      2.028057
   0.218      2.021809
   0.224      2.015382
   0.229      2.008785
   0.234      2.002024
   0.240      1.995108
   0.245      1.988043
   0.251      1.980836
   0.256      1.973494
   0.262      1.966024
   0.267      1.958431
   0.273      1.950721
   0.278      1.942901
   0.283      1.934977
   0.289      1.926953
   0.294      1.918835
   0.300      1.910628
   0.305      1.902338
   0.311      1.893970
   0.316      1.885529
   0.322      1.877019
   0.327      1.868445
   0.333      1.859813
   0.338      1.851125
   0.343      1.842388
   0.349      1.833604
   0.354      1.824779
   0.360      1.815916
   0.365      1.807020
   0.371      1.798093
   0.376      1.789141
   0.382      1.780166
   0.387      1.771172
   0.392      1.762162
   0.398      1.753140
   0.403      1.744109
   0.409      1.735072
   0.414      1.726032
   0.420      1.716991
   0.425      1.707953
   0.431      1.698919
   0.436      1.689893
   0.442      1.680878
   0.447      1.671874
   0.452      1.662885
   0.458      1.653913
   0.463      1.644960
   0.469      1.636027
   0.474      1.627117
   0.480      1.618231
   0.485      1.609372
   0.491      1.600540
   0.496      1.591738
   0.502      1.582966
   0.507      1.574227
   0.512      1.565522
   0.518      1.556851
   0.523      1.548216
   0.529      1.539619
   0.534      1.531059
   0.540      1.522540
   0.545      1.514060
   0.551      1.505622
   0.556      1.497226
   0.561      1.488872
   0.567      1.480562
   0.572      1.472297
   0.578      1.464077
   0.583      1.455902
   0.589      1.447773
   0.594      1.439691
   0.600      1.431656
   0.605      1.423669
   0.611      1.415729
   0.616      1.407838
   0.621      1.399996
   0.627      1.392203
   0.632      1.384459
   0.638      1.376765
   0.643      1.369121
   0.649      1.361526
   0.654      1.353982
   0.660      1.346487
   0.665      1.339044
   0.671      1.331650
   0.676      1.324307
   0.681      1.317015
   0.687      1.309773
   0.692      1.302582
   0.698      1.295441
   0.703      1.288351
   0.709      1.281311
   0.714      1.274322
   0.720      1.267382
   0.725      1.260493
   0.730      1.253655
   0.736      1.246866
   0.741      1.240127
   0.747      1.233437
   0.752      1.226797
   0.758      1.220207
   0.763      1.213665
   0.769      1.207173
   0.774      1.200729
   0.780      1.194333
   0.785      1.187986
   0.790      1.181687
   0.796      1.175436
   0.801      1.169233
   0.807      1.163077
   0.812      1.156968
   0.818      1.150905
   0.823      1.144890
   0.829      1.138920
   0.834      1.132997
   0.840      1.127119
   0.845      1.121287
   0.850      1.115500
   0.856      1.109757
   0.861      1.104060
   0.867      1.098406
   0.872      1.092797
   0.878      1.087231
   0.883      1.081709
   0.889      1.076230
   0.894      1.070793
   0.899      1.065399
   0.905      1.060047
   0.910      1.054737
   0.916      1.049468
   0.921      1.044241
   0.927      1.039054
   0.932      1.033908
   0.938      1.028803
   0.943      1.023737
   0.949      1.018711
   0.954      1.013724
   0.959      1.008776
   0.965      1.003867
   0.970      0.998996
   0.976      0.994164
   0.981      0.989369
   0.987      0.984611
   0.992      0.979891
   0.998      0.975207
   1.003      0.970560
   1.008      0.965949
   1.014      0.961374
   1.019      0.956835
   1.025      0.952331
   1.030      0.947862
   1.036      0.943428
   1.041      0.939028
   1.047      0.934662
   1.052      0.930330
   1.058      0.926031
   1.063      0.921766
   1.068      0.917533
   1.074      0.913333
   1.079      0.909166
   1.085      0.905030
   1.090      0.900927
   1.096      0.896855
   1.101      0.892814
   1.107      0.888804
   1.112      0.884824
   1.118      0.880875
   1.123      0.876957
   1.128      0.873068
   1.134      0.869208
   1.139      0.865378
   1.145      0.861577
   1.150      0.857805
   1.156      0.854061
   1.161      0.850345
   1.167      0.846658
   1.172      0.842998
   1.177      0.839366
   1.183      0.835761
   1.188      0.832183
   1.194      0.828632
   1.199      0.825107
   1.205      0.821609
   1.210      0.818136
   1.216      0.814690
   1.221      0.811269
   1.227      0.807873
   1.232      0.804502
   1.237      0.801157
   1.243      0.797835
   1.248      0.794539
   1.254      0.791266
   1.259      0.788018
   1.265      0.784793
   1.270      0.781592
   1.276      0.778414
   1.281      0.775259
   1.287      0.772127
   1.292      0.769018
   1.297      0.765931
   1.303      0.762867
   1.308      0.759825
   1.314      0.756804
   1.319      0.753805
   1.325      0.750828
   1.330      0.747872
   1.336      0.744937
   1.341      0.742023
   1.346      0.739130
   1.352      0.736257
   1.357      0.733405
   1.363      0.730572
   1.368      0.727760
   1.374      0.724967
   1.379      0.722194
   1.385      0.719441
   1.390      0.716706
   1.396      0.713991
   1.401      0.711295
   1.406      0.708617
   1.412      0.705958
   1.417      0.703318
   1.423      0.700695
   1.428      0.698091
   1.434      0.695504
   1.439      0.692936
   1.445      0.690385
   1.450      0.687851
   1.456      0.685335
   1.461      0.682835
   1.466      0.680353
   1.472      0.677887
   1.477      0.675439
   1.483      0.673006
   1.488      0.670590
   1.494      0.668191
   1.499      0.665807
   1.505      0.663439
   1.510      0.661087
   1.515      0.658751
   1.521      0.656430
   1.526      0.654125
   1.532      0.651835
   1.537      0.649560
   1.543      0.647300
   1.548      0.645054
   1.554      0.642824
   1.559      0.640608
   1.565      0.638407
   1.570      0.636220
   1.575      0.634047
   1.581      0.631888
   1.586      0.629743
   1.592      0.627612
   1.597      0.625495
   1.603      0.623391
   1.608      0.621301
   1.614      0.619224
   1.619      0.617160
   1.624      0.615110
   1.630      0.613072
   1.635      0.611048
   1.641      0.609036
   1.646      0.607037
   1.652      0.605050
   1.657      0.603076
   1.663      0.601115
   1.668      0.599165
   1.674      0.597228
   1.679      0.595303
   1.684      0.593390
   1.690      0.591488
   1.695      0.589599
   1.701      0.587721
   1.706      0.585854
   1.712      0.584000
   1.717      0.582156
   1.723      0.580324
   1.728      0.578502
   1.734      0.576692
   1.739      0.574893
   1.744      0.573105
   1.750      0.571328
   1.755      0.569561
   1.761      0.567805
   1.766      0.566059
   1.772      0.564324
   1.777      0.562599
   1.783      0.560885
   1.788      0.559180
   1.793      0.557486
   1.799      0.555802
   1.804      0.554128
   1.810      0.552463
   1.815      0.550809
   1.821      0.549164
   1.826      0.547528
   1.832      0.545903
   1.837      0.544286
   1.843      0.542679
   1.848      0.541082
   1.853      0.539493
   1.859      0.537914
   1.864      0.536344
   1.870      0.534783
   1.875      0.533231
   1.881      0.531687
   1.886      0.530153
   1.892      0.528627
   1.897      0.527110
   1.903      0.525601
   1.908      0.524101
   1.913      0.522609
   1.919      0.521126
   1.924      0.519651
   1.930      0.518184
   1.935      0.516726
   1.941      0.515275
   1.946      0.513833
   1.952      0.512399
   1.957      0.510972
   1.962      0.509553
   1.968      0.508143
   1.973      0.506740
   1.979      0.505344
   1.984      0.503956
   1.990      0.502576
   1.995      0.501203
   2.001      0.499838
   2.006      0.498480
   2.012      0.497130
   2.017      0.495786
   2.022      0.494450
   2.028      0.493121
   2.033      0.491800
   2.039      0.490485
   2.044      0.489177
   2.050      0.487876
   2.055      0.486582
   2.061      0.485295
   2.066      0.484015
   2.072      0.482741
   2.077      0.481474
   2.082      0.480214
   2.088      0.478960
   2.093      0.477713
   2.099      0.476472
   2.104      0.475237
   2.110      0.474010
   2.115      0.472788
   2.121      0.471572
   2.126      0.470363
   2.131      0.469160
   2.137      0.467963
   2.142      0.466773
   2.148      0.465588
   2.153      0.464409
   2.159      0.463237
   2.164      0.462070
   2.170      0.460909
