   0.000      2.064264
   0.005      2.064233
   0.011      2.064140
   0.016      2.063985
   0.022      2.063767
   0.027      2.063487
   0.033      2.063144
   0.038      2.062738
   0.044      2.062267
   0.049      2.061732
   0.055      2.061131
   0.060      2.060464
   0.065      2.059729
   0.071      2.058926
   0.076      2.058053
   0.082      2.057109
   0.087      2.056094
   0.093      2.055004
   0.098      2.053839
   0.104      2.052597
   0.109      2.051276
   0.114      2.049875
   0.120      2.048391
   0.125      2.046822
   0.131      2.045166
   0.136      2.043421
   0.142      2.041585
   0.147      2.039654
   0.153      2.037627
   0.158      2.035500
   0.164      2.033271
   0.169      2.030938
   0.174      2.028496
   0.180      2.025945
   0.185      2.023280
   0.191      2.020499
   0.196      2.017599
   0.202      2.014578
   0.207      2.011431
   0.213      2.008156
   0.218      2.004752
   0.224      2.001214
   0.229      1.997541
   0.234      1.993729
   0.240      1.989777
   0.245      1.985683
   0.251      1.981444
   0.256      1.977059
   0.262      1.972527
   0.267      1.967845
   0.273      1.963013
   0.278      1.958030
   0.283      1.952896
   0.289      1.947609
   0.294      1.942172
   0.300      1.936583
   0.305      1.930843
   0.311      1.924954
   0.316      1.918917
   0.322      1.912733
   0.327      1.906405
   0.333      1.899934
   0.338      1.893324
   0.343      1.886577
   0.349      1.879696
   0.354      1.872684
   0.360      1.865546
   0.365      1.858284
   0.371      1.850904
   0.376      1.843408
   0.382      1.835802
   0.387      1.828089
   0.392      1.820275
   0.398      1.812363
   0.403      1.804359
   0.409      1.796267
   0.414      1.788092
   0.420      1.779839
   0.425      1.771511
   0.431      1.763116
   0.436      1.754655
   0.442      1.746136
   0.447      1.737561
   0.452      1.728936
   0.458      1.720265
   0.463      1.711552
   0.469      1.702802
   0.474      1.694018
   0.480      1.685205
   0.485      1.676367
   0.491      1.667508
   0.496      1.658631
   0.502      1.649740
   0.507      1.640838
   0.512      1.631930
   0.518      1.623017
   0.523      1.614104
   0.529      1.605194
   0.534      1.596289
   0.540      1.587392
   0.545      1.578506
   0.551      1.569633
   0.556      1.560777
   0.561      1.551940
   0.567      1.543123
   0.572      1.534329
   0.578      1.525560
   0.583      1.516819
   0.589      1.508106
   0.594      1.499425
   0.600      1.490776
   0.605      1.482162
   0.611      1.473583
   0.616      1.465042
   0.621      1.456539
   0.627      1.448077
   0.632      1.439656
   0.638      1.431277
   0.643      1.422943
   0.649      1.414652
   0.654      1.406408
   0.660      1.398210
   0.665      1.390059
   0.671      1.381957
   0.676      1.373904
   0.681      1.365900
   0.687      1.357946
   0.692      1.350044
   0.698      1.342192
   0.703      1.334393
   0.709      1.326646
   0.714      1.318951
   0.720      1.311310
   0.725      1.303722
   0.730      1.296187
   0.736      1.288706
   0.741      1.281280
   0.747      1.273907
   0.752      1.266589
   0.758      1.259326
   0.763      1.252116
   0.769      1.244962
   0.774      1.237862
   0.780      1.230817
   0.785      1.223826
   0.790      1.216889
   0.796      1.210008
   0.801      1.203180
   0.807      1.196407
   0.812      1.189688
   0.818      1.183022
   0.823      1.176411
   0.829      1.169853
   0.834      1.163348
   0.840      1.156897
   0.845      1.150498
   0.850      1.144153
   0.856      1.137859
   0.861      1.131618
   0.867      1.125429
   0.872      1.119291
   0.878      1.113205
   0.883      1.107170
   0.889      1.101185
   0.894      1.095251
   0.899      1.089367
   0.905      1.083533
   0.910      1.077748
   0.916      1.072012
   0.921      1.066325
   0.927      1.060686
   0.932      1.055096
   0.938      1.049553
   0.943      1.044057
   0.949      1.038608
   0.954      1.033205
   0.959      1.027849
   0.965      1.022539
   0.970      1.017274
   0.976      1.012054
   0.981      1.006879
   0.987      1.001748
   0.992      0.996661
   0.998      0.991617
   1.003      0.986617
   1.008      0.981659
   1.014      0.976744
   1.019      0.971870
   1.025      0.967039
   1.030      0.962248
   1.036      0.957499
   1.041      0.952789
   1.047      0.948120
   1.052      0.943491
   1.058      0.938901
   1.063      0.934350
   1.068      0.929837
   1.074      0.925363
   1.079      0.920927
   1.085      0.916528
   1.090      0.912166
   1.096      0.907841
   1.101      0.903552
   1.107      0.899300
   1.112      0.895083
   1.118      0.890901
   1.123      0.886754
   1.128      0.882642
   1.134      0.878565
   1.139      0.874521
   1.145      0.870511
   1.150      0.866534
   1.156      0.862590
   1.161      0.858678
   1.167      0.854799
   1.172      0.850952
   1.177      0.847136
   1.183      0.843352
   1.188      0.839598
   1.194      0.835876
   1.199      0.832183
   1.205      0.828521
   1.210      0.824888
   1.216      0.821285
   1.221      0.817710
   1.227      0.814165
   1.232      0.810648
   1.237      0.807159
   1.243      0.803699
   1.248      0.800265
   1.254      0.796860
   1.259      0.793481
   1.265      0.790129
   1.270      0.786804
   1.276      0.783504
   1.281      0.780231
   1.287      0.776984
   1.292      0.773762
   1.297      0.770565
   1.303      0.767393
   1.308      0.764246
   1.314      0.761123
   1.319      0.758024
   1.325      0.754949
   1.330      0.751898
   1.336      0.748870
   1.341      0.745865
   1.346      0.742884
   1.352      0.739925
   1.357      0.736988
   1.363      0.734074
   1.368      0.731182
   1.374      0.728311
   1.379      0.725463
   1.385      0.722635
   1.390      0.719829
   1.396      0.717043
   1.401      0.714278
   1.406      0.711534
   1.412      0.708810
   1.417      0.706106
   1.423      0.703422
   1.428      0.700758
   1.434      0.698113
   1.439      0.695487
   1.445      0.692881
   1.450      0.690293
   1.456      0.687724
   1.461      0.685174
   1.466      0.682642
   1.472      0.680128
   1.477      0.677632
   1.483      0.675154
   1.488      0.672693
   1.494      0.670250
   1.499      0.667824
   1.505      0.665415
   1.510      0.663024
   1.515      0.660649
   1.521      0.658290
   1.526      0.655948
   1.532      0.653622
   1.537      0.651313
   1.543      0.649019
   1.548      0.646741
   1.554      0.644479
   1.559      0.642232
   1.565      0.640001
   1.570      0.637785
   1.575      0.635583
   1.581      0.633397
   1.586      0.631226
   1.592      0.629069
   1.597      0.626926
   1.603      0.624798
   1.608      0.622685
   1.614      0.620585
   1.619      0.618499
   1.624      0.616427
   1.630      0.614369
   1.635      0.612324
   1.641      0.610292
   1.646      0.608274
   1.652      0.606269
   1.657      0.604277
   1.663      0.602299
   1.668      0.600332
   1.674      0.598379
   1.679      0.596438
   1.684      0.594509
   1.690      0.592593
   1.695      0.590689
   1.701      0.588798
   1.706      0.586918
   1.712      0.585050
   1.717      0.583194
   1.723      0.581349
   1.728      0.579516
   1.734      0.577695
   1.739      0.575885
   1.744      0.574086
   1.750      0.572298
   1.755      0.570521
   1.761      0.568756
   1.766      0.567001
   1.772      0.565257
   1.777      0.563523
   1.783      0.561800
   1.788      0.560088
   1.793      0.558386
   1.799      0.556694
   1.804      0.555012
   1.810      0.553341
   1.815      0.551679
   1.821      0.550028
   1.826      0.548386
   1.832      0.546754
   1.837      0.545132
   1.843      0.543519
   1.848      0.541916
   1.853      0.540322
   1.859      0.538738
   1.864      0.537163
   1.870      0.535597
   1.875      0.534040
   1.881      0.532492
   1.886      0.530953
   1.892      0.529423
   1.897      0.527901
   1.903      0.526389
   1.908      0.524885
   1.913      0.523389
   1.919      0.521902
   1.924      0.520424
   1.930      0.518954
   1.935      0.517492
   1.941      0.516038
   1.946      0.514593
   1.952      0.513156
   1.957      0.511726
   1.962      0.510305
   1.968      0.508891
   1.973      0.507485
   1.979      0.506087
   1.984      0.504697
   1.990      0.503314
   1.995      0.501939
   2.001      0.500571
   2.006      0.499211
   2.012      0.497858
   2.017      0.496513
   2.022      0.495174
   2.028      0.493843
   2.033      0.492519
   2.039      0.491202
   2.044      0.489892
   2.050      0.488590
   2.055      0.487294
   2.061      0.486004
   2.066      0.484722
   2.072      0.483447
   2.077      0.482178
   2.082      0.480915
   2.088      0.479660
   2.093      0.478411
   2.099      0.477168
   2.104      0.475932
   2.110      0.474702
   2.115      0.473479
   2.121      0.472261
   2.126      0.471050
   2.131      0.469846
   2.137      0.468647
   2.142      0.467455
   2.148      0.466268
   2.153      0.465088
   2.159      0.463913
   2.164      0.462745
   2.170      0.461582
