   0.004     -7.186514
   0.008     -7.186198
   0.012     -7.185882
   0.016     -7.185325
   0.020     -7.184497
   0.025     -7.183432
   0.029     -7.182148
   0.033     -7.180657
   0.037     -7.178971
   0.041     -7.177098
   0.045     -7.175044
   0.049     -7.172811
   0.053     -7.170402
   0.057     -7.167814
   0.061     -7.165046
   0.066     -7.162095
   0.070     -7.158955
   0.074     -7.155620
   0.078     -7.152086
   0.082     -7.148344
   0.086     -7.144389
   0.090     -7.140213
   0.094     -7.135810
   0.098     -7.131174
   0.102     -7.126297
   0.107     -7.121175
   0.111     -7.115800
   0.115     -7.110168
   0.119     -7.104272
   0.123     -7.098108
   0.127     -7.091670
   0.131     -7.084953
   0.135     -7.077952
   0.139     -7.070662
   0.143     -7.063080
   0.148     -7.055199
   0.152     -7.047016
   0.156     -7.038525
   0.160     -7.029723
   0.164     -7.020604
   0.168     -7.011164
   0.172     -7.001398
   0.176     -6.991302
   0.180     -6.980870
   0.184     -6.970099
   0.189     -6.958983
   0.193     -6.947518
   0.197     -6.935699
   0.201     -6.923522
   0.205     -6.910981
   0.209     -6.898073
   0.213     -6.884792
   0.217     -6.871135
   0.221     -6.857098
   0.225     -6.842675
   0.230     -6.827864
   0.234     -6.812661
   0.238     -6.797063
   0.242     -6.781066
   0.246     -6.764667
   0.250     -6.747864
   0.254     -6.730655
   0.258     -6.713037
   0.262     -6.695010
   0.266     -6.676572
   0.271     -6.657723
   0.275     -6.638462
   0.279     -6.618789
   0.283     -6.598705
   0.287     -6.578210
   0.291     -6.557307
   0.295     -6.535996
   0.299     -6.514280
   0.303     -6.492161
   0.307     -6.469641
   0.312     -6.446724
   0.316     -6.423414
   0.320     -6.399713
   0.324     -6.375626
   0.328     -6.351157
   0.332     -6.326310
   0.336     -6.301089
   0.340     -6.275500
   0.344     -6.249547
   0.348     -6.223234
   0.353     -6.196567
   0.357     -6.169549
   0.361     -6.142185
   0.365     -6.114480
   0.369     -6.086438
   0.373     -6.058064
   0.377     -6.029361
   0.381     -6.000334
   0.385     -5.970988
   0.389     -5.941327
   0.394     -5.911355
   0.398     -5.881076
   0.402     -5.850496
   0.406     -5.819619
   0.410     -5.788449
   0.414     -5.756991
   0.418     -5.725250
   0.422     -5.693231
   0.426     -5.660937
   0.430     -5.628375
   0.435     -5.595548
   0.439     -5.562462
   0.443     -5.529122
   0.447     -5.495532
   0.451     -5.461696
   0.455     -5.427621
   0.459     -5.393310
   0.463     -5.358769
   0.467     -5.324002
   0.471     -5.289013
   0.476     -5.253808
   0.480     -5.218391
   0.484     -5.182767
   0.488     -5.146941
   0.492     -5.110916
   0.496     -5.074697
   0.500     -5.038289
   0.504     -5.001697
   0.508     -4.964923
   0.512     -4.927974
   0.517     -4.890852
   0.521     -4.853562
   0.525     -4.816109
   0.529     -4.778495
   0.533     -4.740726
   0.537     -4.702805
   0.541     -4.664736
   0.545     -4.626522
   0.549     -4.588167
   0.553     -4.549676
   0.558     -4.511051
   0.562     -4.472296
   0.566     -4.433414
   0.570     -4.394408
   0.574     -4.355283
   0.578     -4.316040
   0.582     -4.276684
   0.586     -4.237217
   0.590     -4.197642
   0.594     -4.157963
   0.599     -4.118181
   0.603     -4.078300
   0.607     -4.038322
   0.611     -3.998250
   0.615     -3.958088
   0.619     -3.917836
   0.623     -3.877499
   0.627     -3.837079
   0.631     -3.796578
   0.635     -3.756000
   0.640     -3.715347
   0.644     -3.674622
   0.648     -3.633829
   0.652     -3.592970
   0.656     -3.552048
   0.660     -3.511068
   0.664     -3.470033
   0.668     -3.428947
   0.672     -3.387813
   0.676     -3.346637
   0.681     -3.305421
   0.685     -3.264171
   0.689     -3.222892
   0.693     -3.181588
   0.697     -3.140265
   0.701     -3.098928
   0.705     -3.057583
   0.709     -3.016234
   0.713     -2.974889
   0.717     -2.933553
   0.722     -2.892232
   0.726     -2.850933
   0.730     -2.809663
   0.734     -2.768428
   0.738     -2.727234
   0.742     -2.686090
   0.746     -2.645001
   0.750     -2.603976
   0.754     -2.563020
   0.758     -2.522142
   0.763     -2.481349
   0.767     -2.440649
   0.771     -2.400048
   0.775     -2.359554
   0.779     -2.319174
   0.783     -2.278916
   0.787     -2.238788
   0.791     -2.198795
   0.795     -2.158946
   0.799     -2.119248
   0.804     -2.079708
   0.808     -2.040333
   0.812     -2.001129
   0.816     -1.962103
   0.820     -1.923263
   0.824     -1.884613
   0.828     -1.846161
   0.832     -1.807913
   0.836     -1.769875
   0.840     -1.732052
   0.845     -1.694450
   0.849     -1.657075
   0.853     -1.619931
   0.857     -1.583024
   0.861     -1.546359
   0.865     -1.509939
   0.869     -1.473770
   0.873     -1.437857
   0.877     -1.402201
   0.881     -1.366809
   0.886     -1.331683
   0.890     -1.296826
   0.894     -1.262242
   0.898     -1.227934
   0.902     -1.193905
   0.906     -1.160157
   0.910     -1.126692
   0.914     -1.093514
   0.918     -1.060624
   0.922     -1.028023
   0.927     -0.995715
   0.931     -0.963699
   0.935     -0.931978
   0.939     -0.900553
   0.943     -0.869424
   0.947     -0.838594
   0.951     -0.808062
   0.955     -0.777829
   0.959     -0.747896
   0.963     -0.718264
   0.968     -0.688931
   0.972     -0.659900
   0.976     -0.631169
   0.980     -0.602738
   0.984     -0.574608
   0.988     -0.546778
   0.992     -0.519247
   0.996     -0.492016
   1.000     -0.465084
   1.004     -0.438450
   1.009     -0.412113
   1.013     -0.386073
   1.017     -0.360329
   1.021     -0.334880
   1.025     -0.309725
   1.029     -0.284863
   1.033     -0.260293
   1.037     -0.236013
   1.041     -0.212023
   1.045     -0.188321
   1.050     -0.164907
   1.054     -0.141778
   1.058     -0.118933
   1.062     -0.096372
   1.066     -0.074092
   1.070     -0.052092
   1.074     -0.030370
   1.078     -0.008926
   1.082      0.012243
   1.086      0.033138
   1.091      0.053761
   1.095      0.074114
   1.099      0.094197
   1.103      0.114013
   1.107      0.133564
   1.111      0.152851
   1.115      0.171875
   1.119      0.190640
   1.123      0.209146
   1.127      0.227395
   1.132      0.245389
   1.136      0.263130
   1.140      0.280620
   1.144      0.297860
   1.148      0.314852
   1.152      0.331599
   1.156      0.348102
   1.160      0.364363
   1.164      0.380384
   1.168      0.396166
   1.173      0.411712
   1.177      0.427023
   1.181      0.442102
   1.185      0.456950
   1.189      0.471569
   1.193      0.485961
   1.197      0.500128
   1.201      0.514072
   1.205      0.527795
   1.209      0.541298
   1.214      0.554584
   1.218      0.567654
   1.222      0.580511
   1.226      0.593155
   1.230      0.605590
   1.234      0.617817
   1.238      0.629838
   1.242      0.641654
   1.246      0.653269
   1.250      0.664682
   1.255      0.675897
   1.259      0.686916
   1.263      0.697739
   1.267      0.708369
   1.271      0.718809
   1.275      0.729058
   1.279      0.739120
   1.283      0.748997
   1.287      0.758689
   1.291      0.768200
   1.296      0.777530
   1.300      0.786682
   1.304      0.795657
   1.308      0.804457
   1.312      0.813083
   1.316      0.821539
   1.320      0.829824
   1.324      0.837942
   1.328      0.845894
   1.332      0.853681
   1.337      0.861305
   1.341      0.868769
   1.345      0.876073
   1.349      0.883219
   1.353      0.890209
   1.357      0.897045
   1.361      0.903729
   1.365      0.910261
   1.369      0.916644
   1.373      0.922879
   1.378      0.928968
   1.382      0.934913
   1.386      0.940714
   1.390      0.946374
   1.394      0.951895
   1.398      0.957277
   1.402      0.962522
   1.406      0.967633
   1.410      0.972609
   1.414      0.977454
   1.419      0.982168
   1.423      0.986753
   1.427      0.991211
   1.431      0.995542
   1.435      0.999748
   1.439      1.003832
   1.443      1.007793
   1.447      1.011635
   1.451      1.015357
   1.455      1.018962
   1.460      1.022451
   1.464      1.025825
   1.468      1.029085
   1.472      1.032234
   1.476      1.035272
   1.480      1.038201
   1.484      1.041021
   1.488      1.043735
   1.492      1.046344
   1.496      1.048849
   1.501      1.051251
   1.505      1.053551
   1.509      1.055752
   1.513      1.057853
   1.517      1.059857
   1.521      1.061764
   1.525      1.063576
   1.529      1.065294
   1.533      1.066919
   1.537      1.068452
   1.542      1.069895
   1.546      1.071249
   1.550      1.072514
   1.554      1.073693
   1.558      1.074785
   1.562      1.075793
   1.566      1.076717
   1.570      1.077559
   1.574      1.078320
   1.578      1.079000
   1.583      1.079601
   1.587      1.080123
   1.591      1.080569
   1.595      1.080938
   1.599      1.081233
   1.603      1.081453
   1.607      1.081601
   1.611      1.081676
   1.615      1.081680
   1.619      1.081615
   1.624      1.081480
   1.628      1.081278
   1.632      1.081008
   1.636      1.080673
   1.640      1.080272
   1.644      1.079806
   1.648      1.079278
   1.652      1.078687
   1.656      1.078034
   1.660      1.077321
   1.665      1.076548
   1.669      1.075717
   1.673      1.074827
   1.677      1.073880
   1.681      1.072877
   1.685      1.071819
   1.689      1.070706
   1.693      1.069539
   1.697      1.068319
   1.701      1.067047
   1.706      1.065724
   1.710      1.064350
   1.714      1.062927
   1.718      1.061454
   1.722      1.059934
   1.726      1.058366
   1.730      1.056751
   1.734      1.055090
   1.738      1.053384
   1.742      1.051633
   1.747      1.049839
   1.751      1.048002
   1.755      1.046122
   1.759      1.044201
   1.763      1.042239
   1.767      1.040236
   1.771      1.038194
   1.775      1.036114
   1.779      1.033994
   1.783      1.031838
   1.788      1.029644
   1.792      1.027414
   1.796      1.025148
   1.800      1.022847
   1.804      1.020512
   1.808      1.018143
   1.812      1.015741
   1.816      1.013306
   1.820      1.010840
   1.824      1.008342
   1.829      1.005813
   1.833      1.003253
   1.837      1.000664
   1.841      0.998046
   1.845      0.995400
   1.849      0.992725
   1.853      0.990023
   1.857      0.987293
   1.861      0.984538
   1.865      0.981756
   1.870      0.978949
   1.874      0.976117
   1.878      0.973261
   1.882      0.970381
   1.886      0.967478
   1.890      0.964551
   1.894      0.961603
   1.898      0.958632
   1.902      0.955641
   1.906      0.952628
   1.911      0.949594
   1.915      0.946541
   1.919      0.943468
   1.923      0.940376
   1.927      0.937266
   1.931      0.934137
   1.935      0.930990
   1.939      0.927826
   1.943      0.924645
   1.947      0.921448
   1.952      0.918234
   1.956      0.915004
   1.960      0.911760
   1.964      0.908500
   1.968      0.905226
   1.972      0.901938
   1.976      0.898636
   1.980      0.895320
   1.984      0.891992
   1.988      0.888651
   1.993      0.885297
   1.997      0.881932
   2.001      0.878555
   2.005      0.875167
   2.009      0.871768
   2.013      0.868359
   2.017      0.864940
   2.021      0.861510
   2.025      0.858071
   2.029      0.854623
   2.034      0.851167
   2.038      0.847701
   2.042      0.844228
   2.046      0.840746
   2.050      0.837257
   2.054      0.833761
   2.058      0.830257
   2.062      0.826747
   2.066      0.823231
   2.070      0.819708
   2.075      0.816180
   2.079      0.812646
   2.083      0.809107
   2.087      0.805563
   2.091      0.802014
   2.095      0.798460
   2.099      0.794903
   2.103      0.791341
   2.107      0.787776
   2.111      0.784207
   2.116      0.780636
   2.120      0.777061
   2.124      0.773484
   2.128      0.769904
   2.132      0.766322
   2.136      0.762738
   2.140      0.759152
   2.144      0.755565
   2.148      0.751976
   2.152      0.748387
   2.157      0.744796
   2.161      0.741205
   2.165      0.737614
   2.169      0.734022
   2.173      0.730430
   2.177      0.726839
   2.181      0.723248
   2.185      0.719658
   2.189      0.716068
   2.193      0.712479
   2.198      0.708892
   2.202      0.705306
   2.206      0.701722
   2.210      0.698139
   2.214      0.694558
   2.218      0.690980
   2.222      0.687403
   2.226      0.683829
   2.230      0.680258
   2.234      0.676690
   2.239      0.673124
   2.243      0.669562
   2.247      0.666003
   2.251      0.662447
   2.255      0.658895
   2.259      0.655347
   2.263      0.651802
   2.267      0.648262
   2.271      0.644726
   2.275      0.641194
   2.280      0.637667
   2.284      0.634144
   2.288      0.630627
   2.292      0.627114
   2.296      0.623606
   2.300      0.620103
   2.304      0.616606
   2.308      0.613114
   2.312      0.609628
   2.316      0.606147
   2.321      0.602672
   2.325      0.599203
   2.329      0.595740
   2.333      0.592284
   2.337      0.588833
   2.341      0.585389
   2.345      0.581952
   2.349      0.578521
   2.353      0.575097
   2.357      0.571680
   2.362      0.568269
   2.366      0.564866
   2.370      0.561470
   2.374      0.558081
   2.378      0.554700
   2.382      0.551326
   2.386      0.547959
   2.390      0.544600
   2.394      0.541249
   2.398      0.537906
   2.403      0.534570
   2.407      0.531243
   2.411      0.527923
   2.415      0.524612
   2.419      0.521309
   2.423      0.518014
   2.427      0.514728
   2.431      0.511450
   2.435      0.508181
   2.439      0.504920
   2.444      0.501668
   2.448      0.498425
   2.452      0.495190
   2.456      0.491965
   2.460      0.488748
   2.464      0.485541
   2.468      0.482343
   2.472      0.479154
   2.476      0.475974
   2.480      0.472803
   2.485      0.469642
   2.489      0.466490
   2.493      0.463348
   2.497      0.460215
   2.501      0.457092
   2.505      0.453979
   2.509      0.450875
   2.513      0.447781
   2.517      0.444697
   2.521      0.441622
   2.526      0.438558
   2.530      0.435504
   2.534      0.432459
   2.538      0.429425
   2.542      0.426401
   2.546      0.423386
   2.550      0.420382
   2.554      0.417389
   2.558      0.414405
   2.562      0.411432
   2.567      0.408469
   2.571      0.405517
   2.575      0.402575
   2.579      0.399643
   2.583      0.396722
   2.587      0.393812
   2.591      0.390912
   2.595      0.388023
   2.599      0.385144
   2.603      0.382276
   2.608      0.379419
   2.612      0.376572
   2.616      0.373736
   2.620      0.370911
   2.624      0.368097
   2.628      0.365294
   2.632      0.362501
   2.636      0.359719
   2.640      0.356949
   2.644      0.354189
   2.649      0.351440
   2.653      0.348702
   2.657      0.345975
   2.661      0.343259
   2.665      0.340554
   2.669      0.337860
   2.673      0.335178
   2.677      0.332506
   2.681      0.329846
   2.685      0.327196
   2.690      0.324558
   2.694      0.321931
   2.698      0.319315
   2.702      0.316710
   2.706      0.314116
   2.710      0.311534
   2.714      0.308963
   2.718      0.306403
   2.722      0.303854
   2.726      0.301317
   2.731      0.298791
   2.735      0.296276
   2.739      0.293772
   2.743      0.291280
   2.747      0.288799
   2.751      0.286329
   2.755      0.283871
   2.759      0.281424
   2.763      0.278988
   2.767      0.276564
   2.772      0.274150
   2.776      0.271749
   2.780      0.269358
   2.784      0.266979
   2.788      0.264611
   2.792      0.262255
   2.796      0.259910
   2.800      0.257576
   2.804      0.255254
   2.808      0.252943
   2.813      0.250643
   2.817      0.248354
   2.821      0.246077
   2.825      0.243812
   2.829      0.241557
   2.833      0.239314
   2.837      0.237083
   2.841      0.234863
   2.845      0.232654
   2.849      0.230456
   2.854      0.228270
   2.858      0.226095
   2.862      0.223931
   2.866      0.221779
   2.870      0.219637
   2.874      0.217508
   2.878      0.215389
   2.882      0.213282
   2.886      0.211186
   2.890      0.209102
   2.895      0.207028
   2.899      0.204966
   2.903      0.202915
   2.907      0.200876
   2.911      0.198847
   2.915      0.196830
   2.919      0.194824
   2.923      0.192830
   2.927      0.190846
   2.931      0.188874
   2.936      0.186913
   2.940      0.184963
   2.944      0.183024
   2.948      0.181096
   2.952      0.179180
   2.956      0.177274
   2.960      0.175380
   2.964      0.173497
   2.968      0.171625
   2.972      0.169764
   2.977      0.167914
   2.981      0.166075
   2.985      0.164248
   2.989      0.162431
   2.993      0.160625
   2.997      0.158830
   3.001      0.157047
   3.005      0.155274
   3.009      0.153512
   3.013      0.151762
   3.018      0.150022
   3.022      0.148293
   3.026      0.146575
   3.030      0.144868
   3.034      0.143172
   3.038      0.141486
   3.042      0.139812
   3.046      0.138148
   3.050      0.136495
   3.054      0.134853
   3.059      0.133222
   3.063      0.131602
   3.067      0.129992
   3.071      0.128393
   3.075      0.126805
   3.079      0.125228
   3.083      0.123661
   3.087      0.122105
   3.091      0.120560
   3.095      0.119025
   3.100      0.117501
   3.104      0.115988
   3.108      0.114485
   3.112      0.112993
   3.116      0.111511
   3.120      0.110040
   3.124      0.108580
   3.128      0.107130
   3.132      0.105690
   3.136      0.104261
   3.141      0.102843
   3.145      0.101435
   3.149      0.100038
   3.153      0.098650
   3.157      0.097274
   3.161      0.095908
   3.165      0.094552
   3.169      0.093206
   3.173      0.091871
   3.177      0.090546
   3.182      0.089232
   3.186      0.087927
   3.190      0.086633
   3.194      0.085350
   3.198      0.084076
   3.202      0.082813
   3.206      0.081560
   3.210      0.080317
   3.214      0.079085
   3.218      0.077862
   3.223      0.076650
   3.227      0.075448
   3.231      0.074256
   3.235      0.073074
   3.239      0.071902
   3.243      0.070740
   3.247      0.069588
   3.251      0.068446
   3.255      0.067314
   3.259      0.066193
   3.264      0.065081
   3.268      0.063979
   3.272      0.062887
   3.276      0.061805
   3.280      0.060733
   3.284      0.059671
   3.288      0.058618
   3.292      0.057576
   3.296      0.056543
   3.300      0.055521
   3.305      0.054508
   3.309      0.053504
   3.313      0.052511
   3.317      0.051527
   3.321      0.050553
   3.325      0.049589
   3.329      0.048635
   3.333      0.047690
   3.337      0.046755
   3.341      0.045829
   3.346      0.044913
   3.350      0.044007
   3.354      0.043110
   3.358      0.042223
   3.362      0.041346
   3.366      0.040478
   3.370      0.039619
   3.374      0.038770
   3.378      0.037931
   3.382      0.037101
   3.387      0.036281
   3.391      0.035470
   3.395      0.034668
   3.399      0.033876
   3.403      0.033093
   3.407      0.032320
   3.411      0.031556
   3.415      0.030802
   3.419      0.030056
   3.423      0.029321
   3.428      0.028594
   3.432      0.027877
   3.436      0.027169
   3.440      0.026470
   3.444      0.025780
   3.448      0.025100
   3.452      0.024429
   3.456      0.023767
   3.460      0.023114
   3.464      0.022471
   3.469      0.021836
   3.473      0.021211
   3.477      0.020595
   3.481      0.019988
   3.485      0.019390
   3.489      0.018801
   3.493      0.018221
   3.497      0.017650
   3.501      0.017088
   3.505      0.016536
   3.510      0.015992
   3.514      0.015457
   3.518      0.014931
   3.522      0.014414
   3.526      0.013905
   3.530      0.013406
   3.534      0.012916
   3.538      0.012434
   3.542      0.011961
   3.546      0.011497
   3.551      0.011042
   3.555      0.010596
   3.559      0.010158
   3.563      0.009729
   3.567      0.009308
   3.571      0.008897
   3.575      0.008494
   3.579      0.008099
   3.583      0.007713
   3.587      0.007336
   3.592      0.006967
   3.596      0.006607
   3.600      0.006255
   3.604      0.005911
   3.608      0.005576
   3.612      0.005249
   3.616      0.004931
   3.620      0.004621
   3.624      0.004319
   3.628      0.004025
   3.633      0.003739
   3.637      0.003461
   3.641      0.003191
   3.645      0.002929
   3.649      0.002675
   3.653      0.002429
   3.657      0.002190
   3.661      0.001958
   3.665      0.001734
   3.669      0.001517
   3.674      0.001307
   3.678      0.001104
   3.682      0.000907
   3.686      0.000716
   3.690      0.000531
   3.694      0.000350
   3.698      0.000174
   3.702      0.000000
