   0.005     -0.000335
   0.011      0.000168
   0.017      0.000671
   0.022      0.001509
   0.027      0.002681
   0.033      0.004188
   0.038      0.006030
   0.044      0.008204
   0.049      0.010711
   0.055      0.013549
   0.060      0.016718
   0.066      0.020217
   0.071      0.024043
   0.077      0.028197
   0.082      0.032677
   0.088      0.037481
   0.093      0.042607
   0.099      0.048054
   0.104      0.053819
   0.110      0.059902
   0.115      0.066299
   0.121      0.073008
   0.127      0.080028
   0.132      0.087356
   0.137      0.094989
   0.143      0.102924
   0.148      0.111160
   0.154      0.119692
   0.160      0.128519
   0.165      0.137637
   0.170      0.147043
   0.176      0.156734
   0.181      0.166706
   0.187      0.176956
   0.192      0.187481
   0.198      0.198276
   0.203      0.209339
   0.209      0.220665
   0.214      0.232251
   0.220      0.244092
   0.225      0.256184
   0.231      0.268524
   0.236      0.281107
   0.242      0.293929
   0.247      0.306985
   0.253      0.320271
   0.259      0.333782
   0.264      0.347514
   0.269      0.361462
   0.275      0.375621
   0.280      0.389986
   0.286      0.404553
   0.291      0.419316
   0.297      0.434271
   0.302      0.449412
   0.308      0.464734
   0.314      0.480232
   0.319      0.495901
   0.324      0.511735
   0.330      0.527729
   0.335      0.543877
   0.341      0.560174
   0.346      0.576614
   0.352      0.593193
   0.357      0.609903
   0.363      0.626740
   0.368      0.643697
   0.374      0.660770
   0.380      0.677952
   0.385      0.695237
   0.390      0.712620
   0.396      0.730095
   0.401      0.747655
   0.407      0.765296
   0.412      0.783010
   0.418      0.800793
   0.423      0.818637
   0.429      0.836538
   0.434      0.854489
   0.440      0.872485
   0.445      0.890518
   0.451      0.908584
   0.456      0.926676
   0.462      0.944789
   0.467      0.962916
   0.473      0.981051
   0.478      0.999189
   0.484      1.017323
   0.489      1.035448
   0.495      1.053557
   0.500      1.071645
   0.506      1.089707
   0.511      1.107735
   0.517      1.125725
   0.522      1.143670
   0.528      1.161565
   0.533      1.179405
   0.539      1.197183
   0.544      1.214894
   0.550      1.232532
   0.555      1.250092
   0.561      1.267568
   0.567      1.284956
   0.572      1.302249
   0.578      1.319442
   0.583      1.336530
   0.588      1.353508
   0.594      1.370371
   0.599      1.387114
   0.605      1.403731
   0.610      1.420218
   0.616      1.436570
   0.621      1.452782
   0.627      1.468850
   0.632      1.484768
   0.638      1.500532
   0.643      1.516139
   0.649      1.531582
   0.654      1.546859
   0.660      1.561965
   0.665      1.576895
   0.671      1.591647
   0.676      1.606215
   0.682      1.620595
   0.688      1.634786
   0.693      1.648781
   0.699      1.662579
   0.704      1.676175
   0.709      1.689566
   0.715      1.702749
   0.720      1.715721
   0.726      1.728478
   0.731      1.741018
   0.737      1.753337
   0.742      1.765434
   0.748      1.777305
   0.753      1.788948
   0.759      1.800360
   0.764      1.811540
   0.770      1.822484
   0.775      1.833191
   0.781      1.843658
   0.786      1.853884
   0.792      1.863868
   0.797      1.873606
   0.803      1.883099
   0.808      1.892344
   0.814      1.901339
   0.820      1.910085
   0.825      1.918579
   0.830      1.926820
   0.836      1.934808
   0.841      1.942542
   0.847      1.950021
   0.852      1.957244
   0.858      1.964212
   0.863      1.970923
   0.869      1.977377
   0.874      1.983575
   0.880      1.989515
   0.885      1.995199
   0.891      2.000626
   0.896      2.005796
   0.902      2.010711
   0.907      2.015369
   0.913      2.019772
   0.918      2.023921
   0.924      2.027815
   0.929      2.031456
   0.935      2.034846
   0.940      2.037984
   0.946      2.040871
   0.951      2.043510
   0.957      2.045901
   0.962      2.048046
   0.968      2.049945
   0.973      2.051601
   0.979      2.053015
   0.984      2.054189
   0.990      2.055124
   0.995      2.055823
   1.001      2.056287
   1.006      2.056518
   1.012      2.056518
   1.017      2.056289
   1.023      2.055833
   1.028      2.055153
   1.034      2.054251
   1.039      2.053129
   1.045      2.051790
   1.050      2.050236
   1.056      2.048469
   1.061      2.046492
   1.067      2.044308
   1.073      2.041919
   1.078      2.039328
   1.083      2.036538
   1.089      2.033551
   1.095      2.030371
   1.100      2.027000
   1.105      2.023441
   1.111      2.019697
   1.116      2.015771
   1.122      2.011666
   1.127      2.007384
   1.133      2.002930
   1.138      1.998306
   1.144      1.993515
   1.149      1.988560
   1.155      1.983444
   1.160      1.978171
   1.166      1.972743
   1.171      1.967164
   1.177      1.961437
   1.182      1.955565
   1.188      1.949551
   1.194      1.943399
   1.199      1.937111
   1.204      1.930692
   1.210      1.924143
   1.216      1.917468
   1.221      1.910671
   1.226      1.903755
   1.232      1.896722
   1.237      1.889576
   1.243      1.882321
   1.248      1.874958
   1.254      1.867492
   1.259      1.859925
   1.265      1.852261
   1.270      1.844503
   1.276      1.836653
   1.281      1.828715
   1.287      1.820692
   1.292      1.812587
   1.298      1.804403
   1.303      1.796142
   1.309      1.787808
   1.315      1.779404
   1.320      1.770933
   1.325      1.762396
   1.331      1.753798
   1.337      1.745141
   1.342      1.736428
   1.347      1.727662
   1.353      1.718844
   1.358      1.709979
   1.364      1.701068
   1.369      1.692115
   1.375      1.683121
   1.380      1.674089
   1.386      1.665022
   1.391      1.655923
   1.397      1.646793
   1.402      1.637636
   1.408      1.628453
   1.413      1.619247
   1.419      1.610020
   1.424      1.600774
   1.430      1.591512
   1.435      1.582235
   1.441      1.572947
   1.446      1.563648
   1.452      1.554342
   1.458      1.545029
   1.463      1.535712
   1.468      1.526394
   1.474      1.517075
   1.479      1.507758
   1.485      1.498444
   1.490      1.489136
   1.496      1.479835
   1.501      1.470542
   1.507      1.461260
   1.512      1.451989
   1.518      1.442733
   1.523      1.433491
   1.529      1.424266
   1.534      1.415059
   1.540      1.405872
   1.545      1.396706
   1.551      1.387561
   1.556      1.378441
   1.562      1.369345
   1.567      1.360275
   1.573      1.351233
   1.579      1.342218
   1.584      1.333234
   1.589      1.324280
   1.595      1.315358
   1.600      1.306468
   1.606      1.297612
   1.611      1.288791
   1.617      1.280006
   1.622      1.271257
   1.628      1.262545
   1.633      1.253871
   1.639      1.245236
   1.644      1.236641
   1.650      1.228087
   1.655      1.219573
   1.661      1.211101
   1.666      1.202672
   1.672      1.194286
   1.677      1.185943
   1.683      1.177644
   1.688      1.169390
   1.694      1.161181
   1.700      1.153018
   1.705      1.144901
   1.710      1.136830
   1.716      1.128806
   1.721      1.120830
   1.727      1.112901
   1.732      1.105019
   1.738      1.097186
   1.743      1.089402
   1.749      1.081666
   1.754      1.073979
   1.760      1.066341
   1.765      1.058752
   1.771      1.051213
   1.776      1.043723
   1.782      1.036283
   1.787      1.028893
   1.793      1.021553
   1.798      1.014263
   1.804      1.007023
   1.809      0.999833
   1.815      0.992693
   1.820      0.985603
   1.826      0.978563
   1.831      0.971573
   1.837      0.964633
   1.842      0.957743
   1.848      0.950903
   1.853      0.944113
   1.859      0.937372
   1.864      0.930681
   1.870      0.924039
   1.875      0.917447
   1.881      0.910903
   1.886      0.904409
   1.892      0.897963
   1.897      0.891566
   1.903      0.885218
   1.908      0.878917
   1.914      0.872665
   1.919      0.866460
   1.925      0.860303
   1.930      0.854193
   1.936      0.848131
   1.941      0.842115
   1.947      0.836146
   1.952      0.830223
   1.958      0.824346
   1.963      0.818514
   1.969      0.812729
   1.974      0.806988
   1.980      0.801292
   1.985      0.795641
   1.991      0.790034
   1.996      0.784471
   2.002      0.778952
   2.007      0.773476
   2.013      0.768043
   2.018      0.762653
   2.024      0.757305
   2.030      0.751999
   2.035      0.746735
   2.040      0.741512
   2.046      0.736331
   2.051      0.731190
   2.057      0.726089
   2.062      0.721029
   2.068      0.716008
   2.073      0.711026
   2.079      0.706083
   2.084      0.701179
   2.090      0.696314
   2.095      0.691486
   2.101      0.686696
   2.107      0.681943
   2.112      0.677227
   2.117      0.672548
   2.123      0.667905
   2.128      0.663298
   2.134      0.658726
   2.139      0.654190
   2.145      0.649688
   2.151      0.645221
   2.156      0.640789
   2.161      0.636390
   2.167      0.632024
   2.172      0.627692
   2.178      0.623393
   2.183      0.619127
   2.189      0.614892
   2.194      0.610690
   2.200      0.606519
   2.205      0.602379
   2.211      0.598271
   2.216      0.594193
   2.222      0.590145
   2.228      0.586128
   2.233      0.582140
   2.238      0.578182
   2.244      0.574253
   2.249      0.570353
   2.255      0.566481
   2.260      0.562638
   2.266      0.558823
   2.272      0.555035
   2.277      0.551275
   2.282      0.547543
   2.288      0.543837
   2.293      0.540158
   2.299      0.536505
   2.304      0.532878
   2.310      0.529278
   2.315      0.525703
   2.321      0.522153
   2.326      0.518629
   2.332      0.515129
   2.337      0.511655
   2.343      0.508204
   2.349      0.504778
   2.354      0.501376
   2.359      0.497998
   2.365      0.494644
   2.370      0.491313
   2.376      0.488005
   2.381      0.484720
   2.387      0.481457
   2.393      0.478218
   2.398      0.475000
   2.403      0.471805
   2.409      0.468632
   2.414      0.465481
   2.420      0.462351
   2.425      0.459243
   2.431      0.456156
   2.436      0.453090
   2.442      0.450045
   2.447      0.447020
   2.453      0.444017
   2.458      0.441034
   2.464      0.438071
   2.470      0.435128
   2.475      0.432205
   2.480      0.429302
   2.486      0.426419
   2.491      0.423555
   2.497      0.420711
   2.502      0.417886
   2.508      0.415080
   2.514      0.412292
   2.519      0.409524
   2.524      0.406774
   2.530      0.404043
   2.535      0.401330
   2.541      0.398636
   2.546      0.395959
   2.552      0.393301
   2.557      0.390661
   2.563      0.388038
   2.568      0.385433
   2.574      0.382845
   2.579      0.380274
   2.585      0.377721
   2.591      0.375185
   2.596      0.372666
   2.601      0.370164
   2.607      0.367678
   2.612      0.365209
   2.618      0.362756
   2.623      0.360320
   2.629      0.357900
   2.635      0.355496
   2.640      0.353108
   2.645      0.350736
   2.651      0.348380
   2.656      0.346039
   2.662      0.343714
   2.667      0.341404
   2.673      0.339110
   2.678      0.336830
   2.684      0.334566
   2.689      0.332317
   2.695      0.330082
   2.700      0.327863
   2.706      0.325657
   2.712      0.323467
   2.717      0.321290
   2.722      0.319129
   2.728      0.316981
   2.733      0.314847
   2.739      0.312727
   2.744      0.310622
   2.750      0.308530
   2.756      0.306451
   2.761      0.304386
   2.766      0.302335
   2.772      0.300297
   2.777      0.298272
   2.783      0.296261
   2.788      0.294262
   2.794      0.292277
   2.799      0.290304
   2.805      0.288344
   2.810      0.286397
   2.816      0.284463
   2.821      0.282541
   2.827      0.280631
   2.833      0.278734
   2.838      0.276849
   2.843      0.274976
   2.849      0.273115
   2.854      0.271266
   2.860      0.269429
   2.865      0.267604
   2.871      0.265790
   2.876      0.263988
   2.882      0.262198
   2.887      0.260419
   2.893      0.258651
   2.898      0.256895
   2.904      0.255149
   2.909      0.253415
   2.915      0.251692
   2.920      0.249980
   2.926      0.248279
   2.931      0.246588
   2.937      0.244909
   2.942      0.243239
   2.948      0.241581
   2.954      0.239933
   2.959      0.238295
   2.964      0.236667
   2.970      0.235050
   2.975      0.233443
   2.981      0.231846
   2.986      0.230259
   2.992      0.228682
   2.997      0.227115
   3.003      0.225557
   3.008      0.224010
   3.014      0.222472
   3.019      0.220943
   3.025      0.219424
   3.030      0.217915
   3.036      0.216415
   3.041      0.214924
   3.047      0.213442
   3.052      0.211970
   3.058      0.210506
   3.063      0.209052
   3.069      0.207607
   3.075      0.206170
   3.080      0.204743
   3.085      0.203324
   3.091      0.201914
   3.096      0.200512
   3.102      0.199119
   3.107      0.197735
   3.113      0.196359
   3.118      0.194991
   3.124      0.193632
   3.129      0.192281
   3.135      0.190938
   3.140      0.189604
   3.146      0.188277
   3.151      0.186959
   3.157      0.185648
   3.162      0.184345
   3.168      0.183051
   3.173      0.181764
   3.179      0.180484
   3.184      0.179213
   3.190      0.177949
   3.196      0.176693
   3.201      0.175444
   3.206      0.174202
   3.212      0.172968
   3.217      0.171742
   3.223      0.170522
   3.228      0.169310
   3.234      0.168105
   3.239      0.166908
   3.245      0.165717
   3.250      0.164533
   3.256      0.163357
   3.261      0.162187
   3.267      0.161024
   3.272      0.159868
   3.278      0.158719
   3.283      0.157577
   3.289      0.156441
   3.294      0.155312
   3.300      0.154189
   3.305      0.153073
   3.311      0.151964
   3.317      0.150861
   3.322      0.149764
   3.327      0.148674
   3.333      0.147590
   3.338      0.146512
   3.344      0.145440
   3.349      0.144375
   3.355      0.143316
   3.360      0.142263
   3.366      0.141216
   3.371      0.140175
   3.377      0.139140
   3.382      0.138110
   3.388      0.137087
   3.393      0.136069
   3.399      0.135058
   3.404      0.134052
   3.410      0.133051
   3.415      0.132057
   3.421      0.131068
   3.426      0.130084
   3.432      0.129106
   3.438      0.128134
   3.443      0.127167
   3.448      0.126206
   3.454      0.125249
   3.459      0.124299
   3.465      0.123353
   3.470      0.122413
   3.476      0.121478
   3.481      0.120548
   3.487      0.119623
   3.492      0.118704
   3.498      0.117789
   3.503      0.116880
   3.509      0.115975
   3.514      0.115076
   3.520      0.114181
   3.525      0.113291
   3.531      0.112406
   3.536      0.111526
   3.542      0.110651
   3.547      0.109781
   3.553      0.108915
   3.558      0.108054
   3.564      0.107197
   3.569      0.106346
   3.575      0.105498
   3.580      0.104656
   3.586      0.103818
   3.591      0.102984
   3.597      0.102155
   3.602      0.101330
   3.608      0.100510
   3.613      0.099694
   3.619      0.098882
   3.624      0.098074
   3.630      0.097271
   3.635      0.096472
   3.641      0.095678
   3.646      0.094887
   3.652      0.094101
   3.657      0.093318
   3.663      0.092540
   3.668      0.091766
   3.674      0.090996
   3.679      0.090230
   3.685      0.089467
   3.690      0.088709
   3.696      0.087955
   3.701      0.087204
   3.707      0.086458
   3.712      0.085715
   3.718      0.084976
   3.723      0.084240
   3.729      0.083509
   3.734      0.082781
   3.740      0.082057
   3.745      0.081336
   3.751      0.080620
   3.756      0.079906
   3.762      0.079197
   3.767      0.078491
   3.773      0.077788
   3.778      0.077089
   3.784      0.076393
   3.789      0.075701
   3.795      0.075012
   3.800      0.074327
   3.806      0.073645
   3.811      0.072966
   3.817      0.072291
   3.822      0.071619
   3.828      0.070950
   3.833      0.070285
   3.839      0.069622
   3.844      0.068963
   3.850      0.068307
   3.855      0.067655
   3.861      0.067005
   3.866      0.066359
   3.872      0.065715
   3.877      0.065075
   3.883      0.064437
   3.888      0.063803
   3.894      0.063172
   3.899      0.062543
   3.905      0.061918
   3.910      0.061295
   3.916      0.060676
   3.921      0.060059
   3.927      0.059445
   3.932      0.058834
   3.938      0.058226
   3.943      0.057621
   3.949      0.057018
   3.954      0.056418
   3.960      0.055821
   3.965      0.055227
   3.971      0.054635
   3.976      0.054046
   3.982      0.053460
   3.987      0.052876
   3.993      0.052295
   3.998      0.051716
   4.004      0.051140
   4.010      0.050567
   4.015      0.049996
   4.021      0.049427
   4.026      0.048861
   4.031      0.048298
   4.037      0.047737
   4.042      0.047178
   4.048      0.046622
   4.053      0.046069
   4.059      0.045517
   4.064      0.044968
   4.070      0.044422
   4.075      0.043877
   4.081      0.043335
   4.087      0.042796
   4.092      0.042258
   4.098      0.041723
   4.103      0.041190
   4.108      0.040659
   4.114      0.040131
   4.119      0.039604
   4.125      0.039080
   4.130      0.038558
   4.136      0.038038
   4.141      0.037520
   4.147      0.037004
   4.152      0.036491
   4.158      0.035979
   4.163      0.035470
   4.169      0.034962
   4.175      0.034456
   4.180      0.033953
   4.185      0.033451
   4.191      0.032952
   4.196      0.032454
   4.202      0.031959
   4.207      0.031465
   4.213      0.030973
   4.218      0.030483
   4.224      0.029995
   4.229      0.029508
   4.235      0.029024
   4.240      0.028541
   4.246      0.028060
   4.252      0.027581
   4.257      0.027104
   4.263      0.026629
   4.268      0.026155
   4.273      0.025683
   4.279      0.025212
   4.284      0.024744
   4.290      0.024277
   4.295      0.023812
   4.301      0.023348
   4.306      0.022886
   4.312      0.022426
   4.317      0.021967
   4.323      0.021510
   4.329      0.021054
   4.334      0.020600
   4.340      0.020148
   4.345      0.019697
   4.350      0.019248
   4.356      0.018800
   4.361      0.018353
   4.367      0.017909
   4.372      0.017465
   4.378      0.017023
   4.383      0.016583
   4.389      0.016144
   4.394      0.015706
   4.400      0.015270
   4.405      0.014835
   4.411      0.014401
   4.417      0.013969
   4.422      0.013539
   4.427      0.013109
   4.433      0.012681
   4.438      0.012254
   4.444      0.011829
   4.449      0.011405
   4.455      0.010982
   4.460      0.010560
   4.466      0.010140
   4.471      0.009721
   4.477      0.009303
   4.482      0.008886
   4.488      0.008470
   4.494      0.008056
   4.499      0.007643
   4.505      0.007231
   4.510      0.006820
   4.515      0.006410
   4.521      0.006002
   4.526      0.005594
   4.532      0.005188
   4.537      0.004783
   4.543      0.004378
   4.548      0.003975
   4.554      0.003573
   4.559      0.003172
   4.565      0.002772
   4.571      0.002373
   4.576      0.001975
   4.582      0.001578
   4.587      0.001182
   4.592      0.000787
   4.598      0.000393
   4.603      0.000000
