   0.005     -0.000497
   0.011      0.000249
   0.017      0.000995
   0.022      0.002239
   0.027      0.003979
   0.033      0.006215
   0.038      0.008947
   0.044      0.012173
   0.049      0.015893
   0.055      0.020104
   0.060      0.024805
   0.066      0.029995
   0.071      0.035672
   0.077      0.041833
   0.082      0.048477
   0.088      0.055601
   0.093      0.063202
   0.099      0.071277
   0.104      0.079824
   0.110      0.088840
   0.115      0.098320
   0.121      0.108262
   0.127      0.118661
   0.132      0.129514
   0.137      0.140817
   0.143      0.152565
   0.148      0.164755
   0.154      0.177381
   0.160      0.190438
   0.165      0.203922
   0.170      0.217828
   0.176      0.232150
   0.181      0.246883
   0.187      0.262021
   0.192      0.277559
   0.198      0.293490
   0.203      0.309808
   0.209      0.326508
   0.214      0.343583
   0.220      0.361025
   0.225      0.378829
   0.231      0.396988
   0.236      0.415494
   0.242      0.434341
   0.247      0.453521
   0.253      0.473026
   0.259      0.492850
   0.264      0.512984
   0.269      0.533421
   0.275      0.554153
   0.280      0.575171
   0.286      0.596467
   0.291      0.618034
   0.297      0.639862
   0.302      0.661943
   0.308      0.684269
   0.314      0.706830
   0.319      0.729618
   0.324      0.752624
   0.330      0.775838
   0.335      0.799252
   0.341      0.822857
   0.346      0.846642
   0.352      0.870599
   0.357      0.894718
   0.363      0.918989
   0.368      0.943404
   0.374      0.967951
   0.380      0.992622
   0.385      1.017406
   0.390      1.042294
   0.396      1.067275
   0.401      1.092340
   0.407      1.117479
   0.412      1.142682
   0.418      1.167938
   0.423      1.193237
   0.429      1.218569
   0.434      1.243925
   0.440      1.269293
   0.445      1.294663
   0.451      1.320026
   0.456      1.345371
   0.462      1.370688
   0.467      1.395967
   0.473      1.421197
   0.478      1.446367
   0.484      1.471469
   0.489      1.496492
   0.495      1.521425
   0.500      1.546258
   0.506      1.570982
   0.511      1.595586
   0.517      1.620060
   0.522      1.644395
   0.528      1.668579
   0.533      1.692604
   0.539      1.716459
   0.544      1.740136
   0.550      1.763623
   0.555      1.786911
   0.561      1.809992
   0.567      1.832855
   0.572      1.855490
   0.578      1.877890
   0.583      1.900043
   0.588      1.921942
   0.594      1.943577
   0.599      1.964940
   0.605      1.986020
   0.610      2.006811
   0.616      2.027302
   0.621      2.047486
   0.627      2.067354
   0.632      2.086897
   0.638      2.106108
   0.643      2.124979
   0.649      2.143502
   0.654      2.161668
   0.660      2.179471
   0.665      2.196902
   0.671      2.213955
   0.676      2.230622
   0.682      2.246896
   0.688      2.262770
   0.693      2.278237
   0.699      2.293292
   0.704      2.307926
   0.709      2.322135
   0.715      2.335911
   0.720      2.349250
   0.726      2.362144
   0.731      2.374588
   0.737      2.386578
   0.742      2.398107
   0.748      2.409170
   0.753      2.419763
   0.759      2.429880
   0.764      2.439517
   0.770      2.448669
   0.775      2.457333
   0.781      2.465503
   0.786      2.473177
   0.792      2.480350
   0.797      2.487019
   0.803      2.493180
   0.808      2.498831
   0.814      2.503967
   0.820      2.508587
   0.825      2.512688
   0.830      2.516266
   0.836      2.519321
   0.841      2.521850
   0.847      2.523850
   0.852      2.525321
   0.858      2.526260
   0.863      2.526667
   0.869      2.526541
   0.874      2.525879
   0.880      2.524682
   0.885      2.522950
   0.891      2.520681
   0.896      2.517875
   0.902      2.514534
   0.907      2.510656
   0.913      2.506242
   0.918      2.501294
   0.924      2.495811
   0.929      2.489795
   0.935      2.483248
   0.940      2.476170
   0.946      2.468563
   0.951      2.460429
   0.957      2.451771
   0.962      2.442590
   0.968      2.432889
   0.973      2.422671
   0.979      2.411938
   0.984      2.400694
   0.990      2.388942
   0.995      2.376686
   1.001      2.363929
   1.006      2.350675
   1.012      2.336928
   1.017      2.322694
   1.023      2.307976
   1.028      2.292778
   1.034      2.277107
   1.039      2.260968
   1.045      2.244364
   1.050      2.227304
   1.056      2.209791
   1.061      2.191832
   1.067      2.173434
   1.073      2.154602
   1.078      2.135344
   1.083      2.115665
   1.089      2.095574
   1.095      2.075077
   1.100      2.054181
   1.105      2.032894
   1.111      2.011223
   1.116      1.989178
   1.122      1.966764
   1.127      1.943992
   1.133      1.920868
   1.138      1.897403
   1.144      1.873603
   1.149      1.849478
   1.155      1.825038
   1.160      1.800290
   1.166      1.775245
   1.171      1.749912
   1.177      1.724299
   1.182      1.698417
   1.188      1.672276
   1.194      1.645885
   1.199      1.619254
   1.204      1.592392
   1.210      1.565311
   1.216      1.538020
   1.221      1.510530
   1.226      1.482850
   1.232      1.454992
   1.237      1.426964
   1.243      1.398779
   1.248      1.370446
   1.254      1.341975
   1.259      1.313378
   1.265      1.284665
   1.270      1.255846
   1.276      1.226932
   1.281      1.197934
   1.287      1.168861
   1.292      1.139725
   1.298      1.110536
   1.303      1.081304
   1.309      1.052040
   1.315      1.022754
   1.320      0.993457
   1.325      0.964158
   1.331      0.934867
   1.337      0.905596
   1.342      0.876353
   1.347      0.847149
   1.353      0.817994
   1.358      0.788897
   1.364      0.759867
   1.369      0.730916
   1.375      0.702050
   1.380      0.673281
   1.386      0.644617
   1.391      0.616067
   1.397      0.587640
   1.402      0.559344
   1.408      0.531189
   1.413      0.503182
   1.419      0.475332
   1.424      0.447646
   1.430      0.420134
   1.435      0.392802
   1.441      0.365657
   1.446      0.338709
   1.452      0.311962
   1.458      0.285426
   1.463      0.259105
   1.468      0.233008
   1.474      0.207140
   1.479      0.181508
   1.485      0.156117
   1.490      0.130974
   1.496      0.106085
   1.501      0.081453
   1.507      0.057086
   1.512      0.032988
   1.518      0.009163
   1.523     -0.014383
   1.529     -0.037647
   1.534     -0.060623
   1.540     -0.083308
   1.545     -0.105699
   1.551     -0.127791
   1.556     -0.149582
   1.562     -0.171067
   1.567     -0.192244
   1.573     -0.213111
   1.579     -0.233664
   1.584     -0.253901
   1.589     -0.273821
   1.595     -0.293420
   1.600     -0.312698
   1.606     -0.331652
   1.611     -0.350281
   1.617     -0.368585
   1.622     -0.386561
   1.628     -0.404209
   1.633     -0.421528
   1.639     -0.438518
   1.644     -0.455179
   1.650     -0.471510
   1.655     -0.487511
   1.661     -0.503183
   1.666     -0.518525
   1.672     -0.533538
   1.677     -0.548223
   1.683     -0.562581
   1.688     -0.576613
   1.694     -0.590319
   1.700     -0.603700
   1.705     -0.616759
   1.710     -0.629497
   1.716     -0.641914
   1.721     -0.654014
   1.727     -0.665798
   1.732     -0.677267
   1.738     -0.688424
   1.743     -0.699271
   1.749     -0.709811
   1.754     -0.720045
   1.760     -0.729977
   1.765     -0.739608
   1.771     -0.748942
   1.776     -0.757982
   1.782     -0.766729
   1.787     -0.775188
   1.793     -0.783360
   1.798     -0.791250
   1.804     -0.798860
   1.809     -0.806194
   1.815     -0.813254
   1.820     -0.820045
   1.826     -0.826569
   1.831     -0.832830
   1.837     -0.838832
   1.842     -0.844577
   1.848     -0.850070
   1.853     -0.855314
   1.859     -0.860312
   1.864     -0.865069
   1.870     -0.869588
   1.875     -0.873873
   1.881     -0.877927
   1.886     -0.881754
   1.892     -0.885358
   1.897     -0.888743
   1.903     -0.891913
   1.908     -0.894870
   1.914     -0.897620
   1.919     -0.900166
   1.925     -0.902511
   1.930     -0.904659
   1.936     -0.906615
   1.941     -0.908382
   1.947     -0.909963
   1.952     -0.911363
   1.958     -0.912585
   1.963     -0.913633
   1.969     -0.914510
   1.974     -0.915221
   1.980     -0.915768
   1.985     -0.916156
   1.991     -0.916388
   1.996     -0.916468
   2.002     -0.916399
   2.007     -0.916184
   2.013     -0.915828
   2.018     -0.915334
   2.024     -0.914704
   2.030     -0.913943
   2.035     -0.913054
   2.040     -0.912040
   2.046     -0.910904
   2.051     -0.909650
   2.057     -0.908281
   2.062     -0.906799
   2.068     -0.905209
   2.073     -0.903513
   2.079     -0.901713
   2.084     -0.899815
   2.090     -0.897819
   2.095     -0.895729
   2.101     -0.893548
   2.107     -0.891278
   2.112     -0.888923
   2.117     -0.886486
   2.123     -0.883968
   2.128     -0.881372
   2.134     -0.878702
   2.139     -0.875959
   2.145     -0.873146
   2.151     -0.870266
   2.156     -0.867320
   2.161     -0.864312
   2.167     -0.861244
   2.172     -0.858118
   2.178     -0.854935
   2.183     -0.851699
   2.189     -0.848412
   2.194     -0.845075
   2.200     -0.841690
   2.205     -0.838261
   2.211     -0.834788
   2.216     -0.831273
   2.222     -0.827719
   2.228     -0.824127
   2.233     -0.820499
   2.238     -0.816837
   2.244     -0.813143
   2.249     -0.809418
   2.255     -0.805663
   2.260     -0.801881
   2.266     -0.798074
   2.272     -0.794241
   2.277     -0.790386
   2.282     -0.786509
   2.288     -0.782613
   2.293     -0.778697
   2.299     -0.774764
   2.304     -0.770816
   2.310     -0.766852
   2.315     -0.762876
   2.321     -0.758886
   2.326     -0.754886
   2.332     -0.750876
   2.337     -0.746857
   2.343     -0.742830
   2.349     -0.738796
   2.354     -0.734757
   2.359     -0.730713
   2.365     -0.726665
   2.370     -0.722614
   2.376     -0.718562
   2.381     -0.714508
   2.387     -0.710455
   2.393     -0.706402
   2.398     -0.702350
   2.403     -0.698301
   2.409     -0.694255
   2.414     -0.690213
   2.420     -0.686175
   2.425     -0.682142
   2.431     -0.678115
   2.436     -0.674095
   2.442     -0.670081
   2.447     -0.666076
   2.453     -0.662078
   2.458     -0.658089
   2.464     -0.654110
   2.470     -0.650141
   2.475     -0.646182
   2.480     -0.642234
   2.486     -0.638297
   2.491     -0.634371
   2.497     -0.630459
   2.502     -0.626558
   2.508     -0.622671
   2.514     -0.618797
   2.519     -0.614936
   2.524     -0.611090
   2.530     -0.607258
   2.535     -0.603441
   2.541     -0.599639
   2.546     -0.595852
   2.552     -0.592080
   2.557     -0.588324
   2.563     -0.584585
   2.568     -0.580861
   2.574     -0.577154
   2.579     -0.573464
   2.585     -0.569790
   2.591     -0.566134
   2.596     -0.562494
   2.601     -0.558872
   2.607     -0.555268
   2.612     -0.551681
   2.618     -0.548111
   2.623     -0.544560
   2.629     -0.541026
   2.635     -0.537511
   2.640     -0.534013
   2.645     -0.530534
   2.651     -0.527073
   2.656     -0.523630
   2.662     -0.520206
   2.667     -0.516800
   2.673     -0.513412
   2.678     -0.510043
   2.684     -0.506692
   2.689     -0.503360
   2.695     -0.500047
   2.700     -0.496752
   2.706     -0.493475
   2.712     -0.490217
   2.717     -0.486978
   2.722     -0.483757
   2.728     -0.480554
   2.733     -0.477370
   2.739     -0.474204
   2.744     -0.471057
   2.750     -0.467928
   2.756     -0.464818
   2.761     -0.461725
   2.766     -0.458651
   2.772     -0.455596
   2.777     -0.452558
   2.783     -0.449538
   2.788     -0.446537
   2.794     -0.443553
   2.799     -0.440587
   2.805     -0.437639
   2.810     -0.434709
   2.816     -0.431796
   2.821     -0.428902
   2.827     -0.426024
   2.833     -0.423164
   2.838     -0.420322
   2.843     -0.417497
   2.849     -0.414689
   2.854     -0.411898
   2.860     -0.409124
   2.865     -0.406367
   2.871     -0.403627
   2.876     -0.400904
   2.882     -0.398198
   2.887     -0.395508
   2.893     -0.392834
   2.898     -0.390178
   2.904     -0.387537
   2.909     -0.384913
   2.915     -0.382305
   2.920     -0.379713
   2.926     -0.377137
   2.931     -0.374576
   2.937     -0.372032
   2.942     -0.369503
   2.948     -0.366990
   2.954     -0.364492
   2.959     -0.362010
   2.964     -0.359543
   2.970     -0.357091
   2.975     -0.354655
   2.981     -0.352233
   2.986     -0.349827
   2.992     -0.347435
   2.997     -0.345058
   3.003     -0.342695
   3.008     -0.340347
   3.014     -0.338013
   3.019     -0.335694
   3.025     -0.333389
   3.030     -0.331099
   3.036     -0.328822
   3.041     -0.326559
   3.047     -0.324310
   3.052     -0.322075
   3.058     -0.319853
   3.063     -0.317646
   3.069     -0.315451
   3.075     -0.313270
   3.080     -0.311103
   3.085     -0.308948
   3.091     -0.306807
   3.096     -0.304679
   3.102     -0.302563
   3.107     -0.300461
   3.113     -0.298371
   3.118     -0.296294
   3.124     -0.294229
   3.129     -0.292177
   3.135     -0.290138
   3.140     -0.288111
   3.146     -0.286096
   3.151     -0.284093
   3.157     -0.282102
   3.162     -0.280123
   3.168     -0.278156
   3.173     -0.276201
   3.179     -0.274258
   3.184     -0.272326
   3.190     -0.270406
   3.196     -0.268497
   3.201     -0.266600
   3.206     -0.264714
   3.212     -0.262839
   3.217     -0.260975
   3.223     -0.259123
   3.228     -0.257281
   3.234     -0.255450
   3.239     -0.253630
   3.245     -0.251821
   3.250     -0.250023
   3.256     -0.248235
   3.261     -0.246458
   3.267     -0.244691
   3.272     -0.242935
   3.278     -0.241188
   3.283     -0.239452
   3.289     -0.237727
   3.294     -0.236011
   3.300     -0.234305
   3.305     -0.232610
   3.311     -0.230924
   3.317     -0.229248
   3.322     -0.227581
   3.327     -0.225924
   3.333     -0.224277
   3.338     -0.222640
   3.344     -0.221011
   3.349     -0.219393
   3.355     -0.217783
   3.360     -0.216183
   3.366     -0.214592
   3.371     -0.213010
   3.377     -0.211437
   3.382     -0.209873
   3.388     -0.208318
   3.393     -0.206772
   3.399     -0.205234
   3.404     -0.203706
   3.410     -0.202186
   3.415     -0.200674
   3.421     -0.199171
   3.426     -0.197677
   3.432     -0.196191
   3.438     -0.194713
   3.443     -0.193244
   3.448     -0.191783
   3.454     -0.190330
   3.459     -0.188885
   3.465     -0.187448
   3.470     -0.186019
   3.476     -0.184598
   3.481     -0.183185
   3.487     -0.181780
   3.492     -0.180383
   3.498     -0.178993
   3.503     -0.177611
   3.509     -0.176236
   3.514     -0.174869
   3.520     -0.173510
   3.525     -0.172158
   3.531     -0.170814
   3.536     -0.169476
   3.542     -0.168146
   3.547     -0.166823
   3.553     -0.165508
   3.558     -0.164199
   3.564     -0.162898
   3.569     -0.161604
   3.575     -0.160316
   3.580     -0.159036
   3.586     -0.157762
   3.591     -0.156495
   3.597     -0.155235
   3.602     -0.153982
   3.608     -0.152735
   3.613     -0.151495
   3.619     -0.150262
   3.624     -0.149035
   3.630     -0.147814
   3.635     -0.146600
   3.641     -0.145392
   3.646     -0.144191
   3.652     -0.142996
   3.657     -0.141807
   3.663     -0.140625
   3.668     -0.139448
   3.674     -0.138278
   3.679     -0.137113
   3.685     -0.135955
   3.690     -0.134803
   3.696     -0.133657
   3.701     -0.132516
   3.707     -0.131382
   3.712     -0.130253
   3.718     -0.129130
   3.723     -0.128012
   3.729     -0.126901
   3.734     -0.125795
   3.740     -0.124694
   3.745     -0.123599
   3.751     -0.122510
   3.756     -0.121426
   3.762     -0.120348
   3.767     -0.119275
   3.773     -0.118207
   3.778     -0.117145
   3.784     -0.116088
   3.789     -0.115036
   3.795     -0.113989
   3.800     -0.112948
   3.806     -0.111911
   3.811     -0.110880
   3.817     -0.109854
   3.822     -0.108833
   3.828     -0.107816
   3.833     -0.106805
   3.839     -0.105799
   3.844     -0.104797
   3.850     -0.103800
   3.855     -0.102808
   3.861     -0.101821
   3.866     -0.100839
   3.872     -0.099861
   3.877     -0.098888
   3.883     -0.097919
   3.888     -0.096956
   3.894     -0.095996
   3.899     -0.095041
   3.905     -0.094091
   3.910     -0.093145
   3.916     -0.092203
   3.921     -0.091266
   3.927     -0.090334
   3.932     -0.089405
   3.938     -0.088481
   3.943     -0.087561
   3.949     -0.086645
   3.954     -0.085734
   3.960     -0.084826
   3.965     -0.083923
   3.971     -0.083024
   3.976     -0.082129
   3.982     -0.081238
   3.987     -0.080350
   3.993     -0.079467
   3.998     -0.078588
   4.004     -0.077713
   4.010     -0.076841
   4.015     -0.075974
   4.021     -0.075110
   4.026     -0.074250
   4.031     -0.073394
   4.037     -0.072541
   4.042     -0.071693
   4.048     -0.070848
   4.053     -0.070006
   4.059     -0.069168
   4.064     -0.068334
   4.070     -0.067503
   4.075     -0.066676
   4.081     -0.065853
   4.087     -0.065032
   4.092     -0.064216
   4.098     -0.063402
   4.103     -0.062592
   4.108     -0.061786
   4.114     -0.060983
   4.119     -0.060183
   4.125     -0.059386
   4.130     -0.058593
   4.136     -0.057803
   4.141     -0.057016
   4.147     -0.056232
   4.152     -0.055452
   4.158     -0.054674
   4.163     -0.053900
   4.169     -0.053129
   4.175     -0.052360
   4.180     -0.051595
   4.185     -0.050833
   4.191     -0.050074
   4.196     -0.049318
   4.202     -0.048564
   4.207     -0.047814
   4.213     -0.047067
   4.218     -0.046322
   4.224     -0.045580
   4.229     -0.044841
   4.235     -0.044105
   4.240     -0.043372
   4.246     -0.042641
   4.252     -0.041913
   4.257     -0.041188
   4.263     -0.040465
   4.268     -0.039745
   4.273     -0.039028
   4.279     -0.038313
   4.284     -0.037601
   4.290     -0.036891
   4.295     -0.036184
   4.301     -0.035480
   4.306     -0.034778
   4.312     -0.034078
   4.317     -0.033381
   4.323     -0.032686
   4.329     -0.031994
   4.334     -0.031304
   4.340     -0.030617
   4.345     -0.029932
   4.350     -0.029249
   4.356     -0.028568
   4.361     -0.027890
   4.367     -0.027214
   4.372     -0.026540
   4.378     -0.025869
   4.383     -0.025199
   4.389     -0.024532
   4.394     -0.023867
   4.400     -0.023204
   4.405     -0.022543
   4.411     -0.021885
   4.417     -0.021228
   4.422     -0.020573
   4.427     -0.019921
   4.433     -0.019270
   4.438     -0.018622
   4.444     -0.017975
   4.449     -0.017331
   4.455     -0.016688
   4.460     -0.016047
   4.466     -0.015408
   4.471     -0.014771
   4.477     -0.014136
   4.482     -0.013503
   4.488     -0.012872
   4.494     -0.012242
   4.499     -0.011614
   4.505     -0.010988
   4.510     -0.010364
   4.515     -0.009741
   4.521     -0.009120
   4.526     -0.008501
   4.532     -0.007884
   4.537     -0.007268
   4.543     -0.006653
   4.548     -0.006041
   4.554     -0.005430
   4.559     -0.004820
   4.565     -0.004213
   4.571     -0.003606
   4.576     -0.003001
   4.582     -0.002398
   4.587     -0.001796
   4.592     -0.001196
   4.598     -0.000597
   4.603      0.000000
