   0.000      1.385651
   0.007      1.385651
   0.015      1.385651
   0.022      1.385651
   0.029      1.385651
   0.037      1.385651
   0.044      1.385651
   0.051      1.385651
   0.059      1.385651
   0.066      1.385651
   0.073      1.385650
   0.080      1.385649
   0.088      1.385647
   0.095      1.385645
   0.102      1.385641
   0.110      1.385636
   0.117      1.385629
   0.124      1.385619
   0.132      1.385606
   0.139      1.385589
   0.146      1.385568
   0.154      1.385540
   0.161      1.385506
   0.168      1.385463
   0.176      1.385410
   0.183      1.385347
   0.190      1.385270
   0.197      1.385178
   0.205      1.385070
   0.212      1.384942
   0.219      1.384792
   0.227      1.384619
   0.234      1.384419
   0.241      1.384189
   0.249      1.383926
   0.256      1.383628
   0.263      1.383291
   0.271      1.382911
   0.278      1.382485
   0.285      1.382010
   0.293      1.381482
   0.300      1.380897
   0.307      1.380251
   0.314      1.379541
   0.322      1.378763
   0.329      1.377912
   0.336      1.376986
   0.344      1.375980
   0.351      1.374890
   0.358      1.373713
   0.366      1.372446
   0.373      1.371084
   0.380      1.369624
   0.388      1.368064
   0.395      1.366400
   0.402      1.364630
   0.410      1.362750
   0.417      1.360758
   0.424      1.358652
   0.431      1.356429
   0.439      1.354089
   0.446      1.351629
   0.453      1.349048
   0.461      1.346345
   0.468      1.343519
   0.475      1.340569
   0.483      1.337496
   0.490      1.334299
   0.497      1.330978
   0.505      1.327534
   0.512      1.323968
   0.519      1.320281
   0.527      1.316473
   0.534      1.312547
   0.541      1.308503
   0.548      1.304345
   0.556      1.300074
   0.563      1.295692
   0.570      1.291202
   0.578      1.286607
   0.585      1.281909
   0.592      1.277112
   0.600      1.272219
   0.607      1.267232
   0.614      1.262156
   0.622      1.256993
   0.629      1.251748
   0.636      1.246424
   0.644      1.241024
   0.651      1.235553
   0.658      1.230013
   0.665      1.224410
   0.673      1.218746
   0.680      1.213026
   0.687      1.207253
   0.695      1.201431
   0.702      1.195563
   0.709      1.189654
   0.717      1.183707
   0.724      1.177725
   0.731      1.171713
   0.739      1.165673
   0.746      1.159609
   0.753      1.153524
   0.761      1.147422
   0.768      1.141305
   0.775      1.135176
   0.782      1.129039
   0.790      1.122896
   0.797      1.116751
   0.804      1.110605
   0.812      1.104461
   0.819      1.098321
   0.826      1.092189
   0.834      1.086066
   0.841      1.079955
   0.848      1.073856
   0.856      1.067774
   0.863      1.061708
   0.870      1.055661
   0.878      1.049635
   0.885      1.043632
   0.892      1.037652
   0.899      1.031697
   0.907      1.025768
   0.914      1.019867
   0.921      1.013995
   0.929      1.008153
   0.936      1.002342
   0.943      0.996562
   0.951      0.990816
   0.958      0.985103
   0.965      0.979424
   0.973      0.973780
   0.980      0.968171
   0.987      0.962599
   0.995      0.957064
   1.002      0.951565
   1.009      0.946104
   1.016      0.940681
   1.024      0.935296
   1.031      0.929950
   1.038      0.924642
   1.046      0.919374
   1.053      0.914144
   1.060      0.908954
   1.068      0.903803
   1.075      0.898692
   1.082      0.893620
   1.090      0.888588
   1.097      0.883596
   1.104      0.878642
   1.112      0.873729
   1.119      0.868855
   1.126      0.864020
   1.133      0.859224
   1.141      0.854468
   1.148      0.849750
   1.155      0.845072
   1.163      0.840432
   1.170      0.835831
   1.177      0.831268
   1.185      0.826743
   1.192      0.822256
   1.199      0.817807
   1.207      0.813395
   1.214      0.809021
   1.221      0.804684
   1.229      0.800384
   1.236      0.796120
   1.243      0.791892
   1.250      0.787701
   1.258      0.783545
   1.265      0.779425
   1.272      0.775340
   1.280      0.771291
   1.287      0.767276
   1.294      0.763295
   1.302      0.759349
   1.309      0.755436
   1.316      0.751557
   1.324      0.747712
   1.331      0.743899
   1.338      0.740119
   1.346      0.736372
   1.353      0.732657
   1.360      0.728974
   1.367      0.725322
   1.375      0.721702
   1.382      0.718112
   1.389      0.714554
   1.397      0.711026
   1.404      0.707528
   1.411      0.704060
   1.419      0.700622
   1.426      0.697213
   1.433      0.693833
   1.441      0.690481
   1.448      0.687159
   1.455      0.683864
   1.463      0.680597
   1.470      0.677359
   1.477      0.674147
   1.484      0.670963
   1.492      0.667805
   1.499      0.664674
   1.506      0.661569
   1.514      0.658491
   1.521      0.655438
   1.528      0.652410
   1.536      0.649408
   1.543      0.646431
   1.550      0.643479
   1.558      0.640551
   1.565      0.637647
   1.572      0.634768
   1.580      0.631912
   1.587      0.629080
   1.594      0.626271
   1.601      0.623485
   1.609      0.620722
   1.616      0.617981
   1.623      0.615263
   1.631      0.612567
   1.638      0.609892
   1.645      0.607240
   1.653      0.604609
   1.660      0.601999
   1.667      0.599409
   1.675      0.596841
   1.682      0.594294
   1.689      0.591766
   1.697      0.589259
   1.704      0.586772
   1.711      0.584304
   1.718      0.581856
   1.726      0.579427
   1.733      0.577017
   1.740      0.574627
   1.748      0.572255
   1.755      0.569901
   1.762      0.567566
   1.770      0.565249
   1.777      0.562950
   1.784      0.560668
   1.792      0.558405
   1.799      0.556158
   1.806      0.553929
   1.814      0.551717
   1.821      0.549522
   1.828      0.547343
   1.836      0.545182
   1.843      0.543036
   1.850      0.540907
   1.857      0.538793
   1.865      0.536696
   1.872      0.534614
   1.879      0.532548
   1.887      0.530497
   1.894      0.528461
   1.901      0.526441
   1.909      0.524435
   1.916      0.522444
   1.923      0.520468
   1.931      0.518507
   1.938      0.516559
   1.945      0.514626
   1.953      0.512707
   1.960      0.510802
   1.967      0.508910
   1.974      0.507032
   1.982      0.505168
   1.989      0.503317
   1.996      0.501479
   2.004      0.499655
   2.011      0.497843
   2.018      0.496044
   2.026      0.494258
   2.033      0.492484
   2.040      0.490723
   2.048      0.488975
   2.055      0.487238
   2.062      0.485514
   2.070      0.483801
   2.077      0.482101
   2.084      0.480412
   2.091      0.478734
   2.099      0.477069
   2.106      0.475415
   2.113      0.473772
   2.121      0.472140
   2.128      0.470519
   2.135      0.468909
   2.143      0.467310
   2.150      0.465722
   2.157      0.464145
   2.165      0.462578
   2.172      0.461021
   2.179      0.459475
   2.187      0.457939
   2.194      0.456414
   2.201      0.454898
   2.208      0.453393
   2.216      0.451897
   2.223      0.450411
   2.230      0.448935
   2.238      0.447468
   2.245      0.446011
   2.252      0.444563
   2.260      0.443125
   2.267      0.441695
   2.274      0.440275
   2.282      0.438864
   2.289      0.437462
   2.296      0.436069
   2.304      0.434685
   2.311      0.433310
   2.318      0.431943
   2.325      0.430585
   2.333      0.429235
   2.340      0.427894
   2.347      0.426561
   2.355      0.425236
   2.362      0.423919
   2.369      0.422611
   2.377      0.421311
   2.384      0.420018
   2.391      0.418734
   2.399      0.417457
   2.406      0.416188
   2.413      0.414927
   2.421      0.413674
   2.428      0.412428
   2.435      0.411189
   2.442      0.409958
   2.450      0.408734
   2.457      0.407518
   2.464      0.406309
   2.472      0.405106
   2.479      0.403911
   2.486      0.402723
   2.494      0.401542
   2.501      0.400368
   2.508      0.399201
   2.516      0.398041
   2.523      0.396887
   2.530      0.395740
   2.538      0.394599
   2.545      0.393465
   2.552      0.392338
   2.559      0.391217
   2.567      0.390102
   2.574      0.388994
   2.581      0.387892
   2.589      0.386797
   2.596      0.385707
   2.603      0.384623
   2.611      0.383546
   2.618      0.382475
   2.625      0.381409
   2.633      0.380350
   2.640      0.379296
   2.647      0.378249
   2.655      0.377207
   2.662      0.376170
   2.669      0.375140
   2.676      0.374115
   2.684      0.373095
   2.691      0.372081
   2.698      0.371073
   2.706      0.370070
   2.713      0.369073
   2.720      0.368081
   2.728      0.367094
   2.735      0.366112
   2.742      0.365136
   2.750      0.364165
   2.757      0.363199
   2.764      0.362238
   2.772      0.361282
   2.779      0.360331
   2.786      0.359386
   2.793      0.358445
   2.801      0.357509
   2.808      0.356578
   2.815      0.355652
   2.823      0.354730
   2.830      0.353814
   2.837      0.352902
   2.845      0.351995
   2.852      0.351092
   2.859      0.350194
   2.867      0.349301
   2.874      0.348412
   2.881      0.347528
   2.889      0.346648
   2.896      0.345773
   2.903      0.344902
   2.910      0.344035
