   0.000      0.837990
   0.007      0.837989
   0.015      0.837986
   0.022      0.837980
   0.029      0.837973
   0.037      0.837963
   0.044      0.837951
   0.051      0.837936
   0.059      0.837920
   0.066      0.837901
   0.073      0.837880
   0.080      0.837857
   0.088      0.837831
   0.095      0.837803
   0.102      0.837772
   0.110      0.837740
   0.117      0.837705
   0.124      0.837667
   0.132      0.837627
   0.139      0.837584
   0.146      0.837539
   0.154      0.837492
   0.161      0.837441
   0.168      0.837388
   0.176      0.837333
   0.183      0.837274
   0.190      0.837213
   0.197      0.837149
   0.205      0.837082
   0.212      0.837012
   0.219      0.836939
   0.227      0.836863
   0.234      0.836784
   0.241      0.836702
   0.249      0.836616
   0.256      0.836527
   0.263      0.836434
   0.271      0.836338
   0.278      0.836238
   0.285      0.836135
   0.293      0.836027
   0.300      0.835916
   0.307      0.835801
   0.314      0.835681
   0.322      0.835558
   0.329      0.835430
   0.336      0.835297
   0.344      0.835160
   0.351      0.835018
   0.358      0.834872
   0.366      0.834720
   0.373      0.834563
   0.380      0.834401
   0.388      0.834234
   0.395      0.834061
   0.402      0.833882
   0.410      0.833697
   0.417      0.833506
   0.424      0.833309
   0.431      0.833106
   0.439      0.832896
   0.446      0.832678
   0.453      0.832454
   0.461      0.832223
   0.468      0.831984
   0.475      0.831738
   0.483      0.831483
   0.490      0.831221
   0.497      0.830950
   0.505      0.830670
   0.512      0.830382
   0.519      0.830084
   0.527      0.829777
   0.534      0.829461
   0.541      0.829134
   0.548      0.828797
   0.556      0.828450
   0.563      0.828092
   0.570      0.827722
   0.578      0.827341
   0.585      0.826949
   0.592      0.826544
   0.600      0.826127
   0.607      0.825697
   0.614      0.825254
   0.622      0.824798
   0.629      0.824328
   0.636      0.823844
   0.644      0.823345
   0.651      0.822832
   0.658      0.822303
   0.665      0.821759
   0.673      0.821199
   0.680      0.820622
   0.687      0.820030
   0.695      0.819420
   0.702      0.818793
   0.709      0.818148
   0.717      0.817485
   0.724      0.816803
   0.731      0.816103
   0.739      0.815384
   0.746      0.814645
   0.753      0.813887
   0.761      0.813108
   0.768      0.812309
   0.775      0.811489
   0.782      0.810648
   0.790      0.809785
   0.797      0.808901
   0.804      0.807995
   0.812      0.807067
   0.819      0.806116
   0.826      0.805142
   0.834      0.804146
   0.841      0.803126
   0.848      0.802083
   0.856      0.801016
   0.863      0.799925
   0.870      0.798811
   0.878      0.797672
   0.885      0.796510
   0.892      0.795323
   0.899      0.794112
   0.907      0.792876
   0.914      0.791616
   0.921      0.790331
   0.929      0.789022
   0.936      0.787689
   0.943      0.786331
   0.951      0.784949
   0.958      0.783543
   0.965      0.782112
   0.973      0.780658
   0.980      0.779180
   0.987      0.777678
   0.995      0.776152
   1.002      0.774603
   1.009      0.773031
   1.016      0.771436
   1.024      0.769819
   1.031      0.768179
   1.038      0.766517
   1.046      0.764834
   1.053      0.763129
   1.060      0.761403
   1.068      0.759656
   1.075      0.757889
   1.082      0.756102
   1.090      0.754295
   1.097      0.752470
   1.104      0.750625
   1.112      0.748762
   1.119      0.746881
   1.126      0.744983
   1.133      0.743068
   1.141      0.741136
   1.148      0.739187
   1.155      0.737224
   1.163      0.735245
   1.170      0.733251
   1.177      0.731243
   1.185      0.729221
   1.192      0.727185
   1.199      0.725137
   1.207      0.723076
   1.214      0.721004
   1.221      0.718920
   1.229      0.716825
   1.236      0.714719
   1.243      0.712603
   1.250      0.710478
   1.258      0.708343
   1.265      0.706200
   1.272      0.704048
   1.280      0.701888
   1.287      0.699721
   1.294      0.697547
   1.302      0.695367
   1.309      0.693180
   1.316      0.690987
   1.324      0.688790
   1.331      0.686587
   1.338      0.684380
   1.346      0.682168
   1.353      0.679953
   1.360      0.677734
   1.367      0.675512
   1.375      0.673288
   1.382      0.671061
   1.389      0.668833
   1.397      0.666602
   1.404      0.664371
   1.411      0.662138
   1.419      0.659905
   1.426      0.657672
   1.433      0.655438
   1.441      0.653205
   1.448      0.650973
   1.455      0.648741
   1.463      0.646511
   1.470      0.644282
   1.477      0.642054
   1.484      0.639829
   1.492      0.637606
   1.499      0.635385
   1.506      0.633168
   1.514      0.630953
   1.521      0.628741
   1.528      0.626533
   1.536      0.624329
   1.543      0.622128
   1.550      0.619932
   1.558      0.617739
   1.565      0.615552
   1.572      0.613369
   1.580      0.611191
   1.587      0.609018
   1.594      0.606850
   1.601      0.604688
   1.609      0.602531
   1.616      0.600380
   1.623      0.598235
   1.631      0.596096
   1.638      0.593963
   1.645      0.591836
   1.653      0.589716
   1.660      0.587603
   1.667      0.585496
   1.675      0.583397
   1.682      0.581304
   1.689      0.579218
   1.697      0.577140
   1.704      0.575069
   1.711      0.573005
   1.718      0.570949
   1.726      0.568900
   1.733      0.566860
   1.740      0.564827
   1.748      0.562802
   1.755      0.560784
   1.762      0.558775
   1.770      0.556774
   1.777      0.554782
   1.784      0.552797
   1.792      0.550821
   1.799      0.548853
   1.806      0.546893
   1.814      0.544942
   1.821      0.543000
   1.828      0.541066
   1.836      0.539141
   1.843      0.537224
   1.850      0.535317
   1.857      0.533418
   1.865      0.531527
   1.872      0.529646
   1.879      0.527773
   1.887      0.525909
   1.894      0.524055
   1.901      0.522209
   1.909      0.520372
   1.916      0.518543
   1.923      0.516724
   1.931      0.514914
   1.938      0.513113
   1.945      0.511321
   1.953      0.509538
   1.960      0.507764
   1.967      0.505999
   1.974      0.504243
   1.982      0.502495
   1.989      0.500757
   1.996      0.499028
   2.004      0.497308
   2.011      0.495597
   2.018      0.493895
   2.026      0.492202
   2.033      0.490518
   2.040      0.488843
   2.048      0.487177
   2.055      0.485520
   2.062      0.483872
   2.070      0.482232
   2.077      0.480602
   2.084      0.478980
   2.091      0.477368
   2.099      0.475764
   2.106      0.474169
   2.113      0.472582
   2.121      0.471005
   2.128      0.469436
   2.135      0.467876
   2.143      0.466324
   2.150      0.464782
   2.157      0.463247
   2.165      0.461722
   2.172      0.460205
   2.179      0.458696
   2.187      0.457196
   2.194      0.455705
   2.201      0.454222
   2.208      0.452747
   2.216      0.451280
   2.223      0.449822
   2.230      0.448373
   2.238      0.446931
   2.245      0.445498
   2.252      0.444073
   2.260      0.442656
   2.267      0.441247
   2.274      0.439846
   2.282      0.438453
   2.289      0.437068
   2.296      0.435691
   2.304      0.434322
   2.311      0.432961
   2.318      0.431608
   2.325      0.430263
   2.333      0.428925
   2.340      0.427595
   2.347      0.426272
   2.355      0.424957
   2.362      0.423650
   2.369      0.422350
   2.377      0.421058
   2.384      0.419773
   2.391      0.418496
   2.399      0.417225
   2.406      0.415963
   2.413      0.414707
   2.421      0.413459
   2.428      0.412217
   2.435      0.410983
   2.442      0.409756
   2.450      0.408536
   2.457      0.407323
   2.464      0.406117
   2.472      0.404918
   2.479      0.403726
   2.486      0.402540
   2.494      0.401362
   2.501      0.400190
   2.508      0.399024
   2.516      0.397866
   2.523      0.396713
   2.530      0.395568
   2.538      0.394429
   2.545      0.393296
   2.552      0.392170
   2.559      0.391050
   2.567      0.389936
   2.574      0.388829
   2.581      0.387727
   2.589      0.386632
   2.596      0.385543
   2.603      0.384461
   2.611      0.383384
   2.618      0.382313
   2.625      0.381248
   2.633      0.380189
   2.640      0.379136
   2.647      0.378089
   2.655      0.377047
   2.662      0.376011
   2.669      0.374981
   2.676      0.373957
   2.684      0.372938
   2.691      0.371924
   2.698      0.370916
   2.706      0.369914
   2.713      0.368917
   2.720      0.367925
   2.728      0.366939
   2.735      0.365958
   2.742      0.364982
   2.750      0.364011
   2.757      0.363046
   2.764      0.362085
   2.772      0.361130
   2.779      0.360179
   2.786      0.359234
   2.793      0.358294
   2.801      0.357358
   2.808      0.356428
   2.815      0.355502
   2.823      0.354581
   2.830      0.353665
   2.837      0.352753
   2.845      0.351846
   2.852      0.350944
   2.859      0.350046
   2.867      0.349154
   2.874      0.348265
   2.881      0.347381
   2.889      0.346502
   2.896      0.345627
   2.903      0.344756
   2.910      0.343890
