   0.000      1.389392
   0.007      1.389392
   0.015      1.389392
   0.022      1.389392
   0.029      1.389392
   0.037      1.389392
   0.044      1.389392
   0.051      1.389392
   0.059      1.389391
   0.066      1.389390
   0.073      1.389389
   0.080      1.389387
   0.088      1.389383
   0.095      1.389377
   0.102      1.389369
   0.110      1.389358
   0.117      1.389342
   0.124      1.389321
   0.132      1.389293
   0.139      1.389256
   0.146      1.389209
   0.154      1.389149
   0.161      1.389074
   0.168      1.388981
   0.176      1.388867
   0.183      1.388728
   0.190      1.388562
   0.197      1.388364
   0.205      1.388130
   0.212      1.387854
   0.219      1.387533
   0.227      1.387161
   0.234      1.386733
   0.241      1.386242
   0.249      1.385682
   0.256      1.385049
   0.263      1.384334
   0.271      1.383532
   0.278      1.382636
   0.285      1.381639
   0.293      1.380533
   0.300      1.379314
   0.307      1.377972
   0.314      1.376502
   0.322      1.374898
   0.329      1.373152
   0.336      1.371258
   0.344      1.369210
   0.351      1.367003
   0.358      1.364630
   0.366      1.362088
   0.373      1.359372
   0.380      1.356477
   0.388      1.353399
   0.395      1.350136
   0.402      1.346686
   0.410      1.343046
   0.417      1.339215
   0.424      1.335193
   0.431      1.330979
   0.439      1.326575
   0.446      1.321982
   0.453      1.317201
   0.461      1.312237
   0.468      1.307092
   0.475      1.301770
   0.483      1.296277
   0.490      1.290618
   0.497      1.284800
   0.505      1.278829
   0.512      1.272712
   0.519      1.266458
   0.527      1.260074
   0.534      1.253570
   0.541      1.246955
   0.548      1.240239
   0.556      1.233431
   0.563      1.226542
   0.570      1.219581
   0.578      1.212560
   0.585      1.205489
   0.592      1.198379
   0.600      1.191240
   0.607      1.184082
   0.614      1.176917
   0.622      1.169753
   0.629      1.162601
   0.636      1.155470
   0.644      1.148369
   0.651      1.141307
   0.658      1.134293
   0.665      1.127333
   0.673      1.120436
   0.680      1.113607
   0.687      1.106854
   0.695      1.100181
   0.702      1.093593
   0.709      1.087095
   0.717      1.080691
   0.724      1.074384
   0.731      1.068176
   0.739      1.062069
   0.746      1.056064
   0.753      1.050163
   0.761      1.044366
   0.768      1.038672
   0.775      1.033081
   0.782      1.027592
   0.790      1.022202
   0.797      1.016912
   0.804      1.011717
   0.812      1.006616
   0.819      1.001605
   0.826      0.996683
   0.834      0.991845
   0.841      0.987087
   0.848      0.982408
   0.856      0.977802
   0.863      0.973267
   0.870      0.968798
   0.878      0.964392
   0.885      0.960045
   0.892      0.955753
   0.899      0.951513
   0.907      0.947321
   0.914      0.943175
   0.921      0.939070
   0.929      0.935003
   0.936      0.930971
   0.943      0.926972
   0.951      0.923003
   0.958      0.919060
   0.965      0.915143
   0.973      0.911247
   0.980      0.907372
   0.987      0.903516
   0.995      0.899675
   1.002      0.895850
   1.009      0.892038
   1.016      0.888239
   1.024      0.884450
   1.031      0.880672
   1.038      0.876902
   1.046      0.873141
   1.053      0.869388
   1.060      0.865642
   1.068      0.861902
   1.075      0.858169
   1.082      0.854442
   1.090      0.850722
   1.097      0.847007
   1.104      0.843298
   1.112      0.839595
   1.119      0.835898
   1.126      0.832208
   1.133      0.828524
   1.141      0.824847
   1.148      0.821177
   1.155      0.817515
   1.163      0.813860
   1.170      0.810213
   1.177      0.806575
   1.185      0.802946
   1.192      0.799326
   1.199      0.795716
   1.207      0.792116
   1.214      0.788527
   1.221      0.784949
   1.229      0.781382
   1.236      0.777828
   1.243      0.774285
   1.250      0.770755
   1.258      0.767239
   1.265      0.763735
   1.272      0.760246
   1.280      0.756771
   1.287      0.753311
   1.294      0.749865
   1.302      0.746435
   1.309      0.743020
   1.316      0.739621
   1.324      0.736239
   1.331      0.732873
   1.338      0.729523
   1.346      0.726191
   1.353      0.722875
   1.360      0.719577
   1.367      0.716297
   1.375      0.713034
   1.382      0.709790
   1.389      0.706563
   1.397      0.703355
   1.404      0.700165
   1.411      0.696994
   1.419      0.693841
   1.426      0.690707
   1.433      0.687591
   1.441      0.684495
   1.448      0.681418
   1.455      0.678359
   1.463      0.675320
   1.470      0.672299
   1.477      0.669298
   1.484      0.666316
   1.492      0.663353
   1.499      0.660410
   1.506      0.657485
   1.514      0.654580
   1.521      0.651693
   1.528      0.648826
   1.536      0.645978
   1.543      0.643149
   1.550      0.640339
   1.558      0.637548
   1.565      0.634776
   1.572      0.632023
   1.580      0.629288
   1.587      0.626572
   1.594      0.623875
   1.601      0.621197
   1.609      0.618537
   1.616      0.615895
   1.623      0.613272
   1.631      0.610667
   1.638      0.608080
   1.645      0.605512
   1.653      0.602961
   1.660      0.600428
   1.667      0.597913
   1.675      0.595416
   1.682      0.592936
   1.689      0.590474
   1.697      0.588029
   1.704      0.585602
   1.711      0.583191
   1.718      0.580798
   1.726      0.578422
   1.733      0.576063
   1.740      0.573720
   1.748      0.571394
   1.755      0.569084
   1.762      0.566791
   1.770      0.564514
   1.777      0.562254
   1.784      0.560009
   1.792      0.557780
   1.799      0.555567
   1.806      0.553370
   1.814      0.551189
   1.821      0.549022
   1.828      0.546872
   1.836      0.544736
   1.843      0.542616
   1.850      0.540510
   1.857      0.538420
   1.865      0.536344
   1.872      0.534283
   1.879      0.532236
   1.887      0.530204
   1.894      0.528186
   1.901      0.526182
   1.909      0.524193
   1.916      0.522217
   1.923      0.520255
   1.931      0.518307
   1.938      0.516373
   1.945      0.514452
   1.953      0.512544
   1.960      0.510650
   1.967      0.508769
   1.974      0.506900
   1.982      0.505045
   1.989      0.503203
   1.996      0.501373
   2.004      0.499556
   2.011      0.497752
   2.018      0.495960
   2.026      0.494180
   2.033      0.492412
   2.040      0.490657
   2.048      0.488913
   2.055      0.487182
   2.062      0.485462
   2.070      0.483754
   2.077      0.482057
   2.084      0.480372
   2.091      0.478698
   2.099      0.477036
   2.106      0.475385
   2.113      0.473744
   2.121      0.472115
   2.128      0.470497
   2.135      0.468889
   2.143      0.467292
   2.150      0.465706
   2.157      0.464130
   2.165      0.462565
   2.172      0.461010
   2.179      0.459465
   2.187      0.457930
   2.194      0.456406
   2.201      0.454891
   2.208      0.453386
   2.216      0.451891
   2.223      0.450406
   2.230      0.448931
   2.238      0.447464
   2.245      0.446008
   2.252      0.444560
   2.260      0.443122
   2.267      0.441694
   2.274      0.440274
   2.282      0.438863
   2.289      0.437461
   2.296      0.436069
   2.304      0.434684
   2.311      0.433309
   2.318      0.431942
   2.325      0.430584
   2.333      0.429235
   2.340      0.427893
   2.347      0.426560
   2.355      0.425236
   2.362      0.423919
   2.369      0.422611
   2.377      0.421311
   2.384      0.420018
   2.391      0.418734
   2.399      0.417457
   2.406      0.416188
   2.413      0.414927
   2.421      0.413674
   2.428      0.412428
   2.435      0.411189
   2.442      0.409958
   2.450      0.408734
   2.457      0.407518
   2.464      0.406309
   2.472      0.405106
   2.479      0.403911
   2.486      0.402723
   2.494      0.401542
   2.501      0.400368
   2.508      0.399201
   2.516      0.398041
   2.523      0.396887
   2.530      0.395740
   2.538      0.394599
   2.545      0.393465
   2.552      0.392338
   2.559      0.391217
   2.567      0.390102
   2.574      0.388994
   2.581      0.387892
   2.589      0.386797
   2.596      0.385707
   2.603      0.384623
   2.611      0.383546
   2.618      0.382475
   2.625      0.381409
   2.633      0.380350
   2.640      0.379296
   2.647      0.378249
   2.655      0.377207
   2.662      0.376170
   2.669      0.375140
   2.676      0.374115
   2.684      0.373095
   2.691      0.372081
   2.698      0.371073
   2.706      0.370070
   2.713      0.369073
   2.720      0.368081
   2.728      0.367094
   2.735      0.366112
   2.742      0.365136
   2.750      0.364165
   2.757      0.363199
   2.764      0.362238
   2.772      0.361282
   2.779      0.360331
   2.786      0.359386
   2.793      0.358445
   2.801      0.357509
   2.808      0.356578
   2.815      0.355652
   2.823      0.354730
   2.830      0.353814
   2.837      0.352902
   2.845      0.351995
   2.852      0.351092
   2.859      0.350194
   2.867      0.349301
   2.874      0.348412
   2.881      0.347528
   2.889      0.346648
   2.896      0.345773
   2.903      0.344902
   2.910      0.344035
