   0.005      0.000183
   0.011      0.002109
   0.017      0.004036
   0.022      0.006027
   0.027      0.008028
   0.033      0.010032
   0.038      0.012037
   0.044      0.014043
   0.049      0.016050
   0.055      0.018057
   0.060      0.020065
   0.066      0.022074
   0.071      0.024083
   0.077      0.026093
   0.082      0.028104
   0.088      0.030115
   0.093      0.032128
   0.099      0.034141
   0.104      0.036155
   0.110      0.038171
   0.115      0.040187
   0.121      0.042205
   0.127      0.044224
   0.132      0.046244
   0.137      0.048266
   0.143      0.050289
   0.148      0.052314
   0.154      0.054340
   0.160      0.056368
   0.165      0.058397
   0.170      0.060428
   0.176      0.062461
   0.181      0.064496
   0.187      0.066532
   0.192      0.068571
   0.198      0.070611
   0.203      0.072654
   0.209      0.074699
   0.214      0.076746
   0.220      0.078795
   0.225      0.080847
   0.231      0.082901
   0.236      0.084957
   0.242      0.087016
   0.247      0.089077
   0.253      0.091142
   0.259      0.093208
   0.264      0.095278
   0.269      0.097350
   0.275      0.099425
   0.280      0.101504
   0.286      0.103585
   0.291      0.105669
   0.297      0.107756
   0.302      0.109847
   0.308      0.111941
   0.314      0.114038
   0.319      0.116138
   0.324      0.118242
   0.330      0.120349
   0.335      0.122460
   0.341      0.124575
   0.346      0.126693
   0.352      0.128815
   0.357      0.130940
   0.363      0.133070
   0.368      0.135203
   0.374      0.137341
   0.380      0.139482
   0.385      0.141628
   0.390      0.143777
   0.396      0.145931
   0.401      0.148089
   0.407      0.150252
   0.412      0.152419
   0.418      0.154590
   0.423      0.156766
   0.429      0.158947
   0.434      0.161132
   0.440      0.163322
   0.445      0.165516
   0.451      0.167716
   0.456      0.169920
   0.462      0.172129
   0.467      0.174343
   0.473      0.176562
   0.478      0.178787
   0.484      0.181016
   0.489      0.183251
   0.495      0.185491
   0.500      0.187736
   0.506      0.189987
   0.511      0.192244
   0.517      0.194505
   0.522      0.196773
   0.528      0.199046
   0.533      0.201324
   0.539      0.203609
   0.544      0.205899
   0.550      0.208195
   0.555      0.210497
   0.561      0.212805
   0.567      0.215119
   0.572      0.217439
   0.578      0.219765
   0.583      0.222097
   0.588      0.224436
   0.594      0.226780
   0.599      0.229132
   0.605      0.231489
   0.610      0.233853
   0.616      0.236223
   0.621      0.238600
   0.627      0.240984
   0.632      0.243374
   0.638      0.245771
   0.643      0.248174
   0.649      0.250584
   0.654      0.253001
   0.660      0.255425
   0.665      0.257856
   0.671      0.260294
   0.676      0.262739
   0.682      0.265190
   0.688      0.267649
   0.693      0.270115
   0.699      0.272588
   0.704      0.275068
   0.709      0.277555
   0.715      0.280050
   0.720      0.282552
   0.726      0.285061
   0.731      0.287578
   0.737      0.290101
   0.742      0.292633
   0.748      0.295171
   0.753      0.297718
   0.759      0.300271
   0.764      0.302832
   0.770      0.305401
   0.775      0.307977
   0.781      0.310561
   0.786      0.313152
   0.792      0.315751
   0.797      0.318358
   0.803      0.320972
   0.808      0.323594
   0.814      0.326224
   0.820      0.328861
   0.825      0.331506
   0.830      0.334159
   0.836      0.336819
   0.841      0.339488
   0.847      0.342163
   0.852      0.344847
   0.858      0.347538
   0.863      0.350237
   0.869      0.352944
   0.874      0.355658
   0.880      0.358381
   0.885      0.361110
   0.891      0.363848
   0.896      0.366593
   0.902      0.369346
   0.907      0.372106
   0.913      0.374875
   0.918      0.377650
   0.924      0.380433
   0.929      0.383224
   0.935      0.386023
   0.940      0.388828
   0.946      0.391642
   0.951      0.394462
   0.957      0.397291
   0.962      0.400126
   0.968      0.402969
   0.973      0.405819
   0.979      0.408676
   0.984      0.411540
   0.990      0.414412
   0.995      0.417291
   1.001      0.420176
   1.006      0.423069
   1.012      0.425968
   1.017      0.428874
   1.023      0.431787
   1.028      0.434707
   1.034      0.437633
   1.039      0.440566
   1.045      0.443505
   1.050      0.446451
   1.056      0.449403
   1.061      0.452361
   1.067      0.455326
   1.073      0.458296
   1.078      0.461272
   1.083      0.464254
   1.089      0.467242
   1.095      0.470235
   1.100      0.473234
   1.105      0.476239
   1.111      0.479248
   1.116      0.482263
   1.122      0.485283
   1.127      0.488308
   1.133      0.491338
   1.138      0.494372
   1.144      0.497411
   1.149      0.500454
   1.155      0.503501
   1.160      0.506553
   1.166      0.509609
   1.171      0.512668
   1.177      0.515731
   1.182      0.518798
   1.188      0.521868
   1.194      0.524941
   1.199      0.528017
   1.204      0.531096
   1.210      0.534178
   1.216      0.537262
   1.221      0.540349
   1.226      0.543438
   1.232      0.546528
   1.237      0.549621
   1.243      0.552715
   1.248      0.555810
   1.254      0.558907
   1.259      0.562004
   1.265      0.565103
   1.270      0.568202
   1.276      0.571301
   1.281      0.574400
   1.287      0.577500
   1.292      0.580599
   1.298      0.583697
   1.303      0.586795
   1.309      0.589891
   1.315      0.592987
   1.320      0.596081
   1.325      0.599173
   1.331      0.602263
   1.337      0.605351
   1.342      0.608436
   1.347      0.611519
   1.353      0.614599
   1.358      0.617676
   1.364      0.620749
   1.369      0.623818
   1.375      0.626883
   1.380      0.629944
   1.386      0.633000
   1.391      0.636051
   1.397      0.639098
   1.402      0.642138
   1.408      0.645173
   1.413      0.648202
   1.419      0.651225
   1.424      0.654241
   1.430      0.657250
   1.435      0.660252
   1.441      0.663246
   1.446      0.666233
   1.452      0.669211
   1.458      0.672181
   1.463      0.675142
   1.468      0.678094
   1.474      0.681037
   1.479      0.683970
   1.485      0.686893
   1.490      0.689806
   1.496      0.692708
   1.501      0.695599
   1.507      0.698479
   1.512      0.701347
   1.518      0.704203
   1.523      0.707047
   1.529      0.709879
   1.534      0.712697
   1.540      0.715502
   1.545      0.718294
   1.551      0.721071
   1.556      0.723835
   1.562      0.726583
   1.567      0.729317
   1.573      0.732035
   1.579      0.734738
   1.584      0.737425
   1.589      0.740096
   1.595      0.742750
   1.600      0.745387
   1.606      0.748006
   1.611      0.750608
   1.617      0.753193
   1.622      0.755758
   1.628      0.758306
   1.633      0.760834
   1.639      0.763343
   1.644      0.765832
   1.650      0.768301
   1.655      0.770750
   1.661      0.773179
   1.666      0.775586
   1.672      0.777973
   1.677      0.780337
   1.683      0.782680
   1.688      0.785001
   1.694      0.787298
   1.700      0.789574
   1.705      0.791826
   1.710      0.794054
   1.716      0.796259
   1.721      0.798439
   1.727      0.800595
   1.732      0.802727
   1.738      0.804833
   1.743      0.806915
   1.749      0.808970
   1.754      0.811000
   1.760      0.813004
   1.765      0.814981
   1.771      0.816932
   1.776      0.818855
   1.782      0.820751
   1.787      0.822620
   1.793      0.824461
   1.798      0.826274
   1.804      0.828059
   1.809      0.829815
   1.815      0.831543
   1.820      0.833241
   1.826      0.834910
   1.831      0.836550
   1.837      0.838160
   1.842      0.839740
   1.848      0.841290
   1.853      0.842810
   1.859      0.844299
   1.864      0.845757
   1.870      0.847184
   1.875      0.848581
   1.881      0.849946
   1.886      0.851279
   1.892      0.852581
   1.897      0.853851
   1.903      0.855089
   1.908      0.856295
   1.914      0.857468
   1.919      0.858609
   1.925      0.859718
   1.930      0.860794
   1.936      0.861837
   1.941      0.862847
   1.947      0.863824
   1.952      0.864768
   1.958      0.865678
   1.963      0.866555
   1.969      0.867399
   1.974      0.868209
   1.980      0.868986
   1.985      0.869729
   1.991      0.870438
   1.996      0.871114
   2.002      0.871755
   2.007      0.872363
   2.013      0.872937
   2.018      0.873477
   2.024      0.873983
   2.030      0.874455
   2.035      0.874893
   2.040      0.875297
   2.046      0.875667
   2.051      0.876003
   2.057      0.876305
   2.062      0.876573
   2.068      0.876808
   2.073      0.877008
   2.079      0.877175
   2.084      0.877307
   2.090      0.877407
   2.095      0.877472
   2.101      0.877504
   2.107      0.877502
   2.112      0.877467
   2.117      0.877399
   2.123      0.877297
   2.128      0.877162
   2.134      0.876994
   2.139      0.876793
   2.145      0.876559
   2.151      0.876293
   2.156      0.875994
   2.161      0.875662
   2.167      0.875299
   2.172      0.874903
   2.178      0.874475
   2.183      0.874015
   2.189      0.873523
   2.194      0.873000
   2.200      0.872445
   2.205      0.871860
   2.211      0.871243
   2.216      0.870595
   2.222      0.869917
   2.228      0.869208
   2.233      0.868469
   2.238      0.867700
   2.244      0.866901
   2.249      0.866072
   2.255      0.865214
   2.260      0.864327
   2.266      0.863411
   2.272      0.862465
   2.277      0.861492
   2.282      0.860490
   2.288      0.859459
   2.293      0.858401
   2.299      0.857316
   2.304      0.856203
   2.310      0.855062
   2.315      0.853895
   2.321      0.852702
   2.326      0.851481
   2.332      0.850235
   2.337      0.848963
   2.343      0.847665
   2.349      0.846342
   2.354      0.844994
   2.359      0.843621
   2.365      0.842223
   2.370      0.840801
   2.376      0.839355
   2.381      0.837885
   2.387      0.836392
   2.393      0.834876
   2.398      0.833336
   2.403      0.831774
   2.409      0.830190
   2.414      0.828583
   2.420      0.826954
   2.425      0.825304
   2.431      0.823633
   2.436      0.821941
   2.442      0.820228
   2.447      0.818494
   2.453      0.816740
   2.458      0.814966
   2.464      0.813173
   2.470      0.811360
   2.475      0.809529
   2.480      0.807678
   2.486      0.805809
   2.491      0.803921
   2.497      0.802016
   2.502      0.800092
   2.508      0.798152
   2.514      0.796194
   2.519      0.794219
   2.524      0.792227
   2.530      0.790219
   2.535      0.788195
   2.541      0.786155
   2.546      0.784100
   2.552      0.782029
   2.557      0.779942
   2.563      0.777841
   2.568      0.775726
   2.574      0.773596
   2.579      0.771452
   2.585      0.769294
   2.591      0.767122
   2.596      0.764937
   2.601      0.762739
   2.607      0.760528
   2.612      0.758305
   2.618      0.756069
   2.623      0.753820
   2.629      0.751560
   2.635      0.749288
   2.640      0.747005
   2.645      0.744710
   2.651      0.742404
   2.656      0.740088
   2.662      0.737760
   2.667      0.735423
   2.673      0.733075
   2.678      0.730717
   2.684      0.728350
   2.689      0.725973
   2.695      0.723586
   2.700      0.721191
   2.706      0.718787
   2.712      0.716373
   2.717      0.713952
   2.722      0.711522
   2.728      0.709084
   2.733      0.706638
   2.739      0.704184
   2.744      0.701723
   2.750      0.699254
   2.756      0.696778
   2.761      0.694295
   2.766      0.691806
   2.772      0.689309
   2.777      0.686807
   2.783      0.684298
   2.788      0.681783
   2.794      0.679262
   2.799      0.676735
   2.805      0.674203
   2.810      0.671666
   2.816      0.669123
   2.821      0.666575
   2.827      0.664023
   2.833      0.661466
   2.838      0.658904
   2.843      0.656338
   2.849      0.653768
   2.854      0.651194
   2.860      0.648616
   2.865      0.646034
   2.871      0.643449
   2.876      0.640860
   2.882      0.638268
   2.887      0.635674
   2.893      0.633076
   2.898      0.630475
   2.904      0.627872
   2.909      0.625266
   2.915      0.622658
   2.920      0.620048
   2.926      0.617435
   2.931      0.614821
   2.937      0.612205
   2.942      0.609587
   2.948      0.606968
   2.954      0.604348
   2.959      0.601726
   2.964      0.599103
   2.970      0.596479
   2.975      0.593855
   2.981      0.591229
   2.986      0.588603
   2.992      0.585977
   2.997      0.583351
   3.003      0.580724
   3.008      0.578097
   3.014      0.575470
   3.019      0.572843
   3.025      0.570217
   3.030      0.567591
   3.036      0.564966
   3.041      0.562341
   3.047      0.559717
   3.052      0.557094
   3.058      0.554472
   3.063      0.551851
   3.069      0.549231
   3.075      0.546612
   3.080      0.543995
   3.085      0.541380
   3.091      0.538766
   3.096      0.536154
   3.102      0.533543
   3.107      0.530935
   3.113      0.528329
   3.118      0.525725
   3.124      0.523123
   3.129      0.520523
   3.135      0.517926
   3.140      0.515332
   3.146      0.512740
   3.151      0.510151
   3.157      0.507564
   3.162      0.504981
   3.168      0.502401
   3.173      0.499823
   3.179      0.497249
   3.184      0.494678
   3.190      0.492111
   3.196      0.489547
   3.201      0.486987
   3.206      0.484430
   3.212      0.481877
   3.217      0.479327
   3.223      0.476782
   3.228      0.474241
   3.234      0.471703
   3.239      0.469170
   3.245      0.466641
   3.250      0.464116
   3.256      0.461595
   3.261      0.459079
   3.267      0.456567
   3.272      0.454060
   3.278      0.451558
   3.283      0.449060
   3.289      0.446567
   3.294      0.444079
   3.300      0.441596
   3.305      0.439118
   3.311      0.436644
   3.317      0.434176
   3.322      0.431713
   3.327      0.429256
   3.333      0.426803
   3.338      0.424356
   3.344      0.421915
   3.349      0.419479
   3.355      0.417048
   3.360      0.414624
   3.366      0.412204
   3.371      0.409791
   3.377      0.407383
   3.382      0.404981
   3.388      0.402585
   3.393      0.400195
   3.399      0.397811
   3.404      0.395433
   3.410      0.393062
   3.415      0.390696
   3.421      0.388337
   3.426      0.385983
   3.432      0.383637
   3.438      0.381296
   3.443      0.378962
   3.448      0.376634
   3.454      0.374313
   3.459      0.371999
   3.465      0.369691
   3.470      0.367389
   3.476      0.365095
   3.481      0.362807
   3.487      0.360526
   3.492      0.358251
   3.498      0.355984
   3.503      0.353723
   3.509      0.351469
   3.514      0.349223
   3.520      0.346983
   3.525      0.344750
   3.531      0.342525
   3.536      0.340306
   3.542      0.338095
   3.547      0.335891
   3.553      0.333694
   3.558      0.331504
   3.564      0.329322
   3.569      0.327147
   3.575      0.324979
   3.580      0.322819
   3.586      0.320666
   3.591      0.318520
   3.597      0.316382
   3.602      0.314252
   3.608      0.312129
   3.613      0.310013
   3.619      0.307905
   3.624      0.305805
   3.630      0.303712
   3.635      0.301627
   3.641      0.299550
   3.646      0.297481
   3.652      0.295419
   3.657      0.293365
   3.663      0.291318
   3.668      0.289280
   3.674      0.287249
   3.679      0.285226
   3.685      0.283211
   3.690      0.281204
   3.696      0.279205
   3.701      0.277213
   3.707      0.275230
   3.712      0.273255
   3.718      0.271287
   3.723      0.269327
   3.729      0.267376
   3.734      0.265432
   3.740      0.263497
   3.745      0.261569
   3.751      0.259650
   3.756      0.257739
   3.762      0.255835
   3.767      0.253940
   3.773      0.252053
   3.778      0.250174
   3.784      0.248303
   3.789      0.246441
   3.795      0.244586
   3.800      0.242740
   3.806      0.240902
   3.811      0.239071
   3.817      0.237250
   3.822      0.235436
   3.828      0.233630
   3.833      0.231833
   3.839      0.230044
   3.844      0.228263
   3.850      0.226490
   3.855      0.224726
   3.861      0.222970
   3.866      0.221222
   3.872      0.219482
   3.877      0.217750
   3.883      0.216027
   3.888      0.214312
   3.894      0.212605
   3.899      0.210907
   3.905      0.209216
   3.910      0.207534
   3.916      0.205860
   3.921      0.204195
   3.927      0.202537
   3.932      0.200888
   3.938      0.199248
   3.943      0.197615
   3.949      0.195991
   3.954      0.194374
   3.960      0.192766
   3.965      0.191167
   3.971      0.189575
   3.976      0.187992
   3.982      0.186417
   3.987      0.184850
   3.993      0.183292
   3.998      0.181741
   4.004      0.180199
   4.010      0.178665
   4.015      0.177140
   4.021      0.175622
   4.026      0.174113
   4.031      0.172611
   4.037      0.171118
   4.042      0.169633
   4.048      0.168156
   4.053      0.166688
   4.059      0.165227
   4.064      0.163775
   4.070      0.162330
   4.075      0.160894
   4.081      0.159466
   4.087      0.158046
   4.092      0.156634
   4.098      0.155230
   4.103      0.153834
   4.108      0.152446
   4.114      0.151067
   4.119      0.149695
   4.125      0.148331
   4.130      0.146975
   4.136      0.145627
   4.141      0.144287
   4.147      0.142955
   4.152      0.141631
   4.158      0.140315
   4.163      0.139007
   4.169      0.137707
   4.175      0.136414
   4.180      0.135130
   4.185      0.133853
   4.191      0.132584
   4.196      0.131323
   4.202      0.130070
   4.207      0.128824
   4.213      0.127586
   4.218      0.126356
   4.224      0.125134
   4.229      0.123919
   4.235      0.122713
   4.240      0.121513
   4.246      0.120322
   4.252      0.119138
   4.257      0.117962
   4.263      0.116793
   4.268      0.115632
   4.273      0.114479
   4.279      0.113333
   4.284      0.112194
   4.290      0.111063
   4.295      0.109940
   4.301      0.108824
   4.306      0.107715
   4.312      0.106614
   4.317      0.105521
   4.323      0.104435
   4.329      0.103356
   4.334      0.102284
   4.340      0.101220
   4.345      0.100163
   4.350      0.099114
   4.356      0.098071
   4.361      0.097036
   4.367      0.096008
   4.372      0.094988
   4.378      0.093974
   4.383      0.092968
   4.389      0.091969
   4.394      0.090977
   4.400      0.089992
   4.405      0.089014
   4.411      0.088043
   4.417      0.087079
   4.422      0.086122
   4.427      0.085173
   4.433      0.084230
   4.438      0.083294
   4.444      0.082365
   4.449      0.081442
   4.455      0.080527
   4.460      0.079618
   4.466      0.078717
   4.471      0.077822
   4.477      0.076934
   4.482      0.076052
   4.488      0.075177
   4.494      0.074309
   4.499      0.073448
   4.505      0.072593
   4.510      0.071745
   4.515      0.070904
   4.521      0.070069
   4.526      0.069240
   4.532      0.068418
   4.537      0.067603
   4.543      0.066794
   4.548      0.065991
   4.554      0.065195
   4.559      0.064405
   4.565      0.063621
   4.571      0.062844
   4.576      0.062073
   4.582      0.061309
   4.587      0.060550
   4.592      0.059798
   4.598      0.059052
   4.603      0.058313
   4.609      0.057579
   4.614      0.056851
   4.620      0.056130
   4.625      0.055415
   4.631      0.054705
   4.636      0.054002
   4.642      0.053305
   4.647      0.052613
   4.653      0.051928
   4.659      0.051248
   4.664      0.050574
   4.669      0.049907
   4.675      0.049244
   4.680      0.048588
   4.686      0.047938
   4.691      0.047293
   4.697      0.046654
   4.702      0.046020
   4.708      0.045393
   4.713      0.044771
   4.719      0.044154
   4.724      0.043543
   4.730      0.042938
   4.736      0.042338
   4.741      0.041743
   4.747      0.041154
   4.752      0.040571
   4.757      0.039993
   4.763      0.039420
   4.768      0.038852
   4.774      0.038290
   4.779      0.037734
   4.785      0.037182
   4.790      0.036636
   4.796      0.036095
   4.801      0.035559
   4.807      0.035028
   4.812      0.034502
   4.818      0.033982
   4.824      0.033466
   4.829      0.032956
   4.834      0.032450
   4.840      0.031950
   4.845      0.031454
   4.851      0.030964
   4.856      0.030478
   4.862      0.029997
   4.867      0.029521
   4.873      0.029050
   4.878      0.028584
   4.884      0.028122
   4.889      0.027665
   4.895      0.027213
   4.901      0.026766
   4.906      0.026323
   4.911      0.025884
   4.917      0.025451
   4.922      0.025022
   4.928      0.024597
   4.933      0.024177
   4.939      0.023762
   4.944      0.023351
   4.950      0.022944
   4.955      0.022542
   4.961      0.022144
   4.966      0.021751
   4.972      0.021361
   4.978      0.020977
   4.983      0.020596
   4.988      0.020220
   4.994      0.019847
   4.999      0.019480
   5.005      0.019116
   5.010      0.018756
   5.016      0.018400
   5.021      0.018049
   5.027      0.017702
   5.032      0.017358
   5.038      0.017019
   5.043      0.016683
   5.049      0.016352
   5.054      0.016024
   5.060      0.015700
   5.066      0.015381
   5.071      0.015064
   5.076      0.014752
   5.082      0.014444
   5.087      0.014139
   5.093      0.013838
   5.098      0.013541
   5.104      0.013247
   5.109      0.012958
   5.115      0.012671
   5.120      0.012389
   5.126      0.012110
   5.131      0.011834
   5.137      0.011562
   5.143      0.011293
   5.148      0.011028
   5.153      0.010767
   5.159      0.010509
   5.164      0.010254
   5.170      0.010002
   5.175      0.009754
   5.181      0.009510
   5.186      0.009268
   5.192      0.009030
   5.197      0.008795
   5.203      0.008563
   5.208      0.008335
   5.214      0.008109
   5.220      0.007887
   5.225      0.007668
   5.230      0.007451
   5.236      0.007238
   5.241      0.007028
   5.247      0.006821
   5.252      0.006617
   5.258      0.006416
   5.263      0.006218
   5.269      0.006023
   5.274      0.005830
   5.280      0.005641
   5.285      0.005454
   5.291      0.005270
   5.296      0.005089
   5.302      0.004911
   5.308      0.004735
   5.313      0.004562
   5.318      0.004392
   5.324      0.004224
   5.329      0.004059
   5.335      0.003897
   5.340      0.003737
   5.346      0.003579
   5.351      0.003425
   5.357      0.003272
   5.362      0.003123
   5.368      0.002975
   5.373      0.002830
   5.379      0.002688
   5.385      0.002548
   5.390      0.002410
   5.395      0.002275
   5.401      0.002141
   5.406      0.002010
   5.412      0.001882
   5.417      0.001755
   5.423      0.001631
   5.428      0.001509
   5.434      0.001389
   5.439      0.001271
   5.445      0.001155
   5.450      0.001041
   5.456      0.000929
   5.462      0.000819
   5.467      0.000711
   5.472      0.000605
   5.478      0.000500
   5.483      0.000398
   5.489      0.000296
   5.494      0.000196
   5.500      0.000098
   5.505      0.000000
