   0.004     -0.000137
   0.009      0.000069
   0.013      0.000275
   0.018      0.000618
   0.022      0.001099
   0.026      0.001717
   0.031      0.002472
   0.035      0.003365
   0.040      0.004394
   0.044      0.005560
   0.048      0.006862
   0.053      0.008301
   0.057      0.009875
   0.062      0.011586
   0.066      0.013432
   0.070      0.015414
   0.075      0.017530
   0.079      0.019781
   0.084      0.022167
   0.088      0.024686
   0.092      0.027338
   0.097      0.030124
   0.101      0.033042
   0.106      0.036093
   0.110      0.039274
   0.114      0.042587
   0.119      0.046031
   0.123      0.049604
   0.128      0.053307
   0.132      0.057138
   0.136      0.061097
   0.141      0.065184
   0.145      0.069398
   0.150      0.073737
   0.154      0.078202
   0.158      0.082791
   0.163      0.087504
   0.167      0.092340
   0.172      0.097297
   0.176      0.102376
   0.180      0.107575
   0.185      0.112894
   0.189      0.118330
   0.194      0.123885
   0.198      0.129555
   0.202      0.135341
   0.207      0.141242
   0.211      0.147255
   0.216      0.153381
   0.220      0.159618
   0.224      0.165965
   0.229      0.172420
   0.233      0.178983
   0.238      0.185653
   0.242      0.192427
   0.246      0.199306
   0.251      0.206286
   0.255      0.213368
   0.260      0.220550
   0.264      0.227830
   0.268      0.235207
   0.273      0.242679
   0.277      0.250246
   0.282      0.257905
   0.286      0.265656
   0.290      0.273496
   0.295      0.281424
   0.299      0.289438
   0.304      0.297538
   0.308      0.305721
   0.312      0.313985
   0.317      0.322329
   0.321      0.330751
   0.326      0.339250
   0.330      0.347824
   0.334      0.356471
   0.339      0.365189
   0.343      0.373976
   0.348      0.382831
   0.352      0.391752
   0.356      0.400737
   0.361      0.409784
   0.365      0.418891
   0.370      0.428056
   0.374      0.437277
   0.378      0.446554
   0.383      0.455882
   0.387      0.465261
   0.392      0.474689
   0.396      0.484163
   0.400      0.493681
   0.405      0.503242
   0.409      0.512844
   0.414      0.522484
   0.418      0.532160
   0.422      0.541871
   0.427      0.551614
   0.431      0.561388
   0.436      0.571189
   0.440      0.581017
   0.444      0.590868
   0.449      0.600742
   0.453      0.610636
   0.458      0.620547
   0.462      0.630474
   0.466      0.640415
   0.471      0.650368
   0.475      0.660330
   0.480      0.670300
   0.484      0.680275
   0.488      0.690253
   0.493      0.700233
   0.497      0.710213
   0.502      0.720190
   0.506      0.730162
   0.510      0.740128
   0.515      0.750085
   0.519      0.760031
   0.524      0.769966
   0.528      0.779885
   0.532      0.789789
   0.537      0.799675
   0.541      0.809540
   0.546      0.819384
   0.550      0.829204
   0.554      0.838999
   0.559      0.848766
   0.563      0.858505
   0.568      0.868213
   0.572      0.877889
   0.576      0.887531
   0.581      0.897137
   0.585      0.906706
   0.590      0.916236
   0.594      0.925726
   0.598      0.935175
   0.603      0.944580
   0.607      0.953940
   0.612      0.963255
   0.616      0.972522
   0.620      0.981740
   0.625      0.990908
   0.629      1.000025
   0.634      1.009089
   0.638      1.018099
   0.642      1.027055
   0.647      1.035955
   0.651      1.044798
   0.656      1.053582
   0.660      1.062308
   0.664      1.070973
   0.669      1.079578
   0.673      1.088121
   0.678      1.096601
   0.682      1.105018
   0.686      1.113370
   0.691      1.121658
   0.695      1.129880
   0.700      1.138035
   0.704      1.146124
   0.708      1.154145
   0.713      1.162099
   0.717      1.169983
   0.722      1.177799
   0.726      1.185546
   0.730      1.193222
   0.735      1.200829
   0.739      1.208365
   0.744      1.215830
   0.748      1.223224
   0.752      1.230547
   0.757      1.237799
   0.761      1.244979
   0.766      1.252087
   0.770      1.259123
   0.774      1.266087
   0.779      1.272979
   0.783      1.279799
   0.788      1.286547
   0.792      1.293223
   0.796      1.299827
   0.801      1.306359
   0.805      1.312819
   0.810      1.319207
   0.814      1.325524
   0.818      1.331769
   0.823      1.337942
   0.827      1.344044
   0.832      1.350076
   0.836      1.356036
   0.840      1.361925
   0.845      1.367744
   0.849      1.373493
   0.854      1.379172
   0.858      1.384781
   0.862      1.390321
   0.867      1.395791
   0.871      1.401192
   0.876      1.406525
   0.880      1.411788
   0.884      1.416984
   0.889      1.422112
   0.893      1.427172
   0.898      1.432165
   0.902      1.437091
   0.906      1.441949
   0.911      1.446742
   0.915      1.451468
   0.920      1.456127
   0.924      1.460722
   0.928      1.465250
   0.933      1.469714
   0.937      1.474112
   0.942      1.478445
   0.946      1.482714
   0.950      1.486919
   0.955      1.491060
   0.959      1.495136
   0.964      1.499150
   0.968      1.503099
   0.972      1.506986
   0.977      1.510809
   0.981      1.514570
   0.986      1.518267
   0.990      1.521903
   0.994      1.525476
   0.999      1.528986
   1.003      1.532435
   1.008      1.535822
   1.012      1.539147
   1.016      1.542410
   1.021      1.545612
   1.025      1.548752
   1.030      1.551831
   1.034      1.554849
   1.038      1.557806
   1.043      1.560701
   1.047      1.563536
   1.052      1.566309
   1.056      1.569022
   1.060      1.571674
   1.065      1.574266
   1.069      1.576796
   1.074      1.579266
   1.078      1.581676
   1.082      1.584025
   1.087      1.586313
   1.091      1.588542
   1.096      1.590709
   1.100      1.592817
   1.104      1.594864
   1.109      1.596851
   1.113      1.598777
   1.118      1.600644
   1.122      1.602450
   1.126      1.604196
   1.131      1.605882
   1.135      1.607508
   1.140      1.609074
   1.144      1.610579
   1.148      1.612025
   1.153      1.613411
   1.157      1.614737
   1.162      1.616004
   1.166      1.617210
   1.170      1.618357
   1.175      1.619444
   1.179      1.620472
   1.184      1.621440
   1.188      1.622348
   1.192      1.623197
   1.197      1.623987
   1.201      1.624717
   1.206      1.625388
   1.210      1.626001
   1.214      1.626554
   1.219      1.627048
   1.223      1.627483
   1.228      1.627860
   1.232      1.628178
   1.236      1.628438
   1.241      1.628639
   1.245      1.628782
   1.250      1.628866
   1.254      1.628893
   1.258      1.628862
   1.263      1.628773
   1.267      1.628627
   1.272      1.628423
   1.276      1.628162
   1.280      1.627844
   1.285      1.627469
   1.289      1.627037
   1.294      1.626549
   1.298      1.626004
   1.302      1.625403
   1.307      1.624745
   1.311      1.624033
   1.316      1.623264
   1.320      1.622440
   1.324      1.621561
   1.329      1.620626
   1.333      1.619637
   1.338      1.618594
   1.342      1.617496
   1.346      1.616344
   1.351      1.615138
   1.355      1.613878
   1.360      1.612565
   1.364      1.611199
   1.368      1.609779
   1.373      1.608308
   1.377      1.606783
   1.382      1.605207
   1.386      1.603579
   1.390      1.601899
   1.395      1.600168
   1.399      1.598386
   1.404      1.596553
   1.408      1.594669
   1.412      1.592735
   1.417      1.590752
   1.421      1.588718
   1.426      1.586636
   1.430      1.584504
   1.434      1.582323
   1.439      1.580094
   1.443      1.577817
   1.448      1.575492
   1.452      1.573120
   1.456      1.570700
   1.461      1.568234
   1.465      1.565721
   1.470      1.563161
   1.474      1.560556
   1.478      1.557905
   1.483      1.555209
   1.487      1.552468
   1.492      1.549682
   1.496      1.546852
   1.500      1.543978
   1.505      1.541061
   1.509      1.538100
   1.514      1.535097
   1.518      1.532050
   1.522      1.528962
   1.527      1.525832
   1.531      1.522660
   1.536      1.519447
   1.540      1.516193
   1.544      1.512899
   1.549      1.509565
   1.553      1.506191
   1.558      1.502777
   1.562      1.499325
   1.566      1.495834
   1.571      1.492305
   1.575      1.488738
   1.580      1.485133
   1.584      1.481491
   1.588      1.477813
   1.593      1.474098
   1.597      1.470347
   1.602      1.466560
   1.606      1.462738
   1.610      1.458882
   1.615      1.454990
   1.619      1.451065
   1.624      1.447106
   1.628      1.443113
   1.632      1.439087
   1.637      1.435029
   1.641      1.430939
   1.646      1.426817
   1.650      1.422663
   1.654      1.418478
   1.659      1.414263
   1.663      1.410017
   1.668      1.405741
   1.672      1.401436
   1.676      1.397102
   1.681      1.392739
   1.685      1.388348
   1.690      1.383929
   1.694      1.379482
   1.698      1.375008
   1.703      1.370508
   1.707      1.365981
   1.712      1.361428
   1.716      1.356849
   1.720      1.352245
   1.725      1.347617
   1.729      1.342964
   1.734      1.338287
   1.738      1.333586
   1.742      1.328863
   1.747      1.324116
   1.751      1.319347
   1.756      1.314556
   1.760      1.309743
   1.764      1.304909
   1.769      1.300054
   1.773      1.295179
   1.778      1.290283
   1.782      1.285368
   1.786      1.280434
   1.791      1.275480
   1.795      1.270508
   1.800      1.265518
   1.804      1.260510
   1.808      1.255485
   1.813      1.250443
   1.817      1.245384
   1.822      1.240309
   1.826      1.235218
   1.830      1.230112
   1.835      1.224990
   1.839      1.219854
   1.844      1.214704
   1.848      1.209540
   1.852      1.204362
   1.857      1.199171
   1.861      1.193967
   1.866      1.188751
   1.870      1.183523
   1.874      1.178283
   1.879      1.173031
   1.883      1.167769
   1.888      1.162497
   1.892      1.157214
   1.896      1.151921
   1.901      1.146619
   1.905      1.141307
   1.910      1.135987
   1.914      1.130659
   1.918      1.125322
   1.923      1.119978
   1.927      1.114627
   1.932      1.109268
   1.936      1.103903
   1.940      1.098532
   1.945      1.093155
   1.949      1.087772
   1.954      1.082385
   1.958      1.076992
   1.962      1.071595
   1.967      1.066193
   1.971      1.060788
   1.976      1.055379
   1.980      1.049968
   1.984      1.044553
   1.989      1.039136
   1.993      1.033716
   1.998      1.028295
   2.002      1.022873
   2.006      1.017449
   2.011      1.012024
   2.015      1.006599
   2.020      1.001174
   2.024      0.995748
   2.028      0.990323
   2.033      0.984899
   2.037      0.979476
   2.042      0.974054
   2.046      0.968634
   2.050      0.963216
   2.055      0.957800
   2.059      0.952387
   2.064      0.946977
   2.068      0.941570
   2.072      0.936166
   2.077      0.930766
   2.081      0.925370
   2.086      0.919978
   2.090      0.914591
   2.094      0.909209
   2.099      0.903832
   2.103      0.898460
   2.108      0.893094
   2.112      0.887734
   2.116      0.882381
   2.121      0.877034
   2.125      0.871694
   2.130      0.866360
   2.134      0.861035
   2.138      0.855716
   2.143      0.850406
   2.147      0.845104
   2.152      0.839810
   2.156      0.834524
   2.160      0.829248
   2.165      0.823980
   2.169      0.818722
   2.174      0.813474
   2.178      0.808235
   2.182      0.803006
   2.187      0.797788
   2.191      0.792580
   2.196      0.787383
   2.200      0.782197
   2.204      0.777021
   2.209      0.771857
   2.213      0.766705
   2.218      0.761564
   2.222      0.756436
   2.226      0.751319
   2.231      0.746216
   2.235      0.741124
   2.240      0.736046
   2.244      0.730981
   2.248      0.725929
   2.253      0.720890
   2.257      0.715866
   2.262      0.710855
   2.266      0.705858
   2.270      0.700875
   2.275      0.695907
   2.279      0.690953
   2.284      0.686014
   2.288      0.681090
   2.292      0.676181
   2.297      0.671287
   2.301      0.666409
   2.306      0.661546
   2.310      0.656699
   2.314      0.651868
   2.319      0.647053
   2.323      0.642255
   2.328      0.637472
   2.332      0.632707
   2.336      0.627958
   2.341      0.623225
   2.345      0.618510
   2.350      0.613812
   2.354      0.609131
   2.358      0.604467
   2.363      0.599821
   2.367      0.595193
   2.372      0.590582
   2.376      0.585989
   2.380      0.581415
   2.385      0.576858
   2.389      0.572320
   2.394      0.567800
   2.398      0.563298
   2.402      0.558815
   2.407      0.554351
   2.411      0.549906
   2.416      0.545479
   2.420      0.541072
   2.424      0.536683
   2.429      0.532314
   2.433      0.527964
   2.438      0.523634
   2.442      0.519323
   2.446      0.515031
   2.451      0.510759
   2.455      0.506507
   2.460      0.502275
   2.464      0.498062
   2.468      0.493870
   2.473      0.489698
   2.477      0.485545
   2.482      0.481413
   2.486      0.477301
   2.490      0.473210
   2.495      0.469138
   2.499      0.465088
   2.504      0.461057
   2.508      0.457048
   2.512      0.453058
   2.517      0.449090
   2.521      0.445142
   2.526      0.441215
   2.530      0.437309
   2.534      0.433423
   2.539      0.429559
   2.543      0.425715
   2.548      0.421892
   2.552      0.418090
   2.556      0.414310
   2.561      0.410550
   2.565      0.406811
   2.570      0.403094
   2.574      0.399397
   2.578      0.395722
   2.583      0.392068
   2.587      0.388435
   2.592      0.384824
   2.596      0.381233
   2.600      0.377664
   2.605      0.374116
   2.609      0.370590
   2.614      0.367084
   2.618      0.363600
   2.622      0.360137
   2.627      0.356696
   2.631      0.353276
   2.636      0.349877
   2.640      0.346499
   2.644      0.343143
   2.649      0.339807
   2.653      0.336494
   2.658      0.333201
   2.662      0.329930
   2.666      0.326680
   2.671      0.323451
   2.675      0.320243
   2.680      0.317057
   2.684      0.313891
   2.688      0.310747
   2.693      0.307624
   2.697      0.304522
   2.702      0.301442
   2.706      0.298382
   2.710      0.295343
   2.715      0.292326
   2.719      0.289329
   2.724      0.286353
   2.728      0.283398
   2.732      0.280464
   2.737      0.277551
   2.741      0.274659
   2.746      0.271787
   2.750      0.268936
   2.754      0.266106
   2.759      0.263297
   2.763      0.260508
   2.768      0.257740
   2.772      0.254992
   2.776      0.252264
   2.781      0.249558
   2.785      0.246871
   2.790      0.244205
   2.794      0.241559
   2.798      0.238933
   2.803      0.236327
   2.807      0.233742
   2.812      0.231176
   2.816      0.228631
   2.820      0.226105
   2.825      0.223600
   2.829      0.221114
   2.834      0.218648
   2.838      0.216201
   2.842      0.213774
   2.847      0.211367
   2.851      0.208979
   2.856      0.206611
   2.860      0.204262
   2.864      0.201932
   2.869      0.199622
   2.873      0.197331
   2.878      0.195059
   2.882      0.192805
   2.886      0.190571
   2.891      0.188356
   2.895      0.186159
   2.900      0.183981
   2.904      0.181822
   2.908      0.179682
   2.913      0.177560
   2.917      0.175456
   2.922      0.173371
   2.926      0.171303
   2.930      0.169255
   2.935      0.167224
   2.939      0.165211
   2.944      0.163216
   2.948      0.161239
   2.952      0.159280
   2.957      0.157338
   2.961      0.155415
   2.966      0.153508
   2.970      0.151619
   2.974      0.149748
   2.979      0.147894
   2.983      0.146056
   2.988      0.144236
   2.992      0.142433
   2.996      0.140647
   3.001      0.138878
   3.005      0.137126
   3.010      0.135390
   3.014      0.133671
   3.018      0.131968
   3.023      0.130282
   3.027      0.128612
   3.032      0.126958
   3.036      0.125320
   3.040      0.123699
   3.045      0.122093
   3.049      0.120503
   3.054      0.118929
   3.058      0.117370
   3.062      0.115828
   3.067      0.114300
   3.071      0.112788
   3.076      0.111292
   3.080      0.109810
   3.084      0.108344
   3.089      0.106892
   3.093      0.105456
   3.098      0.104034
   3.102      0.102627
   3.106      0.101235
   3.111      0.099857
   3.115      0.098494
   3.120      0.097145
   3.124      0.095811
   3.128      0.094490
   3.133      0.093184
   3.137      0.091891
   3.142      0.090613
   3.146      0.089348
   3.150      0.088097
   3.155      0.086860
   3.159      0.085636
   3.164      0.084425
   3.168      0.083228
   3.172      0.082044
   3.177      0.080873
   3.181      0.079715
   3.186      0.078570
   3.190      0.077438
   3.194      0.076319
   3.199      0.075212
   3.203      0.074118
   3.208      0.073037
   3.212      0.071967
   3.216      0.070910
   3.221      0.069865
   3.225      0.068833
   3.230      0.067812
   3.234      0.066803
   3.238      0.065806
   3.243      0.064821
   3.247      0.063847
   3.252      0.062885
   3.256      0.061934
   3.260      0.060994
   3.265      0.060066
   3.269      0.059149
   3.274      0.058243
   3.278      0.057348
   3.282      0.056464
   3.287      0.055591
   3.291      0.054728
   3.296      0.053876
   3.300      0.053034
   3.304      0.052203
   3.309      0.051382
   3.313      0.050572
   3.318      0.049772
   3.322      0.048981
   3.326      0.048201
   3.331      0.047430
   3.335      0.046670
   3.340      0.045919
   3.344      0.045178
   3.348      0.044446
   3.353      0.043723
   3.357      0.043011
   3.362      0.042307
   3.366      0.041612
   3.370      0.040927
   3.375      0.040251
   3.379      0.039583
   3.384      0.038925
   3.388      0.038275
   3.392      0.037634
   3.397      0.037001
   3.401      0.036377
   3.406      0.035761
   3.410      0.035154
   3.414      0.034555
   3.419      0.033964
   3.423      0.033382
   3.428      0.032807
   3.432      0.032240
   3.436      0.031682
   3.441      0.031130
   3.445      0.030587
   3.450      0.030051
   3.454      0.029523
   3.458      0.029002
   3.463      0.028489
   3.467      0.027983
   3.472      0.027484
   3.476      0.026993
   3.480      0.026508
   3.485      0.026031
   3.489      0.025560
   3.494      0.025096
   3.498      0.024639
   3.502      0.024189
   3.507      0.023746
   3.511      0.023308
   3.516      0.022878
   3.520      0.022454
   3.524      0.022036
   3.529      0.021625
   3.533      0.021219
   3.538      0.020820
   3.542      0.020427
   3.546      0.020040
   3.551      0.019659
   3.555      0.019284
   3.560      0.018914
   3.564      0.018550
   3.568      0.018192
   3.573      0.017840
   3.577      0.017493
   3.582      0.017151
   3.586      0.016815
   3.590      0.016484
   3.595      0.016159
   3.599      0.015839
   3.604      0.015524
   3.608      0.015213
   3.612      0.014908
   3.617      0.014608
   3.621      0.014313
   3.626      0.014023
   3.630      0.013737
   3.634      0.013456
   3.639      0.013180
   3.643      0.012909
   3.648      0.012641
   3.652      0.012379
   3.656      0.012121
   3.661      0.011867
   3.665      0.011617
   3.670      0.011372
   3.674      0.011131
   3.678      0.010894
   3.683      0.010662
   3.687      0.010433
   3.692      0.010208
   3.696      0.009987
   3.700      0.009770
   3.705      0.009557
   3.709      0.009348
   3.714      0.009142
   3.718      0.008940
   3.722      0.008742
   3.727      0.008547
   3.731      0.008356
   3.736      0.008168
   3.740      0.007983
   3.744      0.007802
   3.749      0.007625
   3.753      0.007450
   3.758      0.007279
   3.762      0.007111
   3.766      0.006946
   3.771      0.006785
   3.775      0.006626
   3.780      0.006470
   3.784      0.006318
   3.788      0.006168
   3.793      0.006021
   3.797      0.005877
   3.802      0.005736
   3.806      0.005597
   3.810      0.005461
   3.815      0.005328
   3.819      0.005198
   3.824      0.005070
   3.828      0.004944
   3.832      0.004821
   3.837      0.004701
   3.841      0.004583
   3.846      0.004467
   3.850      0.004354
   3.854      0.004243
   3.859      0.004134
   3.863      0.004028
   3.868      0.003924
   3.872      0.003822
   3.876      0.003722
   3.881      0.003624
   3.885      0.003529
   3.890      0.003435
   3.894      0.003343
   3.898      0.003253
   3.903      0.003166
   3.907      0.003080
   3.912      0.002996
   3.916      0.002914
   3.920      0.002833
   3.925      0.002755
   3.929      0.002678
   3.934      0.002603
   3.938      0.002530
   3.942      0.002458
   3.947      0.002388
   3.951      0.002319
   3.956      0.002252
   3.960      0.002187
   3.964      0.002123
   3.969      0.002061
   3.973      0.002000
   3.978      0.001940
   3.982      0.001882
   3.986      0.001825
   3.991      0.001770
   3.995      0.001716
   4.000      0.001663
   4.004      0.001612
   4.008      0.001562
   4.013      0.001513
   4.017      0.001465
   4.022      0.001419
   4.026      0.001373
   4.030      0.001329
   4.035      0.001286
   4.039      0.001244
   4.044      0.001203
   4.048      0.001163
   4.052      0.001125
   4.057      0.001087
   4.061      0.001050
   4.066      0.001014
   4.070      0.000979
   4.074      0.000945
   4.079      0.000912
   4.083      0.000880
   4.088      0.000849
   4.092      0.000819
   4.096      0.000789
   4.101      0.000761
   4.105      0.000733
   4.110      0.000706
   4.114      0.000679
   4.118      0.000654
   4.123      0.000629
   4.127      0.000605
   4.132      0.000581
   4.136      0.000559
   4.140      0.000537
   4.145      0.000515
   4.149      0.000495
   4.154      0.000475
   4.158      0.000455
   4.162      0.000436
   4.167      0.000418
   4.171      0.000400
   4.176      0.000383
   4.180      0.000367
   4.184      0.000351
   4.189      0.000335
   4.193      0.000320
   4.198      0.000306
   4.202      0.000292
   4.206      0.000278
   4.211      0.000265
   4.215      0.000252
   4.220      0.000240
   4.224      0.000228
   4.228      0.000217
   4.233      0.000206
   4.237      0.000196
   4.242      0.000185
   4.246      0.000176
   4.250      0.000166
   4.255      0.000157
   4.259      0.000148
   4.264      0.000140
   4.268      0.000132
   4.272      0.000124
   4.277      0.000117
   4.281      0.000110
   4.286      0.000103
   4.290      0.000096
   4.294      0.000090
   4.299      0.000084
   4.303      0.000078
   4.308      0.000073
   4.312      0.000067
   4.316      0.000062
   4.321      0.000058
   4.325      0.000053
   4.330      0.000049
   4.334      0.000044
   4.338      0.000041
   4.343      0.000037
   4.347      0.000033
   4.352      0.000030
   4.356      0.000027
   4.360      0.000023
   4.365      0.000021
   4.369      0.000018
   4.374      0.000015
   4.378      0.000013
   4.382      0.000010
   4.387      0.000008
   4.391      0.000006
   4.396      0.000004
   4.400      0.000002
   4.404      0.000000
