   0.000      1.240408
   0.006      1.240408
   0.012      1.240408
   0.018      1.240408
   0.023      1.240408
   0.029      1.240408
   0.035      1.240408
   0.041      1.240408
   0.047      1.240408
   0.053      1.240408
   0.059      1.240408
   0.064      1.240408
   0.070      1.240408
   0.076      1.240407
   0.082      1.240407
   0.088      1.240406
   0.094      1.240406
   0.099      1.240405
   0.105      1.240403
   0.111      1.240401
   0.117      1.240399
   0.123      1.240396
   0.129      1.240392
   0.135      1.240387
   0.140      1.240381
   0.146      1.240373
   0.152      1.240364
   0.158      1.240353
   0.164      1.240340
   0.170      1.240324
   0.176      1.240306
   0.181      1.240285
   0.187      1.240260
   0.193      1.240231
   0.199      1.240198
   0.205      1.240160
   0.211      1.240117
   0.216      1.240067
   0.222      1.240012
   0.228      1.239949
   0.234      1.239878
   0.240      1.239799
   0.246      1.239711
   0.252      1.239613
   0.257      1.239504
   0.263      1.239384
   0.269      1.239252
   0.275      1.239107
   0.281      1.238948
   0.287      1.238774
   0.293      1.238584
   0.298      1.238378
   0.304      1.238155
   0.310      1.237913
   0.316      1.237652
   0.322      1.237370
   0.328      1.237067
   0.333      1.236742
   0.339      1.236394
   0.345      1.236022
   0.351      1.235624
   0.357      1.235201
   0.363      1.234750
   0.369      1.234272
   0.374      1.233765
   0.380      1.233228
   0.386      1.232660
   0.392      1.232061
   0.398      1.231429
   0.404      1.230764
   0.410      1.230065
   0.415      1.229331
   0.421      1.228561
   0.427      1.227755
   0.433      1.226911
   0.439      1.226030
   0.445      1.225110
   0.450      1.224151
   0.456      1.223152
   0.462      1.222112
   0.468      1.221031
   0.474      1.219909
   0.480      1.218744
   0.486      1.217537
   0.491      1.216286
   0.497      1.214992
   0.503      1.213653
   0.509      1.212271
   0.515      1.210843
   0.521      1.209370
   0.527      1.207852
   0.532      1.206287
   0.538      1.204677
   0.544      1.203021
   0.550      1.201318
   0.556      1.199568
   0.562      1.197771
   0.567      1.195928
   0.573      1.194037
   0.579      1.192099
   0.585      1.190114
   0.591      1.188082
   0.597      1.186003
   0.603      1.183877
   0.608      1.181704
   0.614      1.179484
   0.620      1.177217
   0.626      1.174903
   0.632      1.172544
   0.638      1.170138
   0.644      1.167686
   0.649      1.165188
   0.655      1.162645
   0.661      1.160057
   0.667      1.157425
   0.673      1.154748
   0.679      1.152028
   0.684      1.149264
   0.690      1.146458
   0.696      1.143609
   0.702      1.140718
   0.708      1.137785
   0.714      1.134813
   0.720      1.131799
   0.725      1.128747
   0.731      1.125655
   0.737      1.122526
   0.743      1.119358
   0.749      1.116154
   0.755      1.112914
   0.761      1.109639
   0.766      1.106328
   0.772      1.102984
   0.778      1.099607
   0.784      1.096198
   0.790      1.092757
   0.796      1.089285
   0.801      1.085784
   0.807      1.082254
   0.813      1.078696
   0.819      1.075110
   0.825      1.071498
   0.831      1.067861
   0.837      1.064199
   0.842      1.060514
   0.848      1.056806
   0.854      1.053076
   0.860      1.049325
   0.866      1.045554
   0.872      1.041765
   0.878      1.037957
   0.883      1.034132
   0.889      1.030290
   0.895      1.026433
   0.901      1.022562
   0.907      1.018677
   0.913      1.014780
   0.918      1.010871
   0.924      1.006951
   0.930      1.003021
   0.936      0.999083
   0.942      0.995136
   0.948      0.991182
   0.954      0.987221
   0.959      0.983255
   0.965      0.979285
   0.971      0.975310
   0.977      0.971333
   0.983      0.967353
   0.989      0.963372
   0.995      0.959390
   1.000      0.955409
   1.006      0.951429
   1.012      0.947450
   1.018      0.943474
   1.024      0.939501
   1.030      0.935533
   1.035      0.931568
   1.041      0.927609
   1.047      0.923657
   1.053      0.919711
   1.059      0.915772
   1.065      0.911841
   1.071      0.907919
   1.076      0.904006
   1.082      0.900102
   1.088      0.896209
   1.094      0.892327
   1.100      0.888456
   1.106      0.884598
   1.112      0.880751
   1.117      0.876918
   1.123      0.873098
   1.129      0.869292
   1.135      0.865500
   1.141      0.861723
   1.147      0.857960
   1.152      0.854214
   1.158      0.850483
   1.164      0.846769
   1.170      0.843071
   1.176      0.839390
   1.182      0.835726
   1.188      0.832080
   1.193      0.828451
   1.199      0.824841
   1.205      0.821249
   1.211      0.817676
   1.217      0.814121
   1.223      0.810586
   1.229      0.807069
   1.234      0.803572
   1.240      0.800095
   1.246      0.796637
   1.252      0.793200
   1.258      0.789782
   1.264      0.786384
   1.269      0.783007
   1.275      0.779650
   1.281      0.776314
   1.287      0.772998
   1.293      0.769703
   1.299      0.766429
   1.305      0.763175
   1.310      0.759942
   1.316      0.756730
   1.322      0.753538
   1.328      0.750368
   1.334      0.747218
   1.340      0.744090
   1.346      0.740982
   1.351      0.737895
   1.357      0.734828
   1.363      0.731783
   1.369      0.728758
   1.375      0.725754
   1.381      0.722771
   1.386      0.719808
   1.392      0.716866
   1.398      0.713944
   1.404      0.711042
   1.410      0.708161
   1.416      0.705300
   1.422      0.702459
   1.427      0.699638
   1.433      0.696837
   1.439      0.694056
   1.445      0.691295
   1.451      0.688553
   1.457      0.685831
   1.463      0.683128
   1.468      0.680445
   1.474      0.677780
   1.480      0.675135
   1.486      0.672509
   1.492      0.669901
   1.498      0.667312
   1.504      0.664742
   1.509      0.662189
   1.515      0.659656
   1.521      0.657140
   1.527      0.654642
   1.533      0.652162
   1.539      0.649700
   1.544      0.647256
   1.550      0.644829
   1.556      0.642419
   1.562      0.640026
   1.568      0.637650
   1.574      0.635292
   1.580      0.632949
   1.585      0.630624
   1.591      0.628315
   1.597      0.626022
   1.603      0.623745
   1.609      0.621485
   1.615      0.619240
   1.621      0.617011
   1.626      0.614798
   1.632      0.612600
   1.638      0.610417
   1.644      0.608250
   1.650      0.606097
   1.656      0.603960
   1.661      0.601837
   1.667      0.599729
   1.673      0.597635
   1.679      0.595556
   1.685      0.593491
   1.691      0.591439
   1.697      0.589402
   1.702      0.587379
   1.708      0.585370
   1.714      0.583374
   1.720      0.581391
   1.726      0.579422
   1.732      0.577466
   1.738      0.575523
   1.743      0.573593
   1.749      0.571675
   1.755      0.569771
   1.761      0.567879
   1.767      0.565999
   1.773      0.564132
   1.778      0.562277
   1.784      0.560434
   1.790      0.558603
   1.796      0.556784
   1.802      0.554977
   1.808      0.553181
   1.814      0.551397
   1.819      0.549625
   1.825      0.547863
   1.831      0.546113
   1.837      0.544374
   1.843      0.542646
   1.849      0.540929
   1.855      0.539223
   1.860      0.537528
   1.866      0.535843
   1.872      0.534168
   1.878      0.532505
   1.884      0.530851
   1.890      0.529207
   1.895      0.527574
   1.901      0.525951
   1.907      0.524338
   1.913      0.522734
   1.919      0.521141
   1.925      0.519557
   1.931      0.517982
   1.936      0.516418
   1.942      0.514862
   1.948      0.513316
   1.954      0.511779
   1.960      0.510251
   1.966      0.508733
   1.972      0.507223
   1.977      0.505723
   1.983      0.504231
   1.989      0.502748
   1.995      0.501274
   2.001      0.499808
   2.007      0.498351
   2.012      0.496902
   2.018      0.495462
   2.024      0.494030
   2.030      0.492606
   2.036      0.491191
   2.042      0.489783
   2.048      0.488384
   2.053      0.486992
   2.059      0.485609
   2.065      0.484233
   2.071      0.482865
   2.077      0.481505
   2.083      0.480153
   2.089      0.478808
   2.094      0.477470
   2.100      0.476140
   2.106      0.474818
   2.112      0.473502
   2.118      0.472194
   2.124      0.470893
   2.129      0.469600
   2.135      0.468313
   2.141      0.467034
   2.147      0.465761
   2.153      0.464495
   2.159      0.463237
   2.165      0.461985
   2.170      0.460739
   2.176      0.459501
   2.182      0.458269
   2.188      0.457044
   2.194      0.455825
   2.200      0.454613
   2.206      0.453407
   2.211      0.452207
   2.217      0.451014
   2.223      0.449827
   2.229      0.448646
   2.235      0.447472
   2.241      0.446304
   2.246      0.445141
   2.252      0.443985
   2.258      0.442835
   2.264      0.441691
   2.270      0.440552
   2.276      0.439420
   2.282      0.438293
   2.287      0.437172
   2.293      0.436057
   2.299      0.434947
   2.305      0.433843
   2.311      0.432745
   2.317      0.431652
   2.323      0.430565
   2.328      0.429483
