   0.000     -4.961929
   0.006     -4.967985
   0.012     -4.975306
   0.018     -4.985513
   0.023     -4.998312
   0.029     -5.013763
   0.035     -5.031933
   0.041     -5.052856
   0.047     -5.076609
   0.053     -5.103225
   0.059     -5.132758
   0.064     -5.165197
   0.070     -5.200559
   0.076     -5.238804
   0.082     -5.279899
   0.088     -5.323764
   0.094     -5.370315
   0.099     -5.419438
   0.105     -5.471000
   0.111     -5.524849
   0.117     -5.580798
   0.123     -5.638660
   0.129     -5.698207
   0.135     -5.759206
   0.140     -5.821387
   0.146     -5.884481
   0.152     -5.948178
   0.158     -6.012174
   0.164     -6.076132
   0.170     -6.139702
   0.176     -6.202530
   0.181     -6.264234
   0.187     -6.324444
   0.193     -6.382759
   0.199     -6.438785
   0.205     -6.492125
   0.211     -6.542376
   0.216     -6.589137
   0.222     -6.632020
   0.228     -6.670632
   0.234     -6.704602
   0.240     -6.733567
   0.246     -6.757175
   0.252     -6.775101
   0.257     -6.787040
   0.263     -6.792705
   0.269     -6.791848
   0.275     -6.784233
   0.281     -6.769667
   0.287     -6.747987
   0.293     -6.719058
   0.298     -6.682794
   0.304     -6.639133
   0.310     -6.588061
   0.316     -6.529603
   0.322     -6.463822
   0.328     -6.390828
   0.333     -6.310770
   0.339     -6.223843
   0.345     -6.130284
   0.351     -6.030370
   0.357     -5.924424
   0.363     -5.812805
   0.369     -5.695911
   0.374     -5.574176
   0.380     -5.448062
   0.386     -5.318065
   0.392     -5.184698
   0.398     -5.048501
   0.404     -4.910044
   0.410     -4.769893
   0.415     -4.628577
   0.421     -4.486655
   0.427     -4.344710
   0.433     -4.203279
   0.439     -4.062887
   0.445     -3.924037
   0.450     -3.787204
   0.456     -3.652831
   0.462     -3.521321
   0.468     -3.393040
   0.474     -3.268308
   0.480     -3.147404
   0.486     -3.030556
   0.491     -2.917948
   0.497     -2.809717
   0.503     -2.705952
   0.509     -2.606701
   0.515     -2.511964
   0.521     -2.421706
   0.527     -2.335857
   0.532     -2.254307
   0.538     -2.176929
   0.544     -2.103556
   0.550     -2.034020
   0.556     -1.968118
   0.562     -1.905651
   0.567     -1.846404
   0.573     -1.790161
   0.579     -1.736707
   0.585     -1.685827
   0.591     -1.637320
   0.597     -1.590982
   0.603     -1.546629
   0.608     -1.504089
   0.614     -1.463195
   0.620     -1.423803
   0.626     -1.385777
   0.632     -1.348998
   0.638     -1.313363
   0.644     -1.278777
   0.649     -1.245160
   0.655     -1.212446
   0.661     -1.180578
   0.667     -1.149503
   0.673     -1.119187
   0.679     -1.089594
   0.684     -1.060696
   0.690     -1.032475
   0.696     -1.004913
   0.702     -0.977991
   0.708     -0.951705
   0.714     -0.926038
   0.720     -0.900982
   0.725     -0.876533
   0.731     -0.852679
   0.737     -0.829414
   0.743     -0.806729
   0.749     -0.784616
   0.755     -0.763067
   0.761     -0.742073
   0.766     -0.721623
   0.772     -0.701708
   0.778     -0.682317
   0.784     -0.663440
   0.790     -0.645065
   0.796     -0.627182
   0.801     -0.609779
   0.807     -0.592845
   0.813     -0.576367
   0.819     -0.560335
   0.825     -0.544737
   0.831     -0.529563
   0.837     -0.514800
   0.842     -0.500438
   0.848     -0.486465
   0.854     -0.472873
   0.860     -0.459651
   0.866     -0.446788
   0.872     -0.434276
   0.878     -0.422104
   0.883     -0.410262
   0.889     -0.398743
   0.895     -0.387537
   0.901     -0.376635
   0.907     -0.366030
   0.913     -0.355712
   0.918     -0.345675
   0.924     -0.335911
   0.930     -0.326412
   0.936     -0.317171
   0.942     -0.308181
   0.948     -0.299436
   0.954     -0.290928
   0.959     -0.282651
   0.965     -0.274599
   0.971     -0.266766
   0.977     -0.259147
   0.983     -0.251734
   0.989     -0.244524
   0.995     -0.237509
   1.000     -0.230686
   1.006     -0.224049
   1.012     -0.217592
   1.018     -0.211312
   1.024     -0.205203
   1.030     -0.199261
   1.035     -0.193481
   1.041     -0.187859
   1.047     -0.182390
   1.053     -0.177072
   1.059     -0.171899
   1.065     -0.166868
   1.071     -0.161975
   1.076     -0.157216
   1.082     -0.152588
   1.088     -0.148087
   1.094     -0.143710
   1.100     -0.139453
   1.106     -0.135314
   1.112     -0.131289
   1.117     -0.127376
   1.123     -0.123570
   1.129     -0.119870
   1.135     -0.116273
   1.141     -0.112775
   1.147     -0.109374
   1.152     -0.106069
   1.158     -0.102855
   1.164     -0.099730
   1.170     -0.096694
   1.176     -0.093741
   1.182     -0.090872
   1.188     -0.088083
   1.193     -0.085373
   1.199     -0.082738
   1.205     -0.080178
   1.211     -0.077690
   1.217     -0.075273
   1.223     -0.072924
   1.229     -0.070641
   1.234     -0.068424
   1.240     -0.066269
   1.246     -0.064176
   1.252     -0.062143
   1.258     -0.060168
   1.264     -0.058249
   1.269     -0.056386
   1.275     -0.054576
   1.281     -0.052819
   1.287     -0.051112
   1.293     -0.049455
   1.299     -0.047846
   1.305     -0.046284
   1.310     -0.044767
   1.316     -0.043295
   1.322     -0.041866
   1.328     -0.040479
   1.334     -0.039133
   1.340     -0.037826
   1.346     -0.036558
   1.351     -0.035328
   1.357     -0.034135
   1.363     -0.032977
   1.369     -0.031853
   1.375     -0.030764
   1.381     -0.029707
   1.386     -0.028682
   1.392     -0.027688
   1.398     -0.026725
   1.404     -0.025790
   1.410     -0.024884
   1.416     -0.024006
   1.422     -0.023155
   1.427     -0.022331
   1.433     -0.021531
   1.439     -0.020757
   1.445     -0.020007
   1.451     -0.019280
   1.457     -0.018576
   1.463     -0.017894
   1.468     -0.017234
   1.474     -0.016594
   1.480     -0.015975
   1.486     -0.015376
   1.492     -0.014796
   1.498     -0.014235
   1.504     -0.013692
   1.509     -0.013166
   1.515     -0.012658
   1.521     -0.012166
   1.527     -0.011691
   1.533     -0.011231
   1.539     -0.010786
   1.544     -0.010356
   1.550     -0.009941
   1.556     -0.009540
   1.562     -0.009152
   1.568     -0.008777
   1.574     -0.008415
   1.580     -0.008066
   1.585     -0.007729
   1.591     -0.007403
   1.597     -0.007088
   1.603     -0.006785
   1.609     -0.006492
   1.615     -0.006210
   1.621     -0.005938
   1.626     -0.005675
   1.632     -0.005422
   1.638     -0.005178
   1.644     -0.004943
   1.650     -0.004716
   1.656     -0.004498
   1.661     -0.004288
   1.667     -0.004086
   1.673     -0.003891
   1.679     -0.003704
   1.685     -0.003523
   1.691     -0.003350
   1.697     -0.003183
   1.702     -0.003023
   1.708     -0.002869
   1.714     -0.002721
   1.720     -0.002579
   1.726     -0.002443
   1.732     -0.002312
   1.738     -0.002186
   1.743     -0.002065
   1.749     -0.001950
   1.755     -0.001839
   1.761     -0.001733
   1.767     -0.001631
   1.773     -0.001533
   1.778     -0.001440
   1.784     -0.001351
   1.790     -0.001265
   1.796     -0.001183
   1.802     -0.001105
   1.808     -0.001031
   1.814     -0.000959
   1.819     -0.000891
   1.825     -0.000826
   1.831     -0.000764
   1.837     -0.000705
   1.843     -0.000649
   1.849     -0.000595
   1.855     -0.000544
   1.860     -0.000496
   1.866     -0.000449
   1.872     -0.000405
   1.878     -0.000364
   1.884     -0.000324
   1.890     -0.000286
   1.895     -0.000251
   1.901     -0.000217
   1.907     -0.000185
   1.913     -0.000154
   1.919     -0.000126
   1.925     -0.000098
   1.931     -0.000073
   1.936     -0.000049
   1.942     -0.000026
   1.948     -0.000004
   1.954      0.000016
   1.960      0.000035
   1.966      0.000053
   1.972      0.000070
   1.977      0.000086
   1.983      0.000101
   1.989      0.000114
   1.995      0.000127
   2.001      0.000140
   2.007      0.000151
   2.012      0.000161
   2.018      0.000171
   2.024      0.000180
   2.030      0.000189
   2.036      0.000197
   2.042      0.000204
   2.048      0.000211
   2.053      0.000217
   2.059      0.000223
   2.065      0.000228
   2.071      0.000233
   2.077      0.000237
   2.083      0.000242
   2.089      0.000245
   2.094      0.000249
   2.100      0.000252
   2.106      0.000254
   2.112      0.000257
   2.118      0.000259
   2.124      0.000261
   2.129      0.000263
   2.135      0.000264
   2.141      0.000265
   2.147      0.000266
   2.153      0.000267
   2.159      0.000268
   2.165      0.000269
   2.170      0.000269
   2.176      0.000269
   2.182      0.000270
   2.188      0.000270
   2.194      0.000270
   2.200      0.000270
   2.206      0.000269
   2.211      0.000269
   2.217      0.000269
   2.223      0.000269
   2.229      0.000268
   2.235      0.000268
   2.241      0.000267
   2.246      0.000267
   2.252      0.000266
   2.258      0.000265
   2.264      0.000265
   2.270      0.000264
   2.276      0.000264
   2.282      0.000263
   2.287      0.000262
   2.293      0.000262
   2.299      0.000261
   2.305      0.000260
   2.311      0.000260
   2.317      0.000259
   2.323      0.000258
   2.328      0.000258
