   0.000      1.527118
   0.006      1.527118
   0.012      1.527118
   0.018      1.527117
   0.023      1.527115
   0.029      1.527109
   0.035      1.527099
   0.041      1.527083
   0.047      1.527057
   0.053      1.527021
   0.059      1.526970
   0.064      1.526903
   0.070      1.526814
   0.076      1.526702
   0.082      1.526561
   0.088      1.526388
   0.094      1.526179
   0.099      1.525929
   0.105      1.525634
   0.111      1.525290
   0.117      1.524892
   0.123      1.524436
   0.129      1.523917
   0.135      1.523331
   0.140      1.522673
   0.146      1.521940
   0.152      1.521129
   0.158      1.520234
   0.164      1.519253
   0.170      1.518182
   0.176      1.517019
   0.181      1.515762
   0.187      1.514407
   0.193      1.512954
   0.199      1.511400
   0.205      1.509744
   0.211      1.507986
   0.216      1.506126
   0.222      1.504162
   0.228      1.502096
   0.234      1.499928
   0.240      1.497658
   0.246      1.495289
   0.252      1.492820
   0.257      1.490255
   0.263      1.487594
   0.269      1.484840
   0.275      1.481994
   0.281      1.479059
   0.287      1.476038
   0.293      1.472932
   0.298      1.469744
   0.304      1.466477
   0.310      1.463132
   0.316      1.459713
   0.322      1.456222
   0.328      1.452661
   0.333      1.449032
   0.339      1.445338
   0.345      1.441581
   0.351      1.437764
   0.357      1.433887
   0.363      1.429954
   0.369      1.425967
   0.374      1.421927
   0.380      1.417836
   0.386      1.413696
   0.392      1.409509
   0.398      1.405277
   0.404      1.401001
   0.410      1.396683
   0.415      1.392325
   0.421      1.387928
   0.427      1.383494
   0.433      1.379024
   0.439      1.374520
   0.445      1.369984
   0.450      1.365417
   0.456      1.360820
   0.462      1.356195
   0.468      1.351543
   0.474      1.346866
   0.480      1.342164
   0.486      1.337440
   0.491      1.332694
   0.497      1.327928
   0.503      1.323143
   0.509      1.318340
   0.515      1.313521
   0.521      1.308686
   0.527      1.303837
   0.532      1.298975
   0.538      1.294102
   0.544      1.289217
   0.550      1.284322
   0.556      1.279419
   0.562      1.274507
   0.567      1.269589
   0.573      1.264665
   0.579      1.259736
   0.585      1.254803
   0.591      1.249867
   0.597      1.244929
   0.603      1.239989
   0.608      1.235049
   0.614      1.230109
   0.620      1.225170
   0.626      1.220232
   0.632      1.215297
   0.638      1.210366
   0.644      1.205438
   0.649      1.200515
   0.655      1.195597
   0.661      1.190685
   0.667      1.185779
   0.673      1.180881
   0.679      1.175990
   0.684      1.171108
   0.690      1.166234
   0.696      1.161370
   0.702      1.156515
   0.708      1.151671
   0.714      1.146837
   0.720      1.142015
   0.725      1.137205
   0.731      1.132407
   0.737      1.127621
   0.743      1.122848
   0.749      1.118089
   0.755      1.113344
   0.761      1.108612
   0.766      1.103895
   0.772      1.099193
   0.778      1.094506
   0.784      1.089834
   0.790      1.085178
   0.796      1.080538
   0.801      1.075915
   0.807      1.071307
   0.813      1.066717
   0.819      1.062144
   0.825      1.057588
   0.831      1.053049
   0.837      1.048528
   0.842      1.044025
   0.848      1.039540
   0.854      1.035074
   0.860      1.030625
   0.866      1.026196
   0.872      1.021785
   0.878      1.017393
   0.883      1.013020
   0.889      1.008666
   0.895      1.004332
   0.901      1.000017
   0.907      0.995722
   0.913      0.991446
   0.918      0.987190
   0.924      0.982953
   0.930      0.978737
   0.936      0.974540
   0.942      0.970364
   0.948      0.966207
   0.954      0.962071
   0.959      0.957955
   0.965      0.953860
   0.971      0.949784
   0.977      0.945729
   0.983      0.941694
   0.989      0.937680
   0.995      0.933686
   1.000      0.929713
   1.006      0.925759
   1.012      0.921827
   1.018      0.917915
   1.024      0.914023
   1.030      0.910152
   1.035      0.906301
   1.041      0.902471
   1.047      0.898661
   1.053      0.894872
   1.059      0.891103
   1.065      0.887354
   1.071      0.883626
   1.076      0.879918
   1.082      0.876230
   1.088      0.872562
   1.094      0.868915
   1.100      0.865288
   1.106      0.861681
   1.112      0.858094
   1.117      0.854528
   1.123      0.850981
   1.129      0.847454
   1.135      0.843947
   1.141      0.840460
   1.147      0.836992
   1.152      0.833545
   1.158      0.830117
   1.164      0.826708
   1.170      0.823319
   1.176      0.819950
   1.182      0.816600
   1.188      0.813269
   1.193      0.809958
   1.199      0.806666
   1.205      0.803393
   1.211      0.800139
   1.217      0.796903
   1.223      0.793687
   1.229      0.790490
   1.234      0.787311
   1.240      0.784151
   1.246      0.781010
   1.252      0.777887
   1.258      0.774782
   1.264      0.771696
   1.269      0.768628
   1.275      0.765578
   1.281      0.762547
   1.287      0.759533
   1.293      0.756537
   1.299      0.753559
   1.305      0.750599
   1.310      0.747656
   1.316      0.744731
   1.322      0.741824
   1.328      0.738934
   1.334      0.736061
   1.340      0.733205
   1.346      0.730367
   1.351      0.727545
   1.357      0.724741
   1.363      0.721953
   1.369      0.719182
   1.375      0.716428
   1.381      0.713690
   1.386      0.710969
   1.392      0.708264
   1.398      0.705576
   1.404      0.702903
   1.410      0.700247
   1.416      0.697607
   1.422      0.694983
   1.427      0.692374
   1.433      0.689782
   1.439      0.687205
   1.445      0.684644
   1.451      0.682098
   1.457      0.679567
   1.463      0.677052
   1.468      0.674552
   1.474      0.672067
   1.480      0.669597
   1.486      0.667142
   1.492      0.664702
   1.498      0.662277
   1.504      0.659866
   1.509      0.657470
   1.515      0.655089
   1.521      0.652722
   1.527      0.650369
   1.533      0.648030
   1.539      0.645706
   1.544      0.643395
   1.550      0.641099
   1.556      0.638816
   1.562      0.636547
   1.568      0.634292
   1.574      0.632050
   1.580      0.629822
   1.585      0.627608
   1.591      0.625407
   1.597      0.623219
   1.603      0.621044
   1.609      0.618882
   1.615      0.616733
   1.621      0.614597
   1.626      0.612474
   1.632      0.610364
   1.638      0.608266
   1.644      0.606181
   1.650      0.604109
   1.656      0.602049
   1.661      0.600001
   1.667      0.597966
   1.673      0.595942
   1.679      0.593931
   1.685      0.591932
   1.691      0.589945
   1.697      0.587969
   1.702      0.586005
   1.708      0.584053
   1.714      0.582113
   1.720      0.580184
   1.726      0.578267
   1.732      0.576361
   1.738      0.574466
   1.743      0.572583
   1.749      0.570710
   1.755      0.568849
   1.761      0.566999
   1.767      0.565160
   1.773      0.563331
   1.778      0.561513
   1.784      0.559706
   1.790      0.557910
   1.796      0.556124
   1.802      0.554349
   1.808      0.552584
   1.814      0.550829
   1.819      0.549085
   1.825      0.547351
   1.831      0.545627
   1.837      0.543913
   1.843      0.542209
   1.849      0.540515
   1.855      0.538830
   1.860      0.537156
   1.866      0.535491
   1.872      0.533836
   1.878      0.532191
   1.884      0.530554
   1.890      0.528928
   1.895      0.527311
   1.901      0.525703
   1.907      0.524104
   1.913      0.522514
   1.919      0.520934
   1.925      0.519363
   1.931      0.517800
   1.936      0.516247
   1.942      0.514702
   1.948      0.513166
   1.954      0.511639
   1.960      0.510121
   1.966      0.508611
   1.972      0.507109
   1.977      0.505617
   1.983      0.504132
   1.989      0.502656
   1.995      0.501189
   2.001      0.499729
   2.007      0.498278
   2.012      0.496835
   2.018      0.495399
   2.024      0.493972
   2.030      0.492553
   2.036      0.491142
   2.042      0.489738
   2.048      0.488343
   2.053      0.486955
   2.059      0.485575
   2.065      0.484202
   2.071      0.482837
   2.077      0.481479
   2.083      0.480129
   2.089      0.478787
   2.094      0.477451
   2.100      0.476123
   2.106      0.474802
   2.112      0.473489
   2.118      0.472182
   2.124      0.470883
   2.129      0.469590
   2.135      0.468305
   2.141      0.467026
   2.147      0.465754
   2.153      0.464490
   2.159      0.463232
   2.165      0.461980
   2.170      0.460736
   2.176      0.459498
   2.182      0.458266
   2.188      0.457041
   2.194      0.455823
   2.200      0.454611
   2.206      0.453405
   2.211      0.452206
   2.217      0.451013
   2.223      0.449826
   2.229      0.448646
   2.235      0.447472
   2.241      0.446303
   2.246      0.445141
   2.252      0.443985
   2.258      0.442835
   2.264      0.441691
   2.270      0.440552
   2.276      0.439420
   2.282      0.438293
   2.287      0.437172
   2.293      0.436057
   2.299      0.434947
   2.305      0.433843
   2.311      0.432745
   2.317      0.431652
   2.323      0.430565
   2.328      0.429483
