   0.004     -0.005719
   0.009     -0.065614
   0.013     -0.125509
   0.018     -0.187423
   0.022     -0.249576
   0.026     -0.311756
   0.031     -0.373903
   0.035     -0.435987
   0.040     -0.497987
   0.044     -0.559888
   0.048     -0.621675
   0.053     -0.683333
   0.057     -0.744850
   0.062     -0.806211
   0.066     -0.867404
   0.070     -0.928415
   0.075     -0.989231
   0.079     -1.049839
   0.084     -1.110226
   0.088     -1.170379
   0.092     -1.230284
   0.097     -1.289929
   0.101     -1.349301
   0.106     -1.408387
   0.110     -1.467174
   0.114     -1.525648
   0.119     -1.583797
   0.123     -1.641609
   0.128     -1.699069
   0.132     -1.756165
   0.136     -1.812885
   0.141     -1.869216
   0.145     -1.925144
   0.150     -1.980656
   0.154     -2.035741
   0.158     -2.090385
   0.163     -2.144576
   0.167     -2.198301
   0.172     -2.251546
   0.176     -2.304300
   0.180     -2.356550
   0.185     -2.408283
   0.189     -2.459486
   0.194     -2.510147
   0.198     -2.560253
   0.202     -2.609791
   0.207     -2.658749
   0.211     -2.707115
   0.216     -2.754875
   0.220     -2.802017
   0.224     -2.848528
   0.229     -2.894396
   0.233     -2.939609
   0.238     -2.984153
   0.242     -3.028016
   0.246     -3.071186
   0.251     -3.113650
   0.255     -3.155395
   0.260     -3.196410
   0.264     -3.236680
   0.268     -3.276195
   0.273     -3.314942
   0.277     -3.352908
   0.282     -3.390081
   0.286     -3.426448
   0.290     -3.461998
   0.295     -3.496719
   0.299     -3.530599
   0.304     -3.563625
   0.308     -3.595787
   0.312     -3.627072
   0.317     -3.657469
   0.321     -3.686968
   0.326     -3.715558
   0.330     -3.743227
   0.334     -3.769965
   0.339     -3.795763
   0.343     -3.820611
   0.348     -3.844500
   0.352     -3.867420
   0.356     -3.889364
   0.361     -3.910324
   0.365     -3.930291
   0.370     -3.949260
   0.374     -3.967224
   0.378     -3.984177
   0.383     -4.000115
   0.387     -4.015033
   0.392     -4.028929
   0.396     -4.041798
   0.400     -4.053640
   0.405     -4.064454
   0.409     -4.074240
   0.414     -4.082997
   0.418     -4.090730
   0.422     -4.097439
   0.427     -4.103129
   0.431     -4.107805
   0.436     -4.111472
   0.440     -4.114139
   0.444     -4.115812
   0.449     -4.116502
   0.453     -4.116218
   0.458     -4.114971
   0.462     -4.112775
   0.466     -4.109643
   0.471     -4.105589
   0.475     -4.100629
   0.480     -4.094780
   0.484     -4.088059
   0.488     -4.080486
   0.493     -4.072080
   0.497     -4.062861
   0.502     -4.052850
   0.506     -4.042070
   0.510     -4.030544
   0.515     -4.018295
   0.519     -4.005346
   0.524     -3.991724
   0.528     -3.977452
   0.532     -3.962557
   0.537     -3.947063
   0.541     -3.930997
   0.546     -3.914386
   0.550     -3.897255
   0.554     -3.879631
   0.559     -3.861539
   0.563     -3.843007
   0.568     -3.824059
   0.572     -3.804722
   0.576     -3.785019
   0.581     -3.764977
   0.585     -3.744620
   0.590     -3.723970
   0.594     -3.703051
   0.598     -3.681886
   0.603     -3.660495
   0.607     -3.638900
   0.612     -3.617121
   0.616     -3.595177
   0.620     -3.573086
   0.625     -3.550866
   0.629     -3.528533
   0.634     -3.506103
   0.638     -3.483590
   0.642     -3.461009
   0.647     -3.438371
   0.651     -3.415690
   0.656     -3.392976
   0.660     -3.370239
   0.664     -3.347488
   0.669     -3.324732
   0.673     -3.301978
   0.678     -3.279234
   0.682     -3.256505
   0.686     -3.233797
   0.691     -3.211114
   0.695     -3.188461
   0.700     -3.165840
   0.704     -3.143256
   0.708     -3.120710
   0.713     -3.098205
   0.717     -3.075741
   0.722     -3.053321
   0.726     -3.030944
   0.730     -3.008612
   0.735     -2.986325
   0.739     -2.964083
   0.744     -2.941886
   0.748     -2.919732
   0.752     -2.897623
   0.757     -2.875558
   0.761     -2.853535
   0.766     -2.831554
   0.770     -2.809615
   0.774     -2.787717
   0.779     -2.765859
   0.783     -2.744040
   0.788     -2.722260
   0.792     -2.700519
   0.796     -2.678815
   0.801     -2.657148
   0.805     -2.635519
   0.810     -2.613926
   0.814     -2.592370
   0.818     -2.570850
   0.823     -2.549366
   0.827     -2.527919
   0.832     -2.506509
   0.836     -2.485135
   0.840     -2.463799
   0.845     -2.442500
   0.849     -2.421239
   0.854     -2.400016
   0.858     -2.378833
   0.862     -2.357690
   0.867     -2.336587
   0.871     -2.315525
   0.876     -2.294506
   0.880     -2.273530
   0.884     -2.252598
   0.889     -2.231711
   0.893     -2.210869
   0.898     -2.190075
   0.902     -2.169329
   0.906     -2.148632
   0.911     -2.127984
   0.915     -2.107388
   0.920     -2.086844
   0.924     -2.066354
   0.928     -2.045918
   0.933     -2.025537
   0.937     -2.005213
   0.942     -1.984946
   0.946     -1.964738
   0.950     -1.944589
   0.955     -1.924502
   0.959     -1.904476
   0.964     -1.884512
   0.968     -1.864613
   0.972     -1.844778
   0.977     -1.825009
   0.981     -1.805306
   0.986     -1.785671
   0.990     -1.766104
   0.994     -1.746606
   0.999     -1.727178
   1.003     -1.707822
   1.008     -1.688537
   1.012     -1.669324
   1.016     -1.650185
   1.021     -1.631120
   1.025     -1.612129
   1.030     -1.593215
   1.034     -1.574376
   1.038     -1.555614
   1.043     -1.536930
   1.047     -1.518323
   1.052     -1.499796
   1.056     -1.481348
   1.060     -1.462979
   1.065     -1.444692
   1.069     -1.426485
   1.074     -1.408360
   1.078     -1.390316
   1.082     -1.372355
   1.087     -1.354478
   1.091     -1.336683
   1.096     -1.318973
   1.100     -1.301346
   1.104     -1.283805
   1.109     -1.266348
   1.113     -1.248977
   1.118     -1.231691
   1.122     -1.214492
   1.126     -1.197379
   1.131     -1.180352
   1.135     -1.163413
   1.140     -1.146561
   1.144     -1.129797
   1.148     -1.113120
   1.153     -1.096531
   1.157     -1.080031
   1.162     -1.063619
   1.166     -1.047296
   1.170     -1.031061
   1.175     -1.014916
   1.179     -0.998859
   1.184     -0.982892
   1.188     -0.967015
   1.192     -0.951227
   1.197     -0.935529
   1.201     -0.919920
   1.206     -0.904402
   1.210     -0.888973
   1.214     -0.873635
   1.219     -0.858386
   1.223     -0.843228
   1.228     -0.828160
   1.232     -0.813182
   1.236     -0.798294
   1.241     -0.783497
   1.245     -0.768790
   1.250     -0.754173
   1.254     -0.739646
   1.258     -0.725210
   1.263     -0.710864
   1.267     -0.696608
   1.272     -0.682442
   1.276     -0.668366
   1.280     -0.654380
   1.285     -0.640484
   1.289     -0.626678
   1.294     -0.612962
   1.298     -0.599335
   1.302     -0.585798
   1.307     -0.572351
   1.311     -0.558992
   1.316     -0.545723
   1.320     -0.532543
   1.324     -0.519452
   1.329     -0.506450
   1.333     -0.493537
   1.338     -0.480712
   1.342     -0.467976
   1.346     -0.455328
   1.351     -0.442768
   1.355     -0.430295
   1.360     -0.417911
   1.364     -0.405614
   1.368     -0.393405
   1.373     -0.381283
   1.377     -0.369247
   1.382     -0.357299
   1.386     -0.345437
   1.390     -0.333662
   1.395     -0.321972
   1.399     -0.310369
   1.404     -0.298851
   1.408     -0.287419
   1.412     -0.276073
   1.417     -0.264811
   1.421     -0.253634
   1.426     -0.242542
   1.430     -0.231534
   1.434     -0.220610
   1.439     -0.209770
   1.443     -0.199014
   1.448     -0.188341
   1.452     -0.177752
   1.456     -0.167245
   1.461     -0.156820
   1.465     -0.146478
   1.470     -0.136218
   1.474     -0.126040
   1.478     -0.115943
   1.483     -0.105928
   1.487     -0.095994
   1.492     -0.086140
   1.496     -0.076366
   1.500     -0.066673
   1.505     -0.057060
   1.509     -0.047526
   1.514     -0.038071
   1.518     -0.028696
   1.522     -0.019399
   1.527     -0.010180
   1.531     -0.001040
   1.536      0.008023
   1.540      0.017008
   1.544      0.025916
   1.549      0.034747
   1.553      0.043502
   1.558      0.052180
   1.562      0.060782
   1.566      0.069309
   1.571      0.077760
   1.575      0.086137
   1.580      0.094438
   1.584      0.102665
   1.588      0.110818
   1.593      0.118897
   1.597      0.126903
   1.602      0.134835
   1.606      0.142695
   1.610      0.150482
   1.615      0.158197
   1.619      0.165840
   1.624      0.173411
   1.628      0.180911
   1.632      0.188340
   1.637      0.195699
   1.641      0.202987
   1.646      0.210205
   1.650      0.217353
   1.654      0.224433
   1.659      0.231443
   1.663      0.238384
   1.668      0.245257
   1.672      0.252062
   1.676      0.258799
   1.681      0.265469
   1.685      0.272072
   1.690      0.278608
   1.694      0.285078
   1.698      0.291481
   1.703      0.297819
   1.707      0.304091
   1.712      0.310298
   1.716      0.316440
   1.720      0.322517
   1.725      0.328531
   1.729      0.334480
   1.734      0.340366
   1.738      0.346189
   1.742      0.351949
   1.747      0.357647
   1.751      0.363282
   1.756      0.368855
   1.760      0.374366
   1.764      0.379817
   1.769      0.385206
   1.773      0.390534
   1.778      0.395803
   1.782      0.401011
   1.786      0.406160
   1.791      0.411249
   1.795      0.416279
   1.800      0.421250
   1.804      0.426163
   1.808      0.431018
   1.813      0.435815
   1.817      0.440555
   1.822      0.445237
   1.826      0.449863
   1.830      0.454432
   1.835      0.458944
   1.839      0.463401
   1.844      0.467803
   1.848      0.472149
   1.852      0.476440
   1.857      0.480676
   1.861      0.484858
   1.866      0.488986
   1.870      0.493060
   1.874      0.497081
   1.879      0.501048
   1.883      0.504963
   1.888      0.508825
   1.892      0.512635
   1.896      0.516393
   1.901      0.520100
   1.905      0.523755
   1.910      0.527359
   1.914      0.530912
   1.918      0.534415
   1.923      0.537868
   1.927      0.541271
   1.932      0.544625
   1.936      0.547929
   1.940      0.551184
   1.945      0.554391
   1.949      0.557550
   1.954      0.560660
   1.958      0.563723
   1.962      0.566738
   1.967      0.569706
   1.971      0.572627
   1.976      0.575501
   1.980      0.578330
   1.984      0.581112
   1.989      0.583848
   1.993      0.586539
   1.998      0.589185
   2.002      0.591786
   2.006      0.594342
   2.011      0.596854
   2.015      0.599322
   2.020      0.601746
   2.024      0.604127
   2.028      0.606465
   2.033      0.608759
   2.037      0.611011
   2.042      0.613221
   2.046      0.615388
   2.050      0.617514
   2.055      0.619598
   2.059      0.621641
   2.064      0.623643
   2.068      0.625604
   2.072      0.627524
   2.077      0.629405
   2.081      0.631245
   2.086      0.633046
   2.090      0.634807
   2.094      0.636529
   2.099      0.638212
   2.103      0.639857
   2.108      0.641463
   2.112      0.643032
   2.116      0.644562
   2.121      0.646055
   2.125      0.647510
   2.130      0.648929
   2.134      0.650310
   2.138      0.651655
   2.143      0.652964
   2.147      0.654236
   2.152      0.655473
   2.156      0.656674
   2.160      0.657840
   2.165      0.658971
   2.169      0.660067
   2.174      0.661129
   2.178      0.662156
   2.182      0.663149
   2.187      0.664108
   2.191      0.665034
   2.196      0.665926
   2.200      0.666786
   2.204      0.667612
   2.209      0.668406
   2.213      0.669167
   2.218      0.669896
   2.222      0.670593
   2.226      0.671259
   2.231      0.671893
   2.235      0.672496
   2.240      0.673068
   2.244      0.673609
   2.248      0.674120
   2.253      0.674600
   2.257      0.675050
   2.262      0.675471
   2.266      0.675862
   2.270      0.676223
   2.275      0.676556
   2.279      0.676859
   2.284      0.677134
   2.288      0.677380
   2.292      0.677598
   2.297      0.677788
   2.301      0.677950
   2.306      0.678084
   2.310      0.678191
   2.314      0.678271
   2.319      0.678324
   2.323      0.678351
   2.328      0.678350
   2.332      0.678324
   2.336      0.678271
   2.341      0.678192
   2.345      0.678088
   2.350      0.677958
   2.354      0.677803
   2.358      0.677623
   2.363      0.677418
   2.367      0.677188
   2.372      0.676934
   2.376      0.676656
   2.380      0.676354
   2.385      0.676027
   2.389      0.675678
   2.394      0.675304
   2.398      0.674908
   2.402      0.674489
   2.407      0.674046
   2.411      0.673581
   2.416      0.673094
   2.420      0.672584
   2.424      0.672052
   2.429      0.671499
   2.433      0.670924
   2.438      0.670327
   2.442      0.669709
   2.446      0.669070
   2.451      0.668410
   2.455      0.667729
   2.460      0.667028
   2.464      0.666306
   2.468      0.665565
   2.473      0.664803
   2.477      0.664021
   2.482      0.663220
   2.486      0.662400
   2.490      0.661560
   2.495      0.660701
   2.499      0.659823
   2.504      0.658927
   2.508      0.658012
   2.512      0.657079
   2.517      0.656127
   2.521      0.655158
   2.526      0.654170
   2.530      0.653165
   2.534      0.652143
   2.539      0.651103
   2.543      0.650046
   2.548      0.648972
   2.552      0.647882
   2.556      0.646775
   2.561      0.645651
   2.565      0.644511
   2.570      0.643355
   2.574      0.642183
   2.578      0.640995
   2.583      0.639792
   2.587      0.638573
   2.592      0.637338
   2.596      0.636089
   2.600      0.634825
   2.605      0.633546
   2.609      0.632252
   2.614      0.630944
   2.618      0.629621
   2.622      0.628284
   2.627      0.626934
   2.631      0.625569
   2.636      0.624190
   2.640      0.622799
   2.644      0.621393
   2.649      0.619975
   2.653      0.618543
   2.658      0.617098
   2.662      0.615641
   2.666      0.614171
   2.671      0.612688
   2.675      0.611193
   2.680      0.609686
   2.684      0.608167
   2.688      0.606636
   2.693      0.605093
   2.697      0.603539
   2.702      0.601973
   2.706      0.600396
   2.710      0.598807
   2.715      0.597208
   2.719      0.595598
   2.724      0.593977
   2.728      0.592345
   2.732      0.590703
   2.737      0.589050
   2.741      0.587387
   2.746      0.585714
   2.750      0.584032
   2.754      0.582339
   2.759      0.580637
   2.763      0.578925
   2.768      0.577204
   2.772      0.575474
   2.776      0.573734
   2.781      0.571986
   2.785      0.570228
   2.790      0.568462
   2.794      0.566687
   2.798      0.564904
   2.803      0.563113
   2.807      0.561313
   2.812      0.559505
   2.816      0.557689
   2.820      0.555865
   2.825      0.554034
   2.829      0.552195
   2.834      0.550349
   2.838      0.548495
   2.842      0.546634
   2.847      0.544766
   2.851      0.542890
   2.856      0.541008
   2.860      0.539120
   2.864      0.537224
   2.869      0.535323
   2.873      0.533414
   2.878      0.531500
   2.882      0.529579
   2.886      0.527652
   2.891      0.525720
   2.895      0.523781
   2.900      0.521837
   2.904      0.519887
   2.908      0.517932
   2.913      0.515972
   2.917      0.514006
   2.922      0.512035
   2.926      0.510059
   2.930      0.508078
   2.935      0.506092
   2.939      0.504102
   2.944      0.502107
   2.948      0.500108
   2.952      0.498104
   2.957      0.496096
   2.961      0.494083
   2.966      0.492067
   2.970      0.490047
   2.974      0.488023
   2.979      0.485995
   2.983      0.483963
   2.988      0.481928
   2.992      0.479890
   2.996      0.477848
   3.001      0.475803
   3.005      0.473754
   3.010      0.471703
   3.014      0.469649
   3.018      0.467592
   3.023      0.465532
   3.027      0.463469
   3.032      0.461404
   3.036      0.459337
   3.040      0.457267
   3.045      0.455195
   3.049      0.453121
   3.054      0.451044
   3.058      0.448966
   3.062      0.446885
   3.067      0.444803
   3.071      0.442720
   3.076      0.440634
   3.080      0.438547
   3.084      0.436459
   3.089      0.434369
   3.093      0.432278
   3.098      0.430186
   3.102      0.428092
   3.106      0.425998
   3.111      0.423903
   3.115      0.421807
   3.120      0.419710
   3.124      0.417612
   3.128      0.415514
   3.133      0.413415
   3.137      0.411316
   3.142      0.409217
   3.146      0.407118
   3.150      0.405018
   3.155      0.402918
   3.159      0.400818
   3.164      0.398718
   3.168      0.396619
   3.172      0.394519
   3.177      0.392420
   3.181      0.390322
   3.186      0.388223
   3.190      0.386126
   3.194      0.384029
   3.199      0.381932
   3.203      0.379837
   3.208      0.377742
   3.212      0.375648
   3.216      0.373555
   3.221      0.371464
   3.225      0.369373
   3.230      0.367284
   3.234      0.365195
   3.238      0.363109
   3.243      0.361023
   3.247      0.358940
   3.252      0.356857
   3.256      0.354777
   3.260      0.352698
   3.265      0.350621
   3.269      0.348545
   3.274      0.346472
   3.278      0.344401
   3.282      0.342331
   3.287      0.340264
   3.291      0.338199
   3.296      0.336136
   3.300      0.334076
   3.304      0.332018
   3.309      0.329962
   3.313      0.327909
   3.318      0.325859
   3.322      0.323811
   3.326      0.321766
   3.331      0.319723
   3.335      0.317683
   3.340      0.315647
   3.344      0.313613
   3.348      0.311582
   3.353      0.309554
   3.357      0.307530
   3.362      0.305508
   3.366      0.303490
   3.370      0.301475
   3.375      0.299464
   3.379      0.297455
   3.384      0.295451
   3.388      0.293450
   3.392      0.291452
   3.397      0.289458
   3.401      0.287468
   3.406      0.285481
   3.410      0.283499
   3.414      0.281520
   3.419      0.279545
   3.423      0.277574
   3.428      0.275607
   3.432      0.273644
   3.436      0.271685
   3.441      0.269731
   3.445      0.267780
   3.450      0.265834
   3.454      0.263892
   3.458      0.261955
   3.463      0.260022
   3.467      0.258094
   3.472      0.256170
   3.476      0.254250
   3.480      0.252335
   3.485      0.250425
   3.489      0.248520
   3.494      0.246619
   3.498      0.244723
   3.502      0.242832
   3.507      0.240946
   3.511      0.239065
   3.516      0.237189
   3.520      0.235318
   3.524      0.233452
   3.529      0.231591
   3.533      0.229735
   3.538      0.227884
   3.542      0.226039
   3.546      0.224199
   3.551      0.222364
   3.555      0.220535
   3.560      0.218711
   3.564      0.216892
   3.568      0.215079
   3.573      0.213272
   3.577      0.211470
   3.582      0.209674
   3.586      0.207883
   3.590      0.206098
   3.595      0.204319
   3.599      0.202546
   3.604      0.200778
   3.608      0.199016
   3.612      0.197260
   3.617      0.195510
   3.621      0.193766
   3.626      0.192028
   3.630      0.190296
   3.634      0.188571
   3.639      0.186851
   3.643      0.185137
   3.648      0.183430
   3.652      0.181728
   3.656      0.180033
   3.661      0.178344
   3.665      0.176662
   3.670      0.174986
   3.674      0.173316
   3.678      0.171652
   3.683      0.169995
   3.687      0.168345
   3.692      0.166701
   3.696      0.165063
   3.700      0.163432
   3.705      0.161808
   3.709      0.160190
   3.714      0.158579
   3.718      0.156975
   3.722      0.155377
   3.727      0.153786
   3.731      0.152202
   3.736      0.150624
   3.740      0.149054
   3.744      0.147490
   3.749      0.145933
   3.753      0.144383
   3.758      0.142840
   3.762      0.141304
   3.766      0.139774
   3.771      0.138252
   3.775      0.136737
   3.780      0.135229
   3.784      0.133728
   3.788      0.132234
   3.793      0.130747
   3.797      0.129267
   3.802      0.127795
   3.806      0.126330
   3.810      0.124872
   3.815      0.123421
   3.819      0.121977
   3.824      0.120541
   3.828      0.119112
   3.832      0.117690
   3.837      0.116276
   3.841      0.114869
   3.846      0.113469
   3.850      0.112077
   3.854      0.110692
   3.859      0.109315
   3.863      0.107945
   3.868      0.106583
   3.872      0.105228
   3.876      0.103881
   3.881      0.102541
   3.885      0.101209
   3.890      0.099885
   3.894      0.098568
   3.898      0.097258
   3.903      0.095957
   3.907      0.094663
   3.912      0.093376
   3.916      0.092098
   3.920      0.090827
   3.925      0.089563
   3.929      0.088308
   3.934      0.087060
   3.938      0.085820
   3.942      0.084588
   3.947      0.083364
   3.951      0.082147
   3.956      0.080938
   3.960      0.079737
   3.964      0.078544
   3.969      0.077359
   3.973      0.076182
   3.978      0.075012
   3.982      0.073851
   3.986      0.072697
   3.991      0.071552
   3.995      0.070414
   4.000      0.069284
   4.004      0.068163
   4.008      0.067049
   4.013      0.065943
   4.017      0.064845
   4.022      0.063755
   4.026      0.062674
   4.030      0.061600
   4.035      0.060534
   4.039      0.059477
   4.044      0.058427
   4.048      0.057386
   4.052      0.056352
   4.057      0.055327
   4.061      0.054310
   4.066      0.053301
   4.070      0.052300
   4.074      0.051307
   4.079      0.050322
   4.083      0.049346
   4.088      0.048377
   4.092      0.047417
   4.096      0.046465
   4.101      0.045521
   4.105      0.044585
   4.110      0.043657
   4.114      0.042738
   4.118      0.041827
   4.123      0.040923
   4.127      0.040029
   4.132      0.039142
   4.136      0.038263
   4.140      0.037393
   4.145      0.036531
   4.149      0.035677
   4.154      0.034832
   4.158      0.033994
   4.162      0.033165
   4.167      0.032344
   4.171      0.031532
   4.176      0.030727
   4.180      0.029931
   4.184      0.029143
   4.189      0.028363
   4.193      0.027591
   4.198      0.026828
   4.202      0.026073
   4.206      0.025326
   4.211      0.024587
   4.215      0.023857
   4.220      0.023135
   4.224      0.022421
   4.228      0.021715
   4.233      0.021017
   4.237      0.020328
   4.242      0.019647
   4.246      0.018974
   4.250      0.018309
   4.255      0.017652
   4.259      0.017004
   4.264      0.016363
   4.268      0.015731
   4.272      0.015107
   4.277      0.014491
   4.281      0.013883
   4.286      0.013284
   4.290      0.012692
   4.294      0.012108
   4.299      0.011533
   4.303      0.010965
   4.308      0.010406
   4.312      0.009854
   4.316      0.009311
   4.321      0.008775
   4.325      0.008247
   4.330      0.007727
   4.334      0.007215
   4.338      0.006711
   4.343      0.006214
   4.347      0.005725
   4.352      0.005243
   4.356      0.004769
   4.360      0.004302
   4.365      0.003843
   4.369      0.003391
   4.374      0.002946
   4.378      0.002507
   4.382      0.002076
   4.387      0.001650
   4.391      0.001231
   4.396      0.000816
   4.400      0.000407
   4.404      0.000000
