   0.004     -4.380320
   0.009     -4.380196
   0.013     -4.380071
   0.018     -4.379863
   0.022     -4.379573
   0.026     -4.379200
   0.031     -4.378744
   0.035     -4.378206
   0.040     -4.377586
   0.044     -4.376884
   0.048     -4.376100
   0.053     -4.375234
   0.057     -4.374286
   0.062     -4.373256
   0.066     -4.372145
   0.070     -4.370952
   0.075     -4.369677
   0.079     -4.368321
   0.084     -4.366882
   0.088     -4.365362
   0.092     -4.363759
   0.097     -4.362074
   0.101     -4.360307
   0.106     -4.358457
   0.110     -4.356524
   0.114     -4.354508
   0.119     -4.352409
   0.123     -4.350226
   0.128     -4.347959
   0.132     -4.345607
   0.136     -4.343171
   0.141     -4.340650
   0.145     -4.338043
   0.150     -4.335350
   0.154     -4.332571
   0.158     -4.329705
   0.163     -4.326751
   0.167     -4.323710
   0.172     -4.320580
   0.176     -4.317361
   0.180     -4.314053
   0.185     -4.310654
   0.189     -4.307165
   0.194     -4.303584
   0.198     -4.299911
   0.202     -4.296145
   0.207     -4.292286
   0.211     -4.288333
   0.216     -4.284285
   0.220     -4.280142
   0.224     -4.275902
   0.229     -4.271566
   0.233     -4.267131
   0.238     -4.262598
   0.242     -4.257966
   0.246     -4.253233
   0.251     -4.248400
   0.255     -4.243465
   0.260     -4.238427
   0.264     -4.233286
   0.268     -4.228041
   0.273     -4.222690
   0.277     -4.217234
   0.282     -4.211672
   0.286     -4.206001
   0.290     -4.200223
   0.295     -4.194335
   0.299     -4.188338
   0.304     -4.182229
   0.308     -4.176009
   0.312     -4.169677
   0.317     -4.163232
   0.321     -4.156672
   0.326     -4.149998
   0.330     -4.143209
   0.334     -4.136303
   0.339     -4.129280
   0.343     -4.122140
   0.348     -4.114882
   0.352     -4.107504
   0.356     -4.100007
   0.361     -4.092390
   0.365     -4.084652
   0.370     -4.076792
   0.374     -4.068810
   0.378     -4.060706
   0.383     -4.052479
   0.387     -4.044129
   0.392     -4.035654
   0.396     -4.027055
   0.400     -4.018332
   0.405     -4.009483
   0.409     -4.000510
   0.414     -3.991410
   0.418     -3.982185
   0.422     -3.972833
   0.427     -3.963356
   0.431     -3.953752
   0.436     -3.944021
   0.440     -3.934164
   0.444     -3.924180
   0.449     -3.914070
   0.453     -3.903834
   0.458     -3.893471
   0.462     -3.882982
   0.466     -3.872366
   0.471     -3.861625
   0.475     -3.850759
   0.480     -3.839767
   0.484     -3.828650
   0.488     -3.817408
   0.493     -3.806043
   0.497     -3.794553
   0.502     -3.782941
   0.506     -3.771205
   0.510     -3.759347
   0.515     -3.747368
   0.519     -3.735268
   0.524     -3.723047
   0.528     -3.710707
   0.532     -3.698247
   0.537     -3.685669
   0.541     -3.672974
   0.546     -3.660162
   0.550     -3.647234
   0.554     -3.634191
   0.559     -3.621034
   0.563     -3.607764
   0.568     -3.594381
   0.572     -3.580886
   0.576     -3.567281
   0.581     -3.553566
   0.585     -3.539743
   0.590     -3.525811
   0.594     -3.511773
   0.598     -3.497629
   0.603     -3.483380
   0.607     -3.469027
   0.612     -3.454571
   0.616     -3.440013
   0.620     -3.425355
   0.625     -3.410596
   0.629     -3.395738
   0.634     -3.380783
   0.638     -3.365730
   0.642     -3.350581
   0.647     -3.335337
   0.651     -3.319999
   0.656     -3.304567
   0.660     -3.289043
   0.664     -3.273427
   0.669     -3.257720
   0.673     -3.241923
   0.678     -3.226038
   0.682     -3.210064
   0.686     -3.194002
   0.691     -3.177854
   0.695     -3.161620
   0.700     -3.145300
   0.704     -3.128895
   0.708     -3.112407
   0.713     -3.095835
   0.717     -3.079180
   0.722     -3.062444
   0.726     -3.045625
   0.730     -3.028725
   0.735     -3.011745
   0.739     -2.994685
   0.744     -2.977544
   0.748     -2.960325
   0.752     -2.943027
   0.757     -2.925650
   0.761     -2.908195
   0.766     -2.890663
   0.770     -2.873053
   0.774     -2.855367
   0.779     -2.837603
   0.783     -2.819764
   0.788     -2.801848
   0.792     -2.783857
   0.796     -2.765790
   0.801     -2.747648
   0.805     -2.729431
   0.810     -2.711139
   0.814     -2.692774
   0.818     -2.674334
   0.823     -2.655821
   0.827     -2.637235
   0.832     -2.618576
   0.836     -2.599844
   0.840     -2.581041
   0.845     -2.562166
   0.849     -2.543219
   0.854     -2.524202
   0.858     -2.505115
   0.862     -2.485958
   0.867     -2.466733
   0.871     -2.447438
   0.876     -2.428077
   0.880     -2.408648
   0.884     -2.389153
   0.889     -2.369593
   0.893     -2.349968
   0.898     -2.330280
   0.902     -2.310529
   0.906     -2.290716
   0.911     -2.270843
   0.915     -2.250911
   0.920     -2.230920
   0.924     -2.210873
   0.928     -2.190770
   0.933     -2.170613
   0.937     -2.150403
   0.942     -2.130142
   0.946     -2.109831
   0.950     -2.089473
   0.955     -2.069068
   0.959     -2.048619
   0.964     -2.028127
   0.968     -2.007594
   0.972     -1.987022
   0.977     -1.966413
   0.981     -1.945770
   0.986     -1.925094
   0.990     -1.904387
   0.994     -1.883652
   0.999     -1.862891
   1.003     -1.842106
   1.008     -1.821300
   1.012     -1.800475
   1.016     -1.779633
   1.021     -1.758777
   1.025     -1.737910
   1.030     -1.717034
   1.034     -1.696152
   1.038     -1.675265
   1.043     -1.654378
   1.047     -1.633492
   1.052     -1.612611
   1.056     -1.591736
   1.060     -1.570872
   1.065     -1.550019
   1.069     -1.529182
   1.074     -1.508362
   1.078     -1.487563
   1.082     -1.466788
   1.087     -1.446038
   1.091     -1.425317
   1.096     -1.404628
   1.100     -1.383973
   1.104     -1.363355
   1.109     -1.342776
   1.113     -1.322239
   1.118     -1.301747
   1.122     -1.281303
   1.126     -1.260909
   1.131     -1.240567
   1.135     -1.220280
   1.140     -1.200050
   1.144     -1.179880
   1.148     -1.159773
   1.153     -1.139730
   1.157     -1.119754
   1.162     -1.099847
   1.166     -1.080012
   1.170     -1.060250
   1.175     -1.040564
   1.179     -1.020956
   1.184     -1.001427
   1.188     -0.981980
   1.192     -0.962617
   1.197     -0.943339
   1.201     -0.924149
   1.206     -0.905048
   1.210     -0.886037
   1.214     -0.867120
   1.219     -0.848296
   1.223     -0.829568
   1.228     -0.810937
   1.232     -0.792405
   1.236     -0.773973
   1.241     -0.755642
   1.245     -0.737414
   1.250     -0.719290
   1.254     -0.701271
   1.258     -0.683359
   1.263     -0.665553
   1.267     -0.647857
   1.272     -0.630269
   1.276     -0.612792
   1.280     -0.595426
   1.285     -0.578173
   1.289     -0.561032
   1.294     -0.544005
   1.298     -0.527093
   1.302     -0.510296
   1.307     -0.493614
   1.311     -0.477050
   1.316     -0.460602
   1.320     -0.444271
   1.324     -0.428059
   1.329     -0.411965
   1.333     -0.395990
   1.338     -0.380134
   1.342     -0.364398
   1.346     -0.348782
   1.351     -0.333287
   1.355     -0.317911
   1.360     -0.302657
   1.364     -0.287523
   1.368     -0.272511
   1.373     -0.257620
   1.377     -0.242851
   1.382     -0.228203
   1.386     -0.213676
   1.390     -0.199271
   1.395     -0.184988
   1.399     -0.170827
   1.404     -0.156787
   1.408     -0.142869
   1.412     -0.129073
   1.417     -0.115398
   1.421     -0.101844
   1.426     -0.088412
   1.430     -0.075101
   1.434     -0.061911
   1.439     -0.048842
   1.443     -0.035893
   1.448     -0.023065
   1.452     -0.010357
   1.456      0.002230
   1.461      0.014698
   1.465      0.027047
   1.470      0.039276
   1.474      0.051386
   1.478      0.063377
   1.483      0.075250
   1.487      0.087004
   1.492      0.098641
   1.496      0.110160
   1.500      0.121563
   1.505      0.132848
   1.509      0.144017
   1.514      0.155070
   1.518      0.166007
   1.522      0.176829
   1.527      0.187537
   1.531      0.198129
   1.536      0.208608
   1.540      0.218973
   1.544      0.229224
   1.549      0.239363
   1.553      0.249390
   1.558      0.259305
   1.562      0.269108
   1.566      0.278800
   1.571      0.288382
   1.575      0.297853
   1.580      0.307215
   1.584      0.316468
   1.588      0.325613
   1.593      0.334649
   1.597      0.343578
   1.602      0.352399
   1.606      0.361114
   1.610      0.369723
   1.615      0.378226
   1.619      0.386624
   1.624      0.394918
   1.628      0.403107
   1.632      0.411193
   1.637      0.419176
   1.641      0.427057
   1.646      0.434836
   1.650      0.442513
   1.654      0.450089
   1.659      0.457566
   1.663      0.464942
   1.668      0.472219
   1.672      0.479398
   1.676      0.486479
   1.681      0.493462
   1.685      0.500348
   1.690      0.507138
   1.694      0.513831
   1.698      0.520430
   1.703      0.526934
   1.707      0.533344
   1.712      0.539660
   1.716      0.545883
   1.720      0.552013
   1.725      0.558052
   1.729      0.563999
   1.734      0.569856
   1.738      0.575622
   1.742      0.581299
   1.747      0.586887
   1.751      0.592386
   1.756      0.597798
   1.760      0.603122
   1.764      0.608359
   1.769      0.613511
   1.773      0.618576
   1.778      0.623557
   1.782      0.628453
   1.786      0.633265
   1.791      0.637994
   1.795      0.642640
   1.800      0.647204
   1.804      0.651686
   1.808      0.656087
   1.813      0.660408
   1.817      0.664649
   1.822      0.668811
   1.826      0.672894
   1.830      0.676898
   1.835      0.680825
   1.839      0.684675
   1.844      0.688449
   1.848      0.692146
   1.852      0.695768
   1.857      0.699315
   1.861      0.702788
   1.866      0.706188
   1.870      0.709514
   1.874      0.712767
   1.879      0.715949
   1.883      0.719059
   1.888      0.722098
   1.892      0.725066
   1.896      0.727965
   1.901      0.730795
   1.905      0.733556
   1.910      0.736248
   1.914      0.738873
   1.918      0.741431
   1.923      0.743922
   1.927      0.746347
   1.932      0.748707
   1.936      0.751002
   1.940      0.753232
   1.945      0.755398
   1.949      0.757501
   1.954      0.759541
   1.958      0.761519
   1.962      0.763435
   1.967      0.765290
   1.971      0.767084
   1.976      0.768817
   1.980      0.770491
   1.984      0.772106
   1.989      0.773662
   1.993      0.775160
   1.998      0.776600
   2.002      0.777982
   2.006      0.779308
   2.011      0.780578
   2.015      0.781793
   2.020      0.782952
   2.024      0.784056
   2.028      0.785106
   2.033      0.786102
   2.037      0.787045
   2.042      0.787936
   2.046      0.788774
   2.050      0.789560
   2.055      0.790295
   2.059      0.790979
   2.064      0.791613
   2.068      0.792197
   2.072      0.792732
   2.077      0.793218
   2.081      0.793655
   2.086      0.794044
   2.090      0.794386
   2.094      0.794680
   2.099      0.794928
   2.103      0.795130
   2.108      0.795286
   2.112      0.795397
   2.116      0.795463
   2.121      0.795484
   2.125      0.795462
   2.130      0.795396
   2.134      0.795287
   2.138      0.795136
   2.143      0.794942
   2.147      0.794707
   2.152      0.794430
   2.156      0.794112
   2.160      0.793754
   2.165      0.793356
   2.169      0.792918
   2.174      0.792441
   2.178      0.791926
   2.182      0.791372
   2.187      0.790779
   2.191      0.790150
   2.196      0.789483
   2.200      0.788779
   2.204      0.788040
   2.209      0.787264
   2.213      0.786452
   2.218      0.785606
   2.222      0.784725
   2.226      0.783809
   2.231      0.782859
   2.235      0.781876
   2.240      0.780860
   2.244      0.779810
   2.248      0.778729
   2.253      0.777615
   2.257      0.776469
   2.262      0.775293
   2.266      0.774085
   2.270      0.772847
   2.275      0.771578
   2.279      0.770280
   2.284      0.768952
   2.288      0.767595
   2.292      0.766209
   2.297      0.764795
   2.301      0.763353
   2.306      0.761883
   2.310      0.760385
   2.314      0.758861
   2.319      0.757310
   2.323      0.755732
   2.328      0.754129
   2.332      0.752500
   2.336      0.750846
   2.341      0.749166
   2.345      0.747462
   2.350      0.745734
   2.354      0.743982
   2.358      0.742205
   2.363      0.740406
   2.367      0.738584
   2.372      0.736738
   2.376      0.734871
   2.380      0.732981
   2.385      0.731070
   2.389      0.729137
   2.394      0.727183
   2.398      0.725208
   2.402      0.723213
   2.407      0.721197
   2.411      0.719161
   2.416      0.717106
   2.420      0.715031
   2.424      0.712938
   2.429      0.710825
   2.433      0.708694
   2.438      0.706545
   2.442      0.704378
   2.446      0.702193
   2.451      0.699991
   2.455      0.697772
   2.460      0.695536
   2.464      0.693284
   2.468      0.691015
   2.473      0.688731
   2.477      0.686431
   2.482      0.684115
   2.486      0.681784
   2.490      0.679439
   2.495      0.677078
   2.499      0.674704
   2.504      0.672315
   2.508      0.669912
   2.512      0.667496
   2.517      0.665066
   2.521      0.662624
   2.526      0.660168
   2.530      0.657700
   2.534      0.655220
   2.539      0.652727
   2.543      0.650223
   2.548      0.647707
   2.552      0.645179
   2.556      0.642641
   2.561      0.640091
   2.565      0.637531
   2.570      0.634961
   2.574      0.632380
   2.578      0.629789
   2.583      0.627189
   2.587      0.624579
   2.592      0.621960
   2.596      0.619331
   2.600      0.616694
   2.605      0.614048
   2.609      0.611394
   2.614      0.608731
   2.618      0.606061
   2.622      0.603383
   2.627      0.600697
   2.631      0.598004
   2.636      0.595303
   2.640      0.592596
   2.644      0.589882
   2.649      0.587161
   2.653      0.584434
   2.658      0.581701
   2.662      0.578962
   2.666      0.576218
   2.671      0.573467
   2.675      0.570712
   2.680      0.567951
   2.684      0.565185
   2.688      0.562414
   2.693      0.559639
   2.697      0.556859
   2.702      0.554075
   2.706      0.551287
   2.710      0.548496
   2.715      0.545700
   2.719      0.542901
   2.724      0.540099
   2.728      0.537293
   2.732      0.534485
   2.737      0.531673
   2.741      0.528860
   2.746      0.526043
   2.750      0.523224
   2.754      0.520404
   2.759      0.517581
   2.763      0.514756
   2.768      0.511930
   2.772      0.509102
   2.776      0.506273
   2.781      0.503443
   2.785      0.500612
   2.790      0.497779
   2.794      0.494947
   2.798      0.492113
   2.803      0.489280
   2.807      0.486446
   2.812      0.483612
   2.816      0.480778
   2.820      0.477944
   2.825      0.475111
   2.829      0.472278
   2.834      0.469445
   2.838      0.466614
   2.842      0.463783
   2.847      0.460954
   2.851      0.458126
   2.856      0.455299
   2.860      0.452473
   2.864      0.449649
   2.869      0.446827
   2.873      0.444007
   2.878      0.441189
   2.882      0.438373
   2.886      0.435559
   2.891      0.432748
   2.895      0.429939
   2.900      0.427133
   2.904      0.424329
   2.908      0.421529
   2.913      0.418731
   2.917      0.415937
   2.922      0.413146
   2.926      0.410358
   2.930      0.407574
   2.935      0.404793
   2.939      0.402016
   2.944      0.399243
   2.948      0.396474
   2.952      0.393709
   2.957      0.390949
   2.961      0.388192
   2.966      0.385440
   2.970      0.382692
   2.974      0.379950
   2.979      0.377211
   2.983      0.374478
   2.988      0.371749
   2.992      0.369026
   2.996      0.366308
   3.001      0.363595
   3.005      0.360887
   3.010      0.358185
   3.014      0.355488
   3.018      0.352797
   3.023      0.350112
   3.027      0.347432
   3.032      0.344759
   3.036      0.342091
   3.040      0.339430
   3.045      0.336775
   3.049      0.334126
   3.054      0.331484
   3.058      0.328847
   3.062      0.326218
   3.067      0.323595
   3.071      0.320979
   3.076      0.318370
   3.080      0.315768
   3.084      0.313172
   3.089      0.310584
   3.093      0.308003
   3.098      0.305429
   3.102      0.302863
   3.106      0.300304
   3.111      0.297752
   3.115      0.295208
   3.120      0.292672
   3.124      0.290143
   3.128      0.287622
   3.133      0.285109
   3.137      0.282604
   3.142      0.280107
   3.146      0.277618
   3.150      0.275137
   3.155      0.272664
   3.159      0.270200
   3.164      0.267744
   3.168      0.265297
   3.172      0.262858
   3.177      0.260427
   3.181      0.258005
   3.186      0.255592
   3.190      0.253188
   3.194      0.250792
   3.199      0.248406
   3.203      0.246028
   3.208      0.243660
   3.212      0.241300
   3.216      0.238950
   3.221      0.236608
   3.225      0.234277
   3.230      0.231954
   3.234      0.229641
   3.238      0.227337
   3.243      0.225043
   3.247      0.222758
   3.252      0.220483
   3.256      0.218217
   3.260      0.215962
   3.265      0.213716
   3.269      0.211479
   3.274      0.209253
   3.278      0.207037
   3.282      0.204830
   3.287      0.202634
   3.291      0.200448
   3.296      0.198272
   3.300      0.196106
   3.304      0.193950
   3.309      0.191804
   3.313      0.189669
   3.318      0.187544
   3.322      0.185430
   3.326      0.183326
   3.331      0.181233
   3.335      0.179150
   3.340      0.177077
   3.344      0.175015
   3.348      0.172964
   3.353      0.170924
   3.357      0.168894
   3.362      0.166876
   3.366      0.164868
   3.370      0.162870
   3.375      0.160884
   3.379      0.158909
   3.384      0.156945
   3.388      0.154991
   3.392      0.153049
   3.397      0.151118
   3.401      0.149198
   3.406      0.147289
   3.410      0.145392
   3.414      0.143505
   3.419      0.141630
   3.423      0.139766
   3.428      0.137914
   3.432      0.136072
   3.436      0.134243
   3.441      0.132424
   3.445      0.130617
   3.450      0.128822
   3.454      0.127038
   3.458      0.125266
   3.463      0.123505
   3.467      0.121756
   3.472      0.120018
   3.476      0.118292
   3.480      0.116578
   3.485      0.114876
   3.489      0.113185
   3.494      0.111506
   3.498      0.109839
   3.502      0.108184
   3.507      0.106540
   3.511      0.104908
   3.516      0.103289
   3.520      0.101681
   3.524      0.100085
   3.529      0.098501
   3.533      0.096929
   3.538      0.095369
   3.542      0.093821
   3.546      0.092285
   3.551      0.090761
   3.555      0.089249
   3.560      0.087749
   3.564      0.086262
   3.568      0.084786
   3.573      0.083323
   3.577      0.081872
   3.582      0.080433
   3.586      0.079006
   3.590      0.077591
   3.595      0.076189
   3.599      0.074799
   3.604      0.073421
   3.608      0.072056
   3.612      0.070703
   3.617      0.069362
   3.621      0.068033
   3.626      0.066717
   3.630      0.065413
   3.634      0.064122
   3.639      0.062843
   3.643      0.061576
   3.648      0.060322
   3.652      0.059080
   3.656      0.057850
   3.661      0.056633
   3.665      0.055429
   3.670      0.054237
   3.674      0.053057
   3.678      0.051890
   3.683      0.050736
   3.687      0.049593
   3.692      0.048464
   3.696      0.047347
   3.700      0.046242
   3.705      0.045150
   3.709      0.044071
   3.714      0.043004
   3.718      0.041949
   3.722      0.040907
   3.727      0.039878
   3.731      0.038861
   3.736      0.037857
   3.740      0.036865
   3.744      0.035886
   3.749      0.034920
   3.753      0.033966
   3.758      0.033025
   3.762      0.032096
   3.766      0.031180
   3.771      0.030277
   3.775      0.029386
   3.780      0.028507
   3.784      0.027641
   3.788      0.026788
   3.793      0.025948
   3.797      0.025120
   3.802      0.024304
   3.806      0.023501
   3.810      0.022711
   3.815      0.021933
   3.819      0.021168
   3.824      0.020415
   3.828      0.019675
   3.832      0.018948
   3.837      0.018233
   3.841      0.017530
   3.846      0.016840
   3.850      0.016163
   3.854      0.015498
   3.859      0.014845
   3.863      0.014205
   3.868      0.013577
   3.872      0.012962
   3.876      0.012359
   3.881      0.011769
   3.885      0.011191
   3.890      0.010625
   3.894      0.010071
   3.898      0.009530
   3.903      0.009001
   3.907      0.008484
   3.912      0.007979
   3.916      0.007487
   3.920      0.007006
   3.925      0.006537
   3.929      0.006081
   3.934      0.005636
   3.938      0.005203
   3.942      0.004781
   3.947      0.004372
   3.951      0.003973
   3.956      0.003587
   3.960      0.003211
   3.964      0.002846
   3.969      0.002492
   3.973      0.002149
   3.978      0.001816
   3.982      0.001493
   3.986      0.001179
   3.991      0.000874
   3.995      0.000577
   4.000      0.000286
   4.004      0.000000
