   0.004     -0.000170
   0.009      0.000085
   0.013      0.000339
   0.018      0.000763
   0.022      0.001356
   0.026      0.002118
   0.031      0.003050
   0.035      0.004150
   0.040      0.005419
   0.044      0.006857
   0.048      0.008462
   0.053      0.010236
   0.057      0.012176
   0.062      0.014284
   0.066      0.016558
   0.070      0.018999
   0.075      0.021605
   0.079      0.024376
   0.084      0.027311
   0.088      0.030410
   0.092      0.033672
   0.097      0.037097
   0.101      0.040683
   0.106      0.044430
   0.110      0.048338
   0.114      0.052404
   0.119      0.056629
   0.123      0.061011
   0.128      0.065549
   0.132      0.070243
   0.136      0.075091
   0.141      0.080093
   0.145      0.085246
   0.150      0.090550
   0.154      0.096004
   0.158      0.101606
   0.163      0.107355
   0.167      0.113250
   0.172      0.119289
   0.176      0.125471
   0.180      0.131795
   0.185      0.138258
   0.189      0.144860
   0.194      0.151598
   0.198      0.158471
   0.202      0.165477
   0.207      0.172615
   0.211      0.179883
   0.216      0.187279
   0.220      0.194801
   0.224      0.202446
   0.229      0.210214
   0.233      0.218103
   0.238      0.226109
   0.242      0.234231
   0.246      0.242467
   0.251      0.250815
   0.255      0.259272
   0.260      0.267837
   0.264      0.276506
   0.268      0.285279
   0.273      0.294151
   0.277      0.303121
   0.282      0.312187
   0.286      0.321345
   0.290      0.330594
   0.295      0.339930
   0.299      0.349352
   0.304      0.358857
   0.308      0.368441
   0.312      0.378103
   0.317      0.387839
   0.321      0.397647
   0.326      0.407525
   0.330      0.417468
   0.334      0.427475
   0.339      0.437543
   0.343      0.447669
   0.348      0.457849
   0.352      0.468082
   0.356      0.478364
   0.361      0.488692
   0.365      0.499064
   0.370      0.509476
   0.374      0.519925
   0.378      0.530410
   0.383      0.540925
   0.387      0.551470
   0.392      0.562041
   0.396      0.572634
   0.400      0.583247
   0.405      0.593878
   0.409      0.604522
   0.414      0.615178
   0.418      0.625843
   0.422      0.636513
   0.427      0.647185
   0.431      0.657858
   0.436      0.668528
   0.440      0.679192
   0.444      0.689848
   0.449      0.700493
   0.453      0.711125
   0.458      0.721740
   0.462      0.732337
   0.466      0.742912
   0.471      0.753464
   0.475      0.763990
   0.480      0.774487
   0.484      0.784953
   0.488      0.795386
   0.493      0.805784
   0.497      0.816145
   0.502      0.826466
   0.506      0.836745
   0.510      0.846981
   0.515      0.857171
   0.519      0.867314
   0.524      0.877407
   0.528      0.887450
   0.532      0.897441
   0.537      0.907377
   0.541      0.917257
   0.546      0.927080
   0.550      0.936845
   0.554      0.946550
   0.559      0.956193
   0.563      0.965774
   0.568      0.975291
   0.572      0.984743
   0.576      0.994129
   0.581      1.003449
   0.585      1.012701
   0.590      1.021884
   0.594      1.030998
   0.598      1.040042
   0.603      1.049015
   0.607      1.057916
   0.612      1.066745
   0.616      1.075502
   0.620      1.084186
   0.625      1.092796
   0.629      1.101333
   0.634      1.109795
   0.638      1.118183
   0.642      1.126497
   0.647      1.134736
   0.651      1.142901
   0.656      1.150990
   0.660      1.159005
   0.664      1.166945
   0.669      1.174810
   0.673      1.182601
   0.678      1.190318
   0.682      1.197960
   0.686      1.205528
   0.691      1.213023
   0.695      1.220444
   0.700      1.227791
   0.704      1.235066
   0.708      1.242269
   0.713      1.249399
   0.717      1.256458
   0.722      1.263445
   0.726      1.270361
   0.730      1.277206
   0.735      1.283982
   0.739      1.290687
   0.744      1.297324
   0.748      1.303892
   0.752      1.310391
   0.757      1.316822
   0.761      1.323186
   0.766      1.329483
   0.770      1.335713
   0.774      1.341877
   0.779      1.347976
   0.783      1.354009
   0.788      1.359977
   0.792      1.365880
   0.796      1.371719
   0.801      1.377495
   0.805      1.383207
   0.810      1.388856
   0.814      1.394441
   0.818      1.399965
   0.823      1.405426
   0.827      1.410825
   0.832      1.416163
   0.836      1.421439
   0.840      1.426654
   0.845      1.431807
   0.849      1.436900
   0.854      1.441932
   0.858      1.446904
   0.862      1.451815
   0.867      1.456666
   0.871      1.461457
   0.876      1.466188
   0.880      1.470859
   0.884      1.475469
   0.889      1.480020
   0.893      1.484512
   0.898      1.488943
   0.902      1.493315
   0.906      1.497627
   0.911      1.501879
   0.915      1.506071
   0.920      1.510204
   0.924      1.514277
   0.928      1.518290
   0.933      1.522243
   0.937      1.526136
   0.942      1.529969
   0.946      1.533742
   0.950      1.537456
   0.955      1.541109
   0.959      1.544701
   0.964      1.548234
   0.968      1.551706
   0.972      1.555118
   0.977      1.558470
   0.981      1.561761
   0.986      1.564992
   0.990      1.568162
   0.994      1.571271
   0.999      1.574319
   1.003      1.577307
   1.008      1.580234
   1.012      1.583100
   1.016      1.585906
   1.021      1.588650
   1.025      1.591333
   1.030      1.593956
   1.034      1.596517
   1.038      1.599018
   1.043      1.601457
   1.047      1.603835
   1.052      1.606153
   1.056      1.608409
   1.060      1.610604
   1.065      1.612738
   1.069      1.614812
   1.074      1.616824
   1.078      1.618775
   1.082      1.620665
   1.087      1.622495
   1.091      1.624264
   1.096      1.625972
   1.100      1.627619
   1.104      1.629205
   1.109      1.630731
   1.113      1.632197
   1.118      1.633602
   1.122      1.634946
   1.126      1.636231
   1.131      1.637455
   1.135      1.638619
   1.140      1.639723
   1.144      1.640767
   1.148      1.641752
   1.153      1.642676
   1.157      1.643542
   1.162      1.644347
   1.166      1.645094
   1.170      1.645781
   1.175      1.646409
   1.179      1.646979
   1.184      1.647489
   1.188      1.647941
   1.192      1.648335
   1.197      1.648670
   1.201      1.648947
   1.206      1.649166
   1.210      1.649327
   1.214      1.649431
   1.219      1.649477
   1.223      1.649466
   1.228      1.649397
   1.232      1.649272
   1.236      1.649090
   1.241      1.648851
   1.245      1.648556
   1.250      1.648204
   1.254      1.647797
   1.258      1.647333
   1.263      1.646814
   1.267      1.646240
   1.272      1.645611
   1.276      1.644926
   1.280      1.644187
   1.285      1.643393
   1.289      1.642544
   1.294      1.641642
   1.298      1.640686
   1.302      1.639676
   1.307      1.638612
   1.311      1.637495
   1.316      1.636326
   1.320      1.635103
   1.324      1.633829
   1.329      1.632501
   1.333      1.631122
   1.338      1.629692
   1.342      1.628209
   1.346      1.626676
   1.351      1.625091
   1.355      1.623456
   1.360      1.621770
   1.364      1.620034
   1.368      1.618248
   1.373      1.616413
   1.377      1.614528
   1.382      1.612594
   1.386      1.610611
   1.390      1.608580
   1.395      1.606500
   1.399      1.604373
   1.404      1.602197
   1.408      1.599975
   1.412      1.597705
   1.417      1.595389
   1.421      1.593026
   1.426      1.590616
   1.430      1.588161
   1.434      1.585661
   1.439      1.583115
   1.443      1.580524
   1.448      1.577888
   1.452      1.575208
   1.456      1.572484
   1.461      1.569716
   1.465      1.566905
   1.470      1.564051
   1.474      1.561154
   1.478      1.558215
   1.483      1.555233
   1.487      1.552210
   1.492      1.549145
   1.496      1.546039
   1.500      1.542893
   1.505      1.539706
   1.509      1.536479
   1.514      1.533212
   1.518      1.529905
   1.522      1.526560
   1.527      1.523176
   1.531      1.519753
   1.536      1.516293
   1.540      1.512794
   1.544      1.509259
   1.549      1.505686
   1.553      1.502077
   1.558      1.498431
   1.562      1.494750
   1.566      1.491033
   1.571      1.487280
   1.575      1.483493
   1.580      1.479671
   1.584      1.475816
   1.588      1.471926
   1.593      1.468003
   1.597      1.464047
   1.602      1.460058
   1.606      1.456037
   1.610      1.451984
   1.615      1.447900
   1.619      1.443784
   1.624      1.439637
   1.628      1.435460
   1.632      1.431253
   1.637      1.427016
   1.641      1.422749
   1.646      1.418454
   1.650      1.414130
   1.654      1.409778
   1.659      1.405397
   1.663      1.400990
   1.668      1.396555
   1.672      1.392094
   1.676      1.387606
   1.681      1.383092
   1.685      1.378552
   1.690      1.373988
   1.694      1.369398
   1.698      1.364784
   1.703      1.360146
   1.707      1.355484
   1.712      1.350798
   1.716      1.346090
   1.720      1.341359
   1.725      1.336606
   1.729      1.331831
   1.734      1.327035
   1.738      1.322217
   1.742      1.317379
   1.747      1.312520
   1.751      1.307641
   1.756      1.302743
   1.760      1.297826
   1.764      1.292889
   1.769      1.287934
   1.773      1.282962
   1.778      1.277971
   1.782      1.272963
   1.786      1.267938
   1.791      1.262896
   1.795      1.257838
   1.800      1.252765
   1.804      1.247675
   1.808      1.242571
   1.813      1.237452
   1.817      1.232318
   1.822      1.227171
   1.826      1.222010
   1.830      1.216835
   1.835      1.211648
   1.839      1.206447
   1.844      1.201235
   1.848      1.196011
   1.852      1.190775
   1.857      1.185529
   1.861      1.180271
   1.866      1.175003
   1.870      1.169725
   1.874      1.164437
   1.879      1.159140
   1.883      1.153834
   1.888      1.148519
   1.892      1.143196
   1.896      1.137865
   1.901      1.132526
   1.905      1.127180
   1.910      1.121828
   1.914      1.116468
   1.918      1.111102
   1.923      1.105731
   1.927      1.100354
   1.932      1.094971
   1.936      1.089584
   1.940      1.084192
   1.945      1.078796
   1.949      1.073396
   1.954      1.067993
   1.958      1.062586
   1.962      1.057176
   1.967      1.051764
   1.971      1.046350
   1.976      1.040933
   1.980      1.035515
   1.984      1.030096
   1.989      1.024675
   1.993      1.019254
   1.998      1.013832
   2.002      1.008411
   2.006      1.002990
   2.011      0.997569
   2.015      0.992149
   2.020      0.986730
   2.024      0.981313
   2.028      0.975897
   2.033      0.970484
   2.037      0.965072
   2.042      0.959664
   2.046      0.954258
   2.050      0.948856
   2.055      0.943457
   2.059      0.938061
   2.064      0.932670
   2.068      0.927283
   2.072      0.921901
   2.077      0.916524
   2.081      0.911152
   2.086      0.905785
   2.090      0.900424
   2.094      0.895069
   2.099      0.889720
   2.103      0.884378
   2.108      0.879042
   2.112      0.873713
   2.116      0.868392
   2.121      0.863078
   2.125      0.857772
   2.130      0.852474
   2.134      0.847184
   2.138      0.841903
   2.143      0.836630
   2.147      0.831366
   2.152      0.826112
   2.156      0.820867
   2.160      0.815632
   2.165      0.810406
   2.169      0.805191
   2.174      0.799986
   2.178      0.794792
   2.182      0.789608
   2.187      0.784436
   2.191      0.779274
   2.196      0.774124
   2.200      0.768986
   2.204      0.763860
   2.209      0.758745
   2.213      0.753642
   2.218      0.748553
   2.222      0.743475
   2.226      0.738411
   2.231      0.733360
   2.235      0.728322
   2.240      0.723297
   2.244      0.718286
   2.248      0.713289
   2.253      0.708306
   2.257      0.703337
   2.262      0.698382
   2.266      0.693442
   2.270      0.688516
   2.275      0.683606
   2.279      0.678710
   2.284      0.673830
   2.288      0.668965
   2.292      0.664115
   2.297      0.659281
   2.301      0.654463
   2.306      0.649661
   2.310      0.644876
   2.314      0.640106
   2.319      0.635353
   2.323      0.630616
   2.328      0.625896
   2.332      0.621193
   2.336      0.616507
   2.341      0.611838
   2.345      0.607186
   2.350      0.602552
   2.354      0.597935
   2.358      0.593336
   2.363      0.588755
   2.367      0.584191
   2.372      0.579645
   2.376      0.575118
   2.380      0.570608
   2.385      0.566117
   2.389      0.561645
   2.394      0.557191
   2.398      0.552755
   2.402      0.548339
   2.407      0.543941
   2.411      0.539562
   2.416      0.535202
   2.420      0.530861
   2.424      0.526539
   2.429      0.522237
   2.433      0.517954
   2.438      0.513691
   2.442      0.509447
   2.446      0.505222
   2.451      0.501018
   2.455      0.496833
   2.460      0.492668
   2.464      0.488522
   2.468      0.484397
   2.473      0.480292
   2.477      0.476207
   2.482      0.472142
   2.486      0.468098
   2.490      0.464073
   2.495      0.460069
   2.499      0.456085
   2.504      0.452122
   2.508      0.448179
   2.512      0.444257
   2.517      0.440356
   2.521      0.436475
   2.526      0.432614
   2.530      0.428775
   2.534      0.424956
   2.539      0.421157
   2.543      0.417380
   2.548      0.413624
   2.552      0.409888
   2.556      0.406173
   2.561      0.402479
   2.565      0.398806
   2.570      0.395154
   2.574      0.391523
   2.578      0.387913
   2.583      0.384325
   2.587      0.380757
   2.592      0.377210
   2.596      0.373684
   2.600      0.370179
   2.605      0.366695
   2.609      0.363233
   2.614      0.359791
   2.618      0.356371
   2.622      0.352971
   2.627      0.349593
   2.631      0.346236
   2.636      0.342899
   2.640      0.339584
   2.644      0.336290
   2.649      0.333017
   2.653      0.329765
   2.658      0.326534
   2.662      0.323324
   2.666      0.320135
   2.671      0.316967
   2.675      0.313820
   2.680      0.310694
   2.684      0.307589
   2.688      0.304504
   2.693      0.301441
   2.697      0.298398
   2.702      0.295377
   2.706      0.292376
   2.710      0.289395
   2.715      0.286436
   2.719      0.283497
   2.724      0.280579
   2.728      0.277681
   2.732      0.274804
   2.737      0.271948
   2.741      0.269112
   2.746      0.266296
   2.750      0.263501
   2.754      0.260727
   2.759      0.257972
   2.763      0.255238
   2.768      0.252525
   2.772      0.249831
   2.776      0.247158
   2.781      0.244504
   2.785      0.241871
   2.790      0.239258
   2.794      0.236664
   2.798      0.234091
   2.803      0.231537
   2.807      0.229003
   2.812      0.226489
   2.816      0.223995
   2.820      0.221520
   2.825      0.219065
   2.829      0.216629
   2.834      0.214212
   2.838      0.211815
   2.842      0.209438
   2.847      0.207079
   2.851      0.204740
   2.856      0.202419
   2.860      0.200118
   2.864      0.197836
   2.869      0.195572
   2.873      0.193328
   2.878      0.191102
   2.882      0.188895
   2.886      0.186706
   2.891      0.184536
   2.895      0.182384
   2.900      0.180251
   2.904      0.178136
   2.908      0.176040
   2.913      0.173961
   2.917      0.171901
   2.922      0.169858
   2.926      0.167834
   2.930      0.165827
   2.935      0.163838
   2.939      0.161867
   2.944      0.159913
   2.948      0.157977
   2.952      0.156059
   2.957      0.154157
   2.961      0.152273
   2.966      0.150406
   2.970      0.148557
   2.974      0.146724
   2.979      0.144908
   2.983      0.143109
   2.988      0.141327
   2.992      0.139562
   2.996      0.137813
   3.001      0.136081
   3.005      0.134365
   3.010      0.132665
   3.014      0.130982
   3.018      0.129314
   3.023      0.127663
   3.027      0.126028
   3.032      0.124409
   3.036      0.122805
   3.040      0.121218
   3.045      0.119645
   3.049      0.118089
   3.054      0.116548
   3.058      0.115022
   3.062      0.113511
   3.067      0.112016
   3.071      0.110535
   3.076      0.109070
   3.080      0.107620
   3.084      0.106184
   3.089      0.104763
   3.093      0.103357
   3.098      0.101965
   3.102      0.100587
   3.106      0.099224
   3.111      0.097875
   3.115      0.096541
   3.120      0.095220
   3.124      0.093913
   3.128      0.092621
   3.133      0.091341
   3.137      0.090076
   3.142      0.088824
   3.146      0.087586
   3.150      0.086361
   3.155      0.085150
   3.159      0.083951
   3.164      0.082766
   3.168      0.081594
   3.172      0.080435
   3.177      0.079288
   3.181      0.078155
   3.186      0.077034
   3.190      0.075925
   3.194      0.074829
   3.199      0.073746
   3.203      0.072674
   3.208      0.071615
   3.212      0.070568
   3.216      0.069533
   3.221      0.068510
   3.225      0.067499
   3.230      0.066499
   3.234      0.065512
   3.238      0.064535
   3.243      0.063570
   3.247      0.062617
   3.252      0.061675
   3.256      0.060744
   3.260      0.059824
   3.265      0.058915
   3.269      0.058017
   3.274      0.057129
   3.278      0.056253
   3.282      0.055387
   3.287      0.054532
   3.291      0.053687
   3.296      0.052852
   3.300      0.052028
   3.304      0.051214
   3.309      0.050410
   3.313      0.049616
   3.318      0.048832
   3.322      0.048058
   3.326      0.047294
   3.331      0.046539
   3.335      0.045794
   3.340      0.045059
   3.344      0.044333
   3.348      0.043616
   3.353      0.042908
   3.357      0.042210
   3.362      0.041520
   3.366      0.040840
   3.370      0.040169
   3.375      0.039506
   3.379      0.038852
   3.384      0.038207
   3.388      0.037570
   3.392      0.036942
   3.397      0.036322
   3.401      0.035711
   3.406      0.035108
   3.410      0.034513
   3.414      0.033926
   3.419      0.033347
   3.423      0.032776
   3.428      0.032213
   3.432      0.031657
   3.436      0.031109
   3.441      0.030569
   3.445      0.030037
   3.450      0.029512
   3.454      0.028994
   3.458      0.028484
   3.463      0.027980
   3.467      0.027484
   3.472      0.026996
   3.476      0.026514
   3.480      0.026039
   3.485      0.025570
   3.489      0.025109
   3.494      0.024654
   3.498      0.024206
   3.502      0.023765
   3.507      0.023330
   3.511      0.022902
   3.516      0.022479
   3.520      0.022063
   3.524      0.021654
   3.529      0.021250
   3.533      0.020853
   3.538      0.020461
   3.542      0.020076
   3.546      0.019696
   3.551      0.019322
   3.555      0.018954
   3.560      0.018592
   3.564      0.018235
   3.568      0.017884
   3.573      0.017538
   3.577      0.017198
   3.582      0.016862
   3.586      0.016533
   3.590      0.016208
   3.595      0.015889
   3.599      0.015574
   3.604      0.015265
   3.608      0.014961
   3.612      0.014662
   3.617      0.014367
   3.621      0.014077
   3.626      0.013792
   3.630      0.013512
   3.634      0.013236
   3.639      0.012965
   3.643      0.012699
   3.648      0.012436
   3.652      0.012179
   3.656      0.011925
   3.661      0.011676
   3.665      0.011431
   3.670      0.011190
   3.674      0.010953
   3.678      0.010721
   3.683      0.010492
   3.687      0.010268
   3.692      0.010047
   3.696      0.009830
   3.700      0.009617
   3.705      0.009407
   3.709      0.009202
   3.714      0.009000
   3.718      0.008801
   3.722      0.008606
   3.727      0.008415
   3.731      0.008227
   3.736      0.008042
   3.740      0.007861
   3.744      0.007683
   3.749      0.007509
   3.753      0.007337
   3.758      0.007169
   3.762      0.007004
   3.766      0.006842
   3.771      0.006683
   3.775      0.006527
   3.780      0.006374
   3.784      0.006224
   3.788      0.006076
   3.793      0.005932
   3.797      0.005790
   3.802      0.005651
   3.806      0.005515
   3.810      0.005381
   3.815      0.005250
   3.819      0.005122
   3.824      0.004996
   3.828      0.004873
   3.832      0.004752
   3.837      0.004633
   3.841      0.004517
   3.846      0.004403
   3.850      0.004292
   3.854      0.004183
   3.859      0.004076
   3.863      0.003971
   3.868      0.003868
   3.872      0.003768
   3.876      0.003670
   3.881      0.003573
   3.885      0.003479
   3.890      0.003387
   3.894      0.003297
   3.898      0.003208
   3.903      0.003122
   3.907      0.003038
   3.912      0.002955
   3.916      0.002874
   3.920      0.002795
   3.925      0.002717
   3.929      0.002642
   3.934      0.002568
   3.938      0.002495
   3.942      0.002425
   3.947      0.002356
   3.951      0.002288
   3.956      0.002222
   3.960      0.002158
   3.964      0.002095
   3.969      0.002033
   3.973      0.001973
   3.978      0.001915
   3.982      0.001857
   3.986      0.001801
   3.991      0.001747
   3.995      0.001694
   4.000      0.001642
   4.004      0.001591
   4.008      0.001542
   4.013      0.001493
   4.017      0.001446
   4.022      0.001400
   4.026      0.001356
   4.030      0.001312
   4.035      0.001270
   4.039      0.001228
   4.044      0.001188
   4.048      0.001149
   4.052      0.001110
   4.057      0.001073
   4.061      0.001037
   4.066      0.001001
   4.070      0.000967
   4.074      0.000934
   4.079      0.000901
   4.083      0.000869
   4.088      0.000839
   4.092      0.000809
   4.096      0.000779
   4.101      0.000751
   4.105      0.000724
   4.110      0.000697
   4.114      0.000671
   4.118      0.000646
   4.123      0.000621
   4.127      0.000597
   4.132      0.000574
   4.136      0.000552
   4.140      0.000530
   4.145      0.000509
   4.149      0.000489
   4.154      0.000469
   4.158      0.000450
   4.162      0.000431
   4.167      0.000413
   4.171      0.000396
   4.176      0.000379
   4.180      0.000362
   4.184      0.000346
   4.189      0.000331
   4.193      0.000316
   4.198      0.000302
   4.202      0.000288
   4.206      0.000275
   4.211      0.000262
   4.215      0.000249
   4.220      0.000237
   4.224      0.000226
   4.228      0.000214
   4.233      0.000204
   4.237      0.000193
   4.242      0.000183
   4.246      0.000174
   4.250      0.000164
   4.255      0.000155
   4.259      0.000147
   4.264      0.000138
   4.268      0.000130
   4.272      0.000123
   4.277      0.000115
   4.281      0.000108
   4.286      0.000102
   4.290      0.000095
   4.294      0.000089
   4.299      0.000083
   4.303      0.000077
   4.308      0.000072
   4.312      0.000067
   4.316      0.000062
   4.321      0.000057
   4.325      0.000052
   4.330      0.000048
   4.334      0.000044
   4.338      0.000040
   4.343      0.000036
   4.347      0.000033
   4.352      0.000029
   4.356      0.000026
   4.360      0.000023
   4.365      0.000020
   4.369      0.000018
   4.374      0.000015
   4.378      0.000013
   4.382      0.000010
   4.387      0.000008
   4.391      0.000006
   4.396      0.000004
   4.400      0.000002
   4.404      0.000000
