   0.000      1.807637
   0.006      1.807637
   0.012      1.807637
   0.018      1.807634
   0.023      1.807627
   0.029      1.807613
   0.035      1.807586
   0.041      1.807544
   0.047      1.807478
   0.053      1.807384
   0.059      1.807254
   0.064      1.807079
   0.070      1.806853
   0.076      1.806565
   0.082      1.806207
   0.088      1.805770
   0.094      1.805243
   0.099      1.804618
   0.105      1.803884
   0.111      1.803034
   0.117      1.802057
   0.123      1.800945
   0.129      1.799690
   0.135      1.798285
   0.140      1.796722
   0.146      1.794997
   0.152      1.793104
   0.158      1.791038
   0.164      1.788797
   0.170      1.786377
   0.176      1.783778
   0.181      1.781000
   0.187      1.778041
   0.193      1.774904
   0.199      1.771591
   0.205      1.768104
   0.211      1.764446
   0.216      1.760622
   0.222      1.756635
   0.228      1.752489
   0.234      1.748191
   0.240      1.743745
   0.246      1.739156
   0.252      1.734429
   0.257      1.729570
   0.263      1.724584
   0.269      1.719476
   0.275      1.714251
   0.281      1.708914
   0.287      1.703469
   0.293      1.697922
   0.298      1.692276
   0.304      1.686537
   0.310      1.680707
   0.316      1.674792
   0.322      1.668794
   0.328      1.662718
   0.333      1.656568
   0.339      1.650346
   0.345      1.644057
   0.351      1.637704
   0.357      1.631290
   0.363      1.624818
   0.369      1.618292
   0.374      1.611715
   0.380      1.605089
   0.386      1.598418
   0.392      1.591705
   0.398      1.584952
   0.404      1.578163
   0.410      1.571340
   0.415      1.564485
   0.421      1.557602
   0.427      1.550693
   0.433      1.543761
   0.439      1.536807
   0.445      1.529834
   0.450      1.522845
   0.456      1.515842
   0.462      1.508827
   0.468      1.501802
   0.474      1.494769
   0.480      1.487730
   0.486      1.480687
   0.491      1.473641
   0.497      1.466596
   0.503      1.459552
   0.509      1.452510
   0.515      1.445474
   0.521      1.438444
   0.527      1.431421
   0.532      1.424408
   0.538      1.417406
   0.544      1.410415
   0.550      1.403438
   0.556      1.396475
   0.562      1.389528
   0.567      1.382598
   0.573      1.375686
   0.579      1.368793
   0.585      1.361920
   0.591      1.355068
   0.597      1.348238
   0.603      1.341431
   0.608      1.334647
   0.614      1.327889
   0.620      1.321155
   0.626      1.314448
   0.632      1.307767
   0.638      1.301113
   0.644      1.294488
   0.649      1.287892
   0.655      1.281324
   0.661      1.274786
   0.667      1.268279
   0.673      1.261802
   0.679      1.255357
   0.684      1.248943
   0.690      1.242561
   0.696      1.236212
   0.702      1.229895
   0.708      1.223611
   0.714      1.217361
   0.720      1.211144
   0.725      1.204961
   0.731      1.198813
   0.737      1.192699
   0.743      1.186619
   0.749      1.180574
   0.755      1.174564
   0.761      1.168589
   0.766      1.162649
   0.772      1.156745
   0.778      1.150876
   0.784      1.145042
   0.790      1.139244
   0.796      1.133482
   0.801      1.127755
   0.807      1.122064
   0.813      1.116409
   0.819      1.110789
   0.825      1.105205
   0.831      1.099657
   0.837      1.094144
   0.842      1.088667
   0.848      1.083226
   0.854      1.077820
   0.860      1.072450
   0.866      1.067115
   0.872      1.061816
   0.878      1.056552
   0.883      1.051323
   0.889      1.046129
   0.895      1.040970
   0.901      1.035845
   0.907      1.030756
   0.913      1.025701
   0.918      1.020681
   0.924      1.015695
   0.930      1.010743
   0.936      1.005826
   0.942      1.000942
   0.948      0.996092
   0.954      0.991276
   0.959      0.986493
   0.965      0.981743
   0.971      0.977027
   0.977      0.972343
   0.983      0.967693
   0.989      0.963075
   0.995      0.958489
   1.000      0.953936
   1.006      0.949415
   1.012      0.944925
   1.018      0.940468
   1.024      0.936042
   1.030      0.931647
   1.035      0.927283
   1.041      0.922951
   1.047      0.918649
   1.053      0.914378
   1.059      0.910137
   1.065      0.905926
   1.071      0.901746
   1.076      0.897595
   1.082      0.893474
   1.088      0.889382
   1.094      0.885319
   1.100      0.881285
   1.106      0.877281
   1.112      0.873304
   1.117      0.869357
   1.123      0.865437
   1.129      0.861545
   1.135      0.857681
   1.141      0.853845
   1.147      0.850036
   1.152      0.846255
   1.158      0.842500
   1.164      0.838772
   1.170      0.835071
   1.176      0.831396
   1.182      0.827748
   1.188      0.824125
   1.193      0.820528
   1.199      0.816957
   1.205      0.813411
   1.211      0.809891
   1.217      0.806395
   1.223      0.802925
   1.229      0.799479
   1.234      0.796057
   1.240      0.792660
   1.246      0.789287
   1.252      0.785938
   1.258      0.782612
   1.264      0.779310
   1.269      0.776032
   1.275      0.772776
   1.281      0.769544
   1.287      0.766334
   1.293      0.763147
   1.299      0.759982
   1.305      0.756839
   1.310      0.753719
   1.316      0.750620
   1.322      0.747543
   1.328      0.744488
   1.334      0.741454
   1.340      0.738441
   1.346      0.735450
   1.351      0.732479
   1.357      0.729528
   1.363      0.726599
   1.369      0.723689
   1.375      0.720800
   1.381      0.717931
   1.386      0.715081
   1.392      0.712252
   1.398      0.709441
   1.404      0.706651
   1.410      0.703879
   1.416      0.701126
   1.422      0.698393
   1.427      0.695678
   1.433      0.692981
   1.439      0.690303
   1.445      0.687643
   1.451      0.685002
   1.457      0.682378
   1.463      0.679772
   1.468      0.677184
   1.474      0.674613
   1.480      0.672060
   1.486      0.669524
   1.492      0.667005
   1.498      0.664503
   1.504      0.662018
   1.509      0.659549
   1.515      0.657097
   1.521      0.654662
   1.527      0.652243
   1.533      0.649839
   1.539      0.647452
   1.544      0.645081
   1.550      0.642725
   1.556      0.640385
   1.562      0.638061
   1.568      0.635751
   1.574      0.633457
   1.580      0.631178
   1.585      0.628914
   1.591      0.626665
   1.597      0.624431
   1.603      0.622211
   1.609      0.620006
   1.615      0.617815
   1.621      0.615638
   1.626      0.613475
   1.632      0.611327
   1.638      0.609192
   1.644      0.607071
   1.650      0.604964
   1.656      0.602870
   1.661      0.600790
   1.667      0.598723
   1.673      0.596669
   1.679      0.594628
   1.685      0.592600
   1.691      0.590586
   1.697      0.588583
   1.702      0.586594
   1.708      0.584617
   1.714      0.582653
   1.720      0.580701
   1.726      0.578761
   1.732      0.576834
   1.738      0.574918
   1.743      0.573015
   1.749      0.571123
   1.755      0.569244
   1.761      0.567375
   1.767      0.565519
   1.773      0.563674
   1.778      0.561840
   1.784      0.560018
   1.790      0.558207
   1.796      0.556407
   1.802      0.554618
   1.808      0.552840
   1.814      0.551072
   1.819      0.549316
   1.825      0.547570
   1.831      0.545835
   1.837      0.544110
   1.843      0.542396
   1.849      0.540692
   1.855      0.538999
   1.860      0.537315
   1.866      0.535642
   1.872      0.533978
   1.878      0.532325
   1.884      0.530681
   1.890      0.529048
   1.895      0.527424
   1.901      0.525809
   1.907      0.524204
   1.913      0.522609
   1.919      0.521023
   1.925      0.519446
   1.931      0.517878
   1.936      0.516320
   1.942      0.514771
   1.948      0.513230
   1.954      0.511699
   1.960      0.510177
   1.966      0.508663
   1.972      0.507158
   1.977      0.505662
   1.983      0.504175
   1.989      0.502696
   1.995      0.501225
   2.001      0.499763
   2.007      0.498309
   2.012      0.496864
   2.018      0.495426
   2.024      0.493997
   2.030      0.492576
   2.036      0.491163
   2.042      0.489758
   2.048      0.488360
   2.053      0.486971
   2.059      0.485589
   2.065      0.484215
   2.071      0.482849
   2.077      0.481490
   2.083      0.480139
   2.089      0.478796
   2.094      0.477459
   2.100      0.476130
   2.106      0.474809
   2.112      0.473494
   2.118      0.472187
   2.124      0.470887
   2.129      0.469594
   2.135      0.468308
   2.141      0.467029
   2.147      0.465757
   2.153      0.464492
   2.159      0.463234
   2.165      0.461982
   2.170      0.460737
   2.176      0.459499
   2.182      0.458267
   2.188      0.457042
   2.194      0.455824
   2.200      0.454612
   2.206      0.453406
   2.211      0.452207
   2.217      0.451013
   2.223      0.449827
   2.229      0.448646
   2.235      0.447472
   2.241      0.446303
   2.246      0.445141
   2.252      0.443985
   2.258      0.442835
   2.264      0.441691
   2.270      0.440552
   2.276      0.439420
   2.282      0.438293
   2.287      0.437172
   2.293      0.436057
   2.299      0.434947
   2.305      0.433843
   2.311      0.432745
   2.317      0.431652
   2.323      0.430565
   2.328      0.429483
