   0.000      2.231417
   0.006      2.231240
   0.012      2.230707
   0.018      2.229821
   0.023      2.228581
   0.029      2.226988
   0.035      2.225044
   0.041      2.222750
   0.047      2.220107
   0.053      2.217118
   0.059      2.213784
   0.064      2.210107
   0.070      2.206089
   0.076      2.201732
   0.082      2.197040
   0.088      2.192014
   0.094      2.186657
   0.099      2.180974
   0.105      2.174966
   0.111      2.168639
   0.117      2.161996
   0.123      2.155041
   0.129      2.147780
   0.135      2.140216
   0.140      2.132356
   0.146      2.124206
   0.152      2.115770
   0.158      2.107057
   0.164      2.098072
   0.170      2.088822
   0.176      2.079316
   0.181      2.069560
   0.187      2.059564
   0.193      2.049335
   0.199      2.038883
   0.205      2.028216
   0.211      2.017343
   0.216      2.006275
   0.222      1.995020
   0.228      1.983588
   0.234      1.971989
   0.240      1.960233
   0.246      1.948330
   0.252      1.936290
   0.257      1.924122
   0.263      1.911837
   0.269      1.899444
   0.275      1.886954
   0.281      1.874376
   0.287      1.861720
   0.293      1.848994
   0.298      1.836209
   0.304      1.823374
   0.310      1.810498
   0.316      1.797590
   0.322      1.784658
   0.328      1.771712
   0.333      1.758759
   0.339      1.745808
   0.345      1.732868
   0.351      1.719946
   0.357      1.707049
   0.363      1.694186
   0.369      1.681364
   0.374      1.668589
   0.380      1.655870
   0.386      1.643213
   0.392      1.630624
   0.398      1.618111
   0.404      1.605679
   0.410      1.593334
   0.415      1.581082
   0.421      1.568930
   0.427      1.556882
   0.433      1.544943
   0.439      1.533119
   0.445      1.521415
   0.450      1.509834
   0.456      1.498381
   0.462      1.487061
   0.468      1.475876
   0.474      1.464830
   0.480      1.453927
   0.486      1.443168
   0.491      1.432557
   0.497      1.422096
   0.503      1.411787
   0.509      1.401630
   0.515      1.391629
   0.521      1.381782
   0.527      1.372092
   0.532      1.362559
   0.538      1.353182
   0.544      1.343962
   0.550      1.334898
   0.556      1.325989
   0.562      1.317235
   0.567      1.308634
   0.573      1.300186
   0.579      1.291888
   0.585      1.283738
   0.591      1.275736
   0.597      1.267879
   0.603      1.260165
   0.608      1.252591
   0.614      1.245155
   0.620      1.237855
   0.626      1.230687
   0.632      1.223650
   0.638      1.216740
   0.644      1.209955
   0.649      1.203291
   0.655      1.196746
   0.661      1.190317
   0.667      1.184001
   0.673      1.177794
   0.679      1.171694
   0.684      1.165698
   0.690      1.159803
   0.696      1.154005
   0.702      1.148302
   0.708      1.142692
   0.714      1.137170
   0.720      1.131734
   0.725      1.126381
   0.731      1.121109
   0.737      1.115915
   0.743      1.110795
   0.749      1.105748
   0.755      1.100771
   0.761      1.095861
   0.766      1.091015
   0.772      1.086232
   0.778      1.081508
   0.784      1.076842
   0.790      1.072232
   0.796      1.067674
   0.801      1.063168
   0.807      1.058710
   0.813      1.054300
   0.819      1.049934
   0.825      1.045612
   0.831      1.041331
   0.837      1.037090
   0.842      1.032887
   0.848      1.028720
   0.854      1.024588
   0.860      1.020489
   0.866      1.016422
   0.872      1.012386
   0.878      1.008379
   0.883      1.004401
   0.889      1.000449
   0.895      0.996522
   0.901      0.992620
   0.907      0.988742
   0.913      0.984887
   0.918      0.981053
   0.924      0.977240
   0.930      0.973446
   0.936      0.969672
   0.942      0.965917
   0.948      0.962179
   0.954      0.958458
   0.959      0.954754
   0.965      0.951065
   0.971      0.947392
   0.977      0.943733
   0.983      0.940089
   0.989      0.936459
   0.995      0.932843
   1.000      0.929239
   1.006      0.925649
   1.012      0.922070
   1.018      0.918505
   1.024      0.914951
   1.030      0.911408
   1.035      0.907878
   1.041      0.904358
   1.047      0.900850
   1.053      0.897353
   1.059      0.893867
   1.065      0.890391
   1.071      0.886927
   1.076      0.883473
   1.082      0.880029
   1.088      0.876596
   1.094      0.873174
   1.100      0.869762
   1.106      0.866361
   1.112      0.862970
   1.117      0.859590
   1.123      0.856221
   1.129      0.852862
   1.135      0.849513
   1.141      0.846176
   1.147      0.842850
   1.152      0.839534
   1.158      0.836229
   1.164      0.832936
   1.170      0.829653
   1.176      0.826382
   1.182      0.823122
   1.188      0.819874
   1.193      0.816637
   1.199      0.813412
   1.205      0.810199
   1.211      0.806997
   1.217      0.803808
   1.223      0.800631
   1.229      0.797466
   1.234      0.794313
   1.240      0.791173
   1.246      0.788046
   1.252      0.784931
   1.258      0.781829
   1.264      0.778740
   1.269      0.775663
   1.275      0.772600
   1.281      0.769551
   1.287      0.766514
   1.293      0.763492
   1.299      0.760482
   1.305      0.757487
   1.310      0.754505
   1.316      0.751537
   1.322      0.748582
   1.328      0.745642
   1.334      0.742716
   1.340      0.739805
   1.346      0.736907
   1.351      0.734024
   1.357      0.731155
   1.363      0.728301
   1.369      0.725461
   1.375      0.722635
   1.381      0.719825
   1.386      0.717029
   1.392      0.714248
   1.398      0.711481
   1.404      0.708730
   1.410      0.705993
   1.416      0.703271
   1.422      0.700565
   1.427      0.697873
   1.433      0.695196
   1.439      0.692534
   1.445      0.689887
   1.451      0.687255
   1.457      0.684638
   1.463      0.682037
   1.468      0.679450
   1.474      0.676878
   1.480      0.674322
   1.486      0.671780
   1.492      0.669254
   1.498      0.666742
   1.504      0.664246
   1.509      0.661764
   1.515      0.659297
   1.521      0.656846
   1.527      0.654409
   1.533      0.651987
   1.539      0.649580
   1.544      0.647187
   1.550      0.644810
   1.556      0.642447
   1.562      0.640099
   1.568      0.637765
   1.574      0.635446
   1.580      0.633142
   1.585      0.630852
   1.591      0.628576
   1.597      0.626315
   1.603      0.624068
   1.609      0.621835
   1.615      0.619616
   1.621      0.617412
   1.626      0.615221
   1.632      0.613045
   1.638      0.610882
   1.644      0.608733
   1.650      0.606598
   1.656      0.604476
   1.661      0.602369
   1.667      0.600274
   1.673      0.598193
   1.679      0.596126
   1.685      0.594071
   1.691      0.592030
   1.697      0.590002
   1.702      0.587987
   1.708      0.585985
   1.714      0.583996
   1.720      0.582020
   1.726      0.580056
   1.732      0.578105
   1.738      0.576166
   1.743      0.574240
   1.749      0.572326
   1.755      0.570425
   1.761      0.568535
   1.767      0.566658
   1.773      0.564792
   1.778      0.562939
   1.784      0.561097
   1.790      0.559267
   1.796      0.557448
   1.802      0.555641
   1.808      0.553846
   1.814      0.552062
   1.819      0.550289
   1.825      0.548527
   1.831      0.546776
   1.837      0.545036
   1.843      0.543307
   1.849      0.541589
   1.855      0.539882
   1.860      0.538185
   1.866      0.536499
   1.872      0.534823
   1.878      0.533158
   1.884      0.531502
   1.890      0.529857
   1.895      0.528223
   1.901      0.526598
   1.907      0.524983
   1.913      0.523377
   1.919      0.521782
   1.925      0.520196
   1.931      0.518620
   1.936      0.517053
   1.942      0.515496
   1.948      0.513948
   1.954      0.512409
   1.960      0.510880
   1.966      0.509360
   1.972      0.507848
   1.977      0.506346
   1.983      0.504852
   1.989      0.503367
   1.995      0.501891
   2.001      0.500424
   2.007      0.498965
   2.012      0.497514
   2.018      0.496072
   2.024      0.494638
   2.030      0.493213
   2.036      0.491796
   2.042      0.490386
   2.048      0.488985
   2.053      0.487592
   2.059      0.486207
   2.065      0.484830
   2.071      0.483460
   2.077      0.482098
   2.083      0.480744
   2.089      0.479397
   2.094      0.478058
   2.100      0.476727
   2.106      0.475402
   2.112      0.474085
   2.118      0.472776
   2.124      0.471473
   2.129      0.470178
   2.135      0.468890
   2.141      0.467609
   2.147      0.466335
   2.153      0.465068
   2.159      0.463807
   2.165      0.462554
   2.170      0.461307
   2.176      0.460067
   2.182      0.458833
   2.188      0.457607
   2.194      0.456386
   2.200      0.455172
   2.206      0.453965
   2.211      0.452764
   2.217      0.451570
   2.223      0.450381
   2.229      0.449199
   2.235      0.448023
   2.241      0.446853
   2.246      0.445690
   2.252      0.444532
   2.258      0.443380
   2.264      0.442235
   2.270      0.441095
   2.276      0.439961
   2.282      0.438833
   2.287      0.437711
   2.293      0.436594
   2.299      0.435483
   2.305      0.434378
   2.311      0.433278
   2.317      0.432184
   2.323      0.431095
   2.328      0.430012
