   0.004     -0.008368
   0.009     -0.095968
   0.013     -0.183567
   0.018     -0.274109
   0.022     -0.364974
   0.026     -0.455841
   0.031     -0.546610
   0.035     -0.637233
   0.040     -0.727673
   0.044     -0.817899
   0.048     -0.907886
   0.053     -0.997606
   0.057     -1.087036
   0.062     -1.176150
   0.066     -1.264925
   0.070     -1.353335
   0.075     -1.441358
   0.079     -1.528968
   0.084     -1.616142
   0.088     -1.702854
   0.092     -1.789079
   0.097     -1.874793
   0.101     -1.959970
   0.106     -2.044584
   0.110     -2.128610
   0.114     -2.212021
   0.119     -2.294791
   0.123     -2.376893
   0.128     -2.458300
   0.132     -2.538986
   0.136     -2.618923
   0.141     -2.698083
   0.145     -2.776440
   0.150     -2.853965
   0.154     -2.930630
   0.158     -3.006408
   0.163     -3.081270
   0.167     -3.155188
   0.172     -3.228133
   0.176     -3.300076
   0.180     -3.370989
   0.185     -3.440842
   0.189     -3.509607
   0.194     -3.577254
   0.198     -3.643754
   0.202     -3.709077
   0.207     -3.773194
   0.211     -3.836075
   0.216     -3.897689
   0.220     -3.958009
   0.224     -4.017002
   0.229     -4.074641
   0.233     -4.130894
   0.238     -4.185733
   0.242     -4.239127
   0.246     -4.291049
   0.251     -4.341467
   0.255     -4.390355
   0.260     -4.437684
   0.264     -4.483425
   0.268     -4.527553
   0.273     -4.570040
   0.277     -4.610861
   0.282     -4.649992
   0.286     -4.687409
   0.290     -4.723089
   0.295     -4.757011
   0.299     -4.789155
   0.304     -4.819504
   0.308     -4.848040
   0.312     -4.874750
   0.317     -4.899619
   0.321     -4.922638
   0.326     -4.943799
   0.330     -4.963094
   0.334     -4.980521
   0.339     -4.996079
   0.343     -5.009768
   0.348     -5.021593
   0.352     -5.031563
   0.356     -5.039686
   0.361     -5.045976
   0.365     -5.050449
   0.370     -5.053125
   0.374     -5.054025
   0.378     -5.053175
   0.383     -5.050603
   0.387     -5.046341
   0.392     -5.040423
   0.396     -5.032886
   0.400     -5.023769
   0.405     -5.013115
   0.409     -5.000969
   0.414     -4.987378
   0.418     -4.972390
   0.422     -4.956057
   0.427     -4.938432
   0.431     -4.919568
   0.436     -4.899521
   0.440     -4.878347
   0.444     -4.856105
   0.449     -4.832851
   0.453     -4.808645
   0.458     -4.783544
   0.462     -4.757606
   0.466     -4.730890
   0.471     -4.703452
   0.475     -4.675349
   0.480     -4.646635
   0.484     -4.617364
   0.488     -4.587588
   0.493     -4.557358
   0.497     -4.526722
   0.502     -4.495726
   0.506     -4.464415
   0.510     -4.432830
   0.515     -4.401012
   0.519     -4.368996
   0.524     -4.336818
   0.528     -4.304509
   0.532     -4.272099
   0.537     -4.239614
   0.541     -4.207079
   0.546     -4.174516
   0.550     -4.141944
   0.554     -4.109380
   0.559     -4.076841
   0.563     -4.044338
   0.568     -4.011882
   0.572     -3.979484
   0.576     -3.947151
   0.581     -3.914889
   0.585     -3.882702
   0.590     -3.850595
   0.594     -3.818569
   0.598     -3.786627
   0.603     -3.754769
   0.607     -3.722995
   0.612     -3.691304
   0.616     -3.659697
   0.620     -3.628170
   0.625     -3.596724
   0.629     -3.565356
   0.634     -3.534065
   0.638     -3.502848
   0.642     -3.471705
   0.647     -3.440634
   0.651     -3.409634
   0.656     -3.378702
   0.660     -3.347840
   0.664     -3.317045
   0.669     -3.286317
   0.673     -3.255656
   0.678     -3.225063
   0.682     -3.194537
   0.686     -3.164080
   0.691     -3.133691
   0.695     -3.103372
   0.700     -3.073125
   0.704     -3.042950
   0.708     -3.012849
   0.713     -2.982825
   0.717     -2.952878
   0.722     -2.923010
   0.726     -2.893225
   0.730     -2.863523
   0.735     -2.833907
   0.739     -2.804380
   0.744     -2.774942
   0.748     -2.745597
   0.752     -2.716346
   0.757     -2.687192
   0.761     -2.658137
   0.766     -2.629182
   0.770     -2.600330
   0.774     -2.571583
   0.779     -2.542943
   0.783     -2.514411
   0.788     -2.485990
   0.792     -2.457681
   0.796     -2.429486
   0.801     -2.401407
   0.805     -2.373446
   0.810     -2.345603
   0.814     -2.317881
   0.818     -2.290281
   0.823     -2.262805
   0.827     -2.235454
   0.832     -2.208229
   0.836     -2.181132
   0.840     -2.154165
   0.845     -2.127327
   0.849     -2.100621
   0.854     -2.074047
   0.858     -2.047607
   0.862     -2.021302
   0.867     -1.995132
   0.871     -1.969099
   0.876     -1.943204
   0.880     -1.917447
   0.884     -1.891830
   0.889     -1.866352
   0.893     -1.841016
   0.898     -1.815821
   0.902     -1.790769
   0.906     -1.765859
   0.911     -1.741093
   0.915     -1.716472
   0.920     -1.691995
   0.924     -1.667663
   0.928     -1.643477
   0.933     -1.619437
   0.937     -1.595544
   0.942     -1.571798
   0.946     -1.548199
   0.950     -1.524747
   0.955     -1.501444
   0.959     -1.478289
   0.964     -1.455282
   0.968     -1.432425
   0.972     -1.409716
   0.977     -1.387156
   0.981     -1.364745
   0.986     -1.342483
   0.990     -1.320371
   0.994     -1.298409
   0.999     -1.276596
   1.003     -1.254932
   1.008     -1.233418
   1.012     -1.212053
   1.016     -1.190838
   1.021     -1.169773
   1.025     -1.148856
   1.030     -1.128089
   1.034     -1.107471
   1.038     -1.087001
   1.043     -1.066681
   1.047     -1.046508
   1.052     -1.026485
   1.056     -1.006609
   1.060     -0.986881
   1.065     -0.967301
   1.069     -0.947869
   1.074     -0.928583
   1.078     -0.909444
   1.082     -0.890452
   1.087     -0.871605
   1.091     -0.852905
   1.096     -0.834350
   1.100     -0.815940
   1.104     -0.797675
   1.109     -0.779554
   1.113     -0.761577
   1.118     -0.743743
   1.122     -0.726053
   1.126     -0.708505
   1.131     -0.691099
   1.135     -0.673835
   1.140     -0.656712
   1.144     -0.639730
   1.148     -0.622888
   1.153     -0.606186
   1.157     -0.589623
   1.162     -0.573199
   1.166     -0.556913
   1.170     -0.540765
   1.175     -0.524754
   1.179     -0.508880
   1.184     -0.493141
   1.188     -0.477538
   1.192     -0.462070
   1.197     -0.446737
   1.201     -0.431537
   1.206     -0.416470
   1.210     -0.401536
   1.214     -0.386734
   1.219     -0.372063
   1.223     -0.357523
   1.228     -0.343113
   1.232     -0.328833
   1.236     -0.314681
   1.241     -0.300658
   1.245     -0.286763
   1.250     -0.272995
   1.254     -0.259353
   1.258     -0.245837
   1.263     -0.232446
   1.267     -0.219180
   1.272     -0.206038
   1.276     -0.193019
   1.280     -0.180122
   1.285     -0.167347
   1.289     -0.154694
   1.294     -0.142161
   1.298     -0.129748
   1.302     -0.117455
   1.307     -0.105280
   1.311     -0.093223
   1.316     -0.081284
   1.320     -0.069461
   1.324     -0.057754
   1.329     -0.046163
   1.333     -0.034686
   1.338     -0.023323
   1.342     -0.012073
   1.346     -0.000937
   1.351      0.010088
   1.355      0.021001
   1.360      0.031804
   1.364      0.042497
   1.368      0.053080
   1.373      0.063555
   1.377      0.073921
   1.382      0.084181
   1.386      0.094333
   1.390      0.104380
   1.395      0.114321
   1.399      0.124157
   1.404      0.133890
   1.408      0.143518
   1.412      0.153045
   1.417      0.162469
   1.421      0.171791
   1.426      0.181013
   1.430      0.190135
   1.434      0.199157
   1.439      0.208081
   1.443      0.216906
   1.448      0.225634
   1.452      0.234265
   1.456      0.242799
   1.461      0.251238
   1.465      0.259582
   1.470      0.267832
   1.474      0.275988
   1.478      0.284051
   1.483      0.292021
   1.487      0.299900
   1.492      0.307688
   1.496      0.315384
   1.500      0.322991
   1.505      0.330509
   1.509      0.337938
   1.514      0.345279
   1.518      0.352532
   1.522      0.359699
   1.527      0.366779
   1.531      0.373774
   1.536      0.380684
   1.540      0.387509
   1.544      0.394250
   1.549      0.400908
   1.553      0.407484
   1.558      0.413977
   1.562      0.420389
   1.566      0.426720
   1.571      0.432971
   1.575      0.439142
   1.580      0.445234
   1.584      0.451247
   1.588      0.457183
   1.593      0.463041
   1.597      0.468822
   1.602      0.474526
   1.606      0.480155
   1.610      0.485709
   1.615      0.491189
   1.619      0.496594
   1.624      0.501925
   1.628      0.507184
   1.632      0.512370
   1.637      0.517485
   1.641      0.522528
   1.646      0.527500
   1.650      0.532402
   1.654      0.537235
   1.659      0.541998
   1.663      0.546692
   1.668      0.551319
   1.672      0.555877
   1.676      0.560369
   1.681      0.564794
   1.685      0.569153
   1.690      0.573446
   1.694      0.577674
   1.698      0.581838
   1.703      0.585938
   1.707      0.589974
   1.712      0.593947
   1.716      0.597857
   1.720      0.601705
   1.725      0.605492
   1.729      0.609218
   1.734      0.612883
   1.738      0.616487
   1.742      0.620033
   1.747      0.623518
   1.751      0.626946
   1.756      0.630315
   1.760      0.633626
   1.764      0.636879
   1.769      0.640076
   1.773      0.643217
   1.778      0.646301
   1.782      0.649330
   1.786      0.652304
   1.791      0.655223
   1.795      0.658088
   1.800      0.660900
   1.804      0.663658
   1.808      0.666363
   1.813      0.669016
   1.817      0.671616
   1.822      0.674166
   1.826      0.676664
   1.830      0.679111
   1.835      0.681508
   1.839      0.683855
   1.844      0.686152
   1.848      0.688401
   1.852      0.690601
   1.857      0.692752
   1.861      0.694856
   1.866      0.696912
   1.870      0.698922
   1.874      0.700884
   1.879      0.702800
   1.883      0.704671
   1.888      0.706496
   1.892      0.708276
   1.896      0.710011
   1.901      0.711702
   1.905      0.713349
   1.910      0.714952
   1.914      0.716512
   1.918      0.718030
   1.923      0.719505
   1.927      0.720937
   1.932      0.722328
   1.936      0.723678
   1.940      0.724987
   1.945      0.726255
   1.949      0.727483
   1.954      0.728671
   1.958      0.729819
   1.962      0.730928
   1.967      0.731998
   1.971      0.733030
   1.976      0.734023
   1.980      0.734979
   1.984      0.735897
   1.989      0.736778
   1.993      0.737622
   1.998      0.738430
   2.002      0.739201
   2.006      0.739936
   2.011      0.740636
   2.015      0.741301
   2.020      0.741931
   2.024      0.742526
   2.028      0.743087
   2.033      0.743614
   2.037      0.744108
   2.042      0.744568
   2.046      0.744995
   2.050      0.745389
   2.055      0.745751
   2.059      0.746081
   2.064      0.746379
   2.068      0.746645
   2.072      0.746880
   2.077      0.747085
   2.081      0.747258
   2.086      0.747402
   2.090      0.747515
   2.094      0.747599
   2.099      0.747653
   2.103      0.747678
   2.108      0.747673
   2.112      0.747641
   2.116      0.747580
   2.121      0.747490
   2.125      0.747373
   2.130      0.747229
   2.134      0.747057
   2.138      0.746858
   2.143      0.746632
   2.147      0.746380
   2.152      0.746102
   2.156      0.745798
   2.160      0.745468
   2.165      0.745112
   2.169      0.744732
   2.174      0.744326
   2.178      0.743896
   2.182      0.743441
   2.187      0.742962
   2.191      0.742459
   2.196      0.741932
   2.200      0.741382
   2.204      0.740809
   2.209      0.740213
   2.213      0.739593
   2.218      0.738952
   2.222      0.738288
   2.226      0.737602
   2.231      0.736894
   2.235      0.736165
   2.240      0.735414
   2.244      0.734642
   2.248      0.733849
   2.253      0.733036
   2.257      0.732202
   2.262      0.731348
   2.266      0.730474
   2.270      0.729580
   2.275      0.728666
   2.279      0.727733
   2.284      0.726781
   2.288      0.725810
   2.292      0.724820
   2.297      0.723812
   2.301      0.722785
   2.306      0.721741
   2.310      0.720678
   2.314      0.719597
   2.319      0.718500
   2.323      0.717384
   2.328      0.716252
   2.332      0.715103
   2.336      0.713937
   2.341      0.712754
   2.345      0.711555
   2.350      0.710340
   2.354      0.709109
   2.358      0.707863
   2.363      0.706600
   2.367      0.705323
   2.372      0.704030
   2.376      0.702722
   2.380      0.701399
   2.385      0.700062
   2.389      0.698710
   2.394      0.697344
   2.398      0.695963
   2.402      0.694569
   2.407      0.693161
   2.411      0.691739
   2.416      0.690304
   2.420      0.688856
   2.424      0.687394
   2.429      0.685920
   2.433      0.684433
   2.438      0.682933
   2.442      0.681421
   2.446      0.679896
   2.451      0.678360
   2.455      0.676811
   2.460      0.675251
   2.464      0.673679
   2.468      0.672096
   2.473      0.670501
   2.477      0.668895
   2.482      0.667278
   2.486      0.665651
   2.490      0.664012
   2.495      0.662363
   2.499      0.660704
   2.504      0.659035
   2.508      0.657355
   2.512      0.655665
   2.517      0.653966
   2.521      0.652257
   2.526      0.650538
   2.530      0.648810
   2.534      0.647073
   2.539      0.645327
   2.543      0.643572
   2.548      0.641808
   2.552      0.640035
   2.556      0.638254
   2.561      0.636464
   2.565      0.634666
   2.570      0.632860
   2.574      0.631046
   2.578      0.629224
   2.583      0.627395
   2.587      0.625557
   2.592      0.623712
   2.596      0.621860
   2.600      0.620001
   2.605      0.618134
   2.609      0.616261
   2.614      0.614381
   2.618      0.612494
   2.622      0.610600
   2.627      0.608700
   2.631      0.606793
   2.636      0.604880
   2.640      0.602961
   2.644      0.601037
   2.649      0.599106
   2.653      0.597169
   2.658      0.595227
   2.662      0.593279
   2.666      0.591326
   2.671      0.589367
   2.675      0.587403
   2.680      0.585434
   2.684      0.583460
   2.688      0.581481
   2.693      0.579497
   2.697      0.577509
   2.702      0.575516
   2.706      0.573519
   2.710      0.571517
   2.715      0.569511
   2.719      0.567501
   2.724      0.565487
   2.728      0.563468
   2.732      0.561446
   2.737      0.559421
   2.741      0.557391
   2.746      0.555358
   2.750      0.553322
   2.754      0.551282
   2.759      0.549239
   2.763      0.547193
   2.768      0.545143
   2.772      0.543091
   2.776      0.541036
   2.781      0.538978
   2.785      0.536917
   2.790      0.534854
   2.794      0.532788
   2.798      0.530720
   2.803      0.528649
   2.807      0.526576
   2.812      0.524501
   2.816      0.522424
   2.820      0.520345
   2.825      0.518264
   2.829      0.516181
   2.834      0.514096
   2.838      0.512010
   2.842      0.509922
   2.847      0.507833
   2.851      0.505742
   2.856      0.503650
   2.860      0.501557
   2.864      0.499462
   2.869      0.497367
   2.873      0.495270
   2.878      0.493172
   2.882      0.491074
   2.886      0.488975
   2.891      0.486875
   2.895      0.484774
   2.900      0.482673
   2.904      0.480571
   2.908      0.478469
   2.913      0.476367
   2.917      0.474264
   2.922      0.472161
   2.926      0.470058
   2.930      0.467955
   2.935      0.465852
   2.939      0.463749
   2.944      0.461646
   2.948      0.459544
   2.952      0.457441
   2.957      0.455339
   2.961      0.453238
   2.966      0.451137
   2.970      0.449036
   2.974      0.446936
   2.979      0.444837
   2.983      0.442738
   2.988      0.440641
   2.992      0.438544
   2.996      0.436448
   3.001      0.434353
   3.005      0.432259
   3.010      0.430166
   3.014      0.428074
   3.018      0.425984
   3.023      0.423894
   3.027      0.421807
   3.032      0.419720
   3.036      0.417635
   3.040      0.415552
   3.045      0.413470
   3.049      0.411389
   3.054      0.409311
   3.058      0.407234
   3.062      0.405159
   3.067      0.403085
   3.071      0.401014
   3.076      0.398945
   3.080      0.396877
   3.084      0.394812
   3.089      0.392748
   3.093      0.390687
   3.098      0.388628
   3.102      0.386572
   3.106      0.384517
   3.111      0.382465
   3.115      0.380416
   3.120      0.378368
   3.124      0.376324
   3.128      0.374281
   3.133      0.372242
   3.137      0.370205
   3.142      0.368171
   3.146      0.366139
   3.150      0.364110
   3.155      0.362084
   3.159      0.360061
   3.164      0.358041
   3.168      0.356024
   3.172      0.354010
   3.177      0.351999
   3.181      0.349990
   3.186      0.347985
   3.190      0.345984
   3.194      0.343985
   3.199      0.341990
   3.203      0.339998
   3.208      0.338009
   3.212      0.336023
   3.216      0.334041
   3.221      0.332063
   3.225      0.330088
   3.230      0.328116
   3.234      0.326148
   3.238      0.324184
   3.243      0.322223
   3.247      0.320266
   3.252      0.318312
   3.256      0.316363
   3.260      0.314417
   3.265      0.312475
   3.269      0.310537
   3.274      0.308602
   3.278      0.306672
   3.282      0.304746
   3.287      0.302823
   3.291      0.300905
   3.296      0.298990
   3.300      0.297080
   3.304      0.295174
   3.309      0.293272
   3.313      0.291374
   3.318      0.289480
   3.322      0.287591
   3.326      0.285706
   3.331      0.283825
   3.335      0.281949
   3.340      0.280077
   3.344      0.278209
   3.348      0.276346
   3.353      0.274487
   3.357      0.272633
   3.362      0.270783
   3.366      0.268938
   3.370      0.267097
   3.375      0.265261
   3.379      0.263430
   3.384      0.261603
   3.388      0.259781
   3.392      0.257963
   3.397      0.256151
   3.401      0.254343
   3.406      0.252540
   3.410      0.250742
   3.414      0.248948
   3.419      0.247160
   3.423      0.245376
   3.428      0.243597
   3.432      0.241824
   3.436      0.240055
   3.441      0.238291
   3.445      0.236532
   3.450      0.234779
   3.454      0.233030
   3.458      0.231286
   3.463      0.229548
   3.467      0.227815
   3.472      0.226087
   3.476      0.224364
   3.480      0.222646
   3.485      0.220933
   3.489      0.219226
   3.494      0.217524
   3.498      0.215827
   3.502      0.214136
   3.507      0.212450
   3.511      0.210769
   3.516      0.209094
   3.520      0.207424
   3.524      0.205759
   3.529      0.204100
   3.533      0.202446
   3.538      0.200798
   3.542      0.199155
   3.546      0.197518
   3.551      0.195887
   3.555      0.194260
   3.560      0.192640
   3.564      0.191025
   3.568      0.189416
   3.573      0.187812
   3.577      0.186214
   3.582      0.184622
   3.586      0.183035
   3.590      0.181454
   3.595      0.179879
   3.599      0.178309
   3.604      0.176746
   3.608      0.175188
   3.612      0.173635
   3.617      0.172089
   3.621      0.170549
   3.626      0.169014
   3.630      0.167485
   3.634      0.165962
   3.639      0.164445
   3.643      0.162934
   3.648      0.161428
   3.652      0.159929
   3.656      0.158436
   3.661      0.156948
   3.665      0.155467
   3.670      0.153992
   3.674      0.152522
   3.678      0.151059
   3.683      0.149602
   3.687      0.148150
   3.692      0.146705
   3.696      0.145266
   3.700      0.143833
   3.705      0.142406
   3.709      0.140986
   3.714      0.139571
   3.718      0.138163
   3.722      0.136761
   3.727      0.135365
   3.731      0.133975
   3.736      0.132591
   3.740      0.131214
   3.744      0.129843
   3.749      0.128478
   3.753      0.127119
   3.758      0.125767
   3.762      0.124421
   3.766      0.123082
   3.771      0.121748
   3.775      0.120422
   3.780      0.119101
   3.784      0.117787
   3.788      0.116479
   3.793      0.115178
   3.797      0.113883
   3.802      0.112594
   3.806      0.111312
   3.810      0.110036
   3.815      0.108767
   3.819      0.107504
   3.824      0.106248
   3.828      0.104998
   3.832      0.103755
   3.837      0.102518
   3.841      0.101288
   3.846      0.100065
   3.850      0.098848
   3.854      0.097637
   3.859      0.096433
   3.863      0.095236
   3.868      0.094045
   3.872      0.092861
   3.876      0.091684
   3.881      0.090513
   3.885      0.089349
   3.890      0.088191
   3.894      0.087040
   3.898      0.085896
   3.903      0.084752
   3.907      0.083620
   3.912      0.082496
   3.916      0.081379
   3.920      0.080268
   3.925      0.079164
   3.929      0.078067
   3.934      0.076977
   3.938      0.075894
   3.942      0.074817
   3.947      0.073747
   3.951      0.072684
   3.956      0.071628
   3.960      0.070578
   3.964      0.069535
   3.969      0.068499
   3.973      0.067470
   3.978      0.066448
   3.982      0.065433
   3.986      0.064425
   3.991      0.063423
   3.995      0.062428
   4.000      0.061440
   4.004      0.060459
   4.008      0.059485
   4.013      0.058518
   4.017      0.057558
   4.022      0.056605
   4.026      0.055658
   4.030      0.054719
   4.035      0.053786
   4.039      0.052860
   4.044      0.051941
   4.048      0.051030
   4.052      0.050125
   4.057      0.049227
   4.061      0.048336
   4.066      0.047452
   4.070      0.046575
   4.074      0.045705
   4.079      0.044841
   4.083      0.043985
   4.088      0.043136
   4.092      0.042294
   4.096      0.041458
   4.101      0.040630
   4.105      0.039809
   4.110      0.038994
   4.114      0.038187
   4.118      0.037386
   4.123      0.036593
   4.127      0.035806
   4.132      0.035027
   4.136      0.034254
   4.140      0.033489
   4.145      0.032730
   4.149      0.031979
   4.154      0.031234
   4.158      0.030496
   4.162      0.029765
   4.167      0.029042
   4.171      0.028325
   4.176      0.027615
   4.180      0.026912
   4.184      0.026216
   4.189      0.025527
   4.193      0.024845
   4.198      0.024170
   4.202      0.023502
   4.206      0.022841
   4.211      0.022187
   4.215      0.021539
   4.220      0.020899
   4.224      0.020265
   4.228      0.019639
   4.233      0.019019
   4.237      0.018406
   4.242      0.017800
   4.246      0.017201
   4.250      0.016608
   4.255      0.016023
   4.259      0.015444
   4.264      0.014872
   4.268      0.014307
   4.272      0.013749
   4.277      0.013197
   4.281      0.012652
   4.286      0.012114
   4.290      0.011583
   4.294      0.011059
   4.299      0.010541
   4.303      0.010029
   4.308      0.009525
   4.312      0.009027
   4.316      0.008535
   4.321      0.008051
   4.325      0.007572
   4.330      0.007100
   4.334      0.006635
   4.338      0.006176
   4.343      0.005724
   4.347      0.005277
   4.352      0.004837
   4.356      0.004404
   4.360      0.003976
   4.365      0.003554
   4.369      0.003138
   4.374      0.002728
   4.378      0.002324
   4.382      0.001925
   4.387      0.001532
   4.391      0.001143
   4.396      0.000759
   4.400      0.000378
   4.404      0.000000
