   0.004     -5.577063
   0.009     -5.577055
   0.013     -5.577048
   0.018     -5.576860
   0.022     -5.576366
   0.026     -5.575539
   0.031     -5.574422
   0.035     -5.573055
   0.040     -5.571470
   0.044     -5.569691
   0.048     -5.567739
   0.053     -5.565631
   0.057     -5.563381
   0.062     -5.561001
   0.066     -5.558499
   0.070     -5.555884
   0.075     -5.553159
   0.079     -5.550331
   0.084     -5.547400
   0.088     -5.544368
   0.092     -5.541236
   0.097     -5.538002
   0.101     -5.534665
   0.106     -5.531223
   0.110     -5.527673
   0.114     -5.524011
   0.119     -5.520235
   0.123     -5.516341
   0.128     -5.512325
   0.132     -5.508182
   0.136     -5.503909
   0.141     -5.499500
   0.145     -5.494953
   0.150     -5.490262
   0.154     -5.485423
   0.158     -5.480431
   0.163     -5.475283
   0.167     -5.469973
   0.172     -5.464498
   0.176     -5.458853
   0.180     -5.453034
   0.185     -5.447036
   0.189     -5.440855
   0.194     -5.434487
   0.198     -5.427928
   0.202     -5.421172
   0.207     -5.414217
   0.211     -5.407058
   0.216     -5.399690
   0.220     -5.392109
   0.224     -5.384312
   0.229     -5.376293
   0.233     -5.368049
   0.238     -5.359576
   0.242     -5.350869
   0.246     -5.341925
   0.251     -5.332740
   0.255     -5.323309
   0.260     -5.313629
   0.264     -5.303696
   0.268     -5.293507
   0.273     -5.283057
   0.277     -5.272344
   0.282     -5.261365
   0.286     -5.250117
   0.290     -5.238595
   0.295     -5.226799
   0.299     -5.214726
   0.304     -5.202372
   0.308     -5.189738
   0.312     -5.176820
   0.317     -5.163618
   0.321     -5.150131
   0.326     -5.136358
   0.330     -5.122298
   0.334     -5.107953
   0.339     -5.093321
   0.343     -5.078404
   0.348     -5.063203
   0.352     -5.047719
   0.356     -5.031955
   0.361     -5.015911
   0.365     -4.999591
   0.370     -4.982998
   0.374     -4.966134
   0.378     -4.949003
   0.383     -4.931609
   0.387     -4.913954
   0.392     -4.896044
   0.396     -4.877883
   0.400     -4.859475
   0.405     -4.840824
   0.409     -4.821935
   0.414     -4.802813
   0.418     -4.783463
   0.422     -4.763888
   0.427     -4.744094
   0.431     -4.724085
   0.436     -4.703866
   0.440     -4.683441
   0.444     -4.662815
   0.449     -4.641993
   0.453     -4.620978
   0.458     -4.599775
   0.462     -4.578388
   0.466     -4.556822
   0.471     -4.535081
   0.475     -4.513170
   0.480     -4.491092
   0.484     -4.468852
   0.488     -4.446453
   0.493     -4.423900
   0.497     -4.401197
   0.502     -4.378348
   0.506     -4.355356
   0.510     -4.332226
   0.515     -4.308960
   0.519     -4.285563
   0.524     -4.262038
   0.528     -4.238388
   0.532     -4.214617
   0.537     -4.190728
   0.541     -4.166723
   0.546     -4.142606
   0.550     -4.118380
   0.554     -4.094047
   0.559     -4.069609
   0.563     -4.045069
   0.568     -4.020429
   0.572     -3.995692
   0.576     -3.970860
   0.581     -3.945933
   0.585     -3.920915
   0.590     -3.895806
   0.594     -3.870608
   0.598     -3.845323
   0.603     -3.819952
   0.607     -3.794496
   0.612     -3.768957
   0.616     -3.743334
   0.620     -3.717630
   0.625     -3.691845
   0.629     -3.665979
   0.634     -3.640034
   0.638     -3.614010
   0.642     -3.587907
   0.647     -3.561727
   0.651     -3.535468
   0.656     -3.509132
   0.660     -3.482720
   0.664     -3.456230
   0.669     -3.429663
   0.673     -3.403020
   0.678     -3.376300
   0.682     -3.349504
   0.686     -3.322632
   0.691     -3.295683
   0.695     -3.268657
   0.700     -3.241555
   0.704     -3.214377
   0.708     -3.187123
   0.713     -3.159791
   0.717     -3.132383
   0.722     -3.104899
   0.726     -3.077338
   0.730     -3.049700
   0.735     -3.021985
   0.739     -2.994193
   0.744     -2.966324
   0.748     -2.938379
   0.752     -2.910357
   0.757     -2.882259
   0.761     -2.854084
   0.766     -2.825833
   0.770     -2.797508
   0.774     -2.769107
   0.779     -2.740633
   0.783     -2.712086
   0.788     -2.683467
   0.792     -2.654778
   0.796     -2.626020
   0.801     -2.597195
   0.805     -2.568305
   0.810     -2.539352
   0.814     -2.510338
   0.818     -2.481267
   0.823     -2.452140
   0.827     -2.422960
   0.832     -2.393732
   0.836     -2.364458
   0.840     -2.335141
   0.845     -2.305787
   0.849     -2.276398
   0.854     -2.246978
   0.858     -2.217533
   0.862     -2.188065
   0.867     -2.158581
   0.871     -2.129084
   0.876     -2.099580
   0.880     -2.070073
   0.884     -2.040569
   0.889     -2.011072
   0.893     -1.981588
   0.898     -1.952121
   0.902     -1.922678
   0.906     -1.893264
   0.911     -1.863884
   0.915     -1.834544
   0.920     -1.805248
   0.924     -1.776003
   0.928     -1.746813
   0.933     -1.717685
   0.937     -1.688624
   0.942     -1.659634
   0.946     -1.630721
   0.950     -1.601891
   0.955     -1.573149
   0.959     -1.544499
   0.964     -1.515946
   0.968     -1.487496
   0.972     -1.459154
   0.977     -1.430923
   0.981     -1.402809
   0.986     -1.374816
   0.990     -1.346949
   0.994     -1.319211
   0.999     -1.291606
   1.003     -1.264140
   1.008     -1.236815
   1.012     -1.209636
   1.016     -1.182605
   1.021     -1.155727
   1.025     -1.129004
   1.030     -1.102441
   1.034     -1.076039
   1.038     -1.049802
   1.043     -1.023733
   1.047     -0.997834
   1.052     -0.972108
   1.056     -0.946557
   1.060     -0.921184
   1.065     -0.895990
   1.069     -0.870978
   1.074     -0.846149
   1.078     -0.821505
   1.082     -0.797049
   1.087     -0.772781
   1.091     -0.748703
   1.096     -0.724816
   1.100     -0.701122
   1.104     -0.677621
   1.109     -0.654316
   1.113     -0.631205
   1.118     -0.608292
   1.122     -0.585575
   1.126     -0.563057
   1.131     -0.540736
   1.135     -0.518615
   1.140     -0.496694
   1.144     -0.474972
   1.148     -0.453450
   1.153     -0.432129
   1.157     -0.411009
   1.162     -0.390089
   1.166     -0.369369
   1.170     -0.348851
   1.175     -0.328533
   1.179     -0.308415
   1.184     -0.288498
   1.188     -0.268781
   1.192     -0.249264
   1.197     -0.229946
   1.201     -0.210828
   1.206     -0.191909
   1.210     -0.173188
   1.214     -0.154665
   1.219     -0.136339
   1.223     -0.118210
   1.228     -0.100278
   1.232     -0.082542
   1.236     -0.065000
   1.241     -0.047654
   1.245     -0.030501
   1.250     -0.013541
   1.254      0.003226
   1.258      0.019801
   1.263      0.036186
   1.267      0.052380
   1.272      0.068386
   1.276      0.084202
   1.280      0.099831
   1.285      0.115273
   1.289      0.130529
   1.294      0.145601
   1.298      0.160488
   1.302      0.175192
   1.307      0.189713
   1.311      0.204054
   1.316      0.218214
   1.320      0.232195
   1.324      0.245997
   1.329      0.259622
   1.333      0.273071
   1.338      0.286345
   1.342      0.299444
   1.346      0.312370
   1.351      0.325124
   1.355      0.337707
   1.360      0.350119
   1.364      0.362363
   1.368      0.374439
   1.373      0.386348
   1.377      0.398091
   1.382      0.409670
   1.386      0.421085
   1.390      0.432338
   1.395      0.443429
   1.399      0.454360
   1.404      0.465132
   1.408      0.475746
   1.412      0.486204
   1.417      0.496505
   1.421      0.506652
   1.426      0.516645
   1.430      0.526487
   1.434      0.536177
   1.439      0.545716
   1.443      0.555107
   1.448      0.564350
   1.452      0.573447
   1.456      0.582398
   1.461      0.591204
   1.465      0.599867
   1.470      0.608389
   1.474      0.616769
   1.478      0.625009
   1.483      0.633110
   1.487      0.641074
   1.492      0.648902
   1.496      0.656594
   1.500      0.664152
   1.505      0.671576
   1.509      0.678869
   1.514      0.686031
   1.518      0.693063
   1.522      0.699967
   1.527      0.706743
   1.531      0.713392
   1.536      0.719917
   1.540      0.726317
   1.544      0.732593
   1.549      0.738748
   1.553      0.744782
   1.558      0.750696
   1.562      0.756492
   1.566      0.762169
   1.571      0.767730
   1.575      0.773176
   1.580      0.778507
   1.584      0.783725
   1.588      0.788830
   1.593      0.793824
   1.597      0.798707
   1.602      0.803482
   1.606      0.808148
   1.610      0.812707
   1.615      0.817160
   1.619      0.821508
   1.624      0.825752
   1.628      0.829893
   1.632      0.833932
   1.637      0.837869
   1.641      0.841707
   1.646      0.845446
   1.650      0.849086
   1.654      0.852630
   1.659      0.856077
   1.663      0.859430
   1.668      0.862688
   1.672      0.865853
   1.676      0.868925
   1.681      0.871907
   1.685      0.874798
   1.690      0.877599
   1.694      0.880313
   1.698      0.882938
   1.703      0.885477
   1.707      0.887930
   1.712      0.890299
   1.716      0.892583
   1.720      0.894785
   1.725      0.896905
   1.729      0.898943
   1.734      0.900901
   1.738      0.902779
   1.742      0.904579
   1.747      0.906301
   1.751      0.907947
   1.756      0.909516
   1.760      0.911010
   1.764      0.912430
   1.769      0.913776
   1.773      0.915050
   1.778      0.916252
   1.782      0.917382
   1.786      0.918443
   1.791      0.919434
   1.795      0.920357
   1.800      0.921212
   1.804      0.922000
   1.808      0.922721
   1.813      0.923377
   1.817      0.923969
   1.822      0.924496
   1.826      0.924961
   1.830      0.925363
   1.835      0.925703
   1.839      0.925982
   1.844      0.926202
   1.848      0.926361
   1.852      0.926462
   1.857      0.926506
   1.861      0.926491
   1.866      0.926421
   1.870      0.926294
   1.874      0.926112
   1.879      0.925876
   1.883      0.925586
   1.888      0.925243
   1.892      0.924847
   1.896      0.924400
   1.901      0.923902
   1.905      0.923353
   1.910      0.922754
   1.914      0.922107
   1.918      0.921410
   1.923      0.920666
   1.927      0.919875
   1.932      0.919037
   1.936      0.918154
   1.940      0.917224
   1.945      0.916251
   1.949      0.915233
   1.954      0.914171
   1.958      0.913066
   1.962      0.911919
   1.967      0.910730
   1.971      0.909501
   1.976      0.908230
   1.980      0.906920
   1.984      0.905570
   1.989      0.904181
   1.993      0.902754
   1.998      0.901289
   2.002      0.899787
   2.006      0.898248
   2.011      0.896673
   2.015      0.895063
   2.020      0.893417
   2.024      0.891737
   2.028      0.890023
   2.033      0.888275
   2.037      0.886494
   2.042      0.884681
   2.046      0.882836
   2.050      0.880959
   2.055      0.879051
   2.059      0.877113
   2.064      0.875145
   2.068      0.873147
   2.072      0.871120
   2.077      0.869064
   2.081      0.866980
   2.086      0.864869
   2.090      0.862730
   2.094      0.860565
   2.099      0.858373
   2.103      0.856155
   2.108      0.853912
   2.112      0.851644
   2.116      0.849351
   2.121      0.847034
   2.125      0.844693
   2.130      0.842329
   2.134      0.839943
   2.138      0.837533
   2.143      0.835102
   2.147      0.832649
   2.152      0.830174
   2.156      0.827679
   2.160      0.825163
   2.165      0.822627
   2.169      0.820072
   2.174      0.817497
   2.178      0.814903
   2.182      0.812291
   2.187      0.809660
   2.191      0.807011
   2.196      0.804345
   2.200      0.801662
   2.204      0.798962
   2.209      0.796246
   2.213      0.793514
   2.218      0.790766
   2.222      0.788002
   2.226      0.785224
   2.231      0.782431
   2.235      0.779623
   2.240      0.776801
   2.244      0.773966
   2.248      0.771117
   2.253      0.768255
   2.257      0.765381
   2.262      0.762494
   2.266      0.759595
   2.270      0.756684
   2.275      0.753761
   2.279      0.750827
   2.284      0.747882
   2.288      0.744927
   2.292      0.741961
   2.297      0.738985
   2.301      0.736000
   2.306      0.733004
   2.310      0.730000
   2.314      0.726987
   2.319      0.723965
   2.323      0.720934
   2.328      0.717896
   2.332      0.714849
   2.336      0.711795
   2.341      0.708733
   2.345      0.705665
   2.350      0.702589
   2.354      0.699507
   2.358      0.696419
   2.363      0.693324
   2.367      0.690224
   2.372      0.687118
   2.376      0.684006
   2.380      0.680890
   2.385      0.677768
   2.389      0.674642
   2.394      0.671511
   2.398      0.668376
   2.402      0.665237
   2.407      0.662094
   2.411      0.658948
   2.416      0.655798
   2.420      0.652645
   2.424      0.649489
   2.429      0.646330
   2.433      0.643169
   2.438      0.640006
   2.442      0.636840
   2.446      0.633672
   2.451      0.630503
   2.455      0.627332
   2.460      0.624159
   2.464      0.620986
   2.468      0.617811
   2.473      0.614636
   2.477      0.611460
   2.482      0.608283
   2.486      0.605106
   2.490      0.601929
   2.495      0.598753
   2.499      0.595576
   2.504      0.592400
   2.508      0.589225
   2.512      0.586050
   2.517      0.582876
   2.521      0.579703
   2.526      0.576532
   2.530      0.573362
   2.534      0.570193
   2.539      0.567026
   2.543      0.563861
   2.548      0.560698
   2.552      0.557537
   2.556      0.554379
   2.561      0.551223
   2.565      0.548069
   2.570      0.544919
   2.574      0.541771
   2.578      0.538626
   2.583      0.535484
   2.587      0.532346
   2.592      0.529211
   2.596      0.526079
   2.600      0.522952
   2.605      0.519828
   2.609      0.516708
   2.614      0.513592
   2.618      0.510480
   2.622      0.507373
   2.627      0.504270
   2.631      0.501171
   2.636      0.498077
   2.640      0.494988
   2.644      0.491904
   2.649      0.488825
   2.653      0.485751
   2.658      0.482682
   2.662      0.479619
   2.666      0.476561
   2.671      0.473508
   2.675      0.470461
   2.680      0.467420
   2.684      0.464385
   2.688      0.461356
   2.693      0.458332
   2.697      0.455315
   2.702      0.452304
   2.706      0.449300
   2.710      0.446302
   2.715      0.443310
   2.719      0.440325
   2.724      0.437347
   2.728      0.434375
   2.732      0.431410
   2.737      0.428453
   2.741      0.425502
   2.746      0.422559
   2.750      0.419622
   2.754      0.416693
   2.759      0.413771
   2.763      0.410857
   2.768      0.407950
   2.772      0.405051
   2.776      0.402160
   2.781      0.399276
   2.785      0.396400
   2.790      0.393532
   2.794      0.390672
   2.798      0.387820
   2.803      0.384976
   2.807      0.382140
   2.812      0.379313
   2.816      0.376494
   2.820      0.373683
   2.825      0.370880
   2.829      0.368086
   2.834      0.365301
   2.838      0.362524
   2.842      0.359756
   2.847      0.356996
   2.851      0.354246
   2.856      0.351504
   2.860      0.348771
   2.864      0.346047
   2.869      0.343332
   2.873      0.340626
   2.878      0.337929
   2.882      0.335241
   2.886      0.332563
   2.891      0.329894
   2.895      0.327234
   2.900      0.324583
   2.904      0.321942
   2.908      0.319310
   2.913      0.316688
   2.917      0.314075
   2.922      0.311472
   2.926      0.308879
   2.930      0.306295
   2.935      0.303721
   2.939      0.301156
   2.944      0.298602
   2.948      0.296057
   2.952      0.293522
   2.957      0.290997
   2.961      0.288482
   2.966      0.285976
   2.970      0.283481
   2.974      0.280996
   2.979      0.278521
   2.983      0.276056
   2.988      0.273601
   2.992      0.271157
   2.996      0.268722
   3.001      0.266298
   3.005      0.263884
   3.010      0.261481
   3.014      0.259087
   3.018      0.256704
   3.023      0.254332
   3.027      0.251970
   3.032      0.249618
   3.036      0.247277
   3.040      0.244946
   3.045      0.242626
   3.049      0.240316
   3.054      0.238017
   3.058      0.235728
   3.062      0.233450
   3.067      0.231183
   3.071      0.228926
   3.076      0.226680
   3.080      0.224445
   3.084      0.222220
   3.089      0.220006
   3.093      0.217803
   3.098      0.215611
   3.102      0.213429
   3.106      0.211258
   3.111      0.209098
   3.115      0.206949
   3.120      0.204811
   3.124      0.202683
   3.128      0.200567
   3.133      0.198461
   3.137      0.196366
   3.142      0.194282
   3.146      0.192210
   3.150      0.190148
   3.155      0.188097
   3.159      0.186057
   3.164      0.184028
   3.168      0.182010
   3.172      0.180003
   3.177      0.178007
   3.181      0.176022
   3.186      0.174048
   3.190      0.172085
   3.194      0.170133
   3.199      0.168193
   3.203      0.166263
   3.208      0.164344
   3.212      0.162437
   3.216      0.160541
   3.221      0.158656
   3.225      0.156781
   3.230      0.154918
   3.234      0.153067
   3.238      0.151226
   3.243      0.149396
   3.247      0.147578
   3.252      0.145771
   3.256      0.143975
   3.260      0.142190
   3.265      0.140416
   3.269      0.138654
   3.274      0.136902
   3.278      0.135162
   3.282      0.133433
   3.287      0.131715
   3.291      0.130009
   3.296      0.128313
   3.300      0.126629
   3.304      0.124956
   3.309      0.123294
   3.313      0.121644
   3.318      0.120004
   3.322      0.118376
   3.326      0.116759
   3.331      0.115153
   3.335      0.113559
   3.340      0.111975
   3.344      0.110403
   3.348      0.108842
   3.353      0.107292
   3.357      0.105754
   3.362      0.104227
   3.366      0.102711
   3.370      0.101206
   3.375      0.099712
   3.379      0.098229
   3.384      0.096758
   3.388      0.095298
   3.392      0.093849
   3.397      0.092412
   3.401      0.090985
   3.406      0.089570
   3.410      0.088166
   3.414      0.086773
   3.419      0.085391
   3.423      0.084020
   3.428      0.082661
   3.432      0.081313
   3.436      0.079976
   3.441      0.078650
   3.445      0.077335
   3.450      0.076032
   3.454      0.074739
   3.458      0.073458
   3.463      0.072188
   3.467      0.070929
   3.472      0.069682
   3.476      0.068445
   3.480      0.067219
   3.485      0.066005
   3.489      0.064802
   3.494      0.063610
   3.498      0.062429
   3.502      0.061259
   3.507      0.060100
   3.511      0.058953
   3.516      0.057816
   3.520      0.056690
   3.524      0.055576
   3.529      0.054473
   3.533      0.053380
   3.538      0.052299
   3.542      0.051229
   3.546      0.050170
   3.551      0.049122
   3.555      0.048085
   3.560      0.047059
   3.564      0.046044
   3.568      0.045040
   3.573      0.044047
   3.577      0.043066
   3.582      0.042095
   3.586      0.041135
   3.590      0.040186
   3.595      0.039248
   3.599      0.038321
   3.604      0.037405
   3.608      0.036500
   3.612      0.035606
   3.617      0.034723
   3.621      0.033851
   3.626      0.032990
   3.630      0.032139
   3.634      0.031300
   3.639      0.030471
   3.643      0.029654
   3.648      0.028847
   3.652      0.028051
   3.656      0.027266
   3.661      0.026492
   3.665      0.025728
   3.670      0.024976
   3.674      0.024234
   3.678      0.023503
   3.683      0.022783
   3.687      0.022074
   3.692      0.021375
   3.696      0.020687
   3.700      0.020010
   3.705      0.019344
   3.709      0.018689
   3.714      0.018044
   3.718      0.017410
   3.722      0.016786
   3.727      0.016173
   3.731      0.015571
   3.736      0.014980
   3.740      0.014399
   3.744      0.013828
   3.749      0.013269
   3.753      0.012719
   3.758      0.012181
   3.762      0.011653
   3.766      0.011135
   3.771      0.010628
   3.775      0.010131
   3.780      0.009645
   3.784      0.009169
   3.788      0.008703
   3.793      0.008248
   3.797      0.007803
   3.802      0.007368
   3.806      0.006944
   3.810      0.006529
   3.815      0.006125
   3.819      0.005731
   3.824      0.005346
   3.828      0.004972
   3.832      0.004608
   3.837      0.004253
   3.841      0.003908
   3.846      0.003573
   3.850      0.003248
   3.854      0.002931
   3.859      0.002624
   3.863      0.002326
   3.868      0.002037
   3.872      0.001757
   3.876      0.001485
   3.881      0.001221
   3.885      0.000964
   3.890      0.000715
   3.894      0.000472
   3.898      0.000235
   3.903      0.000000
