   0.006     -0.001580
   0.012      0.000790
   0.017      0.003161
   0.023      0.007110
   0.029      0.012634
   0.035      0.019728
   0.041      0.028388
   0.046      0.038606
   0.052      0.050375
   0.058      0.063685
   0.064      0.078528
   0.070      0.094891
   0.075      0.112763
   0.081      0.132128
   0.087      0.152971
   0.093      0.175275
   0.099      0.199021
   0.104      0.224187
   0.110      0.250753
   0.116      0.278696
   0.122      0.307990
   0.128      0.338613
   0.133      0.370537
   0.139      0.403736
   0.145      0.438182
   0.151      0.473845
   0.157      0.510697
   0.162      0.548707
   0.168      0.587842
   0.174      0.628070
   0.180      0.669359
   0.186      0.711672
   0.191      0.754976
   0.197      0.799234
   0.203      0.844409
   0.209      0.890464
   0.215      0.937361
   0.220      0.985061
   0.226      1.033523
   0.232      1.082708
   0.238      1.132576
   0.244      1.183084
   0.249      1.234192
   0.255      1.285857
   0.261      1.338036
   0.267      1.390686
   0.273      1.443764
   0.278      1.497227
   0.284      1.551031
   0.290      1.605131
   0.296      1.659484
   0.302      1.714044
   0.307      1.768769
   0.313      1.823613
   0.319      1.878532
   0.325      1.933483
   0.331      1.988419
   0.336      2.043299
   0.342      2.098078
   0.348      2.152711
   0.354      2.207157
   0.360      2.261373
   0.365      2.315315
   0.371      2.368941
   0.377      2.422211
   0.383      2.475082
   0.389      2.527515
   0.394      2.579468
   0.400      2.630904
   0.406      2.681783
   0.412      2.732067
   0.418      2.781720
   0.423      2.830704
   0.429      2.878984
   0.435      2.926525
   0.441      2.973294
   0.447      3.019258
   0.452      3.064384
   0.458      3.108642
   0.464      3.152002
   0.470      3.194435
   0.476      3.235912
   0.481      3.276409
   0.487      3.315897
   0.493      3.354355
   0.499      3.391757
   0.505      3.428082
   0.510      3.463309
   0.516      3.497419
   0.522      3.530392
   0.528      3.562212
   0.534      3.592863
   0.539      3.622329
   0.545      3.650598
   0.551      3.677657
   0.557      3.703496
   0.563      3.728104
   0.568      3.751473
   0.574      3.773596
   0.580      3.794468
   0.586      3.814082
   0.592      3.832438
   0.597      3.849531
   0.603      3.865361
   0.609      3.879928
   0.615      3.893235
   0.621      3.905282
   0.626      3.916075
   0.632      3.925619
   0.638      3.933918
   0.644      3.940981
   0.650      3.946816
   0.655      3.951431
   0.661      3.954838
   0.667      3.957047
   0.673      3.958072
   0.679      3.957924
   0.684      3.956618
   0.690      3.954169
   0.696      3.950593
   0.702      3.945907
   0.708      3.940128
   0.713      3.933273
   0.719      3.925362
   0.725      3.916415
   0.731      3.906451
   0.737      3.895491
   0.742      3.883556
   0.748      3.870669
   0.754      3.856851
   0.760      3.842126
   0.766      3.826516
   0.771      3.810045
   0.777      3.792736
   0.783      3.774615
   0.789      3.755705
   0.795      3.736030
   0.800      3.715617
   0.806      3.694490
   0.812      3.672674
   0.818      3.650194
   0.824      3.627075
   0.829      3.603344
   0.835      3.579025
   0.841      3.554143
   0.847      3.528724
   0.853      3.502793
   0.858      3.476375
   0.864      3.449495
   0.870      3.422178
   0.876      3.394447
   0.882      3.366328
   0.887      3.337844
   0.893      3.309019
   0.899      3.279876
   0.905      3.250440
   0.911      3.220731
   0.916      3.190774
   0.922      3.160590
   0.928      3.130201
   0.934      3.099628
   0.940      3.068891
   0.945      3.038013
   0.951      3.007012
   0.957      2.975908
   0.963      2.944721
   0.969      2.913469
   0.974      2.882171
   0.980      2.850843
   0.986      2.819504
   0.992      2.788170
   0.998      2.756857
   1.003      2.725582
   1.009      2.694359
   1.015      2.663204
   1.021      2.632130
   1.027      2.601152
   1.032      2.570282
   1.038      2.539534
   1.044      2.508920
   1.050      2.478451
   1.056      2.448139
   1.061      2.417995
   1.067      2.388029
   1.073      2.358251
   1.079      2.328671
   1.085      2.299297
   1.090      2.270137
   1.096      2.241201
   1.102      2.212495
   1.108      2.184027
   1.114      2.155803
   1.119      2.127830
   1.125      2.100114
   1.131      2.072660
   1.137      2.045473
   1.143      2.018558
   1.148      1.991920
   1.154      1.965561
   1.160      1.939487
   1.166      1.913701
   1.172      1.888204
   1.177      1.863001
   1.183      1.838093
   1.189      1.813482
   1.195      1.789171
   1.201      1.765159
   1.206      1.741450
   1.212      1.718043
   1.218      1.694940
   1.224      1.672140
   1.230      1.649644
   1.235      1.627452
   1.241      1.605563
   1.247      1.583977
   1.253      1.562694
   1.259      1.541712
   1.264      1.521031
   1.270      1.500648
   1.276      1.480564
   1.282      1.460776
   1.288      1.441282
   1.293      1.422081
   1.299      1.403171
   1.305      1.384550
   1.311      1.366214
   1.317      1.348163
   1.322      1.330394
   1.328      1.312904
   1.334      1.295690
   1.340      1.278750
   1.346      1.262081
   1.351      1.245680
   1.357      1.229544
   1.363      1.213670
   1.369      1.198056
   1.375      1.182697
   1.380      1.167591
   1.386      1.152735
   1.392      1.138125
   1.398      1.123759
   1.404      1.109632
   1.409      1.095742
   1.415      1.082085
   1.421      1.068658
   1.427      1.055457
   1.433      1.042479
   1.438      1.029721
   1.444      1.017179
   1.450      1.004849
   1.456      0.992730
   1.462      0.980816
   1.467      0.969105
   1.473      0.957593
   1.479      0.946277
   1.485      0.935153
   1.491      0.924219
   1.496      0.913471
   1.502      0.902905
   1.508      0.892518
   1.514      0.882307
   1.520      0.872269
   1.525      0.862401
   1.531      0.852698
   1.537      0.843159
   1.543      0.833780
   1.549      0.824558
   1.554      0.815490
   1.560      0.806573
   1.566      0.797803
   1.572      0.789179
   1.578      0.780696
   1.583      0.772352
   1.589      0.764144
   1.595      0.756070
   1.601      0.748126
   1.607      0.740310
   1.612      0.732620
   1.618      0.725051
   1.624      0.717602
   1.630      0.710271
   1.636      0.703054
   1.641      0.695949
   1.647      0.688954
   1.653      0.682066
   1.659      0.675283
   1.665      0.668603
   1.670      0.662022
   1.676      0.655540
   1.682      0.649153
   1.688      0.642860
   1.694      0.636658
   1.699      0.630545
   1.705      0.624520
   1.711      0.618580
   1.717      0.612723
   1.723      0.606947
   1.728      0.601251
   1.734      0.595633
   1.740      0.590090
   1.746      0.584622
   1.752      0.579226
   1.757      0.573900
   1.763      0.568644
   1.769      0.563455
   1.775      0.558332
   1.781      0.553273
   1.786      0.548277
   1.792      0.543343
   1.798      0.538469
   1.804      0.533654
   1.810      0.528896
   1.815      0.524194
   1.821      0.519548
   1.827      0.514955
   1.833      0.510415
   1.839      0.505926
   1.844      0.501488
   1.850      0.497099
   1.856      0.492759
   1.862      0.488466
   1.868      0.484220
   1.873      0.480019
   1.879      0.475863
   1.885      0.471751
   1.891      0.467682
   1.897      0.463655
   1.902      0.459670
   1.908      0.455725
   1.914      0.451821
   1.920      0.447957
   1.926      0.444131
   1.931      0.440344
   1.937      0.436594
   1.943      0.432882
   1.949      0.429206
   1.955      0.425566
   1.960      0.421962
   1.966      0.418393
   1.972      0.414859
   1.978      0.411359
   1.984      0.407893
   1.989      0.404461
   1.995      0.401061
   2.001      0.397694
   2.007      0.394360
   2.013      0.391057
   2.018      0.387786
   2.024      0.384546
   2.030      0.381337
   2.036      0.378159
   2.042      0.375010
   2.047      0.371892
   2.053      0.368803
   2.059      0.365744
   2.065      0.362713
   2.071      0.359711
   2.076      0.356737
   2.082      0.353791
   2.088      0.350873
   2.094      0.347982
   2.100      0.345118
   2.105      0.342281
   2.111      0.339471
   2.117      0.336686
   2.123      0.333928
   2.129      0.331195
   2.134      0.328487
   2.140      0.325805
   2.146      0.323147
   2.152      0.320514
   2.158      0.317905
   2.163      0.315320
   2.169      0.312759
   2.175      0.310222
   2.181      0.307707
   2.187      0.305216
   2.192      0.302747
   2.198      0.300301
   2.204      0.297877
   2.210      0.295475
   2.216      0.293096
   2.221      0.290737
   2.227      0.288400
   2.233      0.286084
   2.239      0.283789
   2.245      0.281515
   2.250      0.279261
   2.256      0.277027
   2.262      0.274814
   2.268      0.272620
   2.274      0.270446
   2.279      0.268292
   2.285      0.266156
   2.291      0.264040
   2.297      0.261942
   2.303      0.259864
   2.308      0.257803
   2.314      0.255761
   2.320      0.253737
   2.326      0.251731
   2.332      0.249742
   2.337      0.247771
   2.343      0.245818
   2.349      0.243881
   2.355      0.241962
   2.361      0.240059
   2.366      0.238173
   2.372      0.236304
   2.378      0.234451
   2.384      0.232614
   2.390      0.230793
   2.395      0.228987
   2.401      0.227198
   2.407      0.225424
   2.413      0.223665
   2.419      0.221922
   2.424      0.220193
   2.430      0.218480
   2.436      0.216781
   2.442      0.215097
   2.448      0.213427
   2.453      0.211772
   2.459      0.210131
   2.465      0.208504
   2.471      0.206891
   2.477      0.205291
   2.482      0.203705
   2.488      0.202133
   2.494      0.200574
   2.500      0.199028
   2.506      0.197496
   2.511      0.195976
   2.517      0.194469
   2.523      0.192975
   2.529      0.191494
   2.535      0.190025
   2.540      0.188568
   2.546      0.187124
   2.552      0.185692
   2.558      0.184271
   2.564      0.182863
   2.569      0.181466
   2.575      0.180081
   2.581      0.178708
   2.587      0.177346
   2.593      0.175995
   2.598      0.174656
   2.604      0.173328
   2.610      0.172010
   2.616      0.170704
   2.622      0.169408
   2.627      0.168124
   2.633      0.166849
   2.639      0.165585
   2.645      0.164332
   2.651      0.163089
   2.656      0.161856
   2.662      0.160633
   2.668      0.159420
   2.674      0.158217
   2.680      0.157024
   2.685      0.155841
   2.691      0.154667
   2.697      0.153503
   2.703      0.152348
   2.709      0.151203
   2.714      0.150067
   2.720      0.148940
   2.726      0.147822
   2.732      0.146713
   2.738      0.145614
   2.743      0.144523
   2.749      0.143440
   2.755      0.142367
   2.761      0.141302
   2.767      0.140246
   2.772      0.139198
   2.778      0.138159
   2.784      0.137127
   2.790      0.136104
   2.796      0.135090
   2.801      0.134083
   2.807      0.133084
   2.813      0.132093
   2.819      0.131110
   2.825      0.130135
   2.830      0.129168
   2.836      0.128208
   2.842      0.127256
   2.848      0.126311
   2.854      0.125374
   2.859      0.124444
   2.865      0.123522
   2.871      0.122606
   2.877      0.121698
   2.883      0.120797
   2.888      0.119903
   2.894      0.119016
   2.900      0.118136
   2.906      0.117263
   2.912      0.116396
   2.917      0.115537
   2.923      0.114684
   2.929      0.113837
   2.935      0.112998
   2.941      0.112164
   2.946      0.111337
   2.952      0.110517
   2.958      0.109703
   2.964      0.108895
   2.970      0.108093
   2.975      0.107298
   2.981      0.106508
   2.987      0.105725
   2.993      0.104947
   2.999      0.104176
   3.004      0.103411
   3.010      0.102651
   3.016      0.101897
   3.022      0.101149
   3.028      0.100407
   3.033      0.099670
   3.039      0.098939
   3.045      0.098213
   3.051      0.097493
   3.057      0.096778
   3.062      0.096069
   3.068      0.095365
   3.074      0.094666
   3.080      0.093973
   3.086      0.093285
   3.091      0.092602
   3.097      0.091924
   3.103      0.091251
   3.109      0.090583
   3.115      0.089921
   3.120      0.089263
   3.126      0.088610
   3.132      0.087962
   3.138      0.087319
   3.144      0.086680
   3.149      0.086047
   3.155      0.085418
   3.161      0.084793
   3.167      0.084174
   3.173      0.083559
   3.178      0.082948
   3.184      0.082342
   3.190      0.081741
   3.196      0.081143
   3.202      0.080551
   3.207      0.079962
   3.213      0.079378
   3.219      0.078798
   3.225      0.078223
   3.231      0.077651
   3.236      0.077084
   3.242      0.076521
   3.248      0.075962
   3.254      0.075407
   3.260      0.074857
   3.265      0.074310
   3.271      0.073767
   3.277      0.073228
   3.283      0.072693
   3.289      0.072162
   3.294      0.071634
   3.300      0.071111
   3.306      0.070591
   3.312      0.070075
   3.318      0.069563
   3.323      0.069054
   3.329      0.068549
   3.335      0.068048
   3.341      0.067550
   3.347      0.067056
   3.352      0.066565
   3.358      0.066078
   3.364      0.065594
   3.370      0.065114
   3.376      0.064637
   3.381      0.064163
   3.387      0.063693
   3.393      0.063226
   3.399      0.062763
   3.405      0.062303
   3.410      0.061846
   3.416      0.061392
   3.422      0.060941
   3.428      0.060494
   3.434      0.060049
   3.439      0.059608
   3.445      0.059170
   3.451      0.058735
   3.457      0.058303
   3.463      0.057874
   3.468      0.057448
   3.474      0.057025
   3.480      0.056605
   3.486      0.056188
   3.492      0.055773
   3.497      0.055362
   3.503      0.054953
   3.509      0.054547
   3.515      0.054144
   3.521      0.053744
   3.526      0.053347
   3.532      0.052952
   3.538      0.052560
   3.544      0.052171
   3.550      0.051784
   3.555      0.051400
   3.561      0.051019
   3.567      0.050640
   3.573      0.050263
   3.579      0.049890
   3.584      0.049519
   3.590      0.049150
   3.596      0.048784
   3.602      0.048420
   3.608      0.048059
   3.613      0.047700
   3.619      0.047344
   3.625      0.046990
   3.631      0.046638
   3.637      0.046289
   3.642      0.045942
   3.648      0.045597
   3.654      0.045255
   3.660      0.044915
   3.666      0.044577
   3.671      0.044242
   3.677      0.043909
   3.683      0.043578
   3.689      0.043249
   3.695      0.042922
   3.700      0.042597
   3.706      0.042275
   3.712      0.041955
   3.718      0.041637
   3.724      0.041320
   3.729      0.041006
   3.735      0.040694
   3.741      0.040384
   3.747      0.040077
   3.753      0.039771
   3.758      0.039467
   3.764      0.039165
   3.770      0.038865
   3.776      0.038567
   3.782      0.038270
   3.787      0.037976
   3.793      0.037684
   3.799      0.037393
   3.805      0.037105
   3.811      0.036818
   3.816      0.036533
   3.822      0.036250
   3.828      0.035969
   3.834      0.035689
   3.840      0.035412
   3.845      0.035136
   3.851      0.034861
   3.857      0.034589
   3.863      0.034318
   3.869      0.034049
   3.874      0.033782
   3.880      0.033516
   3.886      0.033252
   3.892      0.032990
   3.898      0.032729
   3.903      0.032470
   3.909      0.032212
   3.915      0.031956
   3.921      0.031702
   3.927      0.031449
   3.932      0.031198
   3.938      0.030948
   3.944      0.030700
   3.950      0.030454
   3.956      0.030209
   3.961      0.029965
   3.967      0.029723
   3.973      0.029482
   3.979      0.029243
   3.985      0.029005
   3.990      0.028769
   3.996      0.028534
   4.002      0.028301
   4.008      0.028069
   4.014      0.027838
   4.019      0.027609
   4.025      0.027381
   4.031      0.027155
   4.037      0.026930
   4.043      0.026706
   4.048      0.026483
   4.054      0.026262
   4.060      0.026042
   4.066      0.025824
   4.072      0.025606
   4.077      0.025390
   4.083      0.025176
   4.089      0.024962
   4.095      0.024750
   4.101      0.024539
   4.106      0.024329
   4.112      0.024120
   4.118      0.023913
   4.124      0.023707
   4.130      0.023502
   4.135      0.023298
   4.141      0.023095
   4.147      0.022894
   4.153      0.022694
   4.159      0.022494
   4.164      0.022296
   4.170      0.022099
   4.176      0.021903
   4.182      0.021709
   4.188      0.021515
   4.193      0.021322
   4.199      0.021131
   4.205      0.020940
   4.211      0.020751
   4.217      0.020563
   4.222      0.020375
   4.228      0.020189
   4.234      0.020004
   4.240      0.019820
   4.246      0.019636
   4.251      0.019454
   4.257      0.019273
   4.263      0.019093
   4.269      0.018913
   4.275      0.018735
   4.280      0.018558
   4.286      0.018381
   4.292      0.018206
   4.298      0.018031
   4.304      0.017857
   4.309      0.017685
   4.315      0.017513
   4.321      0.017342
   4.327      0.017172
   4.333      0.017003
   4.338      0.016835
   4.344      0.016667
   4.350      0.016501
   4.356      0.016335
   4.362      0.016170
   4.367      0.016006
   4.373      0.015843
   4.379      0.015681
   4.385      0.015519
   4.391      0.015359
   4.396      0.015199
   4.402      0.015040
   4.408      0.014881
   4.414      0.014724
   4.420      0.014567
   4.425      0.014411
   4.431      0.014256
   4.437      0.014102
   4.443      0.013948
   4.449      0.013795
   4.454      0.013643
   4.460      0.013492
   4.466      0.013341
   4.472      0.013191
   4.478      0.013042
   4.483      0.012893
   4.489      0.012745
   4.495      0.012598
   4.501      0.012452
   4.507      0.012306
   4.512      0.012161
   4.518      0.012016
   4.524      0.011872
   4.530      0.011729
   4.536      0.011587
   4.541      0.011445
   4.547      0.011304
   4.553      0.011163
   4.559      0.011024
   4.565      0.010884
   4.570      0.010746
   4.576      0.010608
   4.582      0.010470
   4.588      0.010333
   4.594      0.010197
   4.599      0.010062
   4.605      0.009926
   4.611      0.009792
   4.617      0.009658
   4.623      0.009525
   4.628      0.009392
   4.634      0.009260
   4.640      0.009128
   4.646      0.008997
   4.652      0.008867
   4.657      0.008737
   4.663      0.008607
   4.669      0.008478
   4.675      0.008350
   4.681      0.008222
   4.686      0.008095
   4.692      0.007968
   4.698      0.007842
   4.704      0.007716
   4.710      0.007590
   4.715      0.007466
   4.721      0.007341
   4.727      0.007217
   4.733      0.007094
   4.739      0.006971
   4.744      0.006848
   4.750      0.006726
   4.756      0.006605
   4.762      0.006484
   4.768      0.006363
   4.773      0.006243
   4.779      0.006123
   4.785      0.006004
   4.791      0.005885
   4.797      0.005767
   4.802      0.005649
   4.808      0.005531
   4.814      0.005414
   4.820      0.005297
   4.826      0.005181
   4.831      0.005065
   4.837      0.004949
   4.843      0.004834
   4.849      0.004719
   4.855      0.004605
   4.860      0.004491
   4.866      0.004377
   4.872      0.004264
   4.878      0.004151
   4.884      0.004039
   4.889      0.003927
   4.895      0.003815
   4.901      0.003703
   4.907      0.003592
   4.913      0.003482
   4.918      0.003371
   4.924      0.003261
   4.930      0.003152
   4.936      0.003042
   4.942      0.002933
   4.947      0.002824
   4.953      0.002716
   4.959      0.002608
   4.965      0.002500
   4.971      0.002393
   4.976      0.002286
   4.982      0.002179
   4.988      0.002072
   4.994      0.001966
   5.000      0.001860
   5.005      0.001755
   5.011      0.001649
   5.017      0.001544
   5.023      0.001439
   5.029      0.001335
   5.034      0.001231
   5.040      0.001127
   5.046      0.001023
   5.052      0.000920
   5.058      0.000816
   5.063      0.000713
   5.069      0.000611
   5.075      0.000508
   5.081      0.000406
   5.087      0.000304
   5.092      0.000203
   5.098      0.000101
   5.104      0.000000
