   0.000      1.091551
   0.008      1.091551
   0.015      1.091551
   0.023      1.091551
   0.031      1.091551
   0.039      1.091551
   0.046      1.091550
   0.054      1.091550
   0.062      1.091549
   0.069      1.091547
   0.077      1.091544
   0.085      1.091539
   0.093      1.091531
   0.100      1.091521
   0.108      1.091506
   0.116      1.091485
   0.123      1.091457
   0.131      1.091420
   0.139      1.091371
   0.147      1.091309
   0.154      1.091230
   0.162      1.091130
   0.170      1.091008
   0.177      1.090857
   0.185      1.090674
   0.193      1.090454
   0.201      1.090192
   0.208      1.089882
   0.216      1.089519
   0.224      1.089096
   0.231      1.088608
   0.239      1.088047
   0.247      1.087407
   0.254      1.086683
   0.262      1.085867
   0.270      1.084954
   0.278      1.083937
   0.285      1.082812
   0.293      1.081574
   0.301      1.080218
   0.308      1.078741
   0.316      1.077139
   0.324      1.075411
   0.332      1.073555
   0.339      1.071572
   0.347      1.069460
   0.355      1.067222
   0.362      1.064860
   0.370      1.062377
   0.378      1.059778
   0.386      1.057066
   0.393      1.054248
   0.401      1.051330
   0.409      1.048318
   0.416      1.045219
   0.424      1.042041
   0.432      1.038793
   0.440      1.035481
   0.447      1.032115
   0.455      1.028703
   0.463      1.025253
   0.470      1.021773
   0.478      1.018271
   0.486      1.014756
   0.494      1.011234
   0.501      1.007714
   0.509      1.004202
   0.517      1.000705
   0.524      0.997229
   0.532      0.993780
   0.540      0.990363
   0.548      0.986983
   0.555      0.983644
   0.563      0.980351
   0.571      0.977108
   0.578      0.973916
   0.586      0.970779
   0.594      0.967699
   0.602      0.964677
   0.609      0.961715
   0.617      0.958814
   0.625      0.955975
   0.632      0.953197
   0.640      0.950481
   0.648      0.947825
   0.655      0.945230
   0.663      0.942693
   0.671      0.940215
   0.679      0.937793
   0.686      0.935425
   0.694      0.933109
   0.702      0.930844
   0.709      0.928627
   0.717      0.926455
   0.725      0.924325
   0.733      0.922235
   0.740      0.920183
   0.748      0.918164
   0.756      0.916176
   0.763      0.914215
   0.771      0.912280
   0.779      0.910366
   0.787      0.908470
   0.794      0.906589
   0.802      0.904719
   0.810      0.902859
   0.817      0.901003
   0.825      0.899151
   0.833      0.897297
   0.841      0.895439
   0.848      0.893575
   0.856      0.891702
   0.864      0.889816
   0.871      0.887915
   0.879      0.885997
   0.887      0.884059
   0.895      0.882099
   0.902      0.880115
   0.910      0.878104
   0.918      0.876066
   0.925      0.873997
   0.933      0.871897
   0.941      0.869764
   0.949      0.867597
   0.956      0.865395
   0.964      0.863156
   0.972      0.860881
   0.979      0.858568
   0.987      0.856216
   0.995      0.853826
   1.003      0.851398
   1.010      0.848931
   1.018      0.846425
   1.026      0.843880
   1.033      0.841298
   1.041      0.838678
   1.049      0.836021
   1.056      0.833328
   1.064      0.830599
   1.072      0.827835
   1.080      0.825038
   1.087      0.822208
   1.095      0.819346
   1.103      0.816454
   1.110      0.813533
   1.118      0.810583
   1.126      0.807607
   1.134      0.804606
   1.141      0.801581
   1.149      0.798533
   1.157      0.795463
   1.164      0.792374
   1.172      0.789266
   1.180      0.786141
   1.188      0.783001
   1.195      0.779846
   1.203      0.776677
   1.211      0.773497
   1.218      0.770307
   1.226      0.767108
   1.234      0.763900
   1.242      0.760687
   1.249      0.757467
   1.257      0.754244
   1.265      0.751017
   1.272      0.747788
   1.280      0.744558
   1.288      0.741329
   1.296      0.738100
   1.303      0.734874
   1.311      0.731650
   1.319      0.728431
   1.326      0.725216
   1.334      0.722006
   1.342      0.718803
   1.350      0.715608
   1.357      0.712419
   1.365      0.709240
   1.373      0.706070
   1.380      0.702909
   1.388      0.699759
   1.396      0.696619
   1.404      0.693491
   1.411      0.690376
   1.419      0.687272
   1.427      0.684181
   1.434      0.681104
   1.442      0.678040
   1.450      0.674991
   1.457      0.671955
   1.465      0.668935
   1.473      0.665929
   1.481      0.662939
   1.488      0.659964
   1.496      0.657005
   1.504      0.654062
   1.511      0.651135
   1.519      0.648224
   1.527      0.645330
   1.535      0.642453
   1.542      0.639592
   1.550      0.636749
   1.558      0.633922
   1.565      0.631113
   1.573      0.628321
   1.581      0.625546
   1.589      0.622788
   1.596      0.620048
   1.604      0.617325
   1.612      0.614620
   1.619      0.611932
   1.627      0.609262
   1.635      0.606609
   1.643      0.603974
   1.650      0.601356
   1.658      0.598756
   1.666      0.596173
   1.673      0.593608
   1.681      0.591060
   1.689      0.588529
   1.697      0.586015
   1.704      0.583519
   1.712      0.581040
   1.720      0.578578
   1.727      0.576133
   1.735      0.573705
   1.743      0.571294
   1.751      0.568899
   1.758      0.566522
   1.766      0.564161
   1.774      0.561816
   1.781      0.559489
   1.789      0.557177
   1.797      0.554882
   1.805      0.552603
   1.812      0.550340
   1.820      0.548093
   1.828      0.545862
   1.835      0.543647
   1.843      0.541447
   1.851      0.539263
   1.859      0.537095
   1.866      0.534941
   1.874      0.532804
   1.882      0.530681
   1.889      0.528573
   1.897      0.526481
   1.905      0.524403
   1.912      0.522340
   1.920      0.520291
   1.928      0.518257
   1.936      0.516238
   1.943      0.514232
   1.951      0.512241
   1.959      0.510264
   1.966      0.508301
   1.974      0.506352
   1.982      0.504416
   1.990      0.502494
   1.997      0.500585
   2.005      0.498690
   2.013      0.496809
   2.020      0.494940
   2.028      0.493084
   2.036      0.491242
   2.044      0.489412
   2.051      0.487595
   2.059      0.485791
   2.067      0.483999
   2.074      0.482219
   2.082      0.480452
   2.090      0.478697
   2.098      0.476955
   2.105      0.475224
   2.113      0.473505
   2.121      0.471798
   2.128      0.470102
   2.136      0.468418
   2.144      0.466746
   2.152      0.465085
   2.159      0.463435
   2.167      0.461797
   2.175      0.460170
   2.182      0.458553
   2.190      0.456948
   2.198      0.455353
   2.206      0.453769
   2.213      0.452196
   2.221      0.450633
   2.229      0.449080
   2.236      0.447538
   2.244      0.446006
   2.252      0.444485
   2.260      0.442973
   2.267      0.441471
   2.275      0.439980
   2.283      0.438498
   2.290      0.437026
   2.298      0.435563
   2.306      0.434110
   2.313      0.432666
   2.321      0.431232
   2.329      0.429807
   2.337      0.428391
   2.344      0.426985
   2.352      0.425587
   2.360      0.424199
   2.367      0.422819
   2.375      0.421448
   2.383      0.420086
   2.391      0.418732
   2.398      0.417387
   2.406      0.416051
   2.414      0.414723
   2.421      0.413403
   2.429      0.412092
   2.437      0.410789
   2.445      0.409494
   2.452      0.408207
   2.460      0.406928
   2.468      0.405657
   2.475      0.404394
   2.483      0.403139
   2.491      0.401891
   2.499      0.400651
   2.506      0.399419
   2.514      0.398194
   2.522      0.396976
   2.529      0.395766
   2.537      0.394563
   2.545      0.393368
   2.553      0.392180
   2.560      0.390999
   2.568      0.389824
   2.576      0.388657
   2.583      0.387497
   2.591      0.386344
   2.599      0.385198
   2.607      0.384058
   2.614      0.382925
   2.622      0.381799
   2.630      0.380679
   2.637      0.379566
   2.645      0.378460
   2.653      0.377360
   2.661      0.376266
   2.668      0.375178
   2.676      0.374097
   2.684      0.373022
   2.691      0.371953
   2.699      0.370891
   2.707      0.369834
   2.714      0.368783
   2.722      0.367739
   2.730      0.366700
   2.738      0.365667
   2.745      0.364640
   2.753      0.363618
   2.761      0.362603
   2.768      0.361592
   2.776      0.360588
   2.784      0.359589
   2.792      0.358596
   2.799      0.357608
   2.807      0.356626
   2.815      0.355648
   2.822      0.354677
   2.830      0.353710
   2.838      0.352749
   2.846      0.351793
   2.853      0.350842
   2.861      0.349897
   2.869      0.348956
   2.876      0.348021
   2.884      0.347090
   2.892      0.346165
   2.900      0.345244
   2.907      0.344328
   2.915      0.343417
   2.923      0.342511
   2.930      0.341610
   2.938      0.340713
   2.946      0.339821
   2.954      0.338934
   2.961      0.338051
   2.969      0.337173
   2.977      0.336300
   2.984      0.335431
   2.992      0.334566
   3.000      0.333706
   3.008      0.332851
   3.015      0.331999
   3.023      0.331152
   3.031      0.330310
   3.038      0.329471
   3.046      0.328637
   3.054      0.327807
   3.062      0.326982
   3.069      0.326160
