   0.000      1.011126
   0.008      1.011116
   0.015      1.011084
   0.023      1.011030
   0.031      1.010955
   0.039      1.010858
   0.046      1.010736
   0.054      1.010588
   0.062      1.010415
   0.069      1.010213
   0.077      1.009982
   0.085      1.009722
   0.093      1.009432
   0.100      1.009111
   0.108      1.008759
   0.116      1.008376
   0.123      1.007960
   0.131      1.007512
   0.139      1.007032
   0.147      1.006519
   0.154      1.005973
   0.162      1.005393
   0.170      1.004781
   0.177      1.004134
   0.185      1.003454
   0.193      1.002739
   0.201      1.001990
   0.208      1.001207
   0.216      1.000389
   0.224      0.999536
   0.231      0.998647
   0.239      0.997724
   0.247      0.996765
   0.254      0.995770
   0.262      0.994739
   0.270      0.993671
   0.278      0.992567
   0.285      0.991427
   0.293      0.990249
   0.301      0.989033
   0.308      0.987780
   0.316      0.986489
   0.324      0.985160
   0.332      0.983792
   0.339      0.982385
   0.347      0.980938
   0.355      0.979452
   0.362      0.977926
   0.370      0.976359
   0.378      0.974752
   0.386      0.973103
   0.393      0.971413
   0.401      0.969681
   0.409      0.967906
   0.416      0.966090
   0.424      0.964230
   0.432      0.962327
   0.440      0.960380
   0.447      0.958390
   0.455      0.956356
   0.463      0.954277
   0.470      0.952154
   0.478      0.949986
   0.486      0.947774
   0.494      0.945516
   0.501      0.943214
   0.509      0.940866
   0.517      0.938473
   0.524      0.936036
   0.532      0.933553
   0.540      0.931026
   0.548      0.928455
   0.555      0.925839
   0.563      0.923179
   0.571      0.920475
   0.578      0.917729
   0.586      0.914939
   0.594      0.912108
   0.602      0.909235
   0.609      0.906321
   0.617      0.903367
   0.625      0.900373
   0.632      0.897342
   0.640      0.894272
   0.648      0.891166
   0.655      0.888024
   0.663      0.884848
   0.671      0.881638
   0.679      0.878397
   0.686      0.875124
   0.694      0.871822
   0.702      0.868491
   0.709      0.865134
   0.717      0.861751
   0.725      0.858345
   0.733      0.854916
   0.740      0.851466
   0.748      0.847998
   0.756      0.844511
   0.763      0.841009
   0.771      0.837493
   0.779      0.833964
   0.787      0.830424
   0.794      0.826875
   0.802      0.823319
   0.810      0.819757
   0.817      0.816191
   0.825      0.812622
   0.833      0.809053
   0.841      0.805485
   0.848      0.801920
   0.856      0.798359
   0.864      0.794803
   0.871      0.791255
   0.879      0.787716
   0.887      0.784188
   0.895      0.780671
   0.902      0.777167
   0.910      0.773678
   0.918      0.770204
   0.925      0.766748
   0.933      0.763310
   0.941      0.759892
   0.949      0.756494
   0.956      0.753117
   0.964      0.749763
   0.972      0.746432
   0.979      0.743126
   0.987      0.739845
   0.995      0.736590
   1.003      0.733361
   1.010      0.730160
   1.018      0.726986
   1.026      0.723841
   1.033      0.720725
   1.041      0.717638
   1.049      0.714581
   1.056      0.711554
   1.064      0.708558
   1.072      0.705592
   1.080      0.702658
   1.087      0.699754
   1.095      0.696882
   1.103      0.694042
   1.110      0.691233
   1.118      0.688456
   1.126      0.685711
   1.134      0.682997
   1.141      0.680315
   1.149      0.677665
   1.157      0.675046
   1.164      0.672459
   1.172      0.669902
   1.180      0.667377
   1.188      0.664882
   1.195      0.662418
   1.203      0.659984
   1.211      0.657580
   1.218      0.655206
   1.226      0.652860
   1.234      0.650544
   1.242      0.648256
   1.249      0.645996
   1.257      0.643764
   1.265      0.641559
   1.272      0.639380
   1.280      0.637228
   1.288      0.635102
   1.296      0.633001
   1.303      0.630924
   1.311      0.628872
   1.319      0.626844
   1.326      0.624839
   1.334      0.622856
   1.342      0.620896
   1.350      0.618957
   1.357      0.617039
   1.365      0.615141
   1.373      0.613264
   1.380      0.611406
   1.388      0.609566
   1.396      0.607745
   1.404      0.605942
   1.411      0.604156
   1.419      0.602386
   1.427      0.600632
   1.434      0.598894
   1.442      0.597171
   1.450      0.595463
   1.457      0.593768
   1.465      0.592087
   1.473      0.590419
   1.481      0.588764
   1.488      0.587120
   1.496      0.585488
   1.504      0.583867
   1.511      0.582257
   1.519      0.580656
   1.527      0.579066
   1.535      0.577484
   1.542      0.575912
   1.550      0.574347
   1.558      0.572791
   1.565      0.571243
   1.573      0.569701
   1.581      0.568167
   1.589      0.566639
   1.596      0.565117
   1.604      0.563601
   1.612      0.562090
   1.619      0.560585
   1.627      0.559084
   1.635      0.557588
   1.643      0.556097
   1.650      0.554609
   1.658      0.553125
   1.666      0.551644
   1.673      0.550167
   1.681      0.548693
   1.689      0.547221
   1.697      0.545752
   1.704      0.544286
   1.712      0.542821
   1.720      0.541359
   1.727      0.539898
   1.735      0.538439
   1.743      0.536982
   1.751      0.535526
   1.758      0.534071
   1.766      0.532617
   1.774      0.531164
   1.781      0.529712
   1.789      0.528261
   1.797      0.526811
   1.805      0.525361
   1.812      0.523912
   1.820      0.522463
   1.828      0.521015
   1.835      0.519567
   1.843      0.518119
   1.851      0.516672
   1.859      0.515224
   1.866      0.513778
   1.874      0.512331
   1.882      0.510884
   1.889      0.509438
   1.897      0.507992
   1.905      0.506546
   1.912      0.505100
   1.920      0.503655
   1.928      0.502210
   1.936      0.500765
   1.943      0.499320
   1.951      0.497876
   1.959      0.496432
   1.966      0.494989
   1.974      0.493546
   1.982      0.492104
   1.990      0.490662
   1.997      0.489221
   2.005      0.487781
   2.013      0.486342
   2.020      0.484903
   2.028      0.483465
   2.036      0.482029
   2.044      0.480593
   2.051      0.479159
   2.059      0.477726
   2.067      0.476294
   2.074      0.474864
   2.082      0.473435
   2.090      0.472008
   2.098      0.470582
   2.105      0.469158
   2.113      0.467736
   2.121      0.466316
   2.128      0.464899
   2.136      0.463483
   2.144      0.462070
   2.152      0.460658
   2.159      0.459250
   2.167      0.457844
   2.175      0.456440
   2.182      0.455039
   2.190      0.453642
   2.198      0.452247
   2.206      0.450855
   2.213      0.449466
   2.221      0.448080
   2.229      0.446698
   2.236      0.445319
   2.244      0.443943
   2.252      0.442572
   2.260      0.441203
   2.267      0.439839
   2.275      0.438478
   2.283      0.437122
   2.290      0.435769
   2.298      0.434421
   2.306      0.433076
   2.313      0.431736
   2.321      0.430401
   2.329      0.429069
   2.337      0.427743
   2.344      0.426420
   2.352      0.425103
   2.360      0.423790
   2.367      0.422482
   2.375      0.421179
   2.383      0.419881
   2.391      0.418588
   2.398      0.417300
   2.406      0.416017
   2.414      0.414739
   2.421      0.413467
   2.429      0.412200
   2.437      0.410938
   2.445      0.409681
   2.452      0.408430
   2.460      0.407185
   2.468      0.405945
   2.475      0.404711
   2.483      0.403482
   2.491      0.402259
   2.499      0.401042
   2.506      0.399830
   2.514      0.398624
   2.522      0.397424
   2.529      0.396230
   2.537      0.395042
   2.545      0.393859
   2.553      0.392683
   2.560      0.391512
   2.568      0.390348
   2.576      0.389189
   2.583      0.388036
   2.591      0.386889
   2.599      0.385749
   2.607      0.384614
   2.614      0.383485
   2.622      0.382362
   2.630      0.381245
   2.637      0.380134
   2.645      0.379029
   2.653      0.377930
   2.661      0.376837
   2.668      0.375750
   2.676      0.374669
   2.684      0.373594
   2.691      0.372525
   2.699      0.371461
   2.707      0.370404
   2.714      0.369352
   2.722      0.368306
   2.730      0.367266
   2.738      0.366232
   2.745      0.365203
   2.753      0.364181
   2.761      0.363163
   2.768      0.362152
   2.776      0.361146
   2.784      0.360146
   2.792      0.359151
   2.799      0.358161
   2.807      0.357177
   2.815      0.356199
   2.822      0.355225
   2.830      0.354258
   2.838      0.353295
   2.846      0.352338
   2.853      0.351385
   2.861      0.350438
   2.869      0.349496
   2.876      0.348559
   2.884      0.347627
   2.892      0.346700
   2.900      0.345778
   2.907      0.344861
   2.915      0.343949
   2.923      0.343041
   2.930      0.342138
   2.938      0.341240
   2.946      0.340347
   2.954      0.339458
   2.961      0.338574
   2.969      0.337695
   2.977      0.336820
   2.984      0.335950
   2.992      0.335084
   3.000      0.334222
   3.008      0.333365
   3.015      0.332513
   3.023      0.331665
   3.031      0.330821
   3.038      0.329981
   3.046      0.329146
   3.054      0.328314
   3.062      0.327488
   3.069      0.326665
