   0.006     -0.000482
   0.012     -0.005532
   0.017     -0.010582
   0.023     -0.015803
   0.029     -0.021047
   0.035     -0.026300
   0.041     -0.031559
   0.046     -0.036827
   0.052     -0.042105
   0.058     -0.047395
   0.064     -0.052700
   0.070     -0.058018
   0.075     -0.063349
   0.081     -0.068692
   0.087     -0.074043
   0.093     -0.079400
   0.099     -0.084760
   0.104     -0.090120
   0.110     -0.095479
   0.116     -0.100834
   0.122     -0.106184
   0.128     -0.111527
   0.133     -0.116863
   0.139     -0.122190
   0.145     -0.127508
   0.151     -0.132816
   0.157     -0.138113
   0.162     -0.143400
   0.168     -0.148674
   0.174     -0.153937
   0.180     -0.159187
   0.186     -0.164424
   0.191     -0.169648
   0.197     -0.174859
   0.203     -0.180056
   0.209     -0.185238
   0.215     -0.190406
   0.220     -0.195559
   0.226     -0.200696
   0.232     -0.205818
   0.238     -0.210923
   0.244     -0.216013
   0.249     -0.221085
   0.255     -0.226140
   0.261     -0.231178
   0.267     -0.236198
   0.273     -0.241200
   0.278     -0.246183
   0.284     -0.251148
   0.290     -0.256093
   0.296     -0.261018
   0.302     -0.265924
   0.307     -0.270809
   0.313     -0.275674
   0.319     -0.280518
   0.325     -0.285340
   0.331     -0.290141
   0.336     -0.294920
   0.342     -0.299677
   0.348     -0.304411
   0.354     -0.309122
   0.360     -0.313809
   0.365     -0.318473
   0.371     -0.323114
   0.377     -0.327730
   0.383     -0.332321
   0.389     -0.336888
   0.394     -0.341429
   0.400     -0.345945
   0.406     -0.350435
   0.412     -0.354900
   0.418     -0.359337
   0.423     -0.363749
   0.429     -0.368133
   0.435     -0.372490
   0.441     -0.376819
   0.447     -0.381121
   0.452     -0.385394
   0.458     -0.389639
   0.464     -0.393856
   0.470     -0.398043
   0.476     -0.402201
   0.481     -0.406330
   0.487     -0.410429
   0.493     -0.414498
   0.499     -0.418536
   0.505     -0.422544
   0.510     -0.426521
   0.516     -0.430466
   0.522     -0.434380
   0.528     -0.438263
   0.534     -0.442113
   0.539     -0.445932
   0.545     -0.449717
   0.551     -0.453470
   0.557     -0.457190
   0.563     -0.460876
   0.568     -0.464529
   0.574     -0.468148
   0.580     -0.471733
   0.586     -0.475283
   0.592     -0.478798
   0.597     -0.482279
   0.603     -0.485724
   0.609     -0.489134
   0.615     -0.492508
   0.621     -0.495846
   0.626     -0.499148
   0.632     -0.502413
   0.638     -0.505641
   0.644     -0.508832
   0.650     -0.511985
   0.655     -0.515101
   0.661     -0.518179
   0.667     -0.521219
   0.673     -0.524220
   0.679     -0.527182
   0.684     -0.530105
   0.690     -0.532989
   0.696     -0.535833
   0.702     -0.538636
   0.708     -0.541399
   0.713     -0.544122
   0.719     -0.546803
   0.725     -0.549443
   0.731     -0.552042
   0.737     -0.554598
   0.742     -0.557112
   0.748     -0.559583
   0.754     -0.562011
   0.760     -0.564395
   0.766     -0.566736
   0.771     -0.569033
   0.777     -0.571286
   0.783     -0.573494
   0.789     -0.575657
   0.795     -0.577775
   0.800     -0.579848
   0.806     -0.581874
   0.812     -0.583855
   0.818     -0.585788
   0.824     -0.587676
   0.829     -0.589516
   0.835     -0.591308
   0.841     -0.593054
   0.847     -0.594751
   0.853     -0.596400
   0.858     -0.598001
   0.864     -0.599552
   0.870     -0.601055
   0.876     -0.602509
   0.882     -0.603913
   0.887     -0.605267
   0.893     -0.606571
   0.899     -0.607825
   0.905     -0.609029
   0.911     -0.610181
   0.916     -0.611283
   0.922     -0.612333
   0.928     -0.613332
   0.934     -0.614279
   0.940     -0.615174
   0.945     -0.616016
   0.951     -0.616807
   0.957     -0.617545
   0.963     -0.618230
   0.969     -0.618862
   0.974     -0.619441
   0.980     -0.619966
   0.986     -0.620438
   0.992     -0.620856
   0.998     -0.621221
   1.003     -0.621531
   1.009     -0.621787
   1.015     -0.621988
   1.021     -0.622135
   1.027     -0.622227
   1.032     -0.622265
   1.038     -0.622247
   1.044     -0.622174
   1.050     -0.622046
   1.056     -0.621863
   1.061     -0.621624
   1.067     -0.621330
   1.073     -0.620980
   1.079     -0.620575
   1.085     -0.620113
   1.090     -0.619596
   1.096     -0.619023
   1.102     -0.618394
   1.108     -0.617708
   1.114     -0.616967
   1.119     -0.616169
   1.125     -0.615316
   1.131     -0.614406
   1.137     -0.613440
   1.143     -0.612418
   1.148     -0.611339
   1.154     -0.610205
   1.160     -0.609014
   1.166     -0.607767
   1.172     -0.606464
   1.177     -0.605105
   1.183     -0.603689
   1.189     -0.602218
   1.195     -0.600691
   1.201     -0.599108
   1.206     -0.597470
   1.212     -0.595776
   1.218     -0.594026
   1.224     -0.592221
   1.230     -0.590360
   1.235     -0.588444
   1.241     -0.586474
   1.247     -0.584448
   1.253     -0.582368
   1.259     -0.580233
   1.264     -0.578043
   1.270     -0.575800
   1.276     -0.573502
   1.282     -0.571150
   1.288     -0.568745
   1.293     -0.566286
   1.299     -0.563775
   1.305     -0.561210
   1.311     -0.558592
   1.317     -0.555922
   1.322     -0.553200
   1.328     -0.550426
   1.334     -0.547600
   1.340     -0.544723
   1.346     -0.541795
   1.351     -0.538816
   1.357     -0.535786
   1.363     -0.532707
   1.369     -0.529577
   1.375     -0.526399
   1.380     -0.523171
   1.386     -0.519894
   1.392     -0.516569
   1.398     -0.513197
   1.404     -0.509776
   1.409     -0.506308
   1.415     -0.502794
   1.421     -0.499233
   1.427     -0.495627
   1.433     -0.491974
   1.438     -0.488277
   1.444     -0.484535
   1.450     -0.480749
   1.456     -0.476920
   1.462     -0.473047
   1.467     -0.469131
   1.473     -0.465173
   1.479     -0.461174
   1.485     -0.457133
   1.491     -0.453051
   1.496     -0.448930
   1.502     -0.444768
   1.508     -0.440568
   1.514     -0.436329
   1.520     -0.432052
   1.525     -0.427737
   1.531     -0.423386
   1.537     -0.418998
   1.543     -0.414575
   1.549     -0.410116
   1.554     -0.405623
   1.560     -0.401096
   1.566     -0.396536
   1.572     -0.391943
   1.578     -0.387318
   1.583     -0.382662
   1.589     -0.377974
   1.595     -0.373257
   1.601     -0.368510
   1.607     -0.363734
   1.612     -0.358929
   1.618     -0.354097
   1.624     -0.349239
   1.630     -0.344354
   1.636     -0.339443
   1.641     -0.334508
   1.647     -0.329548
   1.653     -0.324564
   1.659     -0.319558
   1.665     -0.314530
   1.670     -0.309480
   1.676     -0.304409
   1.682     -0.299318
   1.688     -0.294208
   1.694     -0.289079
   1.699     -0.283931
   1.705     -0.278767
   1.711     -0.273586
   1.717     -0.268388
   1.723     -0.263176
   1.728     -0.257949
   1.734     -0.252708
   1.740     -0.247453
   1.746     -0.242186
   1.752     -0.236907
   1.757     -0.231617
   1.763     -0.226317
   1.769     -0.221006
   1.775     -0.215686
   1.781     -0.210358
   1.786     -0.205021
   1.792     -0.199678
   1.798     -0.194327
   1.804     -0.188971
   1.810     -0.183609
   1.815     -0.178242
   1.821     -0.172872
   1.827     -0.167497
   1.833     -0.162120
   1.839     -0.156740
   1.844     -0.151358
   1.850     -0.145975
   1.856     -0.140591
   1.862     -0.135207
   1.868     -0.129823
   1.873     -0.124440
   1.879     -0.119058
   1.885     -0.113679
   1.891     -0.108301
   1.897     -0.102926
   1.902     -0.097555
   1.908     -0.092187
   1.914     -0.086824
   1.920     -0.081465
   1.926     -0.076112
   1.931     -0.070763
   1.937     -0.065421
   1.943     -0.060085
   1.949     -0.054756
   1.955     -0.049434
   1.960     -0.044119
   1.966     -0.038812
   1.972     -0.033514
   1.978     -0.028224
   1.984     -0.022943
   1.989     -0.017672
   1.995     -0.012410
   2.001     -0.007158
   2.007     -0.001916
   2.013      0.003314
   2.018      0.008534
   2.024      0.013743
   2.030      0.018939
   2.036      0.024124
   2.042      0.029296
   2.047      0.034455
   2.053      0.039601
   2.059      0.044734
   2.065      0.049853
   2.071      0.054958
   2.076      0.060048
   2.082      0.065124
   2.088      0.070184
   2.094      0.075229
   2.100      0.080258
   2.105      0.085270
   2.111      0.090266
   2.117      0.095245
   2.123      0.100207
   2.129      0.105151
   2.134      0.110077
   2.140      0.114984
   2.146      0.119873
   2.152      0.124742
   2.158      0.129592
   2.163      0.134422
   2.169      0.139232
   2.175      0.144021
   2.181      0.148789
   2.187      0.153536
   2.192      0.158261
   2.198      0.162965
   2.204      0.167646
   2.210      0.172304
   2.216      0.176939
   2.221      0.181551
   2.227      0.186140
   2.233      0.190704
   2.239      0.195245
   2.245      0.199760
   2.250      0.204251
   2.256      0.208717
   2.262      0.213158
   2.268      0.217572
   2.274      0.221961
   2.279      0.226324
   2.285      0.230660
   2.291      0.234970
   2.297      0.239253
   2.303      0.243508
   2.308      0.247736
   2.314      0.251937
   2.320      0.256109
   2.326      0.260254
   2.332      0.264371
   2.337      0.268459
   2.343      0.272518
   2.349      0.276549
   2.355      0.280551
   2.361      0.284524
   2.366      0.288468
   2.372      0.292382
   2.378      0.296266
   2.384      0.300121
   2.390      0.303947
   2.395      0.307742
   2.401      0.311507
   2.407      0.315242
   2.413      0.318947
   2.419      0.322621
   2.424      0.326265
   2.430      0.329878
   2.436      0.333461
   2.442      0.337013
   2.448      0.340534
   2.453      0.344024
   2.459      0.347483
   2.465      0.350911
   2.471      0.354308
   2.477      0.357674
   2.482      0.361009
   2.488      0.364312
   2.494      0.367584
   2.500      0.370825
   2.506      0.374035
   2.511      0.377213
   2.517      0.380359
   2.523      0.383475
   2.529      0.386558
   2.535      0.389611
   2.540      0.392632
   2.546      0.395621
   2.552      0.398579
   2.558      0.401506
   2.564      0.404401
   2.569      0.407264
   2.575      0.410096
   2.581      0.412897
   2.587      0.415666
   2.593      0.418404
   2.598      0.421111
   2.604      0.423786
   2.610      0.426430
   2.616      0.429043
   2.622      0.431625
   2.627      0.434175
   2.633      0.436694
   2.639      0.439182
   2.645      0.441640
   2.651      0.444066
   2.656      0.446461
   2.662      0.448826
   2.668      0.451159
   2.674      0.453462
   2.680      0.455735
   2.685      0.457977
   2.691      0.460188
   2.697      0.462369
   2.703      0.464519
   2.709      0.466639
   2.714      0.468729
   2.720      0.470789
   2.726      0.472819
   2.732      0.474819
   2.738      0.476790
   2.743      0.478730
   2.749      0.480641
   2.755      0.482522
   2.761      0.484374
   2.767      0.486196
   2.772      0.487990
   2.778      0.489754
   2.784      0.491489
   2.790      0.493195
   2.796      0.494872
   2.801      0.496521
   2.807      0.498141
   2.813      0.499733
   2.819      0.501296
   2.825      0.502831
   2.830      0.504338
   2.836      0.505817
   2.842      0.507268
   2.848      0.508691
   2.854      0.510087
   2.859      0.511456
   2.865      0.512797
   2.871      0.514110
   2.877      0.515397
   2.883      0.516657
   2.888      0.517890
   2.894      0.519096
   2.900      0.520275
   2.906      0.521429
   2.912      0.522556
   2.917      0.523657
   2.923      0.524732
   2.929      0.525781
   2.935      0.526805
   2.941      0.527803
   2.946      0.528775
   2.952      0.529722
   2.958      0.530644
   2.964      0.531541
   2.970      0.532414
   2.975      0.533261
   2.981      0.534084
   2.987      0.534883
   2.993      0.535657
   2.999      0.536407
   3.004      0.537134
   3.010      0.537836
   3.016      0.538515
   3.022      0.539171
   3.028      0.539803
   3.033      0.540412
   3.039      0.540997
   3.045      0.541560
   3.051      0.542101
   3.057      0.542618
   3.062      0.543114
   3.068      0.543587
   3.074      0.544038
   3.080      0.544466
   3.086      0.544874
   3.091      0.545259
   3.097      0.545623
   3.103      0.545966
   3.109      0.546287
   3.115      0.546588
   3.120      0.546868
   3.126      0.547126
   3.132      0.547365
   3.138      0.547583
   3.144      0.547781
   3.149      0.547958
   3.155      0.548116
   3.161      0.548254
   3.167      0.548372
   3.173      0.548471
   3.178      0.548551
   3.184      0.548611
   3.190      0.548653
   3.196      0.548675
   3.202      0.548679
   3.207      0.548665
   3.213      0.548632
   3.219      0.548581
   3.225      0.548511
   3.231      0.548424
   3.236      0.548319
   3.242      0.548197
   3.248      0.548057
   3.254      0.547899
   3.260      0.547725
   3.265      0.547533
   3.271      0.547325
   3.277      0.547100
   3.283      0.546858
   3.289      0.546600
   3.294      0.546326
   3.300      0.546036
   3.306      0.545729
   3.312      0.545407
   3.318      0.545069
   3.323      0.544716
   3.329      0.544347
   3.335      0.543963
   3.341      0.543564
   3.347      0.543150
   3.352      0.542721
   3.358      0.542278
   3.364      0.541820
   3.370      0.541347
   3.376      0.540861
   3.381      0.540360
   3.387      0.539846
   3.393      0.539317
   3.399      0.538775
   3.405      0.538219
   3.410      0.537650
   3.416      0.537068
   3.422      0.536472
   3.428      0.535864
   3.434      0.535243
   3.439      0.534609
   3.445      0.533962
   3.451      0.533303
   3.457      0.532631
   3.463      0.531948
   3.468      0.531252
   3.474      0.530544
   3.480      0.529825
   3.486      0.529094
   3.492      0.528351
   3.497      0.527597
   3.503      0.526832
   3.509      0.526055
   3.515      0.525267
   3.521      0.524469
   3.526      0.523659
   3.532      0.522839
   3.538      0.522009
   3.544      0.521168
   3.550      0.520316
   3.555      0.519455
   3.561      0.518583
   3.567      0.517701
   3.573      0.516810
   3.579      0.515908
   3.584      0.514997
   3.590      0.514077
   3.596      0.513147
   3.602      0.512208
   3.608      0.511260
   3.613      0.510302
   3.619      0.509336
   3.625      0.508361
   3.631      0.507377
   3.637      0.506385
   3.642      0.505384
   3.648      0.504374
   3.654      0.503356
   3.660      0.502330
   3.666      0.501296
   3.671      0.500254
   3.677      0.499204
   3.683      0.498146
   3.689      0.497081
   3.695      0.496008
   3.700      0.494927
   3.706      0.493839
   3.712      0.492744
   3.718      0.491641
   3.724      0.490532
   3.729      0.489415
   3.735      0.488292
   3.741      0.487161
   3.747      0.486024
   3.753      0.484880
   3.758      0.483730
   3.764      0.482573
   3.770      0.481410
   3.776      0.480240
   3.782      0.479065
   3.787      0.477883
   3.793      0.476695
   3.799      0.475501
   3.805      0.474302
   3.811      0.473096
   3.816      0.471885
   3.822      0.470668
   3.828      0.469446
   3.834      0.468218
   3.840      0.466985
   3.845      0.465747
   3.851      0.464503
   3.857      0.463255
   3.863      0.462001
   3.869      0.460742
   3.874      0.459478
   3.880      0.458210
   3.886      0.456936
   3.892      0.455659
   3.898      0.454376
   3.903      0.453089
   3.909      0.451797
   3.915      0.450501
   3.921      0.449201
   3.927      0.447896
   3.932      0.446588
   3.938      0.445275
   3.944      0.443958
   3.950      0.442637
   3.956      0.441312
   3.961      0.439983
   3.967      0.438651
   3.973      0.437315
   3.979      0.435975
   3.985      0.434631
   3.990      0.433284
   3.996      0.431934
   4.002      0.430580
   4.008      0.429222
   4.014      0.427862
   4.019      0.426498
   4.025      0.425131
   4.031      0.423761
   4.037      0.422387
   4.043      0.421011
   4.048      0.419632
   4.054      0.418250
   4.060      0.416864
   4.066      0.415477
   4.072      0.414086
   4.077      0.412693
   4.083      0.411297
   4.089      0.409898
   4.095      0.408497
   4.101      0.407094
   4.106      0.405688
   4.112      0.404279
   4.118      0.402869
   4.124      0.401456
   4.130      0.400040
   4.135      0.398623
   4.141      0.397203
   4.147      0.395782
   4.153      0.394358
   4.159      0.392932
   4.164      0.391504
   4.170      0.390074
   4.176      0.388643
   4.182      0.387209
   4.188      0.385774
   4.193      0.384337
   4.199      0.382898
   4.205      0.381458
   4.211      0.380016
   4.217      0.378572
   4.222      0.377127
   4.228      0.375680
   4.234      0.374232
   4.240      0.372782
   4.246      0.371331
   4.251      0.369878
   4.257      0.368425
   4.263      0.366969
   4.269      0.365513
   4.275      0.364055
   4.280      0.362597
   4.286      0.361137
   4.292      0.359675
   4.298      0.358213
   4.304      0.356750
   4.309      0.355286
   4.315      0.353820
   4.321      0.352354
   4.327      0.350887
   4.333      0.349419
   4.338      0.347950
   4.344      0.346480
   4.350      0.345009
   4.356      0.343538
   4.362      0.342066
   4.367      0.340593
   4.373      0.339119
   4.379      0.337645
   4.385      0.336170
   4.391      0.334695
   4.396      0.333219
   4.402      0.331742
   4.408      0.330265
   4.414      0.328787
   4.420      0.327309
   4.425      0.325831
   4.431      0.324352
   4.437      0.322872
   4.443      0.321393
   4.449      0.319913
   4.454      0.318432
   4.460      0.316951
   4.466      0.315470
   4.472      0.313989
   4.478      0.312507
   4.483      0.311026
   4.489      0.309544
   4.495      0.308062
   4.501      0.306579
   4.507      0.305097
   4.512      0.303615
   4.518      0.302132
   4.524      0.300650
   4.530      0.299167
   4.536      0.297684
   4.541      0.296202
   4.547      0.294719
   4.553      0.293236
   4.559      0.291754
   4.565      0.290271
   4.570      0.288789
   4.576      0.287307
   4.582      0.285825
   4.588      0.284343
   4.594      0.282861
   4.599      0.281379
   4.605      0.279898
   4.611      0.278417
   4.617      0.276936
   4.623      0.275455
   4.628      0.273975
   4.634      0.272495
   4.640      0.271015
   4.646      0.269536
   4.652      0.268057
   4.657      0.266578
   4.663      0.265100
   4.669      0.263622
   4.675      0.262144
   4.681      0.260667
   4.686      0.259191
   4.692      0.257715
   4.698      0.256239
   4.704      0.254764
   4.710      0.253289
   4.715      0.251815
   4.721      0.250341
   4.727      0.248868
   4.733      0.247396
   4.739      0.245924
   4.744      0.244453
   4.750      0.242982
   4.756      0.241512
   4.762      0.240043
   4.768      0.238574
   4.773      0.237106
   4.779      0.235639
   4.785      0.234172
   4.791      0.232706
   4.797      0.231241
   4.802      0.229776
   4.808      0.228313
   4.814      0.226850
   4.820      0.225388
   4.826      0.223927
   4.831      0.222466
   4.837      0.221007
   4.843      0.219548
   4.849      0.218090
   4.855      0.216633
   4.860      0.215177
   4.866      0.213722
   4.872      0.212268
   4.878      0.210814
   4.884      0.209362
   4.889      0.207911
   4.895      0.206460
   4.901      0.205011
   4.907      0.203563
   4.913      0.202116
   4.918      0.200669
   4.924      0.199224
   4.930      0.197780
   4.936      0.196337
   4.942      0.194895
   4.947      0.193455
   4.953      0.192015
   4.959      0.190577
   4.965      0.189140
   4.971      0.187704
   4.976      0.186269
   4.982      0.184836
   4.988      0.183403
   4.994      0.181972
   5.000      0.180543
   5.005      0.179114
   5.011      0.177687
   5.017      0.176262
   5.023      0.174837
   5.029      0.173414
   5.034      0.171993
   5.040      0.170573
   5.046      0.169154
   5.052      0.167736
   5.058      0.166321
   5.063      0.164906
   5.069      0.163493
   5.075      0.162082
   5.081      0.160672
   5.087      0.159264
   5.092      0.157857
   5.098      0.156452
   5.104      0.155050
   5.110      0.153648
   5.116      0.152247
   5.121      0.150848
   5.127      0.149451
   5.133      0.148056
   5.139      0.146662
   5.145      0.145270
   5.150      0.143879
   5.156      0.142490
   5.162      0.141103
   5.168      0.139718
   5.174      0.138334
   5.179      0.136952
   5.185      0.135572
   5.191      0.134194
   5.197      0.132817
   5.203      0.131442
   5.208      0.130069
   5.214      0.128697
   5.220      0.127327
   5.226      0.125959
   5.232      0.124593
   5.237      0.123229
   5.243      0.121866
   5.249      0.120505
   5.255      0.119146
   5.261      0.117788
   5.266      0.116432
   5.272      0.115078
   5.278      0.113725
   5.284      0.112374
   5.290      0.111025
   5.295      0.109676
   5.301      0.108331
   5.307      0.106988
   5.313      0.105647
   5.319      0.104308
   5.324      0.102972
   5.330      0.101638
   5.336      0.100306
   5.342      0.098977
   5.348      0.097649
   5.353      0.096325
   5.359      0.095002
   5.365      0.093682
   5.371      0.092364
   5.377      0.091048
   5.382      0.089734
   5.388      0.088423
   5.394      0.087114
   5.400      0.085807
   5.406      0.084503
   5.411      0.083201
   5.417      0.081901
   5.423      0.080603
   5.429      0.079308
   5.435      0.078015
   5.440      0.076724
   5.446      0.075436
   5.452      0.074150
   5.458      0.072866
   5.464      0.071584
   5.469      0.070305
   5.475      0.069028
   5.481      0.067753
   5.487      0.066480
   5.493      0.065210
   5.498      0.063942
   5.504      0.062676
   5.510      0.061413
   5.516      0.060152
   5.522      0.058893
   5.527      0.057636
   5.533      0.056382
   5.539      0.055130
   5.545      0.053880
   5.551      0.052633
   5.556      0.051387
   5.562      0.050144
   5.568      0.048904
   5.574      0.047665
   5.580      0.046429
   5.585      0.045195
   5.591      0.043964
   5.597      0.042734
   5.603      0.041507
   5.609      0.040283
   5.614      0.039060
   5.620      0.037840
   5.626      0.036622
   5.632      0.035407
   5.638      0.034193
   5.643      0.032982
   5.649      0.031774
   5.655      0.030567
   5.661      0.029363
   5.667      0.028161
   5.672      0.026961
   5.678      0.025764
   5.684      0.024569
   5.690      0.023376
   5.696      0.022185
   5.701      0.020997
   5.707      0.019811
   5.713      0.018628
   5.719      0.017446
   5.725      0.016267
   5.730      0.015090
   5.736      0.013916
   5.742      0.012744
   5.748      0.011574
   5.754      0.010406
   5.759      0.009241
   5.765      0.008078
   5.771      0.006917
   5.777      0.005758
   5.783      0.004602
   5.788      0.003448
   5.794      0.002296
   5.800      0.001147
   5.806      0.000000
