   0.006      0.000909
   0.012      0.010444
   0.017      0.019978
   0.023      0.029837
   0.029      0.039739
   0.035      0.049654
   0.041      0.059573
   0.046      0.069495
   0.052      0.079418
   0.058      0.089343
   0.064      0.099270
   0.070      0.109199
   0.075      0.119129
   0.081      0.129061
   0.087      0.138993
   0.093      0.148925
   0.099      0.158854
   0.104      0.168780
   0.110      0.178700
   0.116      0.188615
   0.122      0.198523
   0.128      0.208423
   0.133      0.218315
   0.139      0.228198
   0.145      0.238072
   0.151      0.247936
   0.157      0.257790
   0.162      0.267634
   0.168      0.277467
   0.174      0.287289
   0.180      0.297099
   0.186      0.306899
   0.191      0.316686
   0.197      0.326461
   0.203      0.336223
   0.209      0.345973
   0.215      0.355709
   0.220      0.365432
   0.226      0.375141
   0.232      0.384836
   0.238      0.394517
   0.244      0.404183
   0.249      0.413834
   0.255      0.423469
   0.261      0.433088
   0.267      0.442691
   0.273      0.452278
   0.278      0.461848
   0.284      0.471400
   0.290      0.480936
   0.296      0.490453
   0.302      0.499952
   0.307      0.509432
   0.313      0.518894
   0.319      0.528336
   0.325      0.537759
   0.331      0.547161
   0.336      0.556543
   0.342      0.565905
   0.348      0.575246
   0.354      0.584565
   0.360      0.593862
   0.365      0.603138
   0.371      0.612391
   0.377      0.621621
   0.383      0.630828
   0.389      0.640012
   0.394      0.649171
   0.400      0.658307
   0.406      0.667418
   0.412      0.676504
   0.418      0.685565
   0.423      0.694600
   0.429      0.703609
   0.435      0.712592
   0.441      0.721548
   0.447      0.730477
   0.452      0.739379
   0.458      0.748253
   0.464      0.757099
   0.470      0.765916
   0.476      0.774705
   0.481      0.783464
   0.487      0.792194
   0.493      0.800893
   0.499      0.809563
   0.505      0.818202
   0.510      0.826809
   0.516      0.835386
   0.522      0.843930
   0.528      0.852442
   0.534      0.860922
   0.539      0.869369
   0.545      0.877783
   0.551      0.886163
   0.557      0.894508
   0.563      0.902820
   0.568      0.911097
   0.574      0.919338
   0.580      0.927544
   0.586      0.935714
   0.592      0.943847
   0.597      0.951944
   0.603      0.960004
   0.609      0.968026
   0.615      0.976010
   0.621      0.983956
   0.626      0.991864
   0.632      0.999732
   0.638      1.007560
   0.644      1.015349
   0.650      1.023097
   0.655      1.030805
   0.661      1.038471
   0.667      1.046096
   0.673      1.053679
   0.679      1.061220
   0.684      1.068718
   0.690      1.076172
   0.696      1.083583
   0.702      1.090950
   0.708      1.098273
   0.713      1.105550
   0.719      1.112782
   0.725      1.119968
   0.731      1.127109
   0.737      1.134202
   0.742      1.141249
   0.748      1.148248
   0.754      1.155198
   0.760      1.162101
   0.766      1.168955
   0.771      1.175759
   0.777      1.182514
   0.783      1.189218
   0.789      1.195872
   0.795      1.202475
   0.800      1.209026
   0.806      1.215525
   0.812      1.221972
   0.818      1.228366
   0.824      1.234706
   0.829      1.240993
   0.835      1.247225
   0.841      1.253402
   0.847      1.259525
   0.853      1.265591
   0.858      1.271601
   0.864      1.277555
   0.870      1.283452
   0.876      1.289290
   0.882      1.295071
   0.887      1.300794
   0.893      1.306457
   0.899      1.312061
   0.905      1.317605
   0.911      1.323088
   0.916      1.328511
   0.922      1.333872
   0.928      1.339171
   0.934      1.344408
   0.940      1.349582
   0.945      1.354693
   0.951      1.359740
   0.957      1.364723
   0.963      1.369641
   0.969      1.374494
   0.974      1.379282
   0.980      1.384003
   0.986      1.388658
   0.992      1.393245
   0.998      1.397766
   1.003      1.402218
   1.009      1.406602
   1.015      1.410916
   1.021      1.415162
   1.027      1.419338
   1.032      1.423443
   1.038      1.427478
   1.044      1.431442
   1.050      1.435334
   1.056      1.439154
   1.061      1.442902
   1.067      1.446576
   1.073      1.450178
   1.079      1.453705
   1.085      1.457159
   1.090      1.460538
   1.096      1.463842
   1.102      1.467071
   1.108      1.470223
   1.114      1.473300
   1.119      1.476300
   1.125      1.479223
   1.131      1.482069
   1.137      1.484837
   1.143      1.487527
   1.148      1.490139
   1.154      1.492671
   1.160      1.495125
   1.166      1.497499
   1.172      1.499794
   1.177      1.502008
   1.183      1.504142
   1.189      1.506195
   1.195      1.508167
   1.201      1.510058
   1.206      1.511867
   1.212      1.513594
   1.218      1.515239
   1.224      1.516802
   1.230      1.518282
   1.235      1.519679
   1.241      1.520993
   1.247      1.522224
   1.253      1.523371
   1.259      1.524434
   1.264      1.525414
   1.270      1.526309
   1.276      1.527120
   1.282      1.527847
   1.288      1.528489
   1.293      1.529046
   1.299      1.529519
   1.305      1.529907
   1.311      1.530210
   1.317      1.530428
   1.322      1.530560
   1.328      1.530608
   1.334      1.530570
   1.340      1.530447
   1.346      1.530239
   1.351      1.529945
   1.357      1.529566
   1.363      1.529102
   1.369      1.528553
   1.375      1.527919
   1.380      1.527200
   1.386      1.526395
   1.392      1.525506
   1.398      1.524532
   1.404      1.523474
   1.409      1.522331
   1.415      1.521103
   1.421      1.519792
   1.427      1.518396
   1.433      1.516917
   1.438      1.515354
   1.444      1.513708
   1.450      1.511978
   1.456      1.510166
   1.462      1.508272
   1.467      1.506295
   1.473      1.504236
   1.479      1.502095
   1.485      1.499873
   1.491      1.497570
   1.496      1.495187
   1.502      1.492723
   1.508      1.490180
   1.514      1.487557
   1.520      1.484855
   1.525      1.482075
   1.531      1.479217
   1.537      1.476281
   1.543      1.473268
   1.549      1.470178
   1.554      1.467012
   1.560      1.463771
   1.566      1.460454
   1.572      1.457064
   1.578      1.453599
   1.583      1.450061
   1.589      1.446450
   1.595      1.442767
   1.601      1.439013
   1.607      1.435187
   1.612      1.431292
   1.618      1.427327
   1.624      1.423293
   1.630      1.419191
   1.636      1.415022
   1.641      1.410786
   1.647      1.406484
   1.653      1.402116
   1.659      1.397684
   1.665      1.393189
   1.670      1.388630
   1.676      1.384009
   1.682      1.379327
   1.688      1.374584
   1.694      1.369781
   1.699      1.364919
   1.705      1.359999
   1.711      1.355022
   1.717      1.349988
   1.723      1.344899
   1.728      1.339755
   1.734      1.334557
   1.740      1.329306
   1.746      1.324003
   1.752      1.318649
   1.757      1.313244
   1.763      1.307790
   1.769      1.302288
   1.775      1.296738
   1.781      1.291142
   1.786      1.285500
   1.792      1.279813
   1.798      1.274082
   1.804      1.268309
   1.810      1.262493
   1.815      1.256637
   1.821      1.250740
   1.827      1.244805
   1.833      1.238832
   1.839      1.232821
   1.844      1.226774
   1.850      1.220692
   1.856      1.214576
   1.862      1.208427
   1.868      1.202245
   1.873      1.196032
   1.879      1.189789
   1.885      1.183516
   1.891      1.177215
   1.897      1.170887
   1.902      1.164532
   1.908      1.158151
   1.914      1.151746
   1.920      1.145318
   1.926      1.138867
   1.931      1.132394
   1.937      1.125900
   1.943      1.119387
   1.949      1.112855
   1.955      1.106305
   1.960      1.099737
   1.966      1.093154
   1.972      1.086556
   1.978      1.079943
   1.984      1.073318
   1.989      1.066679
   1.995      1.060030
   2.001      1.053369
   2.007      1.046699
   2.013      1.040020
   2.018      1.033333
   2.024      1.026639
   2.030      1.019939
   2.036      1.013233
   2.042      1.006522
   2.047      0.999808
   2.053      0.993091
   2.059      0.986372
   2.065      0.979651
   2.071      0.972930
   2.076      0.966209
   2.082      0.959489
   2.088      0.952771
   2.094      0.946056
   2.100      0.939344
   2.105      0.932636
   2.111      0.925932
   2.117      0.919234
   2.123      0.912542
   2.129      0.905857
   2.134      0.899180
   2.140      0.892511
   2.146      0.885851
   2.152      0.879200
   2.158      0.872560
   2.163      0.865930
   2.169      0.859312
   2.175      0.852706
   2.181      0.846113
   2.187      0.839532
   2.192      0.832966
   2.198      0.826414
   2.204      0.819878
   2.210      0.813356
   2.216      0.806851
   2.221      0.800362
   2.227      0.793891
   2.233      0.787437
   2.239      0.781001
   2.245      0.774584
   2.250      0.768186
   2.256      0.761808
   2.262      0.755449
   2.268      0.749111
   2.274      0.742794
   2.279      0.736499
   2.285      0.730225
   2.291      0.723973
   2.297      0.717744
   2.303      0.711538
   2.308      0.705355
   2.314      0.699196
   2.320      0.693061
   2.326      0.686951
   2.332      0.680865
   2.337      0.674805
   2.343      0.668770
   2.349      0.662761
   2.355      0.656778
   2.361      0.650821
   2.366      0.644891
   2.372      0.638989
   2.378      0.633113
   2.384      0.627266
   2.390      0.621446
   2.395      0.615654
   2.401      0.609891
   2.407      0.604156
   2.413      0.598450
   2.419      0.592773
   2.424      0.587126
   2.430      0.581508
   2.436      0.575920
   2.442      0.570362
   2.448      0.564834
   2.453      0.559337
   2.459      0.553870
   2.465      0.548433
   2.471      0.543028
   2.477      0.537653
   2.482      0.532310
   2.488      0.526998
   2.494      0.521718
   2.500      0.516469
   2.506      0.511252
   2.511      0.506067
   2.517      0.500914
   2.523      0.495793
   2.529      0.490704
   2.535      0.485647
   2.540      0.480623
   2.546      0.475631
   2.552      0.470672
   2.558      0.465746
   2.564      0.460852
   2.569      0.455991
   2.575      0.451163
   2.581      0.446367
   2.587      0.441605
   2.593      0.436876
   2.598      0.432179
   2.604      0.427516
   2.610      0.422886
   2.616      0.418288
   2.622      0.413724
   2.627      0.409193
   2.633      0.404696
   2.639      0.400231
   2.645      0.395800
   2.651      0.391401
   2.656      0.387036
   2.662      0.382704
   2.668      0.378405
   2.674      0.374139
   2.680      0.369906
   2.685      0.365707
   2.691      0.361540
   2.697      0.357406
   2.703      0.353305
   2.709      0.349237
   2.714      0.345202
   2.720      0.341199
   2.726      0.337229
   2.732      0.333292
   2.738      0.329388
   2.743      0.325516
   2.749      0.321676
   2.755      0.317869
   2.761      0.314094
   2.767      0.310351
   2.772      0.306641
   2.778      0.302962
   2.784      0.299316
   2.790      0.295701
   2.796      0.292118
   2.801      0.288567
   2.807      0.285047
   2.813      0.281559
   2.819      0.278102
   2.825      0.274677
   2.830      0.271282
   2.836      0.267919
   2.842      0.264587
   2.848      0.261285
   2.854      0.258014
   2.859      0.254773
   2.865      0.251563
   2.871      0.248384
   2.877      0.245234
   2.883      0.242115
   2.888      0.239025
   2.894      0.235965
   2.900      0.232935
   2.906      0.229934
   2.912      0.226962
   2.917      0.224020
   2.923      0.221107
   2.929      0.218222
   2.935      0.215367
   2.941      0.212540
   2.946      0.209741
   2.952      0.206971
   2.958      0.204229
   2.964      0.201515
   2.970      0.198829
   2.975      0.196170
   2.981      0.193539
   2.987      0.190936
   2.993      0.188360
   2.999      0.185810
   3.004      0.183288
   3.010      0.180793
   3.016      0.178324
   3.022      0.175881
   3.028      0.173465
   3.033      0.171074
   3.039      0.168710
   3.045      0.166371
   3.051      0.164058
   3.057      0.161771
   3.062      0.159508
   3.068      0.157271
   3.074      0.155059
   3.080      0.152871
   3.086      0.150708
   3.091      0.148569
   3.097      0.146454
   3.103      0.144364
   3.109      0.142297
   3.115      0.140254
   3.120      0.138234
   3.126      0.136238
   3.132      0.134265
   3.138      0.132315
   3.144      0.130387
   3.149      0.128482
   3.155      0.126600
   3.161      0.124740
   3.167      0.122902
   3.173      0.121086
   3.178      0.119292
   3.184      0.117519
   3.190      0.115768
   3.196      0.114038
   3.202      0.112329
   3.207      0.110640
   3.213      0.108973
   3.219      0.107326
   3.225      0.105699
   3.231      0.104092
   3.236      0.102506
   3.242      0.100939
   3.248      0.099392
   3.254      0.097864
   3.260      0.096356
   3.265      0.094867
   3.271      0.093396
   3.277      0.091945
   3.283      0.090512
   3.289      0.089097
   3.294      0.087701
   3.300      0.086323
   3.306      0.084962
   3.312      0.083620
   3.318      0.082295
   3.323      0.080987
   3.329      0.079697
   3.335      0.078424
   3.341      0.077168
   3.347      0.075928
   3.352      0.074705
   3.358      0.073498
   3.364      0.072308
   3.370      0.071134
   3.376      0.069976
   3.381      0.068833
   3.387      0.067706
   3.393      0.066595
   3.399      0.065498
   3.405      0.064417
   3.410      0.063351
   3.416      0.062300
   3.422      0.061263
   3.428      0.060241
   3.434      0.059233
   3.439      0.058240
   3.445      0.057260
   3.451      0.056294
   3.457      0.055342
   3.463      0.054404
   3.468      0.053479
   3.474      0.052567
   3.480      0.051669
   3.486      0.050783
   3.492      0.049911
   3.497      0.049051
   3.503      0.048204
   3.509      0.047369
   3.515      0.046546
   3.521      0.045735
   3.526      0.044937
   3.532      0.044150
   3.538      0.043375
   3.544      0.042612
   3.550      0.041860
   3.555      0.041119
   3.561      0.040390
   3.567      0.039671
   3.573      0.038964
   3.579      0.038267
   3.584      0.037581
   3.590      0.036905
   3.596      0.036240
   3.602      0.035585
   3.608      0.034940
   3.613      0.034305
   3.619      0.033681
   3.625      0.033065
   3.631      0.032460
   3.637      0.031864
   3.642      0.031277
   3.648      0.030700
   3.654      0.030132
   3.660      0.029573
   3.666      0.029023
   3.671      0.028481
   3.677      0.027949
   3.683      0.027425
   3.689      0.026909
   3.695      0.026402
   3.700      0.025903
   3.706      0.025412
   3.712      0.024929
   3.718      0.024454
   3.724      0.023987
   3.729      0.023528
   3.735      0.023076
   3.741      0.022632
   3.747      0.022195
   3.753      0.021765
   3.758      0.021343
   3.764      0.020928
   3.770      0.020520
   3.776      0.020118
   3.782      0.019724
   3.787      0.019336
   3.793      0.018955
   3.799      0.018580
   3.805      0.018212
   3.811      0.017850
   3.816      0.017495
   3.822      0.017145
   3.828      0.016802
   3.834      0.016465
   3.840      0.016133
   3.845      0.015808
   3.851      0.015488
   3.857      0.015173
   3.863      0.014865
   3.869      0.014561
   3.874      0.014264
   3.880      0.013971
   3.886      0.013684
   3.892      0.013402
   3.898      0.013125
   3.903      0.012853
   3.909      0.012586
   3.915      0.012323
   3.921      0.012066
   3.927      0.011813
   3.932      0.011565
   3.938      0.011322
   3.944      0.011083
   3.950      0.010848
   3.956      0.010618
   3.961      0.010392
   3.967      0.010170
   3.973      0.009953
   3.979      0.009739
   3.985      0.009530
   3.990      0.009324
   3.996      0.009122
   4.002      0.008925
   4.008      0.008731
   4.014      0.008540
   4.019      0.008354
   4.025      0.008171
   4.031      0.007991
   4.037      0.007815
   4.043      0.007642
   4.048      0.007473
   4.054      0.007307
   4.060      0.007144
   4.066      0.006985
   4.072      0.006828
   4.077      0.006675
   4.083      0.006525
   4.089      0.006377
   4.095      0.006233
   4.101      0.006092
   4.106      0.005953
   4.112      0.005817
   4.118      0.005684
   4.124      0.005554
   4.130      0.005426
   4.135      0.005301
   4.141      0.005178
   4.147      0.005058
   4.153      0.004940
   4.159      0.004825
   4.164      0.004712
   4.170      0.004602
   4.176      0.004493
   4.182      0.004387
   4.188      0.004284
   4.193      0.004182
   4.199      0.004083
   4.205      0.003985
   4.211      0.003890
   4.217      0.003797
   4.222      0.003705
   4.228      0.003616
   4.234      0.003529
   4.240      0.003443
   4.246      0.003359
   4.251      0.003277
   4.257      0.003197
   4.263      0.003119
   4.269      0.003042
   4.275      0.002967
   4.280      0.002894
   4.286      0.002822
   4.292      0.002752
   4.298      0.002683
   4.304      0.002616
   4.309      0.002550
   4.315      0.002486
   4.321      0.002423
   4.327      0.002362
   4.333      0.002302
   4.338      0.002244
   4.344      0.002186
   4.350      0.002130
   4.356      0.002076
   4.362      0.002022
   4.367      0.001970
   4.373      0.001919
   4.379      0.001869
   4.385      0.001821
   4.391      0.001773
   4.396      0.001727
   4.402      0.001681
   4.408      0.001637
   4.414      0.001594
   4.420      0.001551
   4.425      0.001510
   4.431      0.001470
   4.437      0.001430
   4.443      0.001392
   4.449      0.001355
   4.454      0.001318
   4.460      0.001282
   4.466      0.001248
   4.472      0.001214
   4.478      0.001180
   4.483      0.001148
   4.489      0.001117
   4.495      0.001086
   4.501      0.001056
   4.507      0.001026
   4.512      0.000998
   4.518      0.000970
   4.524      0.000943
   4.530      0.000916
   4.536      0.000891
   4.541      0.000865
   4.547      0.000841
   4.553      0.000817
   4.559      0.000794
   4.565      0.000771
   4.570      0.000749
   4.576      0.000727
   4.582      0.000706
   4.588      0.000686
   4.594      0.000666
   4.599      0.000646
   4.605      0.000628
   4.611      0.000609
   4.617      0.000591
   4.623      0.000574
   4.628      0.000557
   4.634      0.000540
   4.640      0.000524
   4.646      0.000508
   4.652      0.000493
   4.657      0.000478
   4.663      0.000464
   4.669      0.000450
   4.675      0.000436
   4.681      0.000423
   4.686      0.000410
   4.692      0.000397
   4.698      0.000385
   4.704      0.000373
   4.710      0.000361
   4.715      0.000350
   4.721      0.000339
   4.727      0.000329
   4.733      0.000318
   4.739      0.000308
   4.744      0.000298
   4.750      0.000289
   4.756      0.000280
   4.762      0.000271
   4.768      0.000262
   4.773      0.000253
   4.779      0.000245
   4.785      0.000237
   4.791      0.000230
   4.797      0.000222
   4.802      0.000215
   4.808      0.000208
   4.814      0.000201
   4.820      0.000194
   4.826      0.000188
   4.831      0.000181
   4.837      0.000175
   4.843      0.000169
   4.849      0.000164
   4.855      0.000158
   4.860      0.000153
   4.866      0.000147
   4.872      0.000142
   4.878      0.000137
   4.884      0.000133
   4.889      0.000128
   4.895      0.000124
   4.901      0.000119
   4.907      0.000115
   4.913      0.000111
   4.918      0.000107
   4.924      0.000103
   4.930      0.000100
   4.936      0.000096
   4.942      0.000093
   4.947      0.000089
   4.953      0.000086
   4.959      0.000083
   4.965      0.000080
   4.971      0.000077
   4.976      0.000074
   4.982      0.000071
   4.988      0.000069
   4.994      0.000066
   5.000      0.000064
   5.005      0.000061
   5.011      0.000059
   5.017      0.000057
   5.023      0.000054
   5.029      0.000052
   5.034      0.000050
   5.040      0.000048
   5.046      0.000046
   5.052      0.000045
   5.058      0.000043
   5.063      0.000041
   5.069      0.000040
   5.075      0.000038
   5.081      0.000036
   5.087      0.000035
   5.092      0.000034
   5.098      0.000032
   5.104      0.000031
   5.110      0.000030
   5.116      0.000028
   5.121      0.000027
   5.127      0.000026
   5.133      0.000025
   5.139      0.000024
   5.145      0.000023
   5.150      0.000022
   5.156      0.000021
   5.162      0.000020
   5.168      0.000019
   5.174      0.000018
   5.179      0.000018
   5.185      0.000017
   5.191      0.000016
   5.197      0.000015
   5.203      0.000015
   5.208      0.000014
   5.214      0.000013
   5.220      0.000013
   5.226      0.000012
   5.232      0.000012
   5.237      0.000011
   5.243      0.000011
   5.249      0.000010
   5.255      0.000010
   5.261      0.000009
   5.266      0.000009
   5.272      0.000008
   5.278      0.000008
   5.284      0.000008
   5.290      0.000007
   5.295      0.000007
   5.301      0.000007
   5.307      0.000006
   5.313      0.000006
   5.319      0.000006
   5.324      0.000005
   5.330      0.000005
   5.336      0.000005
   5.342      0.000005
   5.348      0.000004
   5.353      0.000004
   5.359      0.000004
   5.365      0.000004
   5.371      0.000003
   5.377      0.000003
   5.382      0.000003
   5.388      0.000003
   5.394      0.000003
   5.400      0.000003
   5.406      0.000002
   5.411      0.000002
   5.417      0.000002
   5.423      0.000002
   5.429      0.000002
   5.435      0.000002
   5.440      0.000002
   5.446      0.000002
   5.452      0.000002
   5.458      0.000001
   5.464      0.000001
   5.469      0.000001
   5.475      0.000001
   5.481      0.000001
   5.487      0.000001
   5.493      0.000001
   5.498      0.000001
   5.504      0.000001
   5.510      0.000001
   5.516      0.000001
   5.522      0.000001
   5.527      0.000001
   5.533      0.000001
   5.539      0.000001
   5.545      0.000001
   5.551      0.000000
   5.556      0.000000
   5.562      0.000000
   5.568      0.000000
   5.574      0.000000
   5.580      0.000000
   5.585      0.000000
   5.591      0.000000
   5.597      0.000000
   5.603      0.000000
   5.609      0.000000
   5.614      0.000000
   5.620      0.000000
   5.626      0.000000
   5.632      0.000000
   5.638      0.000000
   5.643      0.000000
   5.649      0.000000
   5.655      0.000000
   5.661      0.000000
   5.667      0.000000
   5.672      0.000000
   5.678      0.000000
   5.684      0.000000
   5.690      0.000000
   5.696      0.000000
   5.701      0.000000
   5.707      0.000000
   5.713      0.000000
   5.719      0.000000
   5.725      0.000000
   5.730      0.000000
   5.736      0.000000
   5.742      0.000000
   5.748      0.000000
   5.754      0.000000
   5.759      0.000000
   5.765      0.000000
   5.771      0.000000
   5.777      0.000000
   5.783      0.000000
   5.788      0.000000
   5.794      0.000000
   5.800      0.000000
   5.806      0.000000
