   0.006      0.425315
   0.012      0.425333
   0.017      0.425351
   0.023      0.425383
   0.029      0.425445
   0.035      0.425546
   0.041      0.425684
   0.046      0.425859
   0.052      0.426071
   0.058      0.426321
   0.064      0.426610
   0.070      0.426938
   0.075      0.427304
   0.081      0.427704
   0.087      0.428136
   0.093      0.428596
   0.099      0.429079
   0.104      0.429583
   0.110      0.430105
   0.116      0.430644
   0.122      0.431198
   0.128      0.431767
   0.133      0.432352
   0.139      0.432951
   0.145      0.433566
   0.151      0.434197
   0.157      0.434845
   0.162      0.435509
   0.168      0.436191
   0.174      0.436891
   0.180      0.437609
   0.186      0.438346
   0.191      0.439102
   0.197      0.439878
   0.203      0.440673
   0.209      0.441489
   0.215      0.442326
   0.220      0.443183
   0.226      0.444061
   0.232      0.444961
   0.238      0.445882
   0.244      0.446824
   0.249      0.447789
   0.255      0.448776
   0.261      0.449785
   0.267      0.450816
   0.273      0.451870
   0.278      0.452947
   0.284      0.454046
   0.290      0.455169
   0.296      0.456315
   0.302      0.457484
   0.307      0.458676
   0.313      0.459892
   0.319      0.461132
   0.325      0.462396
   0.331      0.463683
   0.336      0.464995
   0.342      0.466330
   0.348      0.467690
   0.354      0.469075
   0.360      0.470484
   0.365      0.471917
   0.371      0.473375
   0.377      0.474858
   0.383      0.476366
   0.389      0.477899
   0.394      0.479457
   0.400      0.481040
   0.406      0.482649
   0.412      0.484283
   0.418      0.485942
   0.423      0.487627
   0.429      0.489338
   0.435      0.491074
   0.441      0.492836
   0.447      0.494624
   0.452      0.496438
   0.458      0.498278
   0.464      0.500144
   0.470      0.502036
   0.476      0.503955
   0.481      0.505899
   0.487      0.507871
   0.493      0.509868
   0.499      0.511892
   0.505      0.513943
   0.510      0.516020
   0.516      0.518124
   0.522      0.520254
   0.528      0.522411
   0.534      0.524595
   0.539      0.526806
   0.545      0.529043
   0.551      0.531307
   0.557      0.533598
   0.563      0.535916
   0.568      0.538260
   0.574      0.540632
   0.580      0.543030
   0.586      0.545455
   0.592      0.547907
   0.597      0.550386
   0.603      0.552891
   0.609      0.555423
   0.615      0.557982
   0.621      0.560567
   0.626      0.563179
   0.632      0.565817
   0.638      0.568482
   0.644      0.571174
   0.650      0.573891
   0.655      0.576635
   0.661      0.579405
   0.667      0.582201
   0.673      0.585022
   0.679      0.587870
   0.684      0.590743
   0.690      0.593642
   0.696      0.596566
   0.702      0.599515
   0.708      0.602489
   0.713      0.605488
   0.719      0.608512
   0.725      0.611560
   0.731      0.614633
   0.737      0.617729
   0.742      0.620850
   0.748      0.623994
   0.754      0.627162
   0.760      0.630352
   0.766      0.633566
   0.771      0.636802
   0.777      0.640060
   0.783      0.643340
   0.789      0.646642
   0.795      0.649966
   0.800      0.653310
   0.806      0.656675
   0.812      0.660060
   0.818      0.663465
   0.824      0.666890
   0.829      0.670334
   0.835      0.673797
   0.841      0.677278
   0.847      0.680777
   0.853      0.684293
   0.858      0.687826
   0.864      0.691376
   0.870      0.694942
   0.876      0.698523
   0.882      0.702120
   0.887      0.705730
   0.893      0.709355
   0.899      0.712993
   0.905      0.716644
   0.911      0.720308
   0.916      0.723982
   0.922      0.727668
   0.928      0.731365
   0.934      0.735071
   0.940      0.738786
   0.945      0.742510
   0.951      0.746241
   0.957      0.749980
   0.963      0.753725
   0.969      0.757476
   0.974      0.761232
   0.980      0.764992
   0.986      0.768755
   0.992      0.772522
   0.998      0.776290
   1.003      0.780060
   1.009      0.783830
   1.015      0.787599
   1.021      0.791368
   1.027      0.795134
   1.032      0.798898
   1.038      0.802658
   1.044      0.806413
   1.050      0.810163
   1.056      0.813906
   1.061      0.817643
   1.067      0.821371
   1.073      0.825091
   1.079      0.828800
   1.085      0.832499
   1.090      0.836186
   1.096      0.839861
   1.102      0.843522
   1.108      0.847168
   1.114      0.850799
   1.119      0.854414
   1.125      0.858012
   1.131      0.861591
   1.137      0.865151
   1.143      0.868691
   1.148      0.872210
   1.154      0.875707
   1.160      0.879181
   1.166      0.882631
   1.172      0.886056
   1.177      0.889455
   1.183      0.892827
   1.189      0.896172
   1.195      0.899488
   1.201      0.902775
   1.206      0.906031
   1.212      0.909255
   1.218      0.912447
   1.224      0.915606
   1.230      0.918731
   1.235      0.921820
   1.241      0.924874
   1.247      0.927890
   1.253      0.930869
   1.259      0.933810
   1.264      0.936711
   1.270      0.939572
   1.276      0.942391
   1.282      0.945169
   1.288      0.947904
   1.293      0.950596
   1.299      0.953243
   1.305      0.955846
   1.311      0.958403
   1.317      0.960913
   1.322      0.963377
   1.328      0.965792
   1.334      0.968160
   1.340      0.970478
   1.346      0.972746
   1.351      0.974965
   1.357      0.977132
   1.363      0.979248
   1.369      0.981313
   1.375      0.983324
   1.380      0.985283
   1.386      0.987189
   1.392      0.989040
   1.398      0.990838
   1.404      0.992581
   1.409      0.994268
   1.415      0.995901
   1.421      0.997478
   1.427      0.998999
   1.433      1.000463
   1.438      1.001872
   1.444      1.003223
   1.450      1.004518
   1.456      1.005756
   1.462      1.006936
   1.467      1.008060
   1.473      1.009126
   1.479      1.010134
   1.485      1.011085
   1.491      1.011979
   1.496      1.012815
   1.502      1.013594
   1.508      1.014315
   1.514      1.014979
   1.520      1.015586
   1.525      1.016136
   1.531      1.016630
   1.537      1.017066
   1.543      1.017447
   1.549      1.017771
   1.554      1.018039
   1.560      1.018251
   1.566      1.018408
   1.572      1.018511
   1.578      1.018558
   1.583      1.018551
   1.589      1.018491
   1.595      1.018377
   1.601      1.018210
   1.607      1.017990
   1.612      1.017718
   1.618      1.017395
   1.624      1.017020
   1.630      1.016595
   1.636      1.016119
   1.641      1.015595
   1.647      1.015021
   1.653      1.014399
   1.659      1.013728
   1.665      1.013011
   1.670      1.012247
   1.676      1.011438
   1.682      1.010583
   1.688      1.009683
   1.694      1.008739
   1.699      1.007752
   1.705      1.006722
   1.711      1.005650
   1.717      1.004537
   1.723      1.003383
   1.728      1.002189
   1.734      1.000956
   1.740      0.999685
   1.746      0.998375
   1.752      0.997029
   1.757      0.995645
   1.763      0.994227
   1.769      0.992773
   1.775      0.991285
   1.781      0.989763
   1.786      0.988208
   1.792      0.986621
   1.798      0.985002
   1.804      0.983353
   1.810      0.981673
   1.815      0.979964
   1.821      0.978226
   1.827      0.976460
   1.833      0.974666
   1.839      0.972846
   1.844      0.970999
   1.850      0.969127
   1.856      0.967229
   1.862      0.965308
   1.868      0.963362
   1.873      0.961394
   1.879      0.959402
   1.885      0.957389
   1.891      0.955355
   1.897      0.953299
   1.902      0.951223
   1.908      0.949127
   1.914      0.947012
   1.920      0.944879
   1.926      0.942727
   1.931      0.940557
   1.937      0.938369
   1.943      0.936165
   1.949      0.933945
   1.955      0.931708
   1.960      0.929456
   1.966      0.927189
   1.972      0.924907
   1.978      0.922611
   1.984      0.920300
   1.989      0.917976
   1.995      0.915639
   2.001      0.913289
   2.007      0.910927
   2.013      0.908552
   2.018      0.906166
   2.024      0.903768
   2.030      0.901359
   2.036      0.898939
   2.042      0.896508
   2.047      0.894067
   2.053      0.891617
   2.059      0.889157
   2.065      0.886687
   2.071      0.884208
   2.076      0.881721
   2.082      0.879225
   2.088      0.876721
   2.094      0.874210
   2.100      0.871690
   2.105      0.869163
   2.111      0.866629
   2.117      0.864088
   2.123      0.861541
   2.129      0.858987
   2.134      0.856427
   2.140      0.853861
   2.146      0.851290
   2.152      0.848713
   2.158      0.846131
   2.163      0.843544
   2.169      0.840952
   2.175      0.838356
   2.181      0.835756
   2.187      0.833151
   2.192      0.830542
   2.198      0.827930
   2.204      0.825314
   2.210      0.822695
   2.216      0.820073
   2.221      0.817448
   2.227      0.814820
   2.233      0.812190
   2.239      0.809557
   2.245      0.806922
   2.250      0.804285
   2.256      0.801646
   2.262      0.799006
   2.268      0.796364
   2.274      0.793720
   2.279      0.791076
   2.285      0.788430
   2.291      0.785784
   2.297      0.783136
   2.303      0.780489
   2.308      0.777840
   2.314      0.775192
   2.320      0.772543
   2.326      0.769894
   2.332      0.767245
   2.337      0.764597
   2.343      0.761949
   2.349      0.759301
   2.355      0.756654
   2.361      0.754008
   2.366      0.751363
   2.372      0.748719
   2.378      0.746076
   2.384      0.743434
   2.390      0.740793
   2.395      0.738154
   2.401      0.735516
   2.407      0.732880
   2.413      0.730246
   2.419      0.727614
   2.424      0.724984
   2.430      0.722356
   2.436      0.719730
   2.442      0.717106
   2.448      0.714485
   2.453      0.711866
   2.459      0.709249
   2.465      0.706636
   2.471      0.704025
   2.477      0.701416
   2.482      0.698811
   2.488      0.696209
   2.494      0.693610
   2.500      0.691014
   2.506      0.688421
   2.511      0.685831
   2.517      0.683245
   2.523      0.680662
   2.529      0.678083
   2.535      0.675507
   2.540      0.672935
   2.546      0.670367
   2.552      0.667803
   2.558      0.665242
   2.564      0.662685
   2.569      0.660132
   2.575      0.657584
   2.581      0.655039
   2.587      0.652499
   2.593      0.649962
   2.598      0.647430
   2.604      0.644903
   2.610      0.642379
   2.616      0.639861
   2.622      0.637346
   2.627      0.634836
   2.633      0.632331
   2.639      0.629831
   2.645      0.627335
   2.651      0.624843
   2.656      0.622357
   2.662      0.619875
   2.668      0.617398
   2.674      0.614926
   2.680      0.612459
   2.685      0.609997
   2.691      0.607540
   2.697      0.605088
   2.703      0.602641
   2.709      0.600199
   2.714      0.597762
   2.720      0.595331
   2.726      0.592904
   2.732      0.590483
   2.738      0.588068
   2.743      0.585657
   2.749      0.583252
   2.755      0.580853
   2.761      0.578458
   2.767      0.576070
   2.772      0.573686
   2.778      0.571308
   2.784      0.568936
   2.790      0.566569
   2.796      0.564208
   2.801      0.561853
   2.807      0.559503
   2.813      0.557158
   2.819      0.554819
   2.825      0.552486
   2.830      0.550159
   2.836      0.547838
   2.842      0.545522
   2.848      0.543212
   2.854      0.540907
   2.859      0.538609
   2.865      0.536316
   2.871      0.534029
   2.877      0.531748
   2.883      0.529473
   2.888      0.527203
   2.894      0.524940
   2.900      0.522682
   2.906      0.520431
   2.912      0.518185
   2.917      0.515945
   2.923      0.513711
   2.929      0.511483
   2.935      0.509261
   2.941      0.507045
   2.946      0.504835
   2.952      0.502631
   2.958      0.500433
   2.964      0.498241
   2.970      0.496055
   2.975      0.493875
   2.981      0.491701
   2.987      0.489533
   2.993      0.487371
   2.999      0.485215
   3.004      0.483065
   3.010      0.480921
   3.016      0.478783
   3.022      0.476652
   3.028      0.474526
   3.033      0.472406
   3.039      0.470293
   3.045      0.468185
   3.051      0.466084
   3.057      0.463989
   3.062      0.461899
   3.068      0.459816
   3.074      0.457739
   3.080      0.455668
   3.086      0.453603
   3.091      0.451544
   3.097      0.449491
   3.103      0.447444
   3.109      0.445403
   3.115      0.443369
   3.120      0.441340
   3.126      0.439318
   3.132      0.437301
   3.138      0.435291
   3.144      0.433286
   3.149      0.431288
   3.155      0.429295
   3.161      0.427309
   3.167      0.425329
   3.173      0.423355
   3.178      0.421386
   3.184      0.419424
   3.190      0.417468
   3.196      0.415518
   3.202      0.413574
   3.207      0.411635
   3.213      0.409703
   3.219      0.407777
   3.225      0.405857
   3.231      0.403942
   3.236      0.402034
   3.242      0.400132
   3.248      0.398235
   3.254      0.396345
   3.260      0.394460
   3.265      0.392581
   3.271      0.390709
   3.277      0.388842
   3.283      0.386981
   3.289      0.385126
   3.294      0.383277
   3.300      0.381433
   3.306      0.379596
   3.312      0.377764
   3.318      0.375938
   3.323      0.374119
   3.329      0.372304
   3.335      0.370496
   3.341      0.368694
   3.347      0.366897
   3.352      0.365106
   3.358      0.363321
   3.364      0.361541
   3.370      0.359768
   3.376      0.358000
   3.381      0.356238
   3.387      0.354481
   3.393      0.352730
   3.399      0.350985
   3.405      0.349246
   3.410      0.347512
   3.416      0.345784
   3.422      0.344061
   3.428      0.342344
   3.434      0.340633
   3.439      0.338928
   3.445      0.337228
   3.451      0.335533
   3.457      0.333844
   3.463      0.332161
   3.468      0.330483
   3.474      0.328811
   3.480      0.327144
   3.486      0.325483
   3.492      0.323827
   3.497      0.322177
   3.503      0.320532
   3.509      0.318893
   3.515      0.317259
   3.521      0.315630
   3.526      0.314007
   3.532      0.312390
   3.538      0.310777
   3.544      0.309170
   3.550      0.307569
   3.555      0.305972
   3.561      0.304381
   3.567      0.302796
   3.573      0.301216
   3.579      0.299640
   3.584      0.298071
   3.590      0.296506
   3.596      0.294947
   3.602      0.293393
   3.608      0.291844
   3.613      0.290300
   3.619      0.288762
   3.625      0.287228
   3.631      0.285700
   3.637      0.284177
   3.642      0.282659
   3.648      0.281147
   3.654      0.279639
   3.660      0.278136
   3.666      0.276639
   3.671      0.275146
   3.677      0.273659
   3.683      0.272176
   3.689      0.270699
   3.695      0.269226
   3.700      0.267759
   3.706      0.266296
   3.712      0.264839
   3.718      0.263386
   3.724      0.261938
   3.729      0.260495
   3.735      0.259057
   3.741      0.257624
   3.747      0.256196
   3.753      0.254772
   3.758      0.253354
   3.764      0.251940
   3.770      0.250531
   3.776      0.249126
   3.782      0.247727
   3.787      0.246332
   3.793      0.244942
   3.799      0.243557
   3.805      0.242176
   3.811      0.240800
   3.816      0.239428
   3.822      0.238062
   3.828      0.236700
   3.834      0.235342
   3.840      0.233989
   3.845      0.232641
   3.851      0.231297
   3.857      0.229958
   3.863      0.228624
   3.869      0.227293
   3.874      0.225968
   3.880      0.224647
   3.886      0.223330
   3.892      0.222018
   3.898      0.220710
   3.903      0.219407
   3.909      0.218108
   3.915      0.216813
   3.921      0.215523
   3.927      0.214237
   3.932      0.212956
   3.938      0.211679
   3.944      0.210406
   3.950      0.209138
   3.956      0.207873
   3.961      0.206614
   3.967      0.205358
   3.973      0.204106
   3.979      0.202859
   3.985      0.201616
   3.990      0.200377
   3.996      0.199143
   4.002      0.197912
   4.008      0.196686
   4.014      0.195463
   4.019      0.194245
   4.025      0.193031
   4.031      0.191821
   4.037      0.190615
   4.043      0.189414
   4.048      0.188216
   4.054      0.187022
   4.060      0.185832
   4.066      0.184646
   4.072      0.183464
   4.077      0.182287
   4.083      0.181113
   4.089      0.179943
   4.095      0.178776
   4.101      0.177614
   4.106      0.176456
   4.112      0.175301
   4.118      0.174151
   4.124      0.173004
   4.130      0.171861
   4.135      0.170722
   4.141      0.169586
   4.147      0.168455
   4.153      0.167327
   4.159      0.166202
   4.164      0.165082
   4.170      0.163965
   4.176      0.162852
   4.182      0.161743
   4.188      0.160637
   4.193      0.159535
   4.199      0.158437
   4.205      0.157342
   4.211      0.156251
   4.217      0.155163
   4.222      0.154079
   4.228      0.152999
   4.234      0.151922
   4.240      0.150848
   4.246      0.149778
   4.251      0.148712
   4.257      0.147649
   4.263      0.146589
   4.269      0.145533
   4.275      0.144481
   4.280      0.143432
   4.286      0.142386
   4.292      0.141343
   4.298      0.140304
   4.304      0.139269
   4.309      0.138237
   4.315      0.137208
   4.321      0.136182
   4.327      0.135160
   4.333      0.134141
   4.338      0.133125
   4.344      0.132112
   4.350      0.131103
   4.356      0.130097
   4.362      0.129094
   4.367      0.128095
   4.373      0.127098
   4.379      0.126105
   4.385      0.125115
   4.391      0.124128
   4.396      0.123144
   4.402      0.122164
   4.408      0.121186
   4.414      0.120212
   4.420      0.119240
   4.425      0.118272
   4.431      0.117306
   4.437      0.116344
   4.443      0.115385
   4.449      0.114429
   4.454      0.113475
   4.460      0.112525
   4.466      0.111578
   4.472      0.110634
   4.478      0.109692
   4.483      0.108754
   4.489      0.107818
   4.495      0.106885
   4.501      0.105955
   4.507      0.105029
   4.512      0.104104
   4.518      0.103183
   4.524      0.102265
   4.530      0.101349
   4.536      0.100436
   4.541      0.099526
   4.547      0.098619
   4.553      0.097715
   4.559      0.096813
   4.565      0.095914
   4.570      0.095018
   4.576      0.094124
   4.582      0.093233
   4.588      0.092345
   4.594      0.091460
   4.599      0.090577
   4.605      0.089697
   4.611      0.088819
   4.617      0.087944
   4.623      0.087072
   4.628      0.086202
   4.634      0.085335
   4.640      0.084470
   4.646      0.083608
   4.652      0.082749
   4.657      0.081892
   4.663      0.081037
   4.669      0.080185
   4.675      0.079336
   4.681      0.078489
   4.686      0.077645
   4.692      0.076803
   4.698      0.075963
   4.704      0.075126
   4.710      0.074291
   4.715      0.073459
   4.721      0.072629
   4.727      0.071802
   4.733      0.070976
   4.739      0.070154
   4.744      0.069333
   4.750      0.068515
   4.756      0.067700
   4.762      0.066886
   4.768      0.066075
   4.773      0.065266
   4.779      0.064460
   4.785      0.063656
   4.791      0.062854
   4.797      0.062054
   4.802      0.061257
   4.808      0.060461
   4.814      0.059668
   4.820      0.058878
   4.826      0.058089
   4.831      0.057303
   4.837      0.056518
   4.843      0.055736
   4.849      0.054957
   4.855      0.054179
   4.860      0.053403
   4.866      0.052630
   4.872      0.051859
   4.878      0.051089
   4.884      0.050322
   4.889      0.049557
   4.895      0.048794
   4.901      0.048033
   4.907      0.047275
   4.913      0.046518
   4.918      0.045763
   4.924      0.045010
   4.930      0.044260
   4.936      0.043511
   4.942      0.042764
   4.947      0.042020
   4.953      0.041277
   4.959      0.040536
   4.965      0.039798
   4.971      0.039061
   4.976      0.038326
   4.982      0.037593
   4.988      0.036862
   4.994      0.036133
   5.000      0.035406
   5.005      0.034681
   5.011      0.033957
   5.017      0.033236
   5.023      0.032516
   5.029      0.031798
   5.034      0.031082
   5.040      0.030368
   5.046      0.029656
   5.052      0.028946
   5.058      0.028237
   5.063      0.027531
   5.069      0.026826
   5.075      0.026122
   5.081      0.025421
   5.087      0.024722
   5.092      0.024024
   5.098      0.023328
   5.104      0.022634
   5.110      0.021942
   5.116      0.021251
   5.121      0.020562
   5.127      0.019875
   5.133      0.019189
   5.139      0.018505
   5.145      0.017823
   5.150      0.017143
   5.156      0.016464
   5.162      0.015786
   5.168      0.015111
   5.174      0.014437
   5.179      0.013764
   5.185      0.013094
   5.191      0.012424
   5.197      0.011757
   5.203      0.011091
   5.208      0.010426
   5.214      0.009764
   5.220      0.009102
   5.226      0.008442
   5.232      0.007784
   5.237      0.007127
   5.243      0.006472
   5.249      0.005818
   5.255      0.005166
   5.261      0.004515
   5.266      0.003866
   5.272      0.003218
   5.278      0.002572
   5.284      0.001927
   5.290      0.001283
   5.295      0.000641
   5.301      0.000000
