   0.000      1.402324
   0.006      1.402324
   0.012      1.402324
   0.019      1.402324
   0.025      1.402324
   0.031      1.402324
   0.037      1.402324
   0.044      1.402324
   0.050      1.402324
   0.056      1.402324
   0.062      1.402324
   0.069      1.402323
   0.075      1.402323
   0.081      1.402322
   0.087      1.402321
   0.094      1.402319
   0.100      1.402316
   0.106      1.402312
   0.112      1.402308
   0.119      1.402301
   0.125      1.402293
   0.131      1.402283
   0.137      1.402269
   0.144      1.402253
   0.150      1.402233
   0.156      1.402208
   0.162      1.402178
   0.169      1.402142
   0.175      1.402100
   0.181      1.402049
   0.187      1.401989
   0.194      1.401920
   0.200      1.401838
   0.206      1.401745
   0.212      1.401637
   0.219      1.401514
   0.225      1.401373
   0.231      1.401214
   0.237      1.401034
   0.244      1.400831
   0.250      1.400604
   0.256      1.400351
   0.262      1.400069
   0.269      1.399756
   0.275      1.399410
   0.281      1.399029
   0.287      1.398611
   0.294      1.398152
   0.300      1.397651
   0.306      1.397106
   0.312      1.396513
   0.319      1.395870
   0.325      1.395175
   0.331      1.394425
   0.337      1.393619
   0.344      1.392752
   0.350      1.391824
   0.356      1.390832
   0.362      1.389773
   0.369      1.388645
   0.375      1.387446
   0.381      1.386175
   0.387      1.384829
   0.394      1.383406
   0.400      1.381905
   0.406      1.380323
   0.412      1.378661
   0.419      1.376915
   0.425      1.375086
   0.431      1.373171
   0.437      1.371170
   0.444      1.369082
   0.450      1.366907
   0.456      1.364644
   0.462      1.362292
   0.469      1.359852
   0.475      1.357324
   0.481      1.354707
   0.487      1.352001
   0.494      1.349208
   0.500      1.346327
   0.506      1.343360
   0.512      1.340307
   0.519      1.337169
   0.525      1.333947
   0.531      1.330642
   0.537      1.327256
   0.544      1.323789
   0.550      1.320244
   0.556      1.316621
   0.562      1.312922
   0.569      1.309149
   0.575      1.305304
   0.581      1.301389
   0.587      1.297404
   0.594      1.293353
   0.600      1.289236
   0.606      1.285057
   0.612      1.280816
   0.619      1.276517
   0.625      1.272160
   0.631      1.267747
   0.637      1.263282
   0.644      1.258765
   0.650      1.254199
   0.656      1.249586
   0.662      1.244928
   0.669      1.240226
   0.675      1.235483
   0.681      1.230700
   0.687      1.225880
   0.694      1.221024
   0.700      1.216134
   0.706      1.211213
   0.712      1.206260
   0.719      1.201280
   0.725      1.196272
   0.731      1.191240
   0.737      1.186184
   0.744      1.181106
   0.750      1.176009
   0.756      1.170892
   0.762      1.165759
   0.769      1.160610
   0.775      1.155448
   0.781      1.150273
   0.787      1.145086
   0.794      1.139891
   0.800      1.134686
   0.806      1.129475
   0.812      1.124259
   0.819      1.119038
   0.825      1.113814
   0.831      1.108588
   0.837      1.103362
   0.844      1.098136
   0.850      1.092912
   0.856      1.087691
   0.862      1.082474
   0.869      1.077262
   0.875      1.072056
   0.881      1.066857
   0.887      1.061666
   0.894      1.056485
   0.900      1.051313
   0.906      1.046153
   0.912      1.041004
   0.919      1.035868
   0.925      1.030746
   0.931      1.025638
   0.937      1.020546
   0.944      1.015469
   0.950      1.010409
   0.956      1.005367
   0.962      1.000342
   0.969      0.995337
   0.975      0.990351
   0.981      0.985385
   0.987      0.980439
   0.994      0.975515
   1.000      0.970613
   1.006      0.965733
   1.012      0.960876
   1.019      0.956043
   1.025      0.951233
   1.031      0.946447
   1.037      0.941686
   1.044      0.936950
   1.050      0.932240
   1.056      0.927555
   1.062      0.922897
   1.069      0.918265
   1.075      0.913660
   1.081      0.909082
   1.087      0.904531
   1.094      0.900008
   1.100      0.895513
   1.106      0.891046
   1.112      0.886607
   1.119      0.882196
   1.125      0.877814
   1.131      0.873460
   1.137      0.869136
   1.144      0.864840
   1.150      0.860574
   1.156      0.856336
   1.162      0.852128
   1.169      0.847949
   1.175      0.843799
   1.181      0.839679
   1.187      0.835588
   1.194      0.831526
   1.200      0.827494
   1.206      0.823491
   1.212      0.819518
   1.219      0.815574
   1.225      0.811659
   1.231      0.807773
   1.237      0.803916
   1.244      0.800089
   1.250      0.796290
   1.256      0.792521
   1.262      0.788780
   1.269      0.785068
   1.275      0.781384
   1.281      0.777729
   1.287      0.774102
   1.294      0.770504
   1.300      0.766933
   1.306      0.763391
   1.312      0.759876
   1.319      0.756389
   1.325      0.752929
   1.331      0.749496
   1.337      0.746091
   1.344      0.742713
   1.350      0.739361
   1.356      0.736036
   1.362      0.732738
   1.369      0.729466
   1.375      0.726219
   1.381      0.722999
   1.387      0.719804
   1.394      0.716635
   1.400      0.713491
   1.406      0.710372
   1.412      0.707278
   1.419      0.704209
   1.425      0.701164
   1.431      0.698143
   1.437      0.695147
   1.444      0.692174
   1.450      0.689225
   1.456      0.686299
   1.462      0.683397
   1.469      0.680517
   1.475      0.677661
   1.481      0.674827
   1.487      0.672015
   1.494      0.669226
   1.500      0.666458
   1.506      0.663712
   1.512      0.660988
   1.519      0.658285
   1.525      0.655603
   1.531      0.652943
   1.537      0.650302
   1.544      0.647683
   1.550      0.645084
   1.556      0.642505
   1.562      0.639945
   1.569      0.637406
   1.575      0.634886
   1.581      0.632385
   1.587      0.629904
   1.594      0.627441
   1.600      0.624998
   1.606      0.622572
   1.612      0.620165
   1.619      0.617777
   1.625      0.615406
   1.631      0.613053
   1.637      0.610718
   1.644      0.608400
   1.650      0.606100
   1.656      0.603816
   1.662      0.601550
   1.669      0.599300
   1.675      0.597067
   1.681      0.594850
   1.687      0.592649
   1.694      0.590465
   1.700      0.588296
   1.706      0.586143
   1.712      0.584006
   1.718      0.581884
   1.725      0.579777
   1.731      0.577686
   1.737      0.575609
   1.743      0.573547
   1.750      0.571500
   1.756      0.569467
   1.762      0.567449
   1.768      0.565445
   1.775      0.563454
   1.781      0.561478
   1.787      0.559516
   1.793      0.557567
   1.800      0.555631
   1.806      0.553709
   1.812      0.551800
   1.818      0.549905
   1.825      0.548022
   1.831      0.546152
   1.837      0.544294
   1.843      0.542450
   1.850      0.540617
   1.856      0.538797
   1.862      0.536990
   1.868      0.535194
   1.875      0.533410
   1.881      0.531638
   1.887      0.529878
   1.893      0.528129
   1.900      0.526392
   1.906      0.524666
   1.912      0.522952
   1.918      0.521249
   1.925      0.519556
   1.931      0.517875
   1.937      0.516205
   1.943      0.514545
   1.950      0.512896
   1.956      0.511257
   1.962      0.509629
   1.968      0.508011
   1.975      0.506403
   1.981      0.504806
   1.987      0.503219
   1.993      0.501641
   2.000      0.500074
   2.006      0.498516
   2.012      0.496968
   2.018      0.495429
   2.025      0.493900
   2.031      0.492380
   2.037      0.490870
   2.043      0.489369
   2.050      0.487877
   2.056      0.486394
   2.062      0.484920
   2.068      0.483455
   2.075      0.481999
   2.081      0.480551
   2.087      0.479113
   2.093      0.477682
   2.100      0.476261
   2.106      0.474847
   2.112      0.473443
   2.118      0.472046
   2.125      0.470658
   2.131      0.469277
   2.137      0.467905
   2.143      0.466541
   2.150      0.465185
   2.156      0.463837
   2.162      0.462496
   2.168      0.461163
   2.175      0.459838
   2.181      0.458520
   2.187      0.457210
   2.193      0.455908
   2.200      0.454613
   2.206      0.453325
   2.212      0.452044
   2.218      0.450771
   2.225      0.449505
   2.231      0.448245
   2.237      0.446993
   2.243      0.445748
   2.250      0.444510
   2.256      0.443279
   2.262      0.442054
   2.268      0.440836
   2.275      0.439625
   2.281      0.438421
   2.287      0.437223
   2.293      0.436032
   2.300      0.434847
   2.306      0.433668
   2.312      0.432496
   2.318      0.431330
   2.325      0.430171
   2.331      0.429018
   2.337      0.427871
   2.343      0.426730
   2.350      0.425595
   2.356      0.424466
   2.362      0.423343
   2.368      0.422226
   2.375      0.421115
   2.381      0.420009
   2.387      0.418910
   2.393      0.417816
   2.400      0.416728
   2.406      0.415646
   2.412      0.414569
   2.418      0.413498
   2.425      0.412432
   2.431      0.411372
   2.437      0.410317
   2.443      0.409268
   2.450      0.408223
   2.456      0.407185
   2.462      0.406151
   2.468      0.405123
   2.475      0.404100
   2.481      0.403082
   2.487      0.402069
