   0.000      1.134017
   0.006      1.134017
   0.012      1.134017
   0.019      1.134017
   0.025      1.134017
   0.031      1.134016
   0.037      1.134016
   0.044      1.134015
   0.050      1.134013
   0.056      1.134011
   0.062      1.134009
   0.069      1.134005
   0.075      1.134000
   0.081      1.133993
   0.087      1.133985
   0.094      1.133975
   0.100      1.133963
   0.106      1.133948
   0.112      1.133931
   0.119      1.133910
   0.125      1.133885
   0.131      1.133857
   0.137      1.133824
   0.144      1.133786
   0.150      1.133744
   0.156      1.133695
   0.162      1.133640
   0.169      1.133579
   0.175      1.133510
   0.181      1.133433
   0.187      1.133348
   0.194      1.133254
   0.200      1.133151
   0.206      1.133037
   0.212      1.132912
   0.219      1.132776
   0.225      1.132628
   0.231      1.132467
   0.237      1.132292
   0.244      1.132103
   0.250      1.131899
   0.256      1.131679
   0.262      1.131443
   0.269      1.131189
   0.275      1.130917
   0.281      1.130626
   0.287      1.130315
   0.294      1.129984
   0.300      1.129632
   0.306      1.129257
   0.312      1.128860
   0.319      1.128439
   0.325      1.127993
   0.331      1.127521
   0.337      1.127023
   0.344      1.126499
   0.350      1.125946
   0.356      1.125365
   0.362      1.124754
   0.369      1.124112
   0.375      1.123440
   0.381      1.122736
   0.387      1.122000
   0.394      1.121230
   0.400      1.120426
   0.406      1.119588
   0.412      1.118714
   0.419      1.117805
   0.425      1.116859
   0.431      1.115876
   0.437      1.114855
   0.444      1.113796
   0.450      1.112699
   0.456      1.111562
   0.462      1.110386
   0.469      1.109170
   0.475      1.107914
   0.481      1.106617
   0.487      1.105279
   0.494      1.103900
   0.500      1.102480
   0.506      1.101019
   0.512      1.099516
   0.519      1.097971
   0.525      1.096385
   0.531      1.094756
   0.537      1.093086
   0.544      1.091375
   0.550      1.089622
   0.556      1.087827
   0.562      1.085992
   0.569      1.084115
   0.575      1.082197
   0.581      1.080239
   0.587      1.078241
   0.594      1.076203
   0.600      1.074126
   0.606      1.072009
   0.612      1.069854
   0.619      1.067661
   0.625      1.065431
   0.631      1.063163
   0.637      1.060858
   0.644      1.058518
   0.650      1.056142
   0.656      1.053731
   0.662      1.051287
   0.669      1.048808
   0.675      1.046297
   0.681      1.043754
   0.687      1.041179
   0.694      1.038573
   0.700      1.035937
   0.706      1.033272
   0.712      1.030578
   0.719      1.027857
   0.725      1.025108
   0.731      1.022333
   0.737      1.019532
   0.744      1.016706
   0.750      1.013856
   0.756      1.010983
   0.762      1.008087
   0.769      1.005169
   0.775      1.002230
   0.781      0.999271
   0.787      0.996293
   0.794      0.993295
   0.800      0.990280
   0.806      0.987247
   0.812      0.984198
   0.819      0.981132
   0.825      0.978052
   0.831      0.974957
   0.837      0.971849
   0.844      0.968728
   0.850      0.965594
   0.856      0.962448
   0.862      0.959292
   0.869      0.956126
   0.875      0.952950
   0.881      0.949765
   0.887      0.946571
   0.894      0.943370
   0.900      0.940162
   0.906      0.936947
   0.912      0.933727
   0.919      0.930501
   0.925      0.927271
   0.931      0.924036
   0.937      0.920798
   0.944      0.917557
   0.950      0.914313
   0.956      0.911067
   0.962      0.907820
   0.969      0.904572
   0.975      0.901323
   0.981      0.898074
   0.987      0.894826
   0.994      0.891578
   1.000      0.888332
   1.006      0.885088
   1.012      0.881846
   1.019      0.878606
   1.025      0.875369
   1.031      0.872136
   1.037      0.868907
   1.044      0.865682
   1.050      0.862461
   1.056      0.859245
   1.062      0.856034
   1.069      0.852829
   1.075      0.849629
   1.081      0.846436
   1.087      0.843249
   1.094      0.840069
   1.100      0.836896
   1.106      0.833730
   1.112      0.830572
   1.119      0.827422
   1.125      0.824280
   1.131      0.821146
   1.137      0.818020
   1.144      0.814904
   1.150      0.811796
   1.156      0.808698
   1.162      0.805609
   1.169      0.802530
   1.175      0.799460
   1.181      0.796400
   1.187      0.793351
   1.194      0.790312
   1.200      0.787283
   1.206      0.784266
   1.212      0.781258
   1.219      0.778262
   1.225      0.775277
   1.231      0.772303
   1.237      0.769341
   1.244      0.766390
   1.250      0.763450
   1.256      0.760522
   1.262      0.757606
   1.269      0.754702
   1.275      0.751810
   1.281      0.748929
   1.287      0.746061
   1.294      0.743206
   1.300      0.740362
   1.306      0.737531
   1.312      0.734712
   1.319      0.731906
   1.325      0.729113
   1.331      0.726332
   1.337      0.723563
   1.344      0.720808
   1.350      0.718065
   1.356      0.715335
   1.362      0.712617
   1.369      0.709913
   1.375      0.707221
   1.381      0.704543
   1.387      0.701877
   1.394      0.699225
   1.400      0.696585
   1.406      0.693958
   1.412      0.691344
   1.419      0.688744
   1.425      0.686156
   1.431      0.683581
   1.437      0.681020
   1.444      0.678471
   1.450      0.675936
   1.456      0.673413
   1.462      0.670903
   1.469      0.668407
   1.475      0.665923
   1.481      0.663453
   1.487      0.660995
   1.494      0.658550
   1.500      0.656118
   1.506      0.653699
   1.512      0.651293
   1.519      0.648900
   1.525      0.646520
   1.531      0.644152
   1.537      0.641797
   1.544      0.639455
   1.550      0.637126
   1.556      0.634809
   1.562      0.632505
   1.569      0.630213
   1.575      0.627934
   1.581      0.625668
   1.587      0.623414
   1.594      0.621172
   1.600      0.618943
   1.606      0.616726
   1.612      0.614522
   1.619      0.612330
   1.625      0.610150
   1.631      0.607982
   1.637      0.605826
   1.644      0.603683
   1.650      0.601551
   1.656      0.599431
   1.662      0.597324
   1.669      0.595228
   1.675      0.593144
   1.681      0.591072
   1.687      0.589012
   1.694      0.586963
   1.700      0.584926
   1.706      0.582900
   1.712      0.580886
   1.718      0.578884
   1.725      0.576893
   1.731      0.574913
   1.737      0.572945
   1.743      0.570987
   1.750      0.569041
   1.756      0.567106
   1.762      0.565183
   1.768      0.563270
   1.775      0.561368
   1.781      0.559477
   1.787      0.557597
   1.793      0.555727
   1.800      0.553869
   1.806      0.552021
   1.812      0.550184
   1.818      0.548357
   1.825      0.546541
   1.831      0.544735
   1.837      0.542939
   1.843      0.541154
   1.850      0.539379
   1.856      0.537615
   1.862      0.535860
   1.868      0.534116
   1.875      0.532381
   1.881      0.530657
   1.887      0.528942
   1.893      0.527238
   1.900      0.525543
   1.906      0.523858
   1.912      0.522182
   1.918      0.520516
   1.925      0.518860
   1.931      0.517213
   1.937      0.515576
   1.943      0.513947
   1.950      0.512329
   1.956      0.510719
   1.962      0.509119
   1.968      0.507528
   1.975      0.505946
   1.981      0.504373
   1.987      0.502809
   1.993      0.501254
   2.000      0.499708
   2.006      0.498170
   2.012      0.496642
   2.018      0.495122
   2.025      0.493610
   2.031      0.492108
   2.037      0.490613
   2.043      0.489128
   2.050      0.487650
   2.056      0.486181
   2.062      0.484720
   2.068      0.483268
   2.075      0.481824
   2.081      0.480388
   2.087      0.478959
   2.093      0.477539
   2.100      0.476127
   2.106      0.474723
   2.112      0.473327
   2.118      0.471938
   2.125      0.470558
   2.131      0.469185
   2.137      0.467819
   2.143      0.466462
   2.150      0.465111
   2.156      0.463769
   2.162      0.462433
   2.168      0.461106
   2.175      0.459785
   2.181      0.458472
   2.187      0.457166
   2.193      0.455867
   2.200      0.454575
   2.206      0.453291
   2.212      0.452013
   2.218      0.450743
   2.225      0.449479
   2.231      0.448223
   2.237      0.446973
   2.243      0.445730
   2.250      0.444493
   2.256      0.443264
   2.262      0.442041
   2.268      0.440825
   2.275      0.439615
   2.281      0.438412
   2.287      0.437215
   2.293      0.436025
   2.300      0.434841
   2.306      0.433663
   2.312      0.432492
   2.318      0.431326
   2.325      0.430168
   2.331      0.429015
   2.337      0.427868
   2.343      0.426728
   2.350      0.425593
   2.356      0.424464
   2.362      0.423342
   2.368      0.422225
   2.375      0.421114
   2.381      0.420009
   2.387      0.418909
   2.393      0.417816
   2.400      0.416728
   2.406      0.415646
   2.412      0.414569
   2.418      0.413498
   2.425      0.412432
   2.431      0.411372
   2.437      0.410317
   2.443      0.409268
   2.450      0.408223
   2.456      0.407185
   2.462      0.406151
   2.468      0.405123
   2.475      0.404100
   2.481      0.403082
   2.487      0.402069
