   0.000      1.303869
   0.006      1.303866
   0.012      1.303856
   0.019      1.303839
   0.025      1.303816
   0.031      1.303785
   0.037      1.303748
   0.044      1.303704
   0.050      1.303652
   0.056      1.303594
   0.062      1.303528
   0.069      1.303455
   0.075      1.303374
   0.081      1.303285
   0.087      1.303189
   0.094      1.303084
   0.100      1.302971
   0.106      1.302849
   0.112      1.302718
   0.119      1.302579
   0.125      1.302429
   0.131      1.302270
   0.137      1.302101
   0.144      1.301921
   0.150      1.301730
   0.156      1.301528
   0.162      1.301315
   0.169      1.301089
   0.175      1.300850
   0.181      1.300598
   0.187      1.300333
   0.194      1.300053
   0.200      1.299758
   0.206      1.299448
   0.212      1.299122
   0.219      1.298778
   0.225      1.298418
   0.231      1.298038
   0.237      1.297640
   0.244      1.297222
   0.250      1.296784
   0.256      1.296323
   0.262      1.295841
   0.269      1.295335
   0.275      1.294804
   0.281      1.294248
   0.287      1.293666
   0.294      1.293057
   0.300      1.292419
   0.306      1.291751
   0.312      1.291053
   0.319      1.290323
   0.325      1.289560
   0.331      1.288763
   0.337      1.287930
   0.344      1.287061
   0.350      1.286154
   0.356      1.285207
   0.362      1.284221
   0.369      1.283192
   0.375      1.282121
   0.381      1.281006
   0.387      1.279845
   0.394      1.278637
   0.400      1.277382
   0.406      1.276078
   0.412      1.274723
   0.419      1.273317
   0.425      1.271859
   0.431      1.270346
   0.437      1.268780
   0.444      1.267157
   0.450      1.265478
   0.456      1.263741
   0.462      1.261946
   0.469      1.260092
   0.475      1.258178
   0.481      1.256204
   0.487      1.254168
   0.494      1.252071
   0.500      1.249912
   0.506      1.247691
   0.512      1.245407
   0.519      1.243060
   0.525      1.240650
   0.531      1.238178
   0.537      1.235642
   0.544      1.233044
   0.550      1.230383
   0.556      1.227660
   0.562      1.224876
   0.569      1.222030
   0.575      1.219123
   0.581      1.216156
   0.587      1.213129
   0.594      1.210044
   0.600      1.206901
   0.606      1.203701
   0.612      1.200445
   0.619      1.197134
   0.625      1.193769
   0.631      1.190352
   0.637      1.186883
   0.644      1.183363
   0.650      1.179794
   0.656      1.176178
   0.662      1.172514
   0.669      1.168806
   0.675      1.165054
   0.681      1.161260
   0.687      1.157424
   0.694      1.153549
   0.700      1.149636
   0.706      1.145687
   0.712      1.141702
   0.719      1.137684
   0.725      1.133633
   0.731      1.129552
   0.737      1.125442
   0.744      1.121303
   0.750      1.117139
   0.756      1.112949
   0.762      1.108736
   0.769      1.104501
   0.775      1.100245
   0.781      1.095970
   0.787      1.091676
   0.794      1.087367
   0.800      1.083042
   0.806      1.078703
   0.812      1.074351
   0.819      1.069988
   0.825      1.065615
   0.831      1.061232
   0.837      1.056842
   0.844      1.052445
   0.850      1.048042
   0.856      1.043635
   0.862      1.039225
   0.869      1.034812
   0.875      1.030398
   0.881      1.025984
   0.887      1.021570
   0.894      1.017157
   0.900      1.012748
   0.906      1.008341
   0.912      1.003939
   0.919      0.999542
   0.925      0.995151
   0.931      0.990766
   0.937      0.986389
   0.944      0.982020
   0.950      0.977660
   0.956      0.973309
   0.962      0.968969
   0.969      0.964639
   0.975      0.960321
   0.981      0.956015
   0.987      0.951721
   0.994      0.947441
   1.000      0.943174
   1.006      0.938922
   1.012      0.934684
   1.019      0.930461
   1.025      0.926254
   1.031      0.922062
   1.037      0.917887
   1.044      0.913729
   1.050      0.909588
   1.056      0.905465
   1.062      0.901359
   1.069      0.897271
   1.075      0.893202
   1.081      0.889152
   1.087      0.885120
   1.094      0.881108
   1.100      0.877115
   1.106      0.873142
   1.112      0.869189
   1.119      0.865256
   1.125      0.861343
   1.131      0.857451
   1.137      0.853579
   1.144      0.849728
   1.150      0.845898
   1.156      0.842089
   1.162      0.838301
   1.169      0.834534
   1.175      0.830789
   1.181      0.827065
   1.187      0.823362
   1.194      0.819681
   1.200      0.816022
   1.206      0.812384
   1.212      0.808768
   1.219      0.805174
   1.225      0.801601
   1.231      0.798050
   1.237      0.794521
   1.244      0.791014
   1.250      0.787529
   1.256      0.784065
   1.262      0.780623
   1.269      0.777203
   1.275      0.773804
   1.281      0.770427
   1.287      0.767072
   1.294      0.763738
   1.300      0.760426
   1.306      0.757136
   1.312      0.753866
   1.319      0.750618
   1.325      0.747392
   1.331      0.744187
   1.337      0.741002
   1.344      0.737839
   1.350      0.734697
   1.356      0.731576
   1.362      0.728476
   1.369      0.725396
   1.375      0.722337
   1.381      0.719299
   1.387      0.716281
   1.394      0.713283
   1.400      0.710306
   1.406      0.707349
   1.412      0.704412
   1.419      0.701495
   1.425      0.698597
   1.431      0.695720
   1.437      0.692862
   1.444      0.690023
   1.450      0.687205
   1.456      0.684405
   1.462      0.681624
   1.469      0.678863
   1.475      0.676120
   1.481      0.673397
   1.487      0.670692
   1.494      0.668005
   1.500      0.665337
   1.506      0.662688
   1.512      0.660056
   1.519      0.657443
   1.525      0.654847
   1.531      0.652270
   1.537      0.649710
   1.544      0.647168
   1.550      0.644643
   1.556      0.642136
   1.562      0.639646
   1.569      0.637172
   1.575      0.634716
   1.581      0.632277
   1.587      0.629855
   1.594      0.627449
   1.600      0.625059
   1.606      0.622686
   1.612      0.620329
   1.619      0.617988
   1.625      0.615664
   1.631      0.613355
   1.637      0.611062
   1.644      0.608784
   1.650      0.606522
   1.656      0.604275
   1.662      0.602044
   1.669      0.599828
   1.675      0.597626
   1.681      0.595440
   1.687      0.593268
   1.694      0.591111
   1.700      0.588969
   1.706      0.586841
   1.712      0.584727
   1.718      0.582628
   1.725      0.580542
   1.731      0.578471
   1.737      0.576413
   1.743      0.574369
   1.750      0.572339
   1.756      0.570322
   1.762      0.568319
   1.768      0.566329
   1.775      0.564352
   1.781      0.562388
   1.787      0.560438
   1.793      0.558500
   1.800      0.556574
   1.806      0.554662
   1.812      0.552762
   1.818      0.550874
   1.825      0.548999
   1.831      0.547136
   1.837      0.545285
   1.843      0.543446
   1.850      0.541619
   1.856      0.539804
   1.862      0.538000
   1.868      0.536208
   1.875      0.534428
   1.881      0.532659
   1.887      0.530902
   1.893      0.529155
   1.900      0.527420
   1.906      0.525696
   1.912      0.523983
   1.918      0.522280
   1.925      0.520589
   1.931      0.518908
   1.937      0.517238
   1.943      0.515578
   1.950      0.513929
   1.956      0.512289
   1.962      0.510661
   1.968      0.509042
   1.975      0.507433
   1.981      0.505835
   1.987      0.504246
   1.993      0.502667
   2.000      0.501098
   2.006      0.499538
   2.012      0.497988
   2.018      0.496448
   2.025      0.494916
   2.031      0.493395
   2.037      0.491882
   2.043      0.490379
   2.050      0.488884
   2.056      0.487399
   2.062      0.485923
   2.068      0.484455
   2.075      0.482996
   2.081      0.481546
   2.087      0.480105
   2.093      0.478672
   2.100      0.477248
   2.106      0.475832
   2.112      0.474424
   2.118      0.473025
   2.125      0.471634
   2.131      0.470251
   2.137      0.468876
   2.143      0.467509
   2.150      0.466150
   2.156      0.464799
   2.162      0.463455
   2.168      0.462120
   2.175      0.460792
   2.181      0.459471
   2.187      0.458159
   2.193      0.456853
   2.200      0.455556
   2.206      0.454265
   2.212      0.452982
   2.218      0.451706
   2.225      0.450437
   2.231      0.449175
   2.237      0.447921
   2.243      0.446673
   2.250      0.445432
   2.256      0.444198
   2.262      0.442971
   2.268      0.441751
   2.275      0.440537
   2.281      0.439330
   2.287      0.438130
   2.293      0.436936
   2.300      0.435749
   2.306      0.434568
   2.312      0.433393
   2.318      0.432225
   2.325      0.431063
   2.331      0.429908
   2.337      0.428758
   2.343      0.427615
   2.350      0.426478
   2.356      0.425346
   2.362      0.424221
   2.368      0.423102
   2.375      0.421988
   2.381      0.420881
   2.387      0.419779
   2.393      0.418683
   2.400      0.417593
   2.406      0.416508
   2.412      0.415429
   2.418      0.414355
   2.425      0.413287
   2.431      0.412225
   2.437      0.411168
   2.443      0.410116
   2.450      0.409070
   2.456      0.408029
   2.462      0.406994
   2.468      0.405963
   2.475      0.404938
   2.481      0.403918
   2.487      0.402903
