   0.005     -0.002202
   0.009     -0.025296
   0.014     -0.048391
   0.019     -0.072270
   0.024     -0.096249
   0.028     -0.120250
   0.033     -0.144253
   0.038     -0.168248
   0.042     -0.192232
   0.047     -0.216199
   0.052     -0.240149
   0.056     -0.264078
   0.061     -0.287983
   0.066     -0.311863
   0.071     -0.335715
   0.075     -0.359537
   0.080     -0.383327
   0.085     -0.407083
   0.089     -0.430802
   0.094     -0.454482
   0.099     -0.478122
   0.103     -0.501718
   0.108     -0.525269
   0.113     -0.548773
   0.118     -0.572227
   0.122     -0.595629
   0.127     -0.618977
   0.132     -0.642270
   0.136     -0.665503
   0.141     -0.688677
   0.146     -0.711787
   0.150     -0.734833
   0.155     -0.757811
   0.160     -0.780721
   0.165     -0.803558
   0.169     -0.826322
   0.174     -0.849010
   0.179     -0.871620
   0.183     -0.894150
   0.188     -0.916597
   0.193     -0.938959
   0.197     -0.961235
   0.202     -0.983421
   0.207     -1.005515
   0.212     -1.027516
   0.216     -1.049422
   0.221     -1.071229
   0.226     -1.092935
   0.230     -1.114540
   0.235     -1.136039
   0.240     -1.157431
   0.244     -1.178715
   0.249     -1.199886
   0.254     -1.220945
   0.259     -1.241887
   0.263     -1.262711
   0.268     -1.283415
   0.273     -1.303996
   0.277     -1.324453
   0.282     -1.344783
   0.287     -1.364984
   0.291     -1.385054
   0.296     -1.404990
   0.301     -1.424790
   0.305     -1.444453
   0.310     -1.463976
   0.315     -1.483357
   0.320     -1.502594
   0.324     -1.521685
   0.329     -1.540627
   0.334     -1.559418
   0.338     -1.578057
   0.343     -1.596542
   0.348     -1.614870
   0.353     -1.633039
   0.357     -1.651047
   0.362     -1.668893
   0.367     -1.686574
   0.371     -1.704088
   0.376     -1.721433
   0.381     -1.738608
   0.385     -1.755611
   0.390     -1.772439
   0.395     -1.789090
   0.400     -1.805564
   0.404     -1.821857
   0.409     -1.837969
   0.414     -1.853898
   0.418     -1.869640
   0.423     -1.885196
   0.428     -1.900564
   0.432     -1.915740
   0.437     -1.930725
   0.442     -1.945516
   0.447     -1.960112
   0.451     -1.974511
   0.456     -1.988712
   0.461     -2.002712
   0.465     -2.016512
   0.470     -2.030109
   0.475     -2.043501
   0.479     -2.056688
   0.484     -2.069668
   0.489     -2.082441
   0.493     -2.095003
   0.498     -2.107356
   0.503     -2.119496
   0.508     -2.131423
   0.512     -2.143137
   0.517     -2.154635
   0.522     -2.165918
   0.526     -2.176983
   0.531     -2.187830
   0.536     -2.198458
   0.540     -2.208866
   0.545     -2.219054
   0.550     -2.229020
   0.555     -2.238764
   0.559     -2.248285
   0.564     -2.257583
   0.569     -2.266656
   0.573     -2.275505
   0.578     -2.284129
   0.583     -2.292527
   0.588     -2.300698
   0.592     -2.308643
   0.597     -2.316362
   0.602     -2.323853
   0.606     -2.331116
   0.611     -2.338152
   0.616     -2.344960
   0.620     -2.351540
   0.625     -2.357892
   0.630     -2.364016
   0.635     -2.369912
   0.639     -2.375580
   0.644     -2.381019
   0.649     -2.386231
   0.653     -2.391215
   0.658     -2.395971
   0.663     -2.400501
   0.667     -2.404803
   0.672     -2.408879
   0.677     -2.412728
   0.681     -2.416352
   0.686     -2.419750
   0.691     -2.422923
   0.696     -2.425872
   0.700     -2.428597
   0.705     -2.431099
   0.710     -2.433378
   0.714     -2.435435
   0.719     -2.437271
   0.724     -2.438887
   0.729     -2.440283
   0.733     -2.441460
   0.738     -2.442418
   0.743     -2.443160
   0.747     -2.443685
   0.752     -2.443994
   0.757     -2.444090
   0.761     -2.443971
   0.766     -2.443640
   0.771     -2.443098
   0.776     -2.442345
   0.780     -2.441383
   0.785     -2.440212
   0.790     -2.438835
   0.794     -2.437251
   0.799     -2.435463
   0.804     -2.433471
   0.808     -2.431276
   0.813     -2.428880
   0.818     -2.426284
   0.823     -2.423489
   0.827     -2.420497
   0.832     -2.417309
   0.837     -2.413926
   0.841     -2.410349
   0.846     -2.406580
   0.851     -2.402620
   0.855     -2.398470
   0.860     -2.394132
   0.865     -2.389608
   0.870     -2.384898
   0.874     -2.380004
   0.879     -2.374928
   0.884     -2.369670
   0.888     -2.364233
   0.893     -2.358618
   0.898     -2.352825
   0.902     -2.346858
   0.907     -2.340716
   0.912     -2.334403
   0.916     -2.327918
   0.921     -2.321264
   0.926     -2.314442
   0.931     -2.307454
   0.935     -2.300302
   0.940     -2.292986
   0.945     -2.285508
   0.949     -2.277871
   0.954     -2.270074
   0.959     -2.262121
   0.964     -2.254013
   0.968     -2.245751
   0.973     -2.237337
   0.978     -2.228772
   0.982     -2.220059
   0.987     -2.211198
   0.992     -2.202192
   0.996     -2.193042
   1.001     -2.183750
   1.006     -2.174317
   1.010     -2.164746
   1.015     -2.155038
   1.020     -2.145194
   1.025     -2.135217
   1.029     -2.125108
   1.034     -2.114869
   1.039     -2.104502
   1.043     -2.094008
   1.048     -2.083390
   1.053     -2.072649
   1.058     -2.061787
   1.062     -2.050806
   1.067     -2.039707
   1.072     -2.028494
   1.076     -2.017166
   1.081     -2.005728
   1.086     -1.994179
   1.090     -1.982523
   1.095     -1.970761
   1.100     -1.958896
   1.105     -1.946928
   1.109     -1.934861
   1.114     -1.922696
   1.119     -1.910435
   1.123     -1.898080
   1.128     -1.885634
   1.133     -1.873098
   1.137     -1.860475
   1.142     -1.847766
   1.147     -1.834973
   1.151     -1.822099
   1.156     -1.809146
   1.161     -1.796116
   1.166     -1.783011
   1.170     -1.769833
   1.175     -1.756584
   1.180     -1.743267
   1.184     -1.729883
   1.189     -1.716435
   1.194     -1.702925
   1.199     -1.689356
   1.203     -1.675728
   1.208     -1.662045
   1.213     -1.648308
   1.217     -1.634520
   1.222     -1.620684
   1.227     -1.606800
   1.231     -1.592872
   1.236     -1.578901
   1.241     -1.564889
   1.246     -1.550840
   1.250     -1.536754
   1.255     -1.522635
   1.260     -1.508484
   1.264     -1.494303
   1.269     -1.480095
   1.274     -1.465861
   1.278     -1.451604
   1.283     -1.437326
   1.288     -1.423028
   1.292     -1.408714
   1.297     -1.394384
   1.302     -1.380042
   1.307     -1.365688
   1.311     -1.351326
   1.316     -1.336957
   1.321     -1.322582
   1.325     -1.308205
   1.330     -1.293826
   1.335     -1.279448
   1.340     -1.265072
   1.344     -1.250701
   1.349     -1.236337
   1.354     -1.221980
   1.358     -1.207633
   1.363     -1.193298
   1.368     -1.178976
   1.372     -1.164670
   1.377     -1.150380
   1.382     -1.136109
   1.387     -1.121857
   1.391     -1.107628
   1.396     -1.093422
   1.401     -1.079240
   1.405     -1.065085
   1.410     -1.050958
   1.415     -1.036860
   1.419     -1.022792
   1.424     -1.008757
   1.429     -0.994756
   1.433     -0.980789
   1.438     -0.966859
   1.443     -0.952966
   1.448     -0.939112
   1.452     -0.925298
   1.457     -0.911525
   1.462     -0.897794
   1.466     -0.884108
   1.471     -0.870466
   1.476     -0.856869
   1.481     -0.843320
   1.485     -0.829819
   1.490     -0.816366
   1.495     -0.802964
   1.499     -0.789612
   1.504     -0.776312
   1.509     -0.763065
   1.513     -0.749872
   1.518     -0.736733
   1.523     -0.723650
   1.528     -0.710623
   1.532     -0.697653
   1.537     -0.684740
   1.542     -0.671886
   1.546     -0.659091
   1.551     -0.646356
   1.556     -0.633682
   1.560     -0.621068
   1.565     -0.608517
   1.570     -0.596028
   1.575     -0.583602
   1.579     -0.571239
   1.584     -0.558941
   1.589     -0.546707
   1.593     -0.534539
   1.598     -0.522436
   1.603     -0.510399
   1.607     -0.498429
   1.612     -0.486525
   1.617     -0.474690
   1.622     -0.462921
   1.626     -0.451221
   1.631     -0.439590
   1.636     -0.428027
   1.640     -0.416534
   1.645     -0.405110
   1.650     -0.393756
   1.654     -0.382472
   1.659     -0.371258
   1.664     -0.360115
   1.669     -0.349043
   1.673     -0.338042
   1.678     -0.327112
   1.683     -0.316253
   1.687     -0.305467
   1.692     -0.294752
   1.697     -0.284109
   1.701     -0.273538
   1.706     -0.263040
   1.711     -0.252614
   1.716     -0.242260
   1.720     -0.231980
   1.725     -0.221772
   1.730     -0.211637
   1.734     -0.201574
   1.739     -0.191585
   1.744     -0.181669
   1.748     -0.171825
   1.753     -0.162055
   1.758     -0.152358
   1.763     -0.142734
   1.767     -0.133184
   1.772     -0.123706
   1.777     -0.114301
   1.781     -0.104970
   1.786     -0.095712
   1.791     -0.086527
   1.795     -0.077414
   1.800     -0.068375
   1.805     -0.059409
   1.810     -0.050515
   1.814     -0.041695
   1.819     -0.032947
   1.824     -0.024271
   1.828     -0.015668
   1.833     -0.007138
   1.838      0.001320
   1.842      0.009706
   1.847      0.018020
   1.852      0.026262
   1.857      0.034432
   1.861      0.042531
   1.866      0.050557
   1.871      0.058513
   1.875      0.066397
   1.880      0.074210
   1.885      0.081953
   1.889      0.089624
   1.894      0.097225
   1.899      0.104755
   1.903      0.112215
   1.908      0.119606
   1.913      0.126926
   1.918      0.134177
   1.922      0.141358
   1.927      0.148470
   1.932      0.155513
   1.936      0.162487
   1.941      0.169392
   1.946      0.176229
   1.951      0.182998
   1.955      0.189699
   1.960      0.196332
   1.965      0.202898
   1.969      0.209396
   1.974      0.215828
   1.979      0.222193
   1.983      0.228491
   1.988      0.234723
   1.993      0.240888
   1.998      0.246989
   2.002      0.253023
   2.007      0.258993
   2.012      0.264897
   2.016      0.270736
   2.021      0.276512
   2.026      0.282223
   2.030      0.287870
   2.035      0.293453
   2.040      0.298973
   2.045      0.304430
   2.049      0.309824
   2.054      0.315156
   2.059      0.320425
   2.063      0.325633
   2.068      0.330778
   2.073      0.335863
   2.077      0.340886
   2.082      0.345848
   2.087      0.350750
   2.091      0.355592
   2.096      0.360373
   2.101      0.365096
   2.106      0.369758
   2.110      0.374362
   2.115      0.378907
   2.120      0.383393
   2.124      0.387822
   2.129      0.392192
   2.134      0.396505
   2.139      0.400761
   2.143      0.404960
   2.148      0.409102
   2.153      0.413188
   2.157      0.417218
   2.162      0.421192
   2.167      0.425111
   2.171      0.428975
   2.176      0.432784
   2.181      0.436538
   2.186      0.440238
   2.190      0.443885
   2.195      0.447477
   2.200      0.451017
   2.204      0.454504
   2.209      0.457938
   2.214      0.461320
   2.218      0.464649
   2.223      0.467927
   2.228      0.471154
   2.232      0.474330
   2.237      0.477454
   2.242      0.480529
   2.247      0.483553
   2.251      0.486527
   2.256      0.489452
   2.261      0.492328
   2.265      0.495155
   2.270      0.497933
   2.275      0.500663
   2.280      0.503345
   2.284      0.505979
   2.289      0.508566
   2.294      0.511106
   2.298      0.513599
   2.303      0.516045
   2.308      0.518446
   2.312      0.520801
   2.317      0.523110
   2.322      0.525374
   2.327      0.527593
   2.331      0.529767
   2.336      0.531897
   2.341      0.533983
   2.345      0.536025
   2.350      0.538024
   2.355      0.539980
   2.359      0.541893
   2.364      0.543763
   2.369      0.545592
   2.373      0.547378
   2.378      0.549123
   2.383      0.550826
   2.388      0.552488
   2.392      0.554110
   2.397      0.555691
   2.402      0.557232
   2.406      0.558733
   2.411      0.560195
   2.416      0.561617
   2.421      0.563000
   2.425      0.564345
   2.430      0.565651
   2.435      0.566919
   2.439      0.568150
   2.444      0.569342
   2.449      0.570498
   2.453      0.571616
   2.458      0.572698
   2.463      0.573743
   2.468      0.574753
   2.472      0.575726
   2.477      0.576664
   2.482      0.577566
   2.486      0.578433
   2.491      0.579266
   2.496      0.580064
   2.500      0.580828
   2.505      0.581558
   2.510      0.582255
   2.514      0.582918
   2.519      0.583548
   2.524      0.584145
   2.529      0.584709
   2.533      0.585241
   2.538      0.585741
   2.543      0.586210
   2.547      0.586647
   2.552      0.587052
   2.557      0.587427
   2.562      0.587770
   2.566      0.588084
   2.571      0.588367
   2.576      0.588620
   2.580      0.588843
   2.585      0.589037
   2.590      0.589202
   2.594      0.589338
   2.599      0.589445
   2.604      0.589524
   2.609      0.589574
   2.613      0.589597
   2.618      0.589592
   2.623      0.589559
   2.627      0.589499
   2.632      0.589413
   2.637      0.589299
   2.641      0.589159
   2.646      0.588993
   2.651      0.588801
   2.655      0.588583
   2.660      0.588340
   2.665      0.588071
   2.670      0.587777
   2.674      0.587458
   2.679      0.587115
   2.684      0.586748
   2.688      0.586356
   2.693      0.585941
   2.698      0.585501
   2.703      0.585039
   2.707      0.584553
   2.712      0.584044
   2.717      0.583513
   2.721      0.582958
   2.726      0.582382
   2.731      0.581784
   2.735      0.581163
   2.740      0.580521
   2.745      0.579858
   2.750      0.579173
   2.754      0.578467
   2.759      0.577741
   2.764      0.576994
   2.768      0.576227
   2.773      0.575439
   2.778      0.574632
   2.782      0.573804
   2.787      0.572958
   2.792      0.572092
   2.796      0.571207
   2.801      0.570303
   2.806      0.569380
   2.811      0.568439
   2.815      0.567479
   2.820      0.566502
   2.825      0.565506
   2.829      0.564493
   2.834      0.563462
   2.839      0.562414
   2.844      0.561349
   2.848      0.560267
   2.853      0.559168
   2.858      0.558053
   2.862      0.556922
   2.867      0.555774
   2.872      0.554610
   2.876      0.553431
   2.881      0.552236
   2.886      0.551025
   2.891      0.549800
   2.895      0.548559
   2.900      0.547304
   2.905      0.546033
   2.909      0.544749
   2.914      0.543450
   2.919      0.542137
   2.923      0.540810
   2.928      0.539469
   2.933      0.538115
   2.938      0.536747
   2.942      0.535366
   2.947      0.533972
   2.952      0.532565
   2.956      0.531145
   2.961      0.529713
   2.966      0.528268
   2.970      0.526811
   2.975      0.525342
   2.980      0.523862
   2.985      0.522369
   2.989      0.520865
   2.994      0.519350
   2.999      0.517823
   3.003      0.516285
   3.008      0.514736
   3.013      0.513177
   3.017      0.511607
   3.022      0.510027
   3.027      0.508436
   3.032      0.506835
   3.036      0.505224
   3.041      0.503604
   3.046      0.501973
   3.050      0.500333
   3.055      0.498684
   3.060      0.497026
   3.064      0.495359
   3.069      0.493682
   3.074      0.491997
   3.079      0.490304
   3.083      0.488601
   3.088      0.486891
   3.093      0.485172
   3.097      0.483446
   3.102      0.481711
   3.107      0.479969
   3.111      0.478219
   3.116      0.476461
   3.121      0.474696
   3.126      0.472925
   3.130      0.471146
   3.135      0.469360
   3.140      0.467567
   3.144      0.465767
   3.149      0.463962
   3.154      0.462149
   3.158      0.460331
   3.163      0.458506
   3.168      0.456675
   3.173      0.454839
   3.177      0.452997
   3.182      0.451149
   3.187      0.449295
   3.191      0.447437
   3.196      0.445573
   3.201      0.443704
   3.205      0.441830
   3.210      0.439951
   3.215      0.438067
   3.220      0.436179
   3.224      0.434286
   3.229      0.432389
   3.234      0.430488
   3.238      0.428583
   3.243      0.426673
   3.248      0.424760
   3.252      0.422843
   3.257      0.420922
   3.262      0.418997
   3.267      0.417069
   3.271      0.415138
   3.276      0.413204
   3.281      0.411266
   3.285      0.409326
   3.290      0.407382
   3.295      0.405436
   3.299      0.403487
   3.304      0.401536
   3.309      0.399582
   3.314      0.397626
   3.318      0.395668
   3.323      0.393707
   3.328      0.391744
   3.332      0.389780
   3.337      0.387814
   3.342      0.385845
   3.346      0.383876
   3.351      0.381905
   3.356      0.379932
   3.361      0.377958
   3.365      0.375983
   3.370      0.374006
   3.375      0.372029
   3.379      0.370051
   3.384      0.368072
   3.389      0.366092
   3.393      0.364111
   3.398      0.362130
   3.403      0.360149
   3.408      0.358167
   3.412      0.356185
   3.417      0.354202
   3.422      0.352220
   3.426      0.350237
   3.431      0.348255
   3.436      0.346273
   3.440      0.344291
   3.445      0.342309
   3.450      0.340328
   3.455      0.338347
   3.459      0.336367
   3.464      0.334388
   3.469      0.332409
   3.473      0.330432
   3.478      0.328455
   3.483      0.326479
   3.487      0.324505
   3.492      0.322531
   3.497      0.320559
   3.502      0.318588
   3.506      0.316619
   3.511      0.314651
   3.516      0.312685
   3.520      0.310720
   3.525      0.308757
   3.530      0.306796
   3.534      0.304837
   3.539      0.302880
   3.544      0.300925
   3.549      0.298971
   3.553      0.297021
   3.558      0.295072
   3.563      0.293126
   3.567      0.291182
   3.572      0.289240
   3.577      0.287302
   3.581      0.285365
   3.586      0.283432
   3.591      0.281501
   3.596      0.279573
   3.600      0.277648
   3.605      0.275726
   3.610      0.273807
   3.614      0.271891
   3.619      0.269978
   3.624      0.268069
   3.628      0.266163
   3.633      0.264260
   3.638      0.262360
   3.643      0.260464
   3.647      0.258572
   3.652      0.256683
   3.657      0.254798
   3.661      0.252916
   3.666      0.251039
   3.671      0.249165
   3.675      0.247295
   3.680      0.245429
   3.685      0.243567
   3.690      0.241710
   3.694      0.239856
   3.699      0.238007
   3.704      0.236161
   3.708      0.234321
   3.713      0.232484
   3.718      0.230652
   3.722      0.228825
   3.727      0.227002
   3.732      0.225183
   3.736      0.223370
   3.741      0.221561
   3.746      0.219757
   3.751      0.217957
   3.755      0.216163
   3.760      0.214373
   3.765      0.212588
   3.769      0.210809
   3.774      0.209034
   3.779      0.207264
   3.784      0.205500
   3.788      0.203741
   3.793      0.201987
   3.798      0.200239
   3.802      0.198495
   3.807      0.196758
   3.812      0.195025
   3.816      0.193299
   3.821      0.191577
   3.826      0.189862
   3.831      0.188152
   3.835      0.186447
   3.840      0.184749
   3.845      0.183056
   3.849      0.181369
   3.854      0.179687
   3.859      0.178012
   3.863      0.176343
   3.868      0.174679
   3.873      0.173022
   3.877      0.171371
   3.882      0.169726
   3.887      0.168087
   3.892      0.166454
   3.896      0.164827
   3.901      0.163207
   3.906      0.161593
   3.910      0.159985
   3.915      0.158384
   3.920      0.156789
   3.925      0.155200
   3.929      0.153618
   3.934      0.152043
   3.939      0.150474
   3.943      0.148912
   3.948      0.147356
   3.953      0.145807
   3.957      0.144265
   3.962      0.142730
   3.967      0.141201
   3.972      0.139679
   3.976      0.138164
   3.981      0.136656
   3.986      0.135155
   3.990      0.133660
   3.995      0.132173
   4.000      0.130693
   4.004      0.129220
   4.009      0.127753
   4.014      0.126294
   4.019      0.124842
   4.023      0.123397
   4.028      0.121960
   4.033      0.120530
   4.037      0.119106
   4.042      0.117691
   4.047      0.116282
   4.051      0.114881
   4.056      0.113487
   4.061      0.112101
   4.066      0.110722
   4.070      0.109350
   4.075      0.107986
   4.080      0.106629
   4.084      0.105280
   4.089      0.103939
   4.094      0.102605
   4.098      0.101279
   4.103      0.099960
   4.108      0.098649
   4.112      0.097346
   4.117      0.096050
   4.122      0.094762
   4.127      0.093482
   4.131      0.092210
   4.136      0.090945
   4.141      0.089689
   4.145      0.088440
   4.150      0.087199
   4.155      0.085966
   4.160      0.084741
   4.164      0.083523
   4.169      0.082314
   4.174      0.081113
   4.178      0.079920
   4.183      0.078734
   4.188      0.077557
   4.192      0.076388
   4.197      0.075227
   4.202      0.074074
   4.207      0.072929
   4.211      0.071792
   4.216      0.070663
   4.221      0.069543
   4.225      0.068431
   4.230      0.067327
   4.235      0.066231
   4.239      0.065143
   4.244      0.064064
   4.249      0.062993
   4.253      0.061930
   4.258      0.060876
   4.263      0.059830
   4.268      0.058792
   4.272      0.057763
   4.277      0.056742
   4.282      0.055729
   4.286      0.054725
   4.291      0.053729
   4.296      0.052742
   4.301      0.051763
   4.305      0.050793
   4.310      0.049831
   4.315      0.048877
   4.319      0.047933
   4.324      0.046996
   4.329      0.046068
   4.333      0.045149
   4.338      0.044238
   4.343      0.043336
   4.348      0.042442
   4.352      0.041557
   4.357      0.040681
   4.362      0.039813
   4.366      0.038954
   4.371      0.038104
   4.376      0.037262
   4.380      0.036429
   4.385      0.035604
   4.390      0.034788
   4.394      0.033981
   4.399      0.033183
   4.404      0.032393
   4.409      0.031612
   4.413      0.030840
   4.418      0.030076
   4.423      0.029321
   4.427      0.028575
   4.432      0.027838
   4.437      0.027110
   4.442      0.026390
   4.446      0.025679
   4.451      0.024977
   4.456      0.024284
   4.460      0.023599
   4.465      0.022923
   4.470      0.022256
   4.474      0.021598
   4.479      0.020949
   4.484      0.020308
   4.489      0.019677
   4.493      0.019054
   4.498      0.018440
   4.503      0.017835
   4.507      0.017239
   4.512      0.016651
   4.517      0.016072
   4.521      0.015503
   4.526      0.014942
   4.531      0.014390
   4.535      0.013846
   4.540      0.013312
   4.545      0.012786
   4.550      0.012270
   4.554      0.011762
   4.559      0.011262
   4.564      0.010772
   4.568      0.010291
   4.573      0.009818
   4.578      0.009354
   4.583      0.008899
   4.587      0.008452
   4.592      0.008014
   4.597      0.007585
   4.601      0.007165
   4.606      0.006754
   4.611      0.006351
   4.615      0.005956
   4.620      0.005570
   4.625      0.005193
   4.630      0.004825
   4.634      0.004464
   4.639      0.004113
   4.644      0.003769
   4.648      0.003434
   4.653      0.003107
   4.658      0.002788
   4.662      0.002478
   4.667      0.002175
   4.672      0.001879
   4.676      0.001592
   4.681      0.001311
   4.686      0.001038
   4.691      0.000771
   4.695      0.000509
   4.700      0.000253
   4.705      0.000000
