   0.005     -2.118405
   0.009     -2.118537
   0.014     -2.118669
   0.019     -2.118889
   0.024     -2.119198
   0.028     -2.119595
   0.033     -2.120080
   0.038     -2.120654
   0.042     -2.121316
   0.047     -2.122067
   0.052     -2.122906
   0.056     -2.123834
   0.061     -2.124850
   0.066     -2.125954
   0.071     -2.127147
   0.075     -2.128428
   0.080     -2.129797
   0.085     -2.131254
   0.089     -2.132798
   0.094     -2.134431
   0.099     -2.136150
   0.103     -2.137956
   0.108     -2.139850
   0.113     -2.141829
   0.118     -2.143895
   0.122     -2.146046
   0.127     -2.148283
   0.132     -2.150604
   0.136     -2.153010
   0.141     -2.155500
   0.146     -2.158073
   0.150     -2.160729
   0.155     -2.163467
   0.160     -2.166286
   0.165     -2.169187
   0.169     -2.172168
   0.174     -2.175229
   0.179     -2.178368
   0.183     -2.181586
   0.188     -2.184880
   0.193     -2.188252
   0.197     -2.191698
   0.202     -2.195220
   0.207     -2.198815
   0.212     -2.202483
   0.216     -2.206222
   0.221     -2.210032
   0.226     -2.213912
   0.230     -2.217861
   0.235     -2.221876
   0.240     -2.225958
   0.244     -2.230105
   0.249     -2.234316
   0.254     -2.238589
   0.259     -2.242923
   0.263     -2.247317
   0.268     -2.251769
   0.273     -2.256278
   0.277     -2.260843
   0.282     -2.265461
   0.287     -2.270132
   0.291     -2.274854
   0.296     -2.279626
   0.301     -2.284444
   0.305     -2.289309
   0.310     -2.294218
   0.315     -2.299170
   0.320     -2.304162
   0.324     -2.309193
   0.329     -2.314260
   0.334     -2.319363
   0.338     -2.324499
   0.343     -2.329666
   0.348     -2.334862
   0.353     -2.340085
   0.357     -2.345333
   0.362     -2.350604
   0.367     -2.355896
   0.371     -2.361205
   0.376     -2.366531
   0.381     -2.371871
   0.385     -2.377222
   0.390     -2.382582
   0.395     -2.387949
   0.400     -2.393320
   0.404     -2.398693
   0.409     -2.404065
   0.414     -2.409433
   0.418     -2.414796
   0.423     -2.420151
   0.428     -2.425494
   0.432     -2.430823
   0.437     -2.436136
   0.442     -2.441429
   0.447     -2.446701
   0.451     -2.451947
   0.456     -2.457165
   0.461     -2.462353
   0.465     -2.467507
   0.470     -2.472625
   0.475     -2.477703
   0.479     -2.482738
   0.484     -2.487729
   0.489     -2.492670
   0.493     -2.497560
   0.498     -2.502395
   0.503     -2.507173
   0.508     -2.511890
   0.512     -2.516542
   0.517     -2.521128
   0.522     -2.525643
   0.526     -2.530085
   0.531     -2.534450
   0.536     -2.538735
   0.540     -2.542937
   0.545     -2.547053
   0.550     -2.551080
   0.555     -2.555014
   0.559     -2.558852
   0.564     -2.562591
   0.569     -2.566227
   0.573     -2.569759
   0.578     -2.573181
   0.583     -2.576492
   0.588     -2.579688
   0.592     -2.582766
   0.597     -2.585722
   0.602     -2.588554
   0.606     -2.591259
   0.611     -2.593833
   0.616     -2.596274
   0.620     -2.598578
   0.625     -2.600742
   0.630     -2.602764
   0.635     -2.604640
   0.639     -2.606368
   0.644     -2.607944
   0.649     -2.609366
   0.653     -2.610632
   0.658     -2.611738
   0.663     -2.612681
   0.667     -2.613459
   0.672     -2.614070
   0.677     -2.614511
   0.681     -2.614778
   0.686     -2.614871
   0.691     -2.614786
   0.696     -2.614521
   0.700     -2.614074
   0.705     -2.613443
   0.710     -2.612625
   0.714     -2.611618
   0.719     -2.610420
   0.724     -2.609030
   0.729     -2.607445
   0.733     -2.605664
   0.738     -2.603684
   0.743     -2.601504
   0.747     -2.599123
   0.752     -2.596539
   0.757     -2.593749
   0.761     -2.590754
   0.766     -2.587552
   0.771     -2.584141
   0.776     -2.580520
   0.780     -2.576688
   0.785     -2.572645
   0.790     -2.568388
   0.794     -2.563918
   0.799     -2.559233
   0.804     -2.554333
   0.808     -2.549217
   0.813     -2.543884
   0.818     -2.538335
   0.823     -2.532569
   0.827     -2.526585
   0.832     -2.520384
   0.837     -2.513965
   0.841     -2.507327
   0.846     -2.500472
   0.851     -2.493400
   0.855     -2.486110
   0.860     -2.478602
   0.865     -2.470878
   0.870     -2.462937
   0.874     -2.454781
   0.879     -2.446409
   0.884     -2.437823
   0.888     -2.429023
   0.893     -2.420010
   0.898     -2.410786
   0.902     -2.401350
   0.907     -2.391704
   0.912     -2.381850
   0.916     -2.371788
   0.921     -2.361521
   0.926     -2.351048
   0.931     -2.340373
   0.935     -2.329495
   0.940     -2.318418
   0.945     -2.307142
   0.949     -2.295670
   0.954     -2.284003
   0.959     -2.272143
   0.964     -2.260092
   0.968     -2.247852
   0.973     -2.235426
   0.978     -2.222815
   0.982     -2.210022
   0.987     -2.197049
   0.992     -2.183898
   0.996     -2.170572
   1.001     -2.157073
   1.006     -2.143404
   1.010     -2.129567
   1.015     -2.115565
   1.020     -2.101401
   1.025     -2.087077
   1.029     -2.072597
   1.034     -2.057962
   1.039     -2.043177
   1.043     -2.028243
   1.048     -2.013164
   1.053     -1.997944
   1.058     -1.982583
   1.062     -1.967087
   1.067     -1.951458
   1.072     -1.935700
   1.076     -1.919814
   1.081     -1.903806
   1.086     -1.887677
   1.090     -1.871431
   1.095     -1.855072
   1.100     -1.838603
   1.105     -1.822027
   1.109     -1.805347
   1.114     -1.788568
   1.119     -1.771691
   1.123     -1.754721
   1.128     -1.737662
   1.133     -1.720516
   1.137     -1.703286
   1.142     -1.685978
   1.147     -1.668593
   1.151     -1.651135
   1.156     -1.633608
   1.161     -1.616015
   1.166     -1.598360
   1.170     -1.580646
   1.175     -1.562877
   1.180     -1.545055
   1.184     -1.527185
   1.189     -1.509269
   1.194     -1.491311
   1.199     -1.473315
   1.203     -1.455284
   1.208     -1.437221
   1.213     -1.419129
   1.217     -1.401012
   1.222     -1.382873
   1.227     -1.364716
   1.231     -1.346542
   1.236     -1.328357
   1.241     -1.310162
   1.246     -1.291961
   1.250     -1.273757
   1.255     -1.255554
   1.260     -1.237353
   1.264     -1.219159
   1.269     -1.200973
   1.274     -1.182800
   1.278     -1.164642
   1.283     -1.146501
   1.288     -1.128381
   1.292     -1.110284
   1.297     -1.092213
   1.302     -1.074171
   1.307     -1.056161
   1.311     -1.038184
   1.316     -1.020244
   1.321     -1.002343
   1.325     -0.984483
   1.330     -0.966668
   1.335     -0.948898
   1.340     -0.931178
   1.344     -0.913508
   1.349     -0.895891
   1.354     -0.878330
   1.358     -0.860827
   1.363     -0.843382
   1.368     -0.826000
   1.372     -0.808681
   1.377     -0.791428
   1.382     -0.774243
   1.387     -0.757127
   1.391     -0.740082
   1.396     -0.723110
   1.401     -0.706213
   1.405     -0.689392
   1.410     -0.672650
   1.415     -0.655987
   1.419     -0.639405
   1.424     -0.622906
   1.429     -0.606491
   1.433     -0.590162
   1.438     -0.573920
   1.443     -0.557766
   1.448     -0.541702
   1.452     -0.525729
   1.457     -0.509847
   1.462     -0.494059
   1.466     -0.478365
   1.471     -0.462767
   1.476     -0.447265
   1.481     -0.431860
   1.485     -0.416554
   1.490     -0.401347
   1.495     -0.386241
   1.499     -0.371235
   1.504     -0.356332
   1.509     -0.341531
   1.513     -0.326834
   1.518     -0.312240
   1.523     -0.297752
   1.528     -0.283369
   1.532     -0.269092
   1.537     -0.254922
   1.542     -0.240859
   1.546     -0.226904
   1.551     -0.213056
   1.556     -0.199318
   1.560     -0.185688
   1.565     -0.172169
   1.570     -0.158758
   1.575     -0.145459
   1.579     -0.132269
   1.584     -0.119191
   1.589     -0.106223
   1.593     -0.093367
   1.598     -0.080622
   1.603     -0.067989
   1.607     -0.055468
   1.612     -0.043059
   1.617     -0.030761
   1.622     -0.018577
   1.626     -0.006504
   1.631      0.005456
   1.636      0.017304
   1.640      0.029040
   1.645      0.040663
   1.650      0.052174
   1.654      0.063572
   1.659      0.074858
   1.664      0.086033
   1.669      0.097095
   1.673      0.108045
   1.678      0.118883
   1.683      0.129610
   1.687      0.140225
   1.692      0.150729
   1.697      0.161122
   1.701      0.171403
   1.706      0.181575
   1.711      0.191635
   1.716      0.201586
   1.720      0.211427
   1.725      0.221158
   1.730      0.230779
   1.734      0.240292
   1.739      0.249696
   1.744      0.258991
   1.748      0.268178
   1.753      0.277258
   1.758      0.286230
   1.763      0.295096
   1.767      0.303854
   1.772      0.312507
   1.777      0.321053
   1.781      0.329494
   1.786      0.337831
   1.791      0.346062
   1.795      0.354189
   1.800      0.362213
   1.805      0.370133
   1.810      0.377951
   1.814      0.385666
   1.819      0.393279
   1.824      0.400791
   1.828      0.408202
   1.833      0.415512
   1.838      0.422723
   1.842      0.429834
   1.847      0.436846
   1.852      0.443760
   1.857      0.450575
   1.861      0.457293
   1.866      0.463915
   1.871      0.470440
   1.875      0.476869
   1.880      0.483203
   1.885      0.489442
   1.889      0.495587
   1.894      0.501638
   1.899      0.507596
   1.903      0.513462
   1.908      0.519235
   1.913      0.524918
   1.918      0.530509
   1.922      0.536010
   1.927      0.541421
   1.932      0.546743
   1.936      0.551977
   1.941      0.557122
   1.946      0.562180
   1.951      0.567152
   1.955      0.572037
   1.960      0.576836
   1.965      0.581550
   1.969      0.586179
   1.974      0.590725
   1.979      0.595187
   1.983      0.599567
   1.988      0.603864
   1.993      0.608080
   1.998      0.612215
   2.002      0.616269
   2.007      0.620244
   2.012      0.624139
   2.016      0.627956
   2.021      0.631694
   2.026      0.635355
   2.030      0.638940
   2.035      0.642448
   2.040      0.645880
   2.045      0.649237
   2.049      0.652520
   2.054      0.655729
   2.059      0.658864
   2.063      0.661927
   2.068      0.664917
   2.073      0.667836
   2.077      0.670684
   2.082      0.673462
   2.087      0.676170
   2.091      0.678808
   2.096      0.681378
   2.101      0.683880
   2.106      0.686314
   2.110      0.688681
   2.115      0.690982
   2.120      0.693217
   2.124      0.695387
   2.129      0.697492
   2.134      0.699533
   2.139      0.701511
   2.143      0.703426
   2.148      0.705278
   2.153      0.707069
   2.157      0.708798
   2.162      0.710466
   2.167      0.712075
   2.171      0.713624
   2.176      0.715113
   2.181      0.716545
   2.186      0.717918
   2.190      0.719234
   2.195      0.720493
   2.200      0.721696
   2.204      0.722843
   2.209      0.723934
   2.214      0.724971
   2.218      0.725954
   2.223      0.726883
   2.228      0.727759
   2.232      0.728583
   2.237      0.729354
   2.242      0.730074
   2.247      0.730743
   2.251      0.731361
   2.256      0.731929
   2.261      0.732448
   2.265      0.732918
   2.270      0.733339
   2.275      0.733712
   2.280      0.734038
   2.284      0.734317
   2.289      0.734549
   2.294      0.734735
   2.298      0.734876
   2.303      0.734971
   2.308      0.735022
   2.312      0.735030
   2.317      0.734993
   2.322      0.734913
   2.327      0.734791
   2.331      0.734627
   2.336      0.734420
   2.341      0.734173
   2.345      0.733885
   2.350      0.733556
   2.355      0.733188
   2.359      0.732780
   2.364      0.732333
   2.369      0.731848
   2.373      0.731325
   2.378      0.730764
   2.383      0.730165
   2.388      0.729531
   2.392      0.728859
   2.397      0.728152
   2.402      0.727410
   2.406      0.726632
   2.411      0.725820
   2.416      0.724974
   2.421      0.724093
   2.425      0.723180
   2.430      0.722234
   2.435      0.721255
   2.439      0.720244
   2.444      0.719201
   2.449      0.718127
   2.453      0.717022
   2.458      0.715886
   2.463      0.714720
   2.468      0.713525
   2.472      0.712300
   2.477      0.711047
   2.482      0.709764
   2.486      0.708454
   2.491      0.707115
   2.496      0.705750
   2.500      0.704357
   2.505      0.702937
   2.510      0.701491
   2.514      0.700020
   2.519      0.698522
   2.524      0.696999
   2.529      0.695452
   2.533      0.693879
   2.538      0.692283
   2.543      0.690663
   2.547      0.689019
   2.552      0.687352
   2.557      0.685662
   2.562      0.683950
   2.566      0.682216
   2.571      0.680460
   2.576      0.678682
   2.580      0.676883
   2.585      0.675063
   2.590      0.673223
   2.594      0.671363
   2.599      0.669483
   2.604      0.667583
   2.609      0.665664
   2.613      0.663726
   2.618      0.661769
   2.623      0.659794
   2.627      0.657801
   2.632      0.655790
   2.637      0.653762
   2.641      0.651717
   2.646      0.649655
   2.651      0.647576
   2.655      0.645481
   2.660      0.643370
   2.665      0.641244
   2.670      0.639102
   2.674      0.636945
   2.679      0.634773
   2.684      0.632587
   2.688      0.630386
   2.693      0.628171
   2.698      0.625942
   2.703      0.623700
   2.707      0.621445
   2.712      0.619177
   2.717      0.616896
   2.721      0.614602
   2.726      0.612297
   2.731      0.609979
   2.735      0.607650
   2.740      0.605309
   2.745      0.602957
   2.750      0.600594
   2.754      0.598221
   2.759      0.595837
   2.764      0.593442
   2.768      0.591038
   2.773      0.588624
   2.778      0.586200
   2.782      0.583767
   2.787      0.581325
   2.792      0.578875
   2.796      0.576415
   2.801      0.573947
   2.806      0.571471
   2.811      0.568987
   2.815      0.566495
   2.820      0.563996
   2.825      0.561489
   2.829      0.558975
   2.834      0.556455
   2.839      0.553927
   2.844      0.551393
   2.848      0.548853
   2.853      0.546307
   2.858      0.543755
   2.862      0.541197
   2.867      0.538633
   2.872      0.536065
   2.876      0.533491
   2.881      0.530912
   2.886      0.528329
   2.891      0.525741
   2.895      0.523148
   2.900      0.520551
   2.905      0.517951
   2.909      0.515346
   2.914      0.512738
   2.919      0.510127
   2.923      0.507512
   2.928      0.504894
   2.933      0.502273
   2.938      0.499649
   2.942      0.497023
   2.947      0.494394
   2.952      0.491763
   2.956      0.489130
   2.961      0.486495
   2.966      0.483858
   2.970      0.481219
   2.975      0.478579
   2.980      0.475938
   2.985      0.473295
   2.989      0.470651
   2.994      0.468007
   2.999      0.465362
   3.003      0.462716
   3.008      0.460070
   3.013      0.457423
   3.017      0.454777
   3.022      0.452130
   3.027      0.449484
   3.032      0.446838
   3.036      0.444192
   3.041      0.441547
   3.046      0.438902
   3.050      0.436259
   3.055      0.433616
   3.060      0.430974
   3.064      0.428334
   3.069      0.425695
   3.074      0.423057
   3.079      0.420421
   3.083      0.417787
   3.088      0.415155
   3.093      0.412525
   3.097      0.409896
   3.102      0.407270
   3.107      0.404647
   3.111      0.402025
   3.116      0.399407
   3.121      0.396791
   3.126      0.394177
   3.130      0.391567
   3.135      0.388960
   3.140      0.386356
   3.144      0.383755
   3.149      0.381157
   3.154      0.378563
   3.158      0.375973
   3.163      0.373386
   3.168      0.370803
   3.173      0.368223
   3.177      0.365648
   3.182      0.363077
   3.187      0.360510
   3.191      0.357947
   3.196      0.355389
   3.201      0.352835
   3.205      0.350285
   3.210      0.347741
   3.215      0.345201
   3.220      0.342665
   3.224      0.340135
   3.229      0.337610
   3.234      0.335090
   3.238      0.332575
   3.243      0.330065
   3.248      0.327561
   3.252      0.325062
   3.257      0.322568
   3.262      0.320081
   3.267      0.317599
   3.271      0.315122
   3.276      0.312652
   3.281      0.310187
   3.285      0.307729
   3.290      0.305276
   3.295      0.302830
   3.299      0.300390
   3.304      0.297956
   3.309      0.295529
   3.314      0.293108
   3.318      0.290694
   3.323      0.288286
   3.328      0.285885
   3.332      0.283491
   3.337      0.281103
   3.342      0.278722
   3.346      0.276349
   3.351      0.273982
   3.356      0.271622
   3.361      0.269270
   3.365      0.266925
   3.370      0.264587
   3.375      0.262256
   3.379      0.259933
   3.384      0.257617
   3.389      0.255308
   3.393      0.253007
   3.398      0.250714
   3.403      0.248429
   3.408      0.246151
   3.412      0.243881
   3.417      0.241619
   3.422      0.239365
   3.426      0.237119
   3.431      0.234881
   3.436      0.232650
   3.440      0.230428
   3.445      0.228215
   3.450      0.226009
   3.455      0.223812
   3.459      0.221623
   3.464      0.219442
   3.469      0.217270
   3.473      0.215106
   3.478      0.212951
   3.483      0.210804
   3.487      0.208666
   3.492      0.206537
   3.497      0.204416
   3.502      0.202304
   3.506      0.200201
   3.511      0.198106
   3.516      0.196021
   3.520      0.193944
   3.525      0.191877
   3.530      0.189818
   3.534      0.187769
   3.539      0.185728
   3.544      0.183697
   3.549      0.181674
   3.553      0.179661
   3.558      0.177658
   3.563      0.175663
   3.567      0.173678
   3.572      0.171702
   3.577      0.169735
   3.581      0.167778
   3.586      0.165830
   3.591      0.163892
   3.596      0.161963
   3.600      0.160044
   3.605      0.158134
   3.610      0.156234
   3.614      0.154344
   3.619      0.152463
   3.624      0.150592
   3.628      0.148731
   3.633      0.146879
   3.638      0.145038
   3.643      0.143206
   3.647      0.141384
   3.652      0.139571
   3.657      0.137769
   3.661      0.135977
   3.666      0.134194
   3.671      0.132422
   3.675      0.130659
   3.680      0.128907
   3.685      0.127164
   3.690      0.125432
   3.694      0.123710
   3.699      0.121998
   3.704      0.120296
   3.708      0.118604
   3.713      0.116922
   3.718      0.115251
   3.722      0.113590
   3.727      0.111939
   3.732      0.110299
   3.736      0.108668
   3.741      0.107048
   3.746      0.105439
   3.751      0.103839
   3.755      0.102251
   3.760      0.100672
   3.765      0.099104
   3.769      0.097546
   3.774      0.095999
   3.779      0.094463
   3.784      0.092936
   3.788      0.091421
   3.793      0.089915
   3.798      0.088421
   3.802      0.086937
   3.807      0.085463
   3.812      0.084000
   3.816      0.082548
   3.821      0.081106
   3.826      0.079675
   3.831      0.078255
   3.835      0.076845
   3.840      0.075446
   3.845      0.074057
   3.849      0.072680
   3.854      0.071313
   3.859      0.069956
   3.863      0.068611
   3.868      0.067276
   3.873      0.065952
   3.877      0.064638
   3.882      0.063336
   3.887      0.062044
   3.892      0.060763
   3.896      0.059493
   3.901      0.058234
   3.906      0.056985
   3.910      0.055747
   3.915      0.054520
   3.920      0.053304
   3.925      0.052099
   3.929      0.050905
   3.934      0.049721
   3.939      0.048549
   3.943      0.047387
   3.948      0.046236
   3.953      0.045096
   3.957      0.043967
   3.962      0.042849
   3.967      0.041742
   3.972      0.040645
   3.976      0.039560
   3.981      0.038485
   3.986      0.037421
   3.990      0.036369
   3.995      0.035327
   4.000      0.034296
   4.004      0.033276
   4.009      0.032266
   4.014      0.031268
   4.019      0.030281
   4.023      0.029304
   4.028      0.028339
   4.033      0.027384
   4.037      0.026440
   4.042      0.025507
   4.047      0.024585
   4.051      0.023674
   4.056      0.022773
   4.061      0.021884
   4.066      0.021005
   4.070      0.020137
   4.075      0.019280
   4.080      0.018433
   4.084      0.017597
   4.089      0.016772
   4.094      0.015958
   4.098      0.015154
   4.103      0.014361
   4.108      0.013579
   4.112      0.012807
   4.117      0.012045
   4.122      0.011294
   4.127      0.010553
   4.131      0.009823
   4.136      0.009103
   4.141      0.008393
   4.145      0.007693
   4.150      0.007003
   4.155      0.006323
   4.160      0.005652
   4.164      0.004991
   4.169      0.004340
   4.174      0.003697
   4.178      0.003063
   4.183      0.002437
   4.188      0.001818
   4.192      0.001207
   4.197      0.000601
   4.202      0.000000
