   0.005      0.717939
   0.009      0.718039
   0.014      0.718140
   0.019      0.718307
   0.024      0.718541
   0.028      0.718842
   0.033      0.719210
   0.038      0.719644
   0.042      0.720146
   0.047      0.720716
   0.052      0.721352
   0.056      0.722055
   0.061      0.722826
   0.066      0.723665
   0.071      0.724571
   0.075      0.725544
   0.080      0.726585
   0.085      0.727694
   0.089      0.728870
   0.094      0.730115
   0.099      0.731427
   0.103      0.732808
   0.108      0.734256
   0.113      0.735773
   0.118      0.737359
   0.122      0.739012
   0.127      0.740734
   0.132      0.742525
   0.136      0.744385
   0.141      0.746313
   0.146      0.748310
   0.150      0.750376
   0.155      0.752511
   0.160      0.754715
   0.165      0.756988
   0.169      0.759331
   0.174      0.761743
   0.179      0.764224
   0.183      0.766775
   0.188      0.769395
   0.193      0.772085
   0.197      0.774844
   0.202      0.777673
   0.207      0.780573
   0.212      0.783541
   0.216      0.786580
   0.221      0.789689
   0.226      0.792867
   0.230      0.796116
   0.235      0.799434
   0.240      0.802823
   0.244      0.806282
   0.249      0.809810
   0.254      0.813409
   0.259      0.817078
   0.263      0.820816
   0.268      0.824625
   0.273      0.828504
   0.277      0.832452
   0.282      0.836470
   0.287      0.840558
   0.291      0.844716
   0.296      0.848944
   0.301      0.853241
   0.305      0.857607
   0.310      0.862043
   0.315      0.866548
   0.320      0.871121
   0.324      0.875764
   0.329      0.880476
   0.334      0.885256
   0.338      0.890104
   0.343      0.895020
   0.348      0.900004
   0.353      0.905056
   0.357      0.910175
   0.362      0.915362
   0.367      0.920615
   0.371      0.925934
   0.376      0.931320
   0.381      0.936771
   0.385      0.942288
   0.390      0.947869
   0.395      0.953515
   0.400      0.959225
   0.404      0.964999
   0.409      0.970836
   0.414      0.976735
   0.418      0.982697
   0.423      0.988720
   0.428      0.994804
   0.432      1.000948
   0.437      1.007152
   0.442      1.013415
   0.447      1.019736
   0.451      1.026115
   0.456      1.032551
   0.461      1.039043
   0.465      1.045590
   0.470      1.052191
   0.475      1.058846
   0.479      1.065553
   0.484      1.072313
   0.489      1.079123
   0.493      1.085983
   0.498      1.092891
   0.503      1.099847
   0.508      1.106850
   0.512      1.113899
   0.517      1.120992
   0.522      1.128128
   0.526      1.135306
   0.531      1.142525
   0.536      1.149783
   0.540      1.157080
   0.545      1.164413
   0.550      1.171782
   0.555      1.179185
   0.559      1.186621
   0.564      1.194088
   0.569      1.201584
   0.573      1.209109
   0.578      1.216661
   0.583      1.224237
   0.588      1.231837
   0.592      1.239459
   0.597      1.247100
   0.602      1.254760
   0.606      1.262437
   0.611      1.270129
   0.616      1.277834
   0.620      1.285550
   0.625      1.293275
   0.630      1.301009
   0.635      1.308747
   0.639      1.316490
   0.644      1.324234
   0.649      1.331979
   0.653      1.339721
   0.658      1.347459
   0.663      1.355191
   0.667      1.362914
   0.672      1.370628
   0.677      1.378328
   0.681      1.386015
   0.686      1.393685
   0.691      1.401336
   0.696      1.408967
   0.700      1.416574
   0.705      1.424156
   0.710      1.431711
   0.714      1.439237
   0.719      1.446731
   0.724      1.454191
   0.729      1.461615
   0.733      1.469000
   0.738      1.476346
   0.743      1.483648
   0.747      1.490906
   0.752      1.498117
   0.757      1.505279
   0.761      1.512389
   0.766      1.519446
   0.771      1.526447
   0.776      1.533390
   0.780      1.540274
   0.785      1.547095
   0.790      1.553852
   0.794      1.560543
   0.799      1.567166
   0.804      1.573718
   0.808      1.580198
   0.813      1.586604
   0.818      1.592933
   0.823      1.599183
   0.827      1.605354
   0.832      1.611442
   0.837      1.617447
   0.841      1.623365
   0.846      1.629196
   0.851      1.634937
   0.855      1.640588
   0.860      1.646145
   0.865      1.651608
   0.870      1.656975
   0.874      1.662244
   0.879      1.667414
   0.884      1.672483
   0.888      1.677450
   0.893      1.682314
   0.898      1.687072
   0.902      1.691724
   0.907      1.696269
   0.912      1.700705
   0.916      1.705031
   0.921      1.709247
   0.926      1.713350
   0.931      1.717340
   0.935      1.721216
   0.940      1.724977
   0.945      1.728622
   0.949      1.732151
   0.954      1.735562
   0.959      1.738856
   0.964      1.742031
   0.968      1.745086
   0.973      1.748022
   0.978      1.750837
   0.982      1.753532
   0.987      1.756105
   0.992      1.758558
   0.996      1.760889
   1.001      1.763098
   1.006      1.765185
   1.010      1.767149
   1.015      1.768992
   1.020      1.770713
   1.025      1.772312
   1.029      1.773789
   1.034      1.775144
   1.039      1.776378
   1.043      1.777490
   1.048      1.778482
   1.053      1.779353
   1.058      1.780104
   1.062      1.780736
   1.067      1.781248
   1.072      1.781642
   1.076      1.781917
   1.081      1.782076
   1.086      1.782117
   1.090      1.782043
   1.095      1.781854
   1.100      1.781550
   1.105      1.781132
   1.109      1.780602
   1.114      1.779961
   1.119      1.779208
   1.123      1.778346
   1.128      1.777375
   1.133      1.776296
   1.137      1.775111
   1.142      1.773820
   1.147      1.772424
   1.151      1.770925
   1.156      1.769324
   1.161      1.767622
   1.166      1.765821
   1.170      1.763921
   1.175      1.761923
   1.180      1.759830
   1.184      1.757642
   1.189      1.755361
   1.194      1.752987
   1.199      1.750523
   1.203      1.747970
   1.208      1.745328
   1.213      1.742600
   1.217      1.739786
   1.222      1.736889
   1.227      1.733909
   1.231      1.730848
   1.236      1.727707
   1.241      1.724488
   1.246      1.721192
   1.250      1.717821
   1.255      1.714375
   1.260      1.710856
   1.264      1.707267
   1.269      1.703607
   1.274      1.699878
   1.278      1.696083
   1.283      1.692221
   1.288      1.688295
   1.292      1.684306
   1.297      1.680256
   1.302      1.676145
   1.307      1.671975
   1.311      1.667747
   1.316      1.663463
   1.321      1.659124
   1.325      1.654731
   1.330      1.650286
   1.335      1.645790
   1.340      1.641243
   1.344      1.636649
   1.349      1.632006
   1.354      1.627318
   1.358      1.622585
   1.363      1.617808
   1.368      1.612989
   1.372      1.608128
   1.377      1.603228
   1.382      1.598288
   1.387      1.593310
   1.391      1.588296
   1.396      1.583246
   1.401      1.578162
   1.405      1.573044
   1.410      1.567894
   1.415      1.562713
   1.419      1.557501
   1.424      1.552260
   1.429      1.546991
   1.433      1.541695
   1.438      1.536373
   1.443      1.531025
   1.448      1.525653
   1.452      1.520257
   1.457      1.514839
   1.462      1.509400
   1.466      1.503940
   1.471      1.498460
   1.476      1.492961
   1.481      1.487444
   1.485      1.481909
   1.490      1.476359
   1.495      1.470792
   1.499      1.465211
   1.504      1.459616
   1.509      1.454007
   1.513      1.448386
   1.518      1.442753
   1.523      1.437109
   1.528      1.431455
   1.532      1.425790
   1.537      1.420117
   1.542      1.414436
   1.546      1.408747
   1.551      1.403050
   1.556      1.397348
   1.560      1.391639
   1.565      1.385926
   1.570      1.380208
   1.575      1.374485
   1.579      1.368760
   1.584      1.363031
   1.589      1.357301
   1.593      1.351568
   1.598      1.345835
   1.603      1.340100
   1.607      1.334366
   1.612      1.328632
   1.617      1.322898
   1.622      1.317166
   1.626      1.311435
   1.631      1.305707
   1.636      1.299982
   1.640      1.294259
   1.645      1.288540
   1.650      1.282825
   1.654      1.277115
   1.659      1.271409
   1.664      1.265708
   1.669      1.260013
   1.673      1.254324
   1.678      1.248641
   1.683      1.242965
   1.687      1.237296
   1.692      1.231634
   1.697      1.225980
   1.701      1.220334
   1.706      1.214696
   1.711      1.209067
   1.716      1.203447
   1.720      1.197837
   1.725      1.192236
   1.730      1.186644
   1.734      1.181063
   1.739      1.175493
   1.744      1.169933
   1.748      1.164384
   1.753      1.158846
   1.758      1.153319
   1.763      1.147805
   1.767      1.142302
   1.772      1.136812
   1.777      1.131333
   1.781      1.125868
   1.786      1.120415
   1.791      1.114975
   1.795      1.109549
   1.800      1.104136
   1.805      1.098737
   1.810      1.093351
   1.814      1.087979
   1.819      1.082622
   1.824      1.077279
   1.828      1.071950
   1.833      1.066636
   1.838      1.061337
   1.842      1.056053
   1.847      1.050784
   1.852      1.045530
   1.857      1.040292
   1.861      1.035069
   1.866      1.029862
   1.871      1.024671
   1.875      1.019495
   1.880      1.014336
   1.885      1.009193
   1.889      1.004066
   1.894      0.998955
   1.899      0.993861
   1.903      0.988783
   1.908      0.983722
   1.913      0.978678
   1.918      0.973651
   1.922      0.968641
   1.927      0.963647
   1.932      0.958671
   1.936      0.953712
   1.941      0.948770
   1.946      0.943845
   1.951      0.938938
   1.955      0.934049
   1.960      0.929176
   1.965      0.924322
   1.969      0.919485
   1.974      0.914665
   1.979      0.909864
   1.983      0.905080
   1.988      0.900314
   1.993      0.895566
   1.998      0.890835
   2.002      0.886123
   2.007      0.881429
   2.012      0.876752
   2.016      0.872094
   2.021      0.867453
   2.026      0.862831
   2.030      0.858227
   2.035      0.853641
   2.040      0.849073
   2.045      0.844523
   2.049      0.839992
   2.054      0.835479
   2.059      0.830983
   2.063      0.826506
   2.068      0.822048
   2.073      0.817607
   2.077      0.813185
   2.082      0.808781
   2.087      0.804395
   2.091      0.800027
   2.096      0.795678
   2.101      0.791347
   2.106      0.787034
   2.110      0.782739
   2.115      0.778462
   2.120      0.774204
   2.124      0.769963
   2.129      0.765741
   2.134      0.761537
   2.139      0.757351
   2.143      0.753183
   2.148      0.749034
   2.153      0.744902
   2.157      0.740788
   2.162      0.736693
   2.167      0.732615
   2.171      0.728556
   2.176      0.724514
   2.181      0.720491
   2.186      0.716485
   2.190      0.712497
   2.195      0.708527
   2.200      0.704575
   2.204      0.700641
   2.209      0.696724
   2.214      0.692825
   2.218      0.688944
   2.223      0.685080
   2.228      0.681234
   2.232      0.677406
   2.237      0.673595
   2.242      0.669802
   2.247      0.666026
   2.251      0.662267
   2.256      0.658526
   2.261      0.654802
   2.265      0.651096
   2.270      0.647407
   2.275      0.643735
   2.280      0.640080
   2.284      0.636442
   2.289      0.632822
   2.294      0.629218
   2.298      0.625631
   2.303      0.622062
   2.308      0.618509
   2.312      0.614973
   2.317      0.611454
   2.322      0.607951
   2.327      0.604465
   2.331      0.600996
   2.336      0.597544
   2.341      0.594108
   2.345      0.590688
   2.350      0.587285
   2.355      0.583898
   2.359      0.580528
   2.364      0.577174
   2.369      0.573836
   2.373      0.570514
   2.378      0.567209
   2.383      0.563919
   2.388      0.560646
   2.392      0.557388
   2.397      0.554147
   2.402      0.550921
   2.406      0.547711
   2.411      0.544516
   2.416      0.541338
   2.421      0.538175
   2.425      0.535027
   2.430      0.531895
   2.435      0.528778
   2.439      0.525677
   2.444      0.522591
   2.449      0.519521
   2.453      0.516466
   2.458      0.513425
   2.463      0.510400
   2.468      0.507390
   2.472      0.504395
   2.477      0.501415
   2.482      0.498449
   2.486      0.495499
   2.491      0.492563
   2.496      0.489642
   2.500      0.486735
   2.505      0.483843
   2.510      0.480966
   2.514      0.478103
   2.519      0.475254
   2.524      0.472420
   2.529      0.469600
   2.533      0.466794
   2.538      0.464003
   2.543      0.461225
   2.547      0.458461
   2.552      0.455712
   2.557      0.452976
   2.562      0.450254
   2.566      0.447546
   2.571      0.444852
   2.576      0.442171
   2.580      0.439504
   2.585      0.436851
   2.590      0.434210
   2.594      0.431584
   2.599      0.428971
   2.604      0.426371
   2.609      0.423784
   2.613      0.421210
   2.618      0.418650
   2.623      0.416103
   2.627      0.413568
   2.632      0.411047
   2.637      0.408539
   2.641      0.406043
   2.646      0.403560
   2.651      0.401090
   2.655      0.398632
   2.660      0.396187
   2.665      0.393755
   2.670      0.391335
   2.674      0.388928
   2.679      0.386533
   2.684      0.384150
   2.688      0.381779
   2.693      0.379421
   2.698      0.377074
   2.703      0.374740
   2.707      0.372418
   2.712      0.370108
   2.717      0.367809
   2.721      0.365523
   2.726      0.363248
   2.731      0.360985
   2.735      0.358734
   2.740      0.356494
   2.745      0.354266
   2.750      0.352049
   2.754      0.349844
   2.759      0.347650
   2.764      0.345467
   2.768      0.343296
   2.773      0.341136
   2.778      0.338987
   2.782      0.336849
   2.787      0.334722
   2.792      0.332607
   2.796      0.330502
   2.801      0.328408
   2.806      0.326325
   2.811      0.324252
   2.815      0.322190
   2.820      0.320139
   2.825      0.318099
   2.829      0.316069
   2.834      0.314050
   2.839      0.312041
   2.844      0.310042
   2.848      0.308054
   2.853      0.306076
   2.858      0.304108
   2.862      0.302151
   2.867      0.300203
   2.872      0.298266
   2.876      0.296339
   2.881      0.294421
   2.886      0.292514
   2.891      0.290616
   2.895      0.288728
   2.900      0.286850
   2.905      0.284982
   2.909      0.283123
   2.914      0.281274
   2.919      0.279435
   2.923      0.277605
   2.928      0.275784
   2.933      0.273973
   2.938      0.272171
   2.942      0.270379
   2.947      0.268595
   2.952      0.266821
   2.956      0.265056
   2.961      0.263300
   2.966      0.261554
   2.970      0.259816
   2.975      0.258087
   2.980      0.256367
   2.985      0.254656
   2.989      0.252954
   2.994      0.251260
   2.999      0.249576
   3.003      0.247899
   3.008      0.246232
   3.013      0.244573
   3.017      0.242923
   3.022      0.241281
   3.027      0.239647
   3.032      0.238022
   3.036      0.236405
   3.041      0.234797
   3.046      0.233196
   3.050      0.231604
   3.055      0.230020
   3.060      0.228445
   3.064      0.226877
   3.069      0.225317
   3.074      0.223765
   3.079      0.222221
   3.083      0.220686
   3.088      0.219157
   3.093      0.217637
   3.097      0.216125
   3.102      0.214620
   3.107      0.213122
   3.111      0.211633
   3.116      0.210151
   3.121      0.208676
   3.126      0.207209
   3.130      0.205750
   3.135      0.204298
   3.140      0.202853
   3.144      0.201415
   3.149      0.199985
   3.154      0.198562
   3.158      0.197147
   3.163      0.195738
   3.168      0.194337
   3.173      0.192942
   3.177      0.191555
   3.182      0.190174
   3.187      0.188801
   3.191      0.187434
   3.196      0.186075
   3.201      0.184722
   3.205      0.183376
   3.210      0.182036
   3.215      0.180704
   3.220      0.179378
   3.224      0.178059
   3.229      0.176746
   3.234      0.175440
   3.238      0.174140
   3.243      0.172847
   3.248      0.171560
   3.252      0.170280
   3.257      0.169006
   3.262      0.167738
   3.267      0.166477
   3.271      0.165222
   3.276      0.163973
   3.281      0.162730
   3.285      0.161493
   3.290      0.160263
   3.295      0.159038
   3.299      0.157820
   3.304      0.156608
   3.309      0.155401
   3.314      0.154201
   3.318      0.153006
   3.323      0.151817
   3.328      0.150634
   3.332      0.149457
   3.337      0.148285
   3.342      0.147120
   3.346      0.145959
   3.351      0.144805
   3.356      0.143656
   3.361      0.142513
   3.365      0.141375
   3.370      0.140243
   3.375      0.139116
   3.379      0.137994
   3.384      0.136878
   3.389      0.135768
   3.393      0.134663
   3.398      0.133563
   3.403      0.132468
   3.408      0.131378
   3.412      0.130294
   3.417      0.129215
   3.422      0.128141
   3.426      0.127072
   3.431      0.126008
   3.436      0.124949
   3.440      0.123895
   3.445      0.122847
   3.450      0.121803
   3.455      0.120764
   3.459      0.119730
   3.464      0.118701
   3.469      0.117676
   3.473      0.116656
   3.478      0.115642
   3.483      0.114631
   3.487      0.113626
   3.492      0.112625
   3.497      0.111629
   3.502      0.110638
   3.506      0.109651
   3.511      0.108668
   3.516      0.107690
   3.520      0.106717
   3.525      0.105748
   3.530      0.104783
   3.534      0.103823
   3.539      0.102867
   3.544      0.101916
   3.549      0.100969
   3.553      0.100026
   3.558      0.099087
   3.563      0.098153
   3.567      0.097223
   3.572      0.096297
   3.577      0.095375
   3.581      0.094457
   3.586      0.093544
   3.591      0.092634
   3.596      0.091729
   3.600      0.090827
   3.605      0.089930
   3.610      0.089036
   3.614      0.088146
   3.619      0.087261
   3.624      0.086379
   3.628      0.085501
   3.633      0.084626
   3.638      0.083756
   3.643      0.082889
   3.647      0.082026
   3.652      0.081167
   3.657      0.080312
   3.661      0.079460
   3.666      0.078612
   3.671      0.077767
   3.675      0.076926
   3.680      0.076088
   3.685      0.075254
   3.690      0.074424
   3.694      0.073597
   3.699      0.072774
   3.704      0.071954
   3.708      0.071137
   3.713      0.070324
   3.718      0.069514
   3.722      0.068707
   3.727      0.067904
   3.732      0.067104
   3.736      0.066307
   3.741      0.065514
   3.746      0.064724
   3.751      0.063937
   3.755      0.063153
   3.760      0.062372
   3.765      0.061595
   3.769      0.060820
   3.774      0.060049
   3.779      0.059281
   3.784      0.058515
   3.788      0.057753
   3.793      0.056994
   3.798      0.056237
   3.802      0.055484
   3.807      0.054733
   3.812      0.053986
   3.816      0.053241
   3.821      0.052499
   3.826      0.051760
   3.831      0.051024
   3.835      0.050291
   3.840      0.049560
   3.845      0.048832
   3.849      0.048107
   3.854      0.047384
   3.859      0.046664
   3.863      0.045947
   3.868      0.045233
   3.873      0.044521
   3.877      0.043811
   3.882      0.043105
   3.887      0.042400
   3.892      0.041699
   3.896      0.041000
   3.901      0.040303
   3.906      0.039609
   3.910      0.038917
   3.915      0.038228
   3.920      0.037541
   3.925      0.036856
   3.929      0.036174
   3.934      0.035494
   3.939      0.034817
   3.943      0.034141
   3.948      0.033468
   3.953      0.032798
   3.957      0.032129
   3.962      0.031463
   3.967      0.030799
   3.972      0.030137
   3.976      0.029478
   3.981      0.028820
   3.986      0.028165
   3.990      0.027512
   3.995      0.026861
   4.000      0.026212
   4.004      0.025565
   4.009      0.024920
   4.014      0.024277
   4.019      0.023636
   4.023      0.022997
   4.028      0.022360
   4.033      0.021724
   4.037      0.021091
   4.042      0.020460
   4.047      0.019831
   4.051      0.019203
   4.056      0.018577
   4.061      0.017954
   4.066      0.017331
   4.070      0.016711
   4.075      0.016093
   4.080      0.015476
   4.084      0.014861
   4.089      0.014248
   4.094      0.013636
   4.098      0.013026
   4.103      0.012418
   4.108      0.011812
   4.112      0.011207
   4.117      0.010603
   4.122      0.010002
   4.127      0.009401
   4.131      0.008803
   4.136      0.008206
   4.141      0.007610
   4.145      0.007016
   4.150      0.006424
   4.155      0.005833
   4.160      0.005243
   4.164      0.004655
   4.169      0.004068
   4.174      0.003483
   4.178      0.002899
   4.183      0.002317
   4.188      0.001736
   4.192      0.001156
   4.197      0.000577
   4.202      0.000000
