   0.006     -0.001168
   0.011      0.000584
   0.017      0.002337
   0.022      0.005257
   0.028      0.009341
   0.034      0.014589
   0.039      0.020994
   0.045      0.028554
   0.050      0.037263
   0.056      0.047115
   0.062      0.058103
   0.067      0.070220
   0.073      0.083458
   0.078      0.097806
   0.084      0.113256
   0.090      0.129796
   0.095      0.147416
   0.101      0.166103
   0.106      0.185844
   0.112      0.206627
   0.118      0.228435
   0.123      0.251255
   0.129      0.275070
   0.134      0.299865
   0.140      0.325622
   0.146      0.352324
   0.151      0.379952
   0.157      0.408487
   0.162      0.437909
   0.168      0.468199
   0.174      0.499335
   0.179      0.531296
   0.185      0.564060
   0.190      0.597605
   0.196      0.631907
   0.202      0.666943
   0.207      0.702688
   0.213      0.739119
   0.218      0.776211
   0.224      0.813937
   0.230      0.852272
   0.235      0.891190
   0.241      0.930664
   0.246      0.970667
   0.252      1.011172
   0.258      1.052151
   0.263      1.093576
   0.269      1.135419
   0.274      1.177652
   0.280      1.220245
   0.286      1.263170
   0.291      1.306398
   0.297      1.349899
   0.302      1.393645
   0.308      1.437605
   0.314      1.481750
   0.319      1.526051
   0.325      1.570477
   0.330      1.614999
   0.336      1.659588
   0.342      1.704213
   0.347      1.748845
   0.353      1.793455
   0.358      1.838013
   0.364      1.882490
   0.370      1.926857
   0.375      1.971085
   0.381      2.015145
   0.386      2.059009
   0.392      2.102648
   0.398      2.146035
   0.403      2.189142
   0.409      2.231941
   0.414      2.274407
   0.420      2.316511
   0.426      2.358228
   0.431      2.399533
   0.437      2.440400
   0.442      2.480803
   0.448      2.520720
   0.454      2.560125
   0.459      2.598995
   0.465      2.637308
   0.470      2.675042
   0.476      2.712174
   0.482      2.748684
   0.487      2.784551
   0.493      2.819756
   0.498      2.854278
   0.504      2.888100
   0.510      2.921204
   0.515      2.953573
   0.521      2.985189
   0.526      3.016038
   0.532      3.046104
   0.538      3.075372
   0.543      3.103830
   0.549      3.131464
   0.554      3.158262
   0.560      3.184213
   0.566      3.209306
   0.571      3.233531
   0.577      3.256880
   0.582      3.279343
   0.588      3.300914
   0.594      3.321585
   0.599      3.341351
   0.605      3.360206
   0.610      3.378146
   0.616      3.395167
   0.622      3.411267
   0.627      3.426442
   0.633      3.440691
   0.638      3.454015
   0.644      3.466412
   0.650      3.477884
   0.655      3.488432
   0.661      3.498058
   0.666      3.506765
   0.672      3.514557
   0.678      3.521438
   0.683      3.527412
   0.689      3.532486
   0.694      3.536666
   0.700      3.539957
   0.706      3.542368
   0.711      3.543907
   0.717      3.544583
   0.722      3.544403
   0.728      3.543379
   0.734      3.541519
   0.739      3.538836
   0.745      3.535339
   0.750      3.531041
   0.756      3.525954
   0.762      3.520089
   0.767      3.513461
   0.773      3.506082
   0.778      3.497966
   0.784      3.489127
   0.790      3.479578
   0.795      3.469336
   0.801      3.458414
   0.806      3.446829
   0.812      3.434594
   0.818      3.421727
   0.823      3.408242
   0.829      3.394156
   0.834      3.379484
   0.840      3.364245
   0.846      3.348452
   0.851      3.332125
   0.857      3.315278
   0.862      3.297928
   0.868      3.280094
   0.874      3.261790
   0.879      3.243034
   0.885      3.223844
   0.890      3.204234
   0.896      3.184224
   0.902      3.163828
   0.907      3.143064
   0.913      3.121948
   0.918      3.100498
   0.924      3.078728
   0.930      3.056655
   0.935      3.034296
   0.941      3.011666
   0.946      2.988782
   0.952      2.965658
   0.958      2.942310
   0.963      2.918753
   0.969      2.895003
   0.974      2.871073
   0.980      2.846980
   0.986      2.822736
   0.991      2.798356
   0.997      2.773855
   1.002      2.749244
   1.008      2.724539
   1.014      2.699751
   1.019      2.674895
   1.025      2.649981
   1.030      2.625022
   1.036      2.600031
   1.042      2.575019
   1.047      2.549997
   1.053      2.524977
   1.058      2.499968
   1.064      2.474983
   1.070      2.450030
   1.075      2.425119
   1.081      2.400261
   1.086      2.375464
   1.092      2.350738
   1.098      2.326090
   1.103      2.301530
   1.109      2.277066
   1.114      2.252704
   1.120      2.228454
   1.126      2.204321
   1.131      2.180314
   1.137      2.156437
   1.142      2.132699
   1.148      2.109104
   1.154      2.085659
   1.159      2.062369
   1.165      2.039239
   1.170      2.016275
   1.176      1.993481
   1.182      1.970861
   1.187      1.948420
   1.193      1.926161
   1.198      1.904089
   1.204      1.882207
   1.210      1.860518
   1.215      1.839026
   1.221      1.817732
   1.226      1.796640
   1.232      1.775751
   1.238      1.755069
   1.243      1.734595
   1.249      1.714331
   1.254      1.694279
   1.260      1.674439
   1.266      1.654814
   1.271      1.635404
   1.277      1.616210
   1.282      1.597233
   1.288      1.578473
   1.294      1.559931
   1.299      1.541608
   1.305      1.523502
   1.310      1.505615
   1.316      1.487946
   1.322      1.470496
   1.327      1.453262
   1.333      1.436246
   1.338      1.419446
   1.344      1.402862
   1.350      1.386492
   1.355      1.370337
   1.361      1.354395
   1.366      1.338665
   1.372      1.323145
   1.378      1.307835
   1.383      1.292733
   1.389      1.277837
   1.394      1.263147
   1.400      1.248661
   1.406      1.234376
   1.411      1.220292
   1.417      1.206407
   1.422      1.192718
   1.428      1.179225
   1.434      1.165925
   1.439      1.152816
   1.445      1.139896
   1.450      1.127164
   1.456      1.114617
   1.462      1.102254
   1.467      1.090072
   1.473      1.078068
   1.478      1.066242
   1.484      1.054591
   1.490      1.043112
   1.495      1.031804
   1.501      1.020665
   1.506      1.009691
   1.512      0.998881
   1.518      0.988233
   1.523      0.977744
   1.529      0.967413
   1.534      0.957237
   1.540      0.947213
   1.546      0.937340
   1.551      0.927615
   1.557      0.918036
   1.562      0.908601
   1.568      0.899307
   1.574      0.890153
   1.579      0.881136
   1.585      0.872254
   1.590      0.863505
   1.596      0.854886
   1.602      0.846396
   1.607      0.838032
   1.613      0.829792
   1.618      0.821675
   1.624      0.813677
   1.630      0.805797
   1.635      0.798032
   1.641      0.790382
   1.646      0.782843
   1.652      0.775414
   1.658      0.768092
   1.663      0.760876
   1.669      0.753764
   1.674      0.746754
   1.680      0.739843
   1.686      0.733031
   1.691      0.726314
   1.697      0.719692
   1.702      0.713163
   1.708      0.706724
   1.714      0.700374
   1.719      0.694111
   1.725      0.687933
   1.730      0.681839
   1.736      0.675827
   1.742      0.669896
   1.747      0.664043
   1.753      0.658268
   1.758      0.652568
   1.764      0.646942
   1.770      0.641388
   1.775      0.635906
   1.781      0.630493
   1.786      0.625148
   1.792      0.619870
   1.798      0.614658
   1.803      0.609509
   1.809      0.604423
   1.814      0.599398
   1.820      0.594433
   1.826      0.589527
   1.831      0.584679
   1.837      0.579886
   1.842      0.575149
   1.848      0.570466
   1.854      0.565836
   1.859      0.561258
   1.865      0.556731
   1.870      0.552253
   1.876      0.547823
   1.882      0.543442
   1.887      0.539107
   1.893      0.534818
   1.898      0.530574
   1.904      0.526374
   1.910      0.522217
   1.915      0.518102
   1.921      0.514029
   1.926      0.509996
   1.932      0.506003
   1.938      0.502050
   1.943      0.498135
   1.949      0.494258
   1.954      0.490418
   1.960      0.486614
   1.966      0.482846
   1.971      0.479113
   1.977      0.475416
   1.982      0.471752
   1.988      0.468121
   1.994      0.464524
   1.999      0.460959
   2.005      0.457427
   2.010      0.453925
   2.016      0.450455
   2.022      0.447016
   2.027      0.443607
   2.033      0.440228
   2.038      0.436878
   2.044      0.433558
   2.050      0.430266
   2.055      0.427003
   2.061      0.423768
   2.066      0.420561
   2.072      0.417381
   2.078      0.414228
   2.083      0.411102
   2.089      0.408003
   2.094      0.404930
   2.100      0.401884
   2.106      0.398863
   2.111      0.395867
   2.117      0.392897
   2.122      0.389952
   2.128      0.387032
   2.134      0.384136
   2.139      0.381265
   2.145      0.378418
   2.150      0.375594
   2.156      0.372794
   2.162      0.370018
   2.167      0.367265
   2.173      0.364534
   2.178      0.361826
   2.184      0.359141
   2.190      0.356478
   2.195      0.353837
   2.201      0.351218
   2.206      0.348620
   2.212      0.346044
   2.218      0.343488
   2.223      0.340954
   2.229      0.338441
   2.234      0.335948
   2.240      0.333476
   2.246      0.331023
   2.251      0.328591
   2.257      0.326178
   2.262      0.323785
   2.268      0.321412
   2.274      0.319057
   2.279      0.316722
   2.285      0.314405
   2.290      0.312108
   2.296      0.309828
   2.302      0.307567
   2.307      0.305324
   2.313      0.303099
   2.318      0.300892
   2.324      0.298703
   2.330      0.296530
   2.335      0.294376
   2.341      0.292238
   2.346      0.290117
   2.352      0.288013
   2.358      0.285926
   2.363      0.283855
   2.369      0.281801
   2.374      0.279763
   2.380      0.277741
   2.386      0.275734
   2.391      0.273744
   2.397      0.271769
   2.402      0.269809
   2.408      0.267865
   2.414      0.265936
   2.419      0.264022
   2.425      0.262122
   2.430      0.260238
   2.436      0.258368
   2.442      0.256513
   2.447      0.254672
   2.453      0.252845
   2.458      0.251032
   2.464      0.249233
   2.470      0.247448
   2.475      0.245677
   2.481      0.243919
   2.486      0.242175
   2.492      0.240444
   2.498      0.238726
   2.503      0.237021
   2.509      0.235329
   2.514      0.233651
   2.520      0.231984
   2.526      0.230331
   2.531      0.228690
   2.537      0.227061
   2.542      0.225445
   2.548      0.223840
   2.554      0.222248
   2.559      0.220668
   2.565      0.219099
   2.570      0.217543
   2.576      0.215998
   2.582      0.214464
   2.587      0.212942
   2.593      0.211431
   2.598      0.209932
   2.604      0.208443
   2.610      0.206966
   2.615      0.205499
   2.621      0.204043
   2.626      0.202599
   2.632      0.201164
   2.638      0.199740
   2.643      0.198327
   2.649      0.196924
   2.654      0.195531
   2.660      0.194149
   2.666      0.192776
   2.671      0.191414
   2.677      0.190061
   2.682      0.188719
   2.688      0.187386
   2.694      0.186063
   2.699      0.184749
   2.705      0.183445
   2.710      0.182150
   2.716      0.180864
   2.722      0.179588
   2.727      0.178321
   2.733      0.177063
   2.738      0.175814
   2.744      0.174574
   2.750      0.173343
   2.755      0.172120
   2.761      0.170906
   2.766      0.169701
   2.772      0.168505
   2.778      0.167317
   2.783      0.166137
   2.789      0.164966
   2.794      0.163802
   2.800      0.162648
   2.806      0.161501
   2.811      0.160362
   2.817      0.159231
   2.822      0.158109
   2.828      0.156994
   2.834      0.155887
   2.839      0.154787
   2.845      0.153695
   2.850      0.152611
   2.856      0.151534
   2.862      0.150465
   2.867      0.149403
   2.873      0.148349
   2.878      0.147302
   2.884      0.146262
   2.890      0.145229
   2.895      0.144203
   2.901      0.143185
   2.906      0.142173
   2.912      0.141168
   2.918      0.140170
   2.923      0.139179
   2.929      0.138195
   2.934      0.137217
   2.940      0.136246
   2.946      0.135282
   2.951      0.134324
   2.957      0.133372
   2.962      0.132427
   2.968      0.131489
   2.974      0.130556
   2.979      0.129630
   2.985      0.128711
   2.990      0.127797
   2.996      0.126889
   3.002      0.125988
   3.007      0.125092
   3.013      0.124203
   3.018      0.123319
   3.024      0.122441
   3.030      0.121569
   3.035      0.120703
   3.041      0.119843
   3.046      0.118988
   3.052      0.118139
   3.058      0.117295
   3.063      0.116457
   3.069      0.115625
   3.074      0.114798
   3.080      0.113976
   3.086      0.113160
   3.091      0.112349
   3.097      0.111543
   3.102      0.110743
   3.108      0.109947
   3.114      0.109157
   3.119      0.108372
   3.125      0.107592
   3.130      0.106818
   3.136      0.106048
   3.142      0.105283
   3.147      0.104523
   3.153      0.103767
   3.158      0.103017
   3.164      0.102271
   3.170      0.101531
   3.175      0.100794
   3.181      0.100063
   3.186      0.099336
   3.192      0.098614
   3.198      0.097896
   3.203      0.097183
   3.209      0.096475
   3.214      0.095771
   3.220      0.095071
   3.226      0.094376
   3.231      0.093685
   3.237      0.092998
   3.242      0.092316
   3.248      0.091637
   3.254      0.090964
   3.259      0.090294
   3.265      0.089628
   3.270      0.088967
   3.276      0.088309
   3.282      0.087656
   3.287      0.087007
   3.293      0.086362
   3.298      0.085720
   3.304      0.085083
   3.310      0.084449
   3.315      0.083820
   3.321      0.083194
   3.326      0.082572
   3.332      0.081954
   3.338      0.081339
   3.343      0.080729
   3.349      0.080122
   3.354      0.079518
   3.360      0.078918
   3.366      0.078322
   3.371      0.077730
   3.377      0.077141
   3.382      0.076555
   3.388      0.075973
   3.394      0.075395
   3.399      0.074820
   3.405      0.074248
   3.410      0.073680
   3.416      0.073115
   3.422      0.072553
   3.427      0.071995
   3.433      0.071440
   3.438      0.070888
   3.444      0.070340
   3.450      0.069794
   3.455      0.069252
   3.461      0.068713
   3.466      0.068177
   3.472      0.067645
   3.478      0.067115
   3.483      0.066588
   3.489      0.066065
   3.494      0.065544
   3.500      0.065027
   3.506      0.064512
   3.511      0.064001
   3.517      0.063492
   3.522      0.062986
   3.528      0.062483
   3.534      0.061983
   3.539      0.061486
   3.545      0.060992
   3.550      0.060500
   3.556      0.060011
   3.562      0.059525
   3.567      0.059042
   3.573      0.058561
   3.578      0.058083
   3.584      0.057608
   3.590      0.057135
   3.595      0.056665
   3.601      0.056197
   3.606      0.055732
   3.612      0.055270
   3.618      0.054810
   3.623      0.054353
   3.629      0.053898
   3.634      0.053446
   3.640      0.052996
   3.646      0.052549
   3.651      0.052104
   3.657      0.051662
   3.662      0.051222
   3.668      0.050784
   3.674      0.050349
   3.679      0.049915
   3.685      0.049485
   3.690      0.049056
   3.696      0.048630
   3.702      0.048206
   3.707      0.047785
   3.713      0.047365
   3.718      0.046948
   3.724      0.046533
   3.730      0.046120
   3.735      0.045710
   3.741      0.045301
   3.746      0.044895
   3.752      0.044491
   3.758      0.044089
   3.763      0.043689
   3.769      0.043291
   3.774      0.042895
   3.780      0.042501
   3.786      0.042109
   3.791      0.041719
   3.797      0.041331
   3.802      0.040945
   3.808      0.040561
   3.814      0.040179
   3.819      0.039799
   3.825      0.039421
   3.830      0.039045
   3.836      0.038670
   3.842      0.038298
   3.847      0.037927
   3.853      0.037558
   3.858      0.037191
   3.864      0.036826
   3.870      0.036462
   3.875      0.036101
   3.881      0.035741
   3.886      0.035383
   3.892      0.035026
   3.898      0.034672
   3.903      0.034319
   3.909      0.033968
   3.914      0.033618
   3.920      0.033270
   3.926      0.032924
   3.931      0.032579
   3.937      0.032236
   3.942      0.031895
   3.948      0.031555
   3.954      0.031217
   3.959      0.030881
   3.965      0.030546
   3.970      0.030212
   3.976      0.029881
   3.982      0.029550
   3.987      0.029221
   3.993      0.028894
   3.998      0.028568
   4.004      0.028244
   4.010      0.027921
   4.015      0.027600
   4.021      0.027280
   4.026      0.026961
   4.032      0.026644
   4.038      0.026329
   4.043      0.026015
   4.049      0.025702
   4.054      0.025390
   4.060      0.025080
   4.066      0.024771
   4.071      0.024464
   4.077      0.024158
   4.082      0.023853
   4.088      0.023550
   4.094      0.023248
   4.099      0.022947
   4.105      0.022647
   4.110      0.022349
   4.116      0.022052
   4.122      0.021756
   4.127      0.021462
   4.133      0.021169
   4.138      0.020877
   4.144      0.020586
   4.150      0.020296
   4.155      0.020008
   4.161      0.019721
   4.166      0.019434
   4.172      0.019150
   4.178      0.018866
   4.183      0.018583
   4.189      0.018302
   4.194      0.018021
   4.200      0.017742
   4.206      0.017464
   4.211      0.017187
   4.217      0.016911
   4.222      0.016636
   4.228      0.016362
   4.234      0.016089
   4.239      0.015817
   4.245      0.015547
   4.250      0.015277
   4.256      0.015008
   4.262      0.014741
   4.267      0.014474
   4.273      0.014209
   4.278      0.013944
   4.284      0.013680
   4.290      0.013417
   4.295      0.013156
   4.301      0.012895
   4.306      0.012635
   4.312      0.012376
   4.318      0.012118
   4.323      0.011861
   4.329      0.011605
   4.334      0.011350
   4.340      0.011095
   4.346      0.010842
   4.351      0.010589
   4.357      0.010337
   4.362      0.010086
   4.368      0.009836
   4.374      0.009587
   4.379      0.009339
   4.385      0.009091
   4.390      0.008844
   4.396      0.008598
   4.402      0.008353
   4.407      0.008109
   4.413      0.007865
   4.418      0.007623
   4.424      0.007381
   4.430      0.007139
   4.435      0.006899
   4.441      0.006659
   4.446      0.006420
   4.452      0.006182
   4.458      0.005944
   4.463      0.005708
   4.469      0.005471
   4.474      0.005236
   4.480      0.005001
   4.486      0.004767
   4.491      0.004534
   4.497      0.004301
   4.502      0.004069
   4.508      0.003838
   4.514      0.003607
   4.519      0.003377
   4.525      0.003148
   4.530      0.002919
   4.536      0.002691
   4.542      0.002464
   4.547      0.002237
   4.553      0.002010
   4.558      0.001785
   4.564      0.001560
   4.570      0.001335
   4.575      0.001111
   4.581      0.000888
   4.586      0.000665
   4.592      0.000443
   4.598      0.000221
   4.603      0.000000
