   0.000      1.970008
   0.007      1.970008
   0.015      1.970008
   0.022      1.970008
   0.030      1.970008
   0.037      1.970008
   0.045      1.970008
   0.052      1.970006
   0.060      1.970004
   0.067      1.969999
   0.074      1.969991
   0.082      1.969978
   0.089      1.969958
   0.097      1.969928
   0.104      1.969884
   0.112      1.969823
   0.119      1.969738
   0.127      1.969625
   0.134      1.969476
   0.141      1.969284
   0.149      1.969039
   0.156      1.968732
   0.164      1.968351
   0.171      1.967885
   0.179      1.967320
   0.186      1.966644
   0.194      1.965842
   0.201      1.964898
   0.208      1.963796
   0.216      1.962520
   0.223      1.961054
   0.231      1.959380
   0.238      1.957482
   0.246      1.955342
   0.253      1.952945
   0.261      1.950273
   0.268      1.947312
   0.275      1.944046
   0.283      1.940462
   0.290      1.936547
   0.298      1.932289
   0.305      1.927678
   0.313      1.922705
   0.320      1.917362
   0.328      1.911644
   0.335      1.905547
   0.343      1.899068
   0.350      1.892206
   0.357      1.884963
   0.365      1.877341
   0.372      1.869344
   0.380      1.860979
   0.387      1.852252
   0.395      1.843173
   0.402      1.833753
   0.410      1.824002
   0.417      1.813934
   0.424      1.803562
   0.432      1.792902
   0.439      1.781968
   0.447      1.770777
   0.454      1.759345
   0.462      1.747691
   0.469      1.735831
   0.477      1.723782
   0.484      1.711563
   0.491      1.699192
   0.499      1.686685
   0.506      1.674059
   0.514      1.661333
   0.521      1.648522
   0.529      1.635642
   0.536      1.622709
   0.544      1.609738
   0.551      1.596743
   0.558      1.583737
   0.566      1.570734
   0.573      1.557746
   0.581      1.544785
   0.588      1.531861
   0.596      1.518985
   0.603      1.506165
   0.611      1.493412
   0.618      1.480732
   0.625      1.468134
   0.633      1.455624
   0.640      1.443209
   0.648      1.430893
   0.655      1.418682
   0.663      1.406581
   0.670      1.394592
   0.678      1.382721
   0.685      1.370970
   0.692      1.359341
   0.700      1.347837
   0.707      1.336459
   0.715      1.325209
   0.722      1.314088
   0.730      1.303098
   0.737      1.292237
   0.745      1.281508
   0.752      1.270910
   0.759      1.260442
   0.767      1.250105
   0.774      1.239898
   0.782      1.229820
   0.789      1.219871
   0.797      1.210050
   0.804      1.200355
   0.812      1.190786
   0.819      1.181342
   0.826      1.172020
   0.834      1.162820
   0.841      1.153741
   0.849      1.144781
   0.856      1.135938
   0.864      1.127211
   0.871      1.118598
   0.879      1.110098
   0.886      1.101710
   0.893      1.093431
   0.901      1.085260
   0.908      1.077195
   0.916      1.069236
   0.923      1.061379
   0.931      1.053624
   0.938      1.045969
   0.946      1.038413
   0.953      1.030953
   0.960      1.023589
   0.968      1.016319
   0.975      1.009141
   0.983      1.002054
   0.990      0.995056
   0.998      0.988146
   1.005      0.981323
   1.013      0.974585
   1.020      0.967930
   1.028      0.961358
   1.035      0.954867
   1.042      0.948455
   1.050      0.942122
   1.057      0.935866
   1.065      0.929687
   1.072      0.923581
   1.080      0.917549
   1.087      0.911590
   1.095      0.905702
   1.102      0.899883
   1.109      0.894134
   1.117      0.888452
   1.124      0.882837
   1.132      0.877288
   1.139      0.871803
   1.147      0.866382
   1.154      0.861024
   1.162      0.855727
   1.169      0.850490
   1.176      0.845314
   1.184      0.840196
   1.191      0.835136
   1.199      0.830133
   1.206      0.825187
   1.214      0.820295
   1.221      0.815458
   1.229      0.810674
   1.236      0.805943
   1.243      0.801265
   1.251      0.796637
   1.258      0.792059
   1.266      0.787532
   1.273      0.783053
   1.281      0.778622
   1.288      0.774239
   1.296      0.769902
   1.303      0.765612
   1.310      0.761366
   1.318      0.757166
   1.325      0.753009
   1.333      0.748896
   1.340      0.744826
   1.348      0.740798
   1.355      0.736811
   1.363      0.732865
   1.370      0.728960
   1.377      0.725094
   1.385      0.721268
   1.392      0.717480
   1.400      0.713730
   1.407      0.710018
   1.415      0.706343
   1.422      0.702704
   1.430      0.699102
   1.437      0.695534
   1.444      0.692002
   1.452      0.688504
   1.459      0.685041
   1.467      0.681611
   1.474      0.678214
   1.482      0.674849
   1.489      0.671517
   1.497      0.668217
   1.504      0.664947
   1.511      0.661709
   1.519      0.658502
   1.526      0.655324
   1.534      0.652176
   1.541      0.649057
   1.549      0.645968
   1.556      0.642906
   1.564      0.639873
   1.571      0.636868
   1.578      0.633890
   1.586      0.630939
   1.593      0.628015
   1.601      0.625117
   1.608      0.622246
   1.616      0.619399
   1.623      0.616579
   1.631      0.613783
   1.638      0.611012
   1.646      0.608265
   1.653      0.605543
   1.660      0.602844
   1.668      0.600169
   1.675      0.597517
   1.683      0.594888
   1.690      0.592281
   1.698      0.589697
   1.705      0.587135
   1.713      0.584594
   1.720      0.582075
   1.727      0.579578
   1.735      0.577101
   1.742      0.574645
   1.750      0.572210
   1.757      0.569795
   1.765      0.567400
   1.772      0.565025
   1.780      0.562669
   1.787      0.560332
   1.794      0.558015
   1.802      0.555716
   1.809      0.553436
   1.817      0.551175
   1.824      0.548931
   1.832      0.546706
   1.839      0.544498
   1.847      0.542308
   1.854      0.540135
   1.861      0.537979
   1.869      0.535841
   1.876      0.533719
   1.884      0.531614
   1.891      0.529525
   1.899      0.527452
   1.906      0.525395
   1.914      0.523354
   1.921      0.521329
   1.928      0.519319
   1.936      0.517325
   1.943      0.515345
   1.951      0.513381
   1.958      0.511432
   1.966      0.509497
   1.973      0.507576
   1.981      0.505670
   1.988      0.503778
   1.995      0.501900
   2.003      0.500036
   2.010      0.498186
   2.018      0.496349
   2.025      0.494526
   2.033      0.492716
   2.040      0.490919
   2.048      0.489135
   2.055      0.487364
   2.062      0.485605
   2.070      0.483859
   2.077      0.482126
   2.085      0.480405
   2.092      0.478696
   2.100      0.476999
   2.107      0.475315
   2.115      0.473642
   2.122      0.471980
   2.129      0.470330
   2.137      0.468692
   2.144      0.467065
   2.152      0.465449
   2.159      0.463845
   2.167      0.462251
   2.174      0.460669
   2.182      0.459097
   2.189      0.457535
   2.196      0.455985
   2.204      0.454444
   2.211      0.452914
   2.219      0.451395
   2.226      0.449885
   2.234      0.448386
   2.241      0.446896
   2.249      0.445416
   2.256      0.443947
   2.263      0.442486
   2.271      0.441036
   2.278      0.439594
   2.286      0.438162
   2.293      0.436740
   2.301      0.435327
   2.308      0.433922
   2.316      0.432527
   2.323      0.431141
   2.331      0.429763
   2.338      0.428395
   2.345      0.427035
   2.353      0.425683
   2.360      0.424341
   2.368      0.423006
   2.375      0.421680
   2.383      0.420362
   2.390      0.419053
   2.398      0.417751
   2.405      0.416458
   2.412      0.415173
   2.420      0.413895
   2.427      0.412626
   2.435      0.411364
   2.442      0.410110
   2.450      0.408863
   2.457      0.407624
   2.465      0.406393
   2.472      0.405169
   2.479      0.403952
   2.487      0.402742
   2.494      0.401540
   2.502      0.400345
   2.509      0.399157
   2.517      0.397976
   2.524      0.396802
   2.532      0.395635
   2.539      0.394475
   2.546      0.393322
   2.554      0.392175
   2.561      0.391035
   2.569      0.389901
   2.576      0.388774
   2.584      0.387654
   2.591      0.386540
   2.599      0.385433
   2.606      0.384331
   2.613      0.383236
   2.621      0.382148
   2.628      0.381065
   2.636      0.379989
   2.643      0.378918
   2.651      0.377854
   2.658      0.376795
   2.666      0.375743
   2.673      0.374696
   2.680      0.373655
   2.688      0.372620
   2.695      0.371591
   2.703      0.370567
   2.710      0.369549
   2.718      0.368537
   2.725      0.367530
   2.733      0.366529
   2.740      0.365533
   2.747      0.364542
   2.755      0.363557
   2.762      0.362577
   2.770      0.361602
   2.777      0.360633
   2.785      0.359668
   2.792      0.358709
   2.800      0.357755
   2.807      0.356806
   2.814      0.355862
   2.822      0.354923
   2.829      0.353989
   2.837      0.353060
   2.844      0.352136
   2.852      0.351217
   2.859      0.350302
   2.867      0.349392
   2.874      0.348487
   2.881      0.347586
   2.889      0.346691
   2.896      0.345799
   2.904      0.344913
   2.911      0.344031
   2.919      0.343153
   2.926      0.342280
   2.934      0.341411
   2.941      0.340547
   2.949      0.339687
   2.956      0.338831
   2.963      0.337980
