   0.000      0.868241
   0.007      0.868239
   0.015      0.868235
   0.022      0.868227
   0.030      0.868215
   0.037      0.868201
   0.045      0.868183
   0.052      0.868162
   0.060      0.868138
   0.067      0.868111
   0.074      0.868080
   0.082      0.868045
   0.089      0.868008
   0.097      0.867967
   0.104      0.867923
   0.112      0.867875
   0.119      0.867823
   0.127      0.867768
   0.134      0.867710
   0.141      0.867647
   0.149      0.867581
   0.156      0.867511
   0.164      0.867438
   0.171      0.867360
   0.179      0.867278
   0.186      0.867193
   0.194      0.867103
   0.201      0.867009
   0.208      0.866910
   0.216      0.866808
   0.223      0.866700
   0.231      0.866588
   0.238      0.866472
   0.246      0.866350
   0.253      0.866224
   0.261      0.866092
   0.268      0.865956
   0.275      0.865814
   0.283      0.865666
   0.290      0.865513
   0.298      0.865355
   0.305      0.865190
   0.313      0.865020
   0.320      0.864843
   0.328      0.864660
   0.335      0.864470
   0.343      0.864273
   0.350      0.864070
   0.357      0.863859
   0.365      0.863641
   0.372      0.863416
   0.380      0.863183
   0.387      0.862942
   0.395      0.862692
   0.402      0.862435
   0.410      0.862168
   0.417      0.861893
   0.424      0.861608
   0.432      0.861314
   0.439      0.861010
   0.447      0.860696
   0.454      0.860372
   0.462      0.860037
   0.469      0.859692
   0.477      0.859335
   0.484      0.858966
   0.491      0.858586
   0.499      0.858193
   0.506      0.857788
   0.514      0.857370
   0.521      0.856938
   0.529      0.856493
   0.536      0.856034
   0.544      0.855561
   0.551      0.855073
   0.558      0.854569
   0.566      0.854051
   0.573      0.853516
   0.581      0.852965
   0.588      0.852397
   0.596      0.851812
   0.603      0.851210
   0.611      0.850590
   0.618      0.849951
   0.625      0.849294
   0.633      0.848618
   0.640      0.847922
   0.648      0.847206
   0.655      0.846470
   0.663      0.845714
   0.670      0.844936
   0.678      0.844137
   0.685      0.843316
   0.692      0.842474
   0.700      0.841608
   0.707      0.840720
   0.715      0.839809
   0.722      0.838874
   0.730      0.837915
   0.737      0.836933
   0.745      0.835926
   0.752      0.834895
   0.759      0.833839
   0.767      0.832758
   0.774      0.831652
   0.782      0.830520
   0.789      0.829363
   0.797      0.828180
   0.804      0.826972
   0.812      0.825737
   0.819      0.824477
   0.826      0.823191
   0.834      0.821879
   0.841      0.820540
   0.849      0.819176
   0.856      0.817786
   0.864      0.816370
   0.871      0.814928
   0.879      0.813460
   0.886      0.811967
   0.893      0.810449
   0.901      0.808905
   0.908      0.807336
   0.916      0.805742
   0.923      0.804124
   0.931      0.802482
   0.938      0.800815
   0.946      0.799125
   0.953      0.797411
   0.960      0.795674
   0.968      0.793915
   0.975      0.792133
   0.983      0.790329
   0.990      0.788504
   0.998      0.786657
   1.005      0.784789
   1.013      0.782902
   1.020      0.780994
   1.028      0.779066
   1.035      0.777120
   1.042      0.775155
   1.050      0.773171
   1.057      0.771170
   1.065      0.769152
   1.072      0.767117
   1.080      0.765066
   1.087      0.762999
   1.095      0.760916
   1.102      0.758819
   1.109      0.756707
   1.117      0.754582
   1.124      0.752443
   1.132      0.750291
   1.139      0.748126
   1.147      0.745950
   1.154      0.743761
   1.162      0.741562
   1.169      0.739352
   1.176      0.737132
   1.184      0.734903
   1.191      0.732663
   1.199      0.730416
   1.206      0.728159
   1.214      0.725895
   1.221      0.723623
   1.229      0.721344
   1.236      0.719058
   1.243      0.716766
   1.251      0.714469
   1.258      0.712165
   1.266      0.709857
   1.273      0.707544
   1.281      0.705227
   1.288      0.702905
   1.296      0.700580
   1.303      0.698252
   1.310      0.695921
   1.318      0.693588
   1.325      0.691253
   1.333      0.688915
   1.340      0.686577
   1.348      0.684237
   1.355      0.681896
   1.363      0.679555
   1.370      0.677214
   1.377      0.674873
   1.385      0.672532
   1.392      0.670192
   1.400      0.667853
   1.407      0.665516
   1.415      0.663180
   1.422      0.660846
   1.430      0.658514
   1.437      0.656184
   1.444      0.653857
   1.452      0.651532
   1.459      0.649211
   1.467      0.646894
   1.474      0.644579
   1.482      0.642269
   1.489      0.639962
   1.497      0.637660
   1.504      0.635362
   1.511      0.633069
   1.519      0.630781
   1.526      0.628497
   1.534      0.626219
   1.541      0.623946
   1.549      0.621679
   1.556      0.619418
   1.564      0.617162
   1.571      0.614912
   1.578      0.612669
   1.586      0.610432
   1.593      0.608201
   1.601      0.605977
   1.608      0.603760
   1.616      0.601550
   1.623      0.599347
   1.631      0.597150
   1.638      0.594962
   1.646      0.592780
   1.653      0.590606
   1.660      0.588440
   1.668      0.586281
   1.675      0.584131
   1.683      0.581988
   1.690      0.579853
   1.698      0.577726
   1.705      0.575608
   1.713      0.573497
   1.720      0.571396
   1.727      0.569302
   1.735      0.567217
   1.742      0.565141
   1.750      0.563073
   1.757      0.561014
   1.765      0.558963
   1.772      0.556922
   1.780      0.554889
   1.787      0.552865
   1.794      0.550850
   1.802      0.548845
   1.809      0.546848
   1.817      0.544860
   1.824      0.542881
   1.832      0.540912
   1.839      0.538952
   1.847      0.537001
   1.854      0.535059
   1.861      0.533127
   1.869      0.531204
   1.876      0.529290
   1.884      0.527385
   1.891      0.525490
   1.899      0.523604
   1.906      0.521728
   1.914      0.519861
   1.921      0.518003
   1.928      0.516155
   1.936      0.514316
   1.943      0.512487
   1.951      0.510667
   1.958      0.508857
   1.966      0.507056
   1.973      0.505264
   1.981      0.503482
   1.988      0.501709
   1.995      0.499945
   2.003      0.498191
   2.010      0.496447
   2.018      0.494711
   2.025      0.492985
   2.033      0.491269
   2.040      0.489561
   2.048      0.487863
   2.055      0.486175
   2.062      0.484495
   2.070      0.482825
   2.077      0.481164
   2.085      0.479512
   2.092      0.477870
   2.100      0.476236
   2.107      0.474612
   2.115      0.472997
   2.122      0.471391
   2.129      0.469793
   2.137      0.468205
   2.144      0.466626
   2.152      0.465056
   2.159      0.463495
   2.167      0.461943
   2.174      0.460399
   2.182      0.458864
   2.189      0.457338
   2.196      0.455821
   2.204      0.454313
   2.211      0.452813
   2.219      0.451322
   2.226      0.449840
   2.234      0.448366
   2.241      0.446900
   2.249      0.445443
   2.256      0.443995
   2.263      0.442555
   2.271      0.441123
   2.278      0.439700
   2.286      0.438285
   2.293      0.436878
   2.301      0.435479
   2.308      0.434088
   2.316      0.432706
   2.323      0.431332
   2.331      0.429965
   2.338      0.428607
   2.345      0.427257
   2.353      0.425914
   2.360      0.424580
   2.368      0.423253
   2.375      0.421934
   2.383      0.420622
   2.390      0.419319
   2.398      0.418022
   2.405      0.416734
   2.412      0.415453
   2.420      0.414179
   2.427      0.412913
   2.435      0.411655
   2.442      0.410403
   2.450      0.409159
   2.457      0.407922
   2.465      0.406693
   2.472      0.405470
   2.479      0.404255
   2.487      0.403047
   2.494      0.401845
   2.502      0.400651
   2.509      0.399463
   2.517      0.398283
   2.524      0.397109
   2.532      0.395942
   2.539      0.394782
   2.546      0.393628
   2.554      0.392481
   2.561      0.391341
   2.569      0.390207
   2.576      0.389080
   2.584      0.387959
   2.591      0.386844
   2.599      0.385736
   2.606      0.384634
   2.613      0.383538
   2.621      0.382449
   2.628      0.381365
   2.636      0.380288
   2.643      0.379217
   2.651      0.378152
   2.658      0.377093
   2.666      0.376039
   2.673      0.374992
   2.680      0.373950
   2.688      0.372914
   2.695      0.371884
   2.703      0.370860
   2.710      0.369841
   2.718      0.368827
   2.725      0.367820
   2.733      0.366818
   2.740      0.365821
   2.747      0.364829
   2.755      0.363843
   2.762      0.362863
   2.770      0.361887
   2.777      0.360917
   2.785      0.359952
   2.792      0.358992
   2.800      0.358037
   2.807      0.357088
   2.814      0.356143
   2.822      0.355203
   2.829      0.354269
   2.837      0.353339
   2.844      0.352414
   2.852      0.351494
   2.859      0.350578
   2.867      0.349668
   2.874      0.348762
   2.881      0.347861
   2.889      0.346964
   2.896      0.346072
   2.904      0.345185
   2.911      0.344302
   2.919      0.343424
   2.926      0.342550
   2.934      0.341680
   2.941      0.340815
   2.949      0.339955
   2.956      0.339098
   2.963      0.338246
