   0.006      0.000360
   0.011      0.004135
   0.017      0.007910
   0.022      0.011814
   0.028      0.015735
   0.034      0.019662
   0.039      0.023590
   0.045      0.027519
   0.050      0.031448
   0.056      0.035377
   0.062      0.039307
   0.067      0.043236
   0.073      0.047165
   0.078      0.051093
   0.084      0.055022
   0.090      0.058950
   0.095      0.062878
   0.101      0.066805
   0.106      0.070732
   0.112      0.074659
   0.118      0.078585
   0.123      0.082510
   0.129      0.086435
   0.134      0.090360
   0.140      0.094284
   0.146      0.098208
   0.151      0.102131
   0.157      0.106053
   0.162      0.109975
   0.168      0.113896
   0.174      0.117816
   0.179      0.121736
   0.185      0.125654
   0.190      0.129573
   0.196      0.133490
   0.202      0.137407
   0.207      0.141322
   0.213      0.145237
   0.218      0.149151
   0.224      0.153065
   0.230      0.156977
   0.235      0.160888
   0.241      0.164799
   0.246      0.168708
   0.252      0.172617
   0.258      0.176524
   0.263      0.180430
   0.269      0.184336
   0.274      0.188240
   0.280      0.192143
   0.286      0.196045
   0.291      0.199946
   0.297      0.203845
   0.302      0.207743
   0.308      0.211641
   0.314      0.215536
   0.319      0.219431
   0.325      0.223324
   0.330      0.227216
   0.336      0.231107
   0.342      0.234996
   0.347      0.238883
   0.353      0.242770
   0.358      0.246654
   0.364      0.250538
   0.370      0.254419
   0.375      0.258300
   0.381      0.262178
   0.386      0.266055
   0.392      0.269930
   0.398      0.273804
   0.403      0.277676
   0.409      0.281546
   0.414      0.285415
   0.420      0.289282
   0.426      0.293147
   0.431      0.297010
   0.437      0.300871
   0.442      0.304730
   0.448      0.308588
   0.454      0.312443
   0.459      0.316297
   0.465      0.320148
   0.470      0.323997
   0.476      0.327844
   0.482      0.331690
   0.487      0.335532
   0.493      0.339373
   0.498      0.343212
   0.504      0.347048
   0.510      0.350882
   0.515      0.354713
   0.521      0.358542
   0.526      0.362369
   0.532      0.366193
   0.538      0.370015
   0.543      0.373834
   0.549      0.377651
   0.554      0.381465
   0.560      0.385276
   0.566      0.389085
   0.571      0.392891
   0.577      0.396694
   0.582      0.400494
   0.588      0.404291
   0.594      0.408085
   0.599      0.411877
   0.605      0.415665
   0.610      0.419450
   0.616      0.423232
   0.622      0.427011
   0.627      0.430786
   0.633      0.434558
   0.638      0.438327
   0.644      0.442093
   0.650      0.445854
   0.655      0.449613
   0.661      0.453368
   0.666      0.457119
   0.672      0.460866
   0.678      0.464610
   0.683      0.468349
   0.689      0.472085
   0.694      0.475817
   0.700      0.479545
   0.706      0.483268
   0.711      0.486988
   0.717      0.490703
   0.722      0.494414
   0.728      0.498120
   0.734      0.501822
   0.739      0.505519
   0.745      0.509212
   0.750      0.512900
   0.756      0.516583
   0.762      0.520261
   0.767      0.523934
   0.773      0.527602
   0.778      0.531265
   0.784      0.534923
   0.790      0.538575
   0.795      0.542222
   0.801      0.545863
   0.806      0.549499
   0.812      0.553129
   0.818      0.556753
   0.823      0.560372
   0.829      0.563984
   0.834      0.567590
   0.840      0.571190
   0.846      0.574783
   0.851      0.578370
   0.857      0.581951
   0.862      0.585525
   0.868      0.589092
   0.874      0.592652
   0.879      0.596205
   0.885      0.599751
   0.890      0.603290
   0.896      0.606821
   0.902      0.610345
   0.907      0.613861
   0.913      0.617369
   0.918      0.620869
   0.924      0.624362
   0.930      0.627846
   0.935      0.631322
   0.941      0.634789
   0.946      0.638248
   0.952      0.641698
   0.958      0.645139
   0.963      0.648571
   0.969      0.651994
   0.974      0.655408
   0.980      0.658812
   0.986      0.662206
   0.991      0.665591
   0.997      0.668965
   1.002      0.672330
   1.008      0.675684
   1.014      0.679028
   1.019      0.682362
   1.025      0.685684
   1.030      0.688996
   1.036      0.692296
   1.042      0.695585
   1.047      0.698863
   1.053      0.702129
   1.058      0.705384
   1.064      0.708626
   1.070      0.711856
   1.075      0.715074
   1.081      0.718279
   1.086      0.721471
   1.092      0.724651
   1.098      0.727817
   1.103      0.730971
   1.109      0.734110
   1.114      0.737236
   1.120      0.740348
   1.126      0.743447
   1.131      0.746530
   1.137      0.749600
   1.142      0.752654
   1.148      0.755694
   1.154      0.758719
   1.159      0.761728
   1.165      0.764722
   1.170      0.767700
   1.176      0.770662
   1.182      0.773608
   1.187      0.776538
   1.193      0.779451
   1.198      0.782348
   1.204      0.785227
   1.210      0.788089
   1.215      0.790934
   1.221      0.793761
   1.226      0.796571
   1.232      0.799362
   1.238      0.802135
   1.243      0.804890
   1.249      0.807625
   1.254      0.810342
   1.260      0.813040
   1.266      0.815718
   1.271      0.818377
   1.277      0.821016
   1.282      0.823634
   1.288      0.826233
   1.294      0.828811
   1.299      0.831368
   1.305      0.833904
   1.310      0.836419
   1.316      0.838913
   1.322      0.841385
   1.327      0.843835
   1.333      0.846264
   1.338      0.848670
   1.344      0.851053
   1.350      0.853414
   1.355      0.855751
   1.361      0.858066
   1.366      0.860357
   1.372      0.862625
   1.378      0.864869
   1.383      0.867089
   1.389      0.869284
   1.394      0.871455
   1.400      0.873602
   1.406      0.875723
   1.411      0.877820
   1.417      0.879891
   1.422      0.881937
   1.428      0.883957
   1.434      0.885951
   1.439      0.887919
   1.445      0.889861
   1.450      0.891776
   1.456      0.893665
   1.462      0.895526
   1.467      0.897361
   1.473      0.899168
   1.478      0.900948
   1.484      0.902701
   1.490      0.904425
   1.495      0.906122
   1.501      0.907790
   1.506      0.909430
   1.512      0.911042
   1.518      0.912625
   1.523      0.914179
   1.529      0.915704
   1.534      0.917200
   1.540      0.918667
   1.546      0.920104
   1.551      0.921512
   1.557      0.922889
   1.562      0.924237
   1.568      0.925555
   1.574      0.926843
   1.579      0.928101
   1.585      0.929328
   1.590      0.930525
   1.596      0.931691
   1.602      0.932826
   1.607      0.933930
   1.613      0.935004
   1.618      0.936046
   1.624      0.937057
   1.630      0.938037
   1.635      0.938986
   1.641      0.939903
   1.646      0.940789
   1.652      0.941643
   1.658      0.942465
   1.663      0.943256
   1.669      0.944014
   1.674      0.944741
   1.680      0.945436
   1.686      0.946099
   1.691      0.946730
   1.697      0.947329
   1.702      0.947896
   1.708      0.948431
   1.714      0.948934
   1.719      0.949404
   1.725      0.949843
   1.730      0.950249
   1.736      0.950623
   1.742      0.950965
   1.747      0.951274
   1.753      0.951552
   1.758      0.951797
   1.764      0.952010
   1.770      0.952191
   1.775      0.952340
   1.781      0.952457
   1.786      0.952542
   1.792      0.952595
   1.798      0.952616
   1.803      0.952605
   1.809      0.952562
   1.814      0.952488
   1.820      0.952382
   1.826      0.952244
   1.831      0.952075
   1.837      0.951874
   1.842      0.951642
   1.848      0.951379
   1.854      0.951084
   1.859      0.950759
   1.865      0.950402
   1.870      0.950015
   1.876      0.949597
   1.882      0.949148
   1.887      0.948669
   1.893      0.948159
   1.898      0.947620
   1.904      0.947050
   1.910      0.946450
   1.915      0.945821
   1.921      0.945161
   1.926      0.944473
   1.932      0.943755
   1.938      0.943007
   1.943      0.942231
   1.949      0.941426
   1.954      0.940592
   1.960      0.939730
   1.966      0.938840
   1.971      0.937921
   1.977      0.936975
   1.982      0.936001
   1.988      0.934999
   1.994      0.933970
   1.999      0.932914
   2.005      0.931830
   2.010      0.930721
   2.016      0.929584
   2.022      0.928422
   2.027      0.927233
   2.033      0.926018
   2.038      0.924778
   2.044      0.923513
   2.050      0.922222
   2.055      0.920906
   2.061      0.919566
   2.066      0.918201
   2.072      0.916811
   2.078      0.915398
   2.083      0.913961
   2.089      0.912501
   2.094      0.911017
   2.100      0.909510
   2.106      0.907981
   2.111      0.906428
   2.117      0.904854
   2.122      0.903257
   2.128      0.901639
   2.134      0.899999
   2.139      0.898338
   2.145      0.896656
   2.150      0.894953
   2.156      0.893230
   2.162      0.891486
   2.167      0.889722
   2.173      0.887938
   2.178      0.886135
   2.184      0.884313
   2.190      0.882472
   2.195      0.880612
   2.201      0.878733
   2.206      0.876836
   2.212      0.874922
   2.218      0.872989
   2.223      0.871039
   2.229      0.869072
   2.234      0.867088
   2.240      0.865087
   2.246      0.863070
   2.251      0.861037
   2.257      0.858987
   2.262      0.856922
   2.268      0.854842
   2.274      0.852746
   2.279      0.850635
   2.285      0.848510
   2.290      0.846370
   2.296      0.844215
   2.302      0.842047
   2.307      0.839865
   2.313      0.837669
   2.318      0.835461
   2.324      0.833239
   2.330      0.831004
   2.335      0.828756
   2.341      0.826496
   2.346      0.824224
   2.352      0.821940
   2.358      0.819645
   2.363      0.817337
   2.369      0.815019
   2.374      0.812689
   2.380      0.810348
   2.386      0.807997
   2.391      0.805635
   2.397      0.803263
   2.402      0.800881
   2.408      0.798489
   2.414      0.796087
   2.419      0.793676
   2.425      0.791256
   2.430      0.788826
   2.436      0.786388
   2.442      0.783941
   2.447      0.781485
   2.453      0.779021
   2.458      0.776549
   2.464      0.774069
   2.470      0.771582
   2.475      0.769086
   2.481      0.766583
   2.486      0.764073
   2.492      0.761556
   2.498      0.759032
   2.503      0.756502
   2.509      0.753965
   2.514      0.751421
   2.520      0.748871
   2.526      0.746315
   2.531      0.743754
   2.537      0.741186
   2.542      0.738614
   2.548      0.736035
   2.554      0.733452
   2.559      0.730863
   2.565      0.728270
   2.570      0.725671
   2.576      0.723069
   2.582      0.720461
   2.587      0.717850
   2.593      0.715234
   2.598      0.712614
   2.604      0.709991
   2.610      0.707364
   2.615      0.704733
   2.621      0.702098
   2.626      0.699461
   2.632      0.696820
   2.638      0.694177
   2.643      0.691530
   2.649      0.688881
   2.654      0.686229
   2.660      0.683575
   2.666      0.680918
   2.671      0.678260
   2.677      0.675599
   2.682      0.672936
   2.688      0.670272
   2.694      0.667606
   2.699      0.664938
   2.705      0.662269
   2.710      0.659598
   2.716      0.656927
   2.722      0.654254
   2.727      0.651580
   2.733      0.648906
   2.738      0.646231
   2.744      0.643555
   2.750      0.640879
   2.755      0.638203
   2.761      0.635526
   2.766      0.632849
   2.772      0.630172
   2.778      0.627495
   2.783      0.624819
   2.789      0.622143
   2.794      0.619467
   2.800      0.616792
   2.806      0.614117
   2.811      0.611443
   2.817      0.608770
   2.822      0.606097
   2.828      0.603426
   2.834      0.600756
   2.839      0.598087
   2.845      0.595420
   2.850      0.592754
   2.856      0.590089
   2.862      0.587426
   2.867      0.584765
   2.873      0.582106
   2.878      0.579448
   2.884      0.576793
   2.890      0.574139
   2.895      0.571488
   2.901      0.568839
   2.906      0.566193
   2.912      0.563549
   2.918      0.560907
   2.923      0.558268
   2.929      0.555632
   2.934      0.552999
   2.940      0.550368
   2.946      0.547740
   2.951      0.545116
   2.957      0.542494
   2.962      0.539876
   2.968      0.537261
   2.974      0.534649
   2.979      0.532041
   2.985      0.529436
   2.990      0.526835
   2.996      0.524237
   3.002      0.521643
   3.007      0.519053
   3.013      0.516467
   3.018      0.513885
   3.024      0.511306
   3.030      0.508732
   3.035      0.506162
   3.041      0.503596
   3.046      0.501035
   3.052      0.498477
   3.058      0.495924
   3.063      0.493376
   3.069      0.490832
   3.074      0.488293
   3.080      0.485758
   3.086      0.483228
   3.091      0.480703
   3.097      0.478183
   3.102      0.475667
   3.108      0.473157
   3.114      0.470652
   3.119      0.468151
   3.125      0.465656
   3.130      0.463166
   3.136      0.460681
   3.142      0.458202
   3.147      0.455727
   3.153      0.453259
   3.158      0.450795
   3.164      0.448337
   3.170      0.445885
   3.175      0.443439
   3.181      0.440998
   3.186      0.438562
   3.192      0.436133
   3.198      0.433709
   3.203      0.431291
   3.209      0.428879
   3.214      0.426473
   3.220      0.424073
   3.226      0.421679
   3.231      0.419291
   3.237      0.416909
   3.242      0.414533
   3.248      0.412163
   3.254      0.409800
   3.259      0.407443
   3.265      0.405092
   3.270      0.402748
   3.276      0.400410
   3.282      0.398078
   3.287      0.395753
   3.293      0.393435
   3.298      0.391123
   3.304      0.388817
   3.310      0.386518
   3.315      0.384226
   3.321      0.381941
   3.326      0.379662
   3.332      0.377390
   3.338      0.375125
   3.343      0.372866
   3.349      0.370615
   3.354      0.368370
   3.360      0.366132
   3.366      0.363901
   3.371      0.361678
   3.377      0.359461
   3.382      0.357251
   3.388      0.355048
   3.394      0.352852
   3.399      0.350664
   3.405      0.348482
   3.410      0.346308
   3.416      0.344141
   3.422      0.341981
   3.427      0.339828
   3.433      0.337683
   3.438      0.335544
   3.444      0.333414
   3.450      0.331290
   3.455      0.329174
   3.461      0.327065
   3.466      0.324963
   3.472      0.322869
   3.478      0.320783
   3.483      0.318704
   3.489      0.316632
   3.494      0.314568
   3.500      0.312511
   3.506      0.310462
   3.511      0.308420
   3.517      0.306386
   3.522      0.304359
   3.528      0.302340
   3.534      0.300329
   3.539      0.298325
   3.545      0.296329
   3.550      0.294340
   3.556      0.292359
   3.562      0.290386
   3.567      0.288420
   3.573      0.286462
   3.578      0.284512
   3.584      0.282570
   3.590      0.280635
   3.595      0.278708
   3.601      0.276789
   3.606      0.274877
   3.612      0.272973
   3.618      0.271077
   3.623      0.269189
   3.629      0.267309
   3.634      0.265436
   3.640      0.263571
   3.646      0.261714
   3.651      0.259865
   3.657      0.258023
   3.662      0.256190
   3.668      0.254364
   3.674      0.252546
   3.679      0.250736
   3.685      0.248934
   3.690      0.247139
   3.696      0.245353
   3.702      0.243574
   3.707      0.241803
   3.713      0.240040
   3.718      0.238285
   3.724      0.236538
   3.730      0.234798
   3.735      0.233067
   3.741      0.231343
   3.746      0.229627
   3.752      0.227919
   3.758      0.226219
   3.763      0.224527
   3.769      0.222843
   3.774      0.221166
   3.780      0.219497
   3.786      0.217837
   3.791      0.216184
   3.797      0.214539
   3.802      0.212901
   3.808      0.211272
   3.814      0.209650
   3.819      0.208037
   3.825      0.206431
   3.830      0.204833
   3.836      0.203243
   3.842      0.201660
   3.847      0.200086
   3.853      0.198519
   3.858      0.196960
   3.864      0.195409
   3.870      0.193865
   3.875      0.192330
   3.881      0.190802
   3.886      0.189282
   3.892      0.187770
   3.898      0.186265
   3.903      0.184768
   3.909      0.183279
   3.914      0.181798
   3.920      0.180324
   3.926      0.178859
   3.931      0.177400
   3.937      0.175950
   3.942      0.174507
   3.948      0.173072
   3.954      0.171645
   3.959      0.170225
   3.965      0.168813
   3.970      0.167408
   3.976      0.166011
   3.982      0.164622
   3.987      0.163240
   3.993      0.161866
   3.998      0.160500
   4.004      0.159141
   4.010      0.157789
   4.015      0.156445
   4.021      0.155109
   4.026      0.153780
   4.032      0.152459
   4.038      0.151145
   4.043      0.149839
   4.049      0.148540
   4.054      0.147248
   4.060      0.145964
   4.066      0.144688
   4.071      0.143418
   4.077      0.142156
   4.082      0.140902
   4.088      0.139655
   4.094      0.138415
   4.099      0.137182
   4.105      0.135957
   4.110      0.134739
   4.116      0.133529
   4.122      0.132325
   4.127      0.131129
   4.133      0.129940
   4.138      0.128758
   4.144      0.127584
   4.150      0.126417
   4.155      0.125256
   4.161      0.124103
   4.166      0.122957
   4.172      0.121819
   4.178      0.120687
   4.183      0.119562
   4.189      0.118444
   4.194      0.117334
   4.200      0.116230
   4.206      0.115133
   4.211      0.114044
   4.217      0.112961
   4.222      0.111885
   4.228      0.110816
   4.234      0.109754
   4.239      0.108699
   4.245      0.107651
   4.250      0.106610
   4.256      0.105575
   4.262      0.104547
   4.267      0.103526
   4.273      0.102512
   4.278      0.101504
   4.284      0.100504
   4.290      0.099509
   4.295      0.098522
   4.301      0.097541
   4.306      0.096567
   4.312      0.095599
   4.318      0.094638
   4.323      0.093684
   4.329      0.092736
   4.334      0.091795
   4.340      0.090860
   4.346      0.089931
   4.351      0.089009
   4.357      0.088094
   4.362      0.087185
   4.368      0.086282
   4.374      0.085386
   4.379      0.084496
   4.385      0.083612
   4.390      0.082735
   4.396      0.081864
   4.402      0.080999
   4.407      0.080140
   4.413      0.079288
   4.418      0.078441
   4.424      0.077601
   4.430      0.076767
   4.435      0.075940
   4.441      0.075118
   4.446      0.074302
   4.452      0.073493
   4.458      0.072689
   4.463      0.071892
   4.469      0.071100
   4.474      0.070314
   4.480      0.069535
   4.486      0.068761
   4.491      0.067993
   4.497      0.067231
   4.502      0.066474
   4.508      0.065724
   4.514      0.064979
   4.519      0.064240
   4.525      0.063507
   4.530      0.062780
   4.536      0.062058
   4.542      0.061342
   4.547      0.060631
   4.553      0.059927
   4.558      0.059227
   4.564      0.058534
   4.570      0.057846
   4.575      0.057163
   4.581      0.056486
   4.586      0.055814
   4.592      0.055148
   4.598      0.054487
   4.603      0.053832
   4.609      0.053182
   4.614      0.052537
   4.620      0.051898
   4.626      0.051264
   4.631      0.050635
   4.637      0.050011
   4.642      0.049393
   4.648      0.048780
   4.654      0.048172
   4.659      0.047569
   4.665      0.046971
   4.670      0.046379
   4.676      0.045791
   4.682      0.045209
   4.687      0.044631
   4.693      0.044059
   4.698      0.043492
   4.704      0.042929
   4.710      0.042371
   4.715      0.041819
   4.721      0.041271
   4.726      0.040728
   4.732      0.040190
   4.738      0.039657
   4.743      0.039128
   4.749      0.038604
   4.754      0.038085
   4.760      0.037571
   4.766      0.037061
   4.771      0.036556
   4.777      0.036056
   4.782      0.035560
   4.788      0.035069
   4.794      0.034582
   4.799      0.034100
   4.805      0.033622
   4.810      0.033149
   4.816      0.032680
   4.822      0.032216
   4.827      0.031756
   4.833      0.031300
   4.838      0.030849
   4.844      0.030402
   4.850      0.029960
   4.855      0.029522
   4.861      0.029088
   4.866      0.028658
   4.872      0.028232
   4.878      0.027811
   4.883      0.027394
   4.889      0.026981
   4.894      0.026572
   4.900      0.026167
   4.906      0.025766
   4.911      0.025369
   4.917      0.024976
   4.922      0.024588
   4.928      0.024203
   4.934      0.023822
   4.939      0.023445
   4.945      0.023072
   4.950      0.022703
   4.956      0.022337
   4.962      0.021976
   4.967      0.021618
   4.973      0.021264
   4.978      0.020914
   4.984      0.020567
   4.990      0.020224
   4.995      0.019885
   5.001      0.019550
   5.006      0.019218
   5.012      0.018890
   5.018      0.018565
   5.023      0.018244
   5.029      0.017926
   5.034      0.017612
   5.040      0.017302
   5.046      0.016995
   5.051      0.016691
   5.057      0.016391
   5.062      0.016094
   5.068      0.015801
   5.074      0.015510
   5.079      0.015224
   5.085      0.014940
   5.090      0.014660
   5.096      0.014383
   5.102      0.014109
   5.107      0.013839
   5.113      0.013571
   5.118      0.013307
   5.124      0.013046
   5.130      0.012789
   5.135      0.012534
   5.141      0.012282
   5.146      0.012034
   5.152      0.011788
   5.158      0.011546
   5.163      0.011306
   5.169      0.011069
   5.174      0.010836
   5.180      0.010605
   5.186      0.010377
   5.191      0.010152
   5.197      0.009930
   5.202      0.009711
   5.208      0.009495
   5.214      0.009281
   5.219      0.009070
   5.225      0.008862
   5.230      0.008657
   5.236      0.008454
   5.242      0.008254
   5.247      0.008057
   5.253      0.007862
   5.258      0.007670
   5.264      0.007480
   5.270      0.007293
   5.275      0.007109
   5.281      0.006927
   5.286      0.006748
   5.292      0.006571
   5.298      0.006396
   5.303      0.006224
   5.309      0.006055
   5.314      0.005888
   5.320      0.005723
   5.326      0.005561
   5.331      0.005401
   5.337      0.005243
   5.342      0.005087
   5.348      0.004934
   5.354      0.004783
   5.359      0.004635
   5.365      0.004488
   5.370      0.004344
   5.376      0.004202
   5.382      0.004062
   5.387      0.003925
   5.393      0.003789
   5.398      0.003655
   5.404      0.003524
   5.410      0.003395
   5.415      0.003267
   5.421      0.003142
   5.426      0.003019
   5.432      0.002897
   5.438      0.002778
   5.443      0.002661
   5.449      0.002545
   5.454      0.002431
   5.460      0.002320
   5.466      0.002210
   5.471      0.002102
   5.477      0.001996
   5.482      0.001891
   5.488      0.001789
   5.494      0.001688
   5.499      0.001589
   5.505      0.001491
   5.510      0.001396
   5.516      0.001302
   5.522      0.001209
   5.527      0.001118
   5.533      0.001029
   5.538      0.000942
   5.544      0.000856
   5.550      0.000771
   5.555      0.000688
   5.561      0.000607
   5.566      0.000527
   5.572      0.000448
   5.578      0.000370
   5.583      0.000294
   5.589      0.000219
   5.594      0.000145
   5.600      0.000072
   5.606      0.000000
