   0.006     -0.000625
   0.011      0.000313
   0.017      0.001251
   0.023      0.002814
   0.029      0.005002
   0.034      0.007813
   0.040      0.011245
   0.046      0.015297
   0.051      0.019968
   0.057      0.025254
   0.063      0.031153
   0.068      0.037663
   0.074      0.044779
   0.080      0.052498
   0.086      0.060817
   0.091      0.069731
   0.097      0.079236
   0.103      0.089327
   0.108      0.099999
   0.114      0.111246
   0.120      0.123062
   0.125      0.135443
   0.131      0.148381
   0.137      0.161869
   0.143      0.175901
   0.148      0.190470
   0.154      0.205568
   0.160      0.221187
   0.165      0.237320
   0.171      0.253957
   0.177      0.271091
   0.182      0.288713
   0.188      0.306813
   0.194      0.325382
   0.200      0.344410
   0.205      0.363889
   0.211      0.383806
   0.217      0.404153
   0.222      0.424919
   0.228      0.446092
   0.234      0.467662
   0.239      0.489617
   0.245      0.511947
   0.251      0.534639
   0.257      0.557682
   0.262      0.581063
   0.268      0.604771
   0.274      0.628793
   0.279      0.653116
   0.285      0.677728
   0.291      0.702616
   0.296      0.727766
   0.302      0.753166
   0.308      0.778803
   0.314      0.804662
   0.319      0.830731
   0.325      0.856995
   0.331      0.883441
   0.336      0.910054
   0.342      0.936822
   0.348      0.963729
   0.353      0.990763
   0.359      1.017907
   0.365      1.045149
   0.370      1.072474
   0.376      1.099867
   0.382      1.127314
   0.388      1.154801
   0.393      1.182313
   0.399      1.209836
   0.405      1.237356
   0.410      1.264856
   0.416      1.292325
   0.422      1.319746
   0.427      1.347106
   0.433      1.374389
   0.439      1.401583
   0.445      1.428672
   0.450      1.455642
   0.456      1.482479
   0.462      1.509170
   0.467      1.535699
   0.473      1.562054
   0.479      1.588220
   0.485      1.614184
   0.490      1.639932
   0.496      1.665451
   0.502      1.690728
   0.507      1.715748
   0.513      1.740500
   0.519      1.764971
   0.524      1.789147
   0.530      1.813017
   0.536      1.836568
   0.541      1.859787
   0.547      1.882663
   0.553      1.905184
   0.559      1.927339
   0.564      1.949116
   0.570      1.970503
   0.576      1.991491
   0.581      2.012068
   0.587      2.032224
   0.593      2.051948
   0.599      2.071231
   0.604      2.090062
   0.610      2.108433
   0.616      2.126334
   0.621      2.143756
   0.627      2.160690
   0.633      2.177128
   0.638      2.193061
   0.644      2.208482
   0.650      2.223383
   0.655      2.237757
   0.661      2.251596
   0.667      2.264894
   0.673      2.277644
   0.678      2.289840
   0.684      2.301476
   0.690      2.312546
   0.695      2.323046
   0.701      2.332969
   0.707      2.342312
   0.713      2.351070
   0.718      2.359238
   0.724      2.366812
   0.730      2.373790
   0.735      2.380168
   0.741      2.385943
   0.747      2.391112
   0.752      2.395673
   0.758      2.399623
   0.764      2.402962
   0.770      2.405687
   0.775      2.407798
   0.781      2.409293
   0.787      2.410172
   0.792      2.410435
   0.798      2.410081
   0.804      2.409111
   0.809      2.407525
   0.815      2.405325
   0.821      2.402511
   0.827      2.399084
   0.832      2.395047
   0.838      2.390401
   0.844      2.385148
   0.849      2.379291
   0.855      2.372833
   0.861      2.365776
   0.866      2.358124
   0.872      2.349881
   0.878      2.341049
   0.884      2.331633
   0.889      2.321637
   0.895      2.311066
   0.901      2.299923
   0.906      2.288216
   0.912      2.275947
   0.918      2.263123
   0.923      2.249750
   0.929      2.235832
   0.935      2.221377
   0.941      2.206390
   0.946      2.190878
   0.952      2.174847
   0.958      2.158305
   0.963      2.141258
   0.969      2.123714
   0.975      2.105680
   0.980      2.087164
   0.986      2.068173
   0.992      2.048716
   0.998      2.028801
   1.003      2.008436
   1.009      1.987630
   1.015      1.966391
   1.020      1.944728
   1.026      1.922650
   1.032      1.900167
   1.037      1.877287
   1.043      1.854021
   1.049      1.830377
   1.054      1.806365
   1.060      1.781996
   1.066      1.757279
   1.072      1.732225
   1.077      1.706843
   1.083      1.681144
   1.089      1.655138
   1.094      1.628836
   1.100      1.602249
   1.106      1.575386
   1.111      1.548260
   1.117      1.520880
   1.123      1.493258
   1.129      1.465405
   1.134      1.437332
   1.140      1.409049
   1.146      1.380568
   1.151      1.351900
   1.157      1.323057
   1.163      1.294049
   1.169      1.264888
   1.174      1.235585
   1.180      1.206152
   1.186      1.176599
   1.191      1.146937
   1.197      1.117179
   1.203      1.087335
   1.208      1.057416
   1.214      1.027434
   1.220      0.997399
   1.226      0.967323
   1.231      0.937216
   1.237      0.907090
   1.243      0.876956
   1.248      0.846823
   1.254      0.816703
   1.260      0.786607
   1.265      0.756544
   1.271      0.726526
   1.277      0.696562
   1.282      0.666663
   1.288      0.636838
   1.294      0.607098
   1.300      0.577453
   1.305      0.547911
   1.311      0.518483
   1.317      0.489178
   1.322      0.460004
   1.328      0.430972
   1.334      0.402090
   1.340      0.373366
   1.345      0.344809
   1.351      0.316428
   1.357      0.288231
   1.362      0.260225
   1.368      0.232418
   1.374      0.204819
   1.379      0.177434
   1.385      0.150270
   1.391      0.123336
   1.397      0.096637
   1.402      0.070179
   1.408      0.043971
   1.414      0.018017
   1.419     -0.007677
   1.425     -0.033103
   1.431     -0.058258
   1.436     -0.083136
   1.442     -0.107731
   1.448     -0.132038
   1.454     -0.156054
   1.459     -0.179772
   1.465     -0.203190
   1.471     -0.226303
   1.476     -0.249107
   1.482     -0.271598
   1.488     -0.293774
   1.493     -0.315630
   1.499     -0.337164
   1.505     -0.358373
   1.510     -0.379255
   1.516     -0.399806
   1.522     -0.420025
   1.528     -0.439910
   1.533     -0.459459
   1.539     -0.478671
   1.545     -0.497543
   1.550     -0.516075
   1.556     -0.534266
   1.562     -0.552115
   1.568     -0.569621
   1.573     -0.586783
   1.579     -0.603603
   1.585     -0.620078
   1.590     -0.636210
   1.596     -0.651999
   1.602     -0.667444
   1.607     -0.682547
   1.613     -0.697308
   1.619     -0.711728
   1.625     -0.725808
   1.630     -0.739549
   1.636     -0.752953
   1.642     -0.766020
   1.647     -0.778753
   1.653     -0.791153
   1.659     -0.803222
   1.664     -0.814961
   1.670     -0.826373
   1.676     -0.837461
   1.681     -0.848225
   1.687     -0.858670
   1.693     -0.868796
   1.699     -0.878607
   1.704     -0.888105
   1.710     -0.897294
   1.716     -0.906175
   1.721     -0.914753
   1.727     -0.923029
   1.733     -0.931008
   1.739     -0.938691
   1.744     -0.946083
   1.750     -0.953187
   1.756     -0.960005
   1.761     -0.966542
   1.767     -0.972801
   1.773     -0.978785
   1.778     -0.984499
   1.784     -0.989944
   1.790     -0.995126
   1.796     -1.000048
   1.801     -1.004713
   1.807     -1.009126
   1.813     -1.013290
   1.818     -1.017208
   1.824     -1.020885
   1.830     -1.024325
   1.835     -1.027530
   1.841     -1.030506
   1.847     -1.033256
   1.853     -1.035784
   1.858     -1.038093
   1.864     -1.040188
   1.870     -1.042072
   1.875     -1.043750
   1.881     -1.045225
   1.887     -1.046501
   1.892     -1.047581
   1.898     -1.048470
   1.904     -1.049172
   1.909     -1.049690
   1.915     -1.050028
   1.921     -1.050190
   1.927     -1.050179
   1.932     -1.050000
   1.938     -1.049655
   1.944     -1.049149
   1.949     -1.048485
   1.955     -1.047668
   1.961     -1.046699
   1.967     -1.045584
   1.972     -1.044324
   1.978     -1.042925
   1.984     -1.041390
   1.989     -1.039721
   1.995     -1.037922
   2.001     -1.035997
   2.006     -1.033949
   2.012     -1.031780
   2.018     -1.029495
   2.023     -1.027097
   2.029     -1.024588
   2.035     -1.021972
   2.041     -1.019252
   2.046     -1.016430
   2.052     -1.013510
   2.058     -1.010495
   2.063     -1.007388
   2.069     -1.004191
   2.075     -1.000908
   2.081     -0.997540
   2.086     -0.994091
   2.092     -0.990564
   2.098     -0.986961
   2.103     -0.983284
   2.109     -0.979537
   2.115     -0.975721
   2.120     -0.971840
   2.126     -0.967895
   2.132     -0.963889
   2.138     -0.959824
   2.143     -0.955704
   2.149     -0.951528
   2.155     -0.947302
   2.160     -0.943025
   2.166     -0.938700
   2.172     -0.934331
   2.177     -0.929917
   2.183     -0.925462
   2.189     -0.920968
   2.195     -0.916436
   2.200     -0.911868
   2.206     -0.907267
   2.212     -0.902633
   2.217     -0.897969
   2.223     -0.893277
   2.229     -0.888558
   2.234     -0.883813
   2.240     -0.879045
   2.246     -0.874255
   2.252     -0.869445
   2.257     -0.864616
   2.263     -0.859769
   2.269     -0.854907
   2.274     -0.850030
   2.280     -0.845140
   2.286     -0.840238
   2.291     -0.835326
   2.297     -0.830404
   2.303     -0.825475
   2.308     -0.820539
   2.314     -0.815598
   2.320     -0.810652
   2.326     -0.805703
   2.331     -0.800753
   2.337     -0.795801
   2.343     -0.790850
   2.348     -0.785900
   2.354     -0.780952
   2.360     -0.776007
   2.365     -0.771066
   2.371     -0.766131
   2.377     -0.761201
   2.383     -0.756278
   2.388     -0.751364
   2.394     -0.746457
   2.400     -0.741560
   2.405     -0.736674
   2.411     -0.731798
   2.417     -0.726934
   2.422     -0.722082
   2.428     -0.717244
   2.434     -0.712419
   2.440     -0.707608
   2.445     -0.702813
   2.451     -0.698033
   2.457     -0.693269
   2.462     -0.688523
   2.468     -0.683793
   2.474     -0.679081
   2.480     -0.674388
   2.485     -0.669714
   2.491     -0.665058
   2.497     -0.660423
   2.502     -0.655807
   2.508     -0.651213
   2.514     -0.646639
   2.519     -0.642086
   2.525     -0.637555
   2.531     -0.633046
   2.537     -0.628559
   2.542     -0.624094
   2.548     -0.619653
   2.554     -0.615234
   2.559     -0.610839
   2.565     -0.606467
   2.571     -0.602118
   2.576     -0.597794
   2.582     -0.593494
   2.588     -0.589218
   2.594     -0.584966
   2.599     -0.580739
   2.605     -0.576536
   2.611     -0.572358
   2.616     -0.568205
   2.622     -0.564077
   2.628     -0.559974
   2.633     -0.555896
   2.639     -0.551843
   2.645     -0.547816
   2.651     -0.543813
   2.656     -0.539836
   2.662     -0.535884
   2.668     -0.531957
   2.673     -0.528056
   2.679     -0.524180
   2.685     -0.520329
   2.690     -0.516503
   2.696     -0.512703
   2.702     -0.508928
   2.708     -0.505178
   2.713     -0.501453
   2.719     -0.497753
   2.725     -0.494078
   2.730     -0.490428
   2.736     -0.486803
   2.742     -0.483203
   2.747     -0.479628
   2.753     -0.476077
   2.759     -0.472551
   2.764     -0.469049
   2.770     -0.465572
   2.776     -0.462118
   2.782     -0.458690
   2.787     -0.455285
   2.793     -0.451904
   2.799     -0.448547
   2.804     -0.445214
   2.810     -0.441904
   2.816     -0.438618
   2.821     -0.435355
   2.827     -0.432116
   2.833     -0.428900
   2.839     -0.425707
   2.844     -0.422536
   2.850     -0.419389
   2.856     -0.416264
   2.861     -0.413162
   2.867     -0.410082
   2.873     -0.407024
   2.879     -0.403988
   2.884     -0.400975
   2.890     -0.397983
   2.896     -0.395013
   2.901     -0.392064
   2.907     -0.389137
   2.913     -0.386231
   2.918     -0.383346
   2.924     -0.380482
   2.930     -0.377639
   2.936     -0.374817
   2.941     -0.372015
   2.947     -0.369234
   2.953     -0.366473
   2.958     -0.363732
   2.964     -0.361011
   2.970     -0.358310
   2.975     -0.355629
   2.981     -0.352967
   2.987     -0.350325
   2.993     -0.347701
   2.998     -0.345097
   3.004     -0.342512
   3.010     -0.339946
   3.015     -0.337399
   3.021     -0.334870
   3.027     -0.332359
   3.032     -0.329867
   3.038     -0.327393
   3.044     -0.324937
   3.050     -0.322499
   3.055     -0.320078
   3.061     -0.317675
   3.067     -0.315290
   3.072     -0.312922
   3.078     -0.310571
   3.084     -0.308237
   3.089     -0.305920
   3.095     -0.303620
   3.101     -0.301337
   3.107     -0.299070
   3.112     -0.296819
   3.118     -0.294585
   3.124     -0.292366
   3.129     -0.290164
   3.135     -0.287978
   3.141     -0.285807
   3.146     -0.283652
   3.152     -0.281513
   3.158     -0.279389
   3.163     -0.277280
   3.169     -0.275186
   3.175     -0.273107
   3.181     -0.271044
   3.186     -0.268994
   3.192     -0.266960
   3.198     -0.264940
   3.203     -0.262935
   3.209     -0.260944
   3.215     -0.258967
   3.220     -0.257004
   3.226     -0.255055
   3.232     -0.253119
   3.238     -0.251198
   3.243     -0.249290
   3.249     -0.247396
   3.255     -0.245515
   3.260     -0.243647
   3.266     -0.241793
   3.272     -0.239952
   3.278     -0.238123
   3.283     -0.236308
   3.289     -0.234505
   3.295     -0.232715
   3.300     -0.230937
   3.306     -0.229172
   3.312     -0.227419
   3.317     -0.225679
   3.323     -0.223950
   3.329     -0.222234
   3.335     -0.220530
   3.340     -0.218837
   3.346     -0.217156
   3.352     -0.215487
   3.357     -0.213830
   3.363     -0.212183
   3.369     -0.210549
   3.374     -0.208925
   3.380     -0.207313
   3.386     -0.205712
   3.392     -0.204122
   3.397     -0.202543
   3.403     -0.200974
   3.409     -0.199417
   3.414     -0.197870
   3.420     -0.196333
   3.426     -0.194807
   3.431     -0.193292
   3.437     -0.191787
   3.443     -0.190292
   3.449     -0.188807
   3.454     -0.187332
   3.460     -0.185868
   3.466     -0.184413
   3.471     -0.182968
   3.477     -0.181533
   3.483     -0.180107
   3.488     -0.178691
   3.494     -0.177284
   3.500     -0.175887
   3.506     -0.174500
   3.511     -0.173121
   3.517     -0.171752
   3.523     -0.170392
   3.528     -0.169041
   3.534     -0.167699
   3.540     -0.166366
   3.545     -0.165041
   3.551     -0.163726
   3.557     -0.162419
   3.562     -0.161121
   3.568     -0.159831
   3.574     -0.158550
   3.580     -0.157277
   3.585     -0.156013
   3.591     -0.154757
   3.597     -0.153509
   3.602     -0.152269
   3.608     -0.151037
   3.614     -0.149814
   3.619     -0.148598
   3.625     -0.147390
   3.631     -0.146190
   3.637     -0.144998
   3.642     -0.143814
   3.648     -0.142637
   3.654     -0.141467
   3.659     -0.140306
   3.665     -0.139151
   3.671     -0.138004
   3.677     -0.136865
   3.682     -0.135732
   3.688     -0.134607
   3.694     -0.133489
   3.699     -0.132378
   3.705     -0.131275
   3.711     -0.130178
   3.716     -0.129088
   3.722     -0.128005
   3.728     -0.126928
   3.734     -0.125859
   3.739     -0.124796
   3.745     -0.123740
   3.751     -0.122691
   3.756     -0.121648
   3.762     -0.120611
   3.768     -0.119581
   3.773     -0.118557
   3.779     -0.117540
   3.785     -0.116529
   3.791     -0.115524
   3.796     -0.114526
   3.802     -0.113533
   3.808     -0.112547
   3.813     -0.111566
   3.819     -0.110592
   3.825     -0.109623
   3.830     -0.108661
   3.836     -0.107704
   3.842     -0.106753
   3.848     -0.105808
   3.853     -0.104868
   3.859     -0.103934
   3.865     -0.103006
   3.870     -0.102084
   3.876     -0.101166
   3.882     -0.100255
   3.887     -0.099348
   3.893     -0.098447
   3.899     -0.097552
   3.905     -0.096661
   3.910     -0.095776
   3.916     -0.094897
   3.922     -0.094022
   3.927     -0.093152
   3.933     -0.092288
   3.939     -0.091428
   3.944     -0.090574
   3.950     -0.089724
   3.956     -0.088880
   3.962     -0.088040
   3.967     -0.087205
   3.973     -0.086375
   3.979     -0.085550
   3.984     -0.084729
   3.990     -0.083913
   3.996     -0.083102
   4.001     -0.082295
   4.007     -0.081493
   4.013     -0.080695
   4.019     -0.079902
   4.024     -0.079113
   4.030     -0.078329
   4.036     -0.077549
   4.041     -0.076773
   4.047     -0.076002
   4.053     -0.075235
   4.058     -0.074472
   4.064     -0.073713
   4.070     -0.072959
   4.075     -0.072208
   4.081     -0.071462
   4.087     -0.070720
   4.093     -0.069982
   4.098     -0.069248
   4.104     -0.068517
   4.110     -0.067791
   4.115     -0.067068
   4.121     -0.066350
   4.127     -0.065635
   4.133     -0.064924
   4.138     -0.064217
   4.144     -0.063513
   4.150     -0.062813
   4.155     -0.062117
   4.161     -0.061424
   4.167     -0.060735
   4.172     -0.060050
   4.178     -0.059368
   4.184     -0.058689
   4.189     -0.058015
   4.195     -0.057343
   4.201     -0.056675
   4.207     -0.056010
   4.212     -0.055349
   4.218     -0.054691
   4.224     -0.054036
   4.229     -0.053384
   4.235     -0.052736
   4.241     -0.052091
   4.247     -0.051449
   4.252     -0.050811
   4.258     -0.050175
   4.264     -0.049542
   4.269     -0.048913
   4.275     -0.048287
   4.281     -0.047663
   4.286     -0.047043
   4.292     -0.046425
   4.298     -0.045811
   4.304     -0.045199
   4.309     -0.044590
   4.315     -0.043984
   4.321     -0.043381
   4.326     -0.042781
   4.332     -0.042183
   4.338     -0.041589
   4.343     -0.040997
   4.349     -0.040407
   4.355     -0.039821
   4.361     -0.039236
   4.366     -0.038655
   4.372     -0.038076
   4.378     -0.037500
   4.383     -0.036926
   4.389     -0.036355
   4.395     -0.035786
   4.400     -0.035220
   4.406     -0.034656
   4.412     -0.034095
   4.418     -0.033536
   4.423     -0.032980
   4.429     -0.032425
   4.435     -0.031873
   4.440     -0.031324
   4.446     -0.030777
   4.452     -0.030232
   4.457     -0.029689
   4.463     -0.029148
   4.469     -0.028610
   4.474     -0.028074
   4.480     -0.027540
   4.486     -0.027008
   4.492     -0.026478
   4.497     -0.025950
   4.503     -0.025425
   4.509     -0.024901
   4.514     -0.024380
   4.520     -0.023860
   4.526     -0.023343
   4.532     -0.022827
   4.537     -0.022313
   4.543     -0.021802
   4.549     -0.021292
   4.554     -0.020784
   4.560     -0.020278
   4.566     -0.019773
   4.571     -0.019271
   4.577     -0.018770
   4.583     -0.018271
   4.588     -0.017774
   4.594     -0.017279
   4.600     -0.016785
   4.606     -0.016293
   4.611     -0.015803
   4.617     -0.015314
   4.623     -0.014827
   4.628     -0.014342
   4.634     -0.013858
   4.640     -0.013376
   4.646     -0.012896
   4.651     -0.012417
   4.657     -0.011939
   4.663     -0.011463
   4.668     -0.010988
   4.674     -0.010515
   4.680     -0.010044
   4.685     -0.009574
   4.691     -0.009105
   4.697     -0.008637
   4.703     -0.008171
   4.708     -0.007707
   4.714     -0.007244
   4.720     -0.006782
   4.725     -0.006321
   4.731     -0.005862
   4.737     -0.005404
   4.742     -0.004947
   4.748     -0.004491
   4.754     -0.004037
   4.760     -0.003584
   4.765     -0.003132
   4.771     -0.002681
   4.777     -0.002231
   4.782     -0.001783
   4.788     -0.001336
   4.794     -0.000889
   4.799     -0.000444
   4.805      0.000000
