   0.000      1.053122
   0.008      1.053316
   0.015      1.053583
   0.023      1.054520
   0.030      1.056948
   0.038      1.061816
   0.045      1.070057
   0.053      1.082584
   0.061      1.099731
   0.068      1.121533
   0.076      1.147514
   0.083      1.177077
   0.091      1.209618
   0.099      1.244485
   0.106      1.281177
   0.114      1.319274
   0.121      1.358423
   0.129      1.398312
   0.136      1.438731
   0.144      1.479488
   0.152      1.520404
   0.159      1.561356
   0.167      1.602200
   0.174      1.642840
   0.182      1.683144
   0.189      1.723041
   0.197      1.762443
   0.205      1.801251
   0.212      1.839402
   0.220      1.876806
   0.227      1.913399
   0.235      1.949116
   0.243      1.983885
   0.250      2.017702
   0.258      2.050534
   0.265      2.082245
   0.273      2.112777
   0.280      2.142076
   0.288      2.170096
   0.296      2.196785
   0.303      2.222103
   0.311      2.246003
   0.318      2.268447
   0.326      2.289402
   0.333      2.308833
   0.341      2.326704
   0.349      2.342999
   0.356      2.357685
   0.364      2.370743
   0.371      2.382152
   0.379      2.391901
   0.387      2.399973
   0.394      2.406364
   0.402      2.411061
   0.409      2.414065
   0.417      2.415374
   0.424      2.414988
   0.432      2.412917
   0.440      2.409163
   0.447      2.403739
   0.455      2.396662
   0.462      2.387941
   0.470      2.377601
   0.477      2.365656
   0.485      2.352136
   0.493      2.337060
   0.500      2.320459
   0.508      2.302363
   0.515      2.282801
   0.523      2.261810
   0.531      2.239421
   0.538      2.215676
   0.546      2.190608
   0.553      2.164261
   0.561      2.136673
   0.568      2.107887
   0.576      2.077948
   0.584      2.046899
   0.591      2.014785
   0.599      1.981653
   0.606      1.947550
   0.614      1.912523
   0.621      1.876620
   0.629      1.839888
   0.637      1.802378
   0.644      1.764138
   0.652      1.725214
   0.659      1.685662
   0.667      1.645525
   0.675      1.604855
   0.682      1.563703
   0.690      1.522115
   0.697      1.480140
   0.705      1.437828
   0.712      1.395228
   0.720      1.352383
   0.728      1.309347
   0.735      1.266165
   0.743      1.222881
   0.750      1.179547
   0.758      1.136203
   0.765      1.092894
   0.773      1.049667
   0.781      1.006565
   0.788      0.963641
   0.796      0.920972
   0.803      0.878584
   0.811      0.836495
   0.818      0.794721
   0.826      0.753311
   0.834      0.712314
   0.841      0.671770
   0.849      0.631713
   0.856      0.592179
   0.864      0.553204
   0.872      0.514819
   0.879      0.477062
   0.887      0.439964
   0.894      0.403556
   0.902      0.367869
   0.909      0.332932
   0.917      0.298776
   0.925      0.265423
   0.932      0.232903
   0.940      0.201239
   0.947      0.170457
   0.955      0.140576
   0.962      0.111619
   0.970      0.083608
   0.978      0.056557
   0.985      0.030485
   0.993      0.005408
   1.000     -0.018662
   1.008     -0.041705
   1.016     -0.063721
   1.023     -0.084691
   1.031     -0.104613
   1.038     -0.123477
   1.046     -0.141281
   1.053     -0.158021
   1.061     -0.173695
   1.069     -0.188306
   1.076     -0.201851
   1.084     -0.214342
   1.091     -0.225777
   1.099     -0.236173
   1.106     -0.245532
   1.114     -0.253872
   1.122     -0.261204
   1.129     -0.267545
   1.137     -0.272916
   1.144     -0.277330
   1.152     -0.280819
   1.160     -0.283399
   1.167     -0.285106
   1.175     -0.285962
   1.182     -0.286003
   1.190     -0.285260
   1.197     -0.283770
   1.205     -0.281572
   1.213     -0.278706
   1.220     -0.275217
   1.228     -0.271149
   1.235     -0.266548
   1.243     -0.261468
   1.250     -0.255958
   1.258     -0.250075
   1.266     -0.243877
   1.273     -0.237421
   1.281     -0.230773
   1.288     -0.224005
   1.296     -0.217186
   1.304     -0.210365
   1.311     -0.203597
   1.319     -0.196961
   1.326     -0.190543
   1.334     -0.184321
   1.341     -0.178307
   1.349     -0.172495
   1.357     -0.166827
   1.364     -0.161336
   1.372     -0.156025
   1.379     -0.150887
   1.387     -0.145898
   1.394     -0.141055
   1.402     -0.136360
   1.410     -0.131808
   1.417     -0.127395
   1.425     -0.123118
   1.432     -0.118971
   1.440     -0.114951
   1.448     -0.111055
   1.455     -0.107277
   1.463     -0.103616
   1.470     -0.100066
   1.478     -0.096627
   1.485     -0.093292
   1.493     -0.090061
   1.501     -0.086930
   1.508     -0.083894
   1.516     -0.080953
   1.523     -0.078103
   1.531     -0.075341
   1.538     -0.072665
   1.546     -0.070072
   1.554     -0.067561
   1.561     -0.065127
   1.569     -0.062770
   1.576     -0.060486
   1.584     -0.058274
   1.592     -0.056133
   1.599     -0.054058
   1.607     -0.052049
   1.614     -0.050104
   1.622     -0.048221
   1.629     -0.046397
   1.637     -0.044632
   1.645     -0.042923
   1.652     -0.041269
   1.660     -0.039669
   1.667     -0.038120
   1.675     -0.036622
   1.682     -0.035172
   1.690     -0.033769
   1.698     -0.032413
   1.705     -0.031100
   1.713     -0.029831
   1.720     -0.028604
   1.728     -0.027418
   1.736     -0.026272
   1.743     -0.025163
   1.751     -0.024092
   1.758     -0.023057
   1.766     -0.022056
   1.773     -0.021091
   1.781     -0.020157
   1.789     -0.019256
   1.796     -0.018385
   1.804     -0.017546
   1.811     -0.016734
   1.819     -0.015952
   1.826     -0.015197
   1.834     -0.014467
   1.842     -0.013765
   1.849     -0.013087
   1.857     -0.012434
   1.864     -0.011804
   1.872     -0.011196
   1.880     -0.010611
   1.887     -0.010047
   1.895     -0.009505
   1.902     -0.008981
   1.910     -0.008478
   1.917     -0.007993
   1.925     -0.007527
   1.933     -0.007079
   1.940     -0.006646
   1.948     -0.006232
   1.955     -0.005833
   1.963     -0.005450
   1.970     -0.005081
   1.978     -0.004727
   1.986     -0.004387
   1.993     -0.004062
   2.001     -0.003748
   2.008     -0.003448
   2.016     -0.003160
   2.024     -0.002884
   2.031     -0.002619
   2.039     -0.002366
   2.046     -0.002123
   2.054     -0.001891
   2.061     -0.001669
   2.069     -0.001456
   2.077     -0.001253
   2.084     -0.001059
   2.092     -0.000873
   2.099     -0.000696
   2.107     -0.000527
   2.114     -0.000365
   2.122     -0.000212
   2.130     -0.000065
   2.137      0.000074
   2.145      0.000207
   2.152      0.000333
   2.160      0.000453
   2.167      0.000568
   2.175      0.000676
   2.183      0.000778
   2.190      0.000876
   2.198      0.000968
   2.205      0.001055
   2.213      0.001138
   2.221      0.001216
   2.228      0.001290
   2.236      0.001359
   2.243      0.001425
   2.251      0.001487
   2.258      0.001544
   2.266      0.001599
   2.274      0.001650
   2.281      0.001698
   2.289      0.001743
   2.296      0.001784
   2.304      0.001823
   2.311      0.001859
   2.319      0.001893
   2.327      0.001924
   2.334      0.001953
   2.342      0.001979
   2.349      0.002004
   2.357      0.002026
   2.365      0.002047
   2.372      0.002066
   2.380      0.002083
   2.387      0.002098
   2.395      0.002112
   2.402      0.002125
   2.410      0.002136
   2.418      0.002146
   2.425      0.002154
   2.433      0.002162
   2.440      0.002168
   2.448      0.002174
   2.455      0.002178
   2.463      0.002182
   2.471      0.002184
   2.478      0.002186
   2.486      0.002187
   2.493      0.002188
   2.501      0.002188
   2.509      0.002187
   2.516      0.002186
   2.524      0.002184
   2.531      0.002182
   2.539      0.002179
   2.546      0.002176
   2.554      0.002173
   2.562      0.002169
   2.569      0.002165
   2.577      0.002161
   2.584      0.002157
   2.592      0.002152
   2.599      0.002147
   2.607      0.002142
   2.615      0.002137
   2.622      0.002132
   2.630      0.002126
   2.637      0.002121
   2.645      0.002115
   2.653      0.002109
   2.660      0.002104
   2.668      0.002098
   2.675      0.002092
   2.683      0.002086
   2.690      0.002081
   2.698      0.002075
   2.706      0.002069
   2.713      0.002063
   2.721      0.002058
   2.728      0.002052
   2.736      0.002046
   2.743      0.002041
   2.751      0.002035
   2.759      0.002029
   2.766      0.002024
   2.774      0.002018
   2.781      0.002013
   2.789      0.002007
   2.797      0.002002
   2.804      0.001996
   2.812      0.001991
   2.819      0.001986
   2.827      0.001980
   2.834      0.001975
   2.842      0.001970
   2.850      0.001965
   2.857      0.001959
   2.865      0.001954
   2.872      0.001949
   2.880      0.001944
   2.887      0.001939
   2.895      0.001934
   2.903      0.001929
   2.910      0.001924
   2.918      0.001919
   2.925      0.001914
   2.933      0.001909
   2.941      0.001904
   2.948      0.001899
   2.956      0.001894
   2.963      0.001889
   2.971      0.001884
   2.978      0.001880
   2.986      0.001875
   2.994      0.001870
   3.001      0.001865
   3.009      0.001861
   3.016      0.001856
