   0.006      0.000810
   0.011      0.009308
   0.017      0.017806
   0.023      0.026594
   0.029      0.035420
   0.034      0.044256
   0.040      0.053095
   0.046      0.061934
   0.051      0.070772
   0.057      0.079608
   0.063      0.088442
   0.068      0.097272
   0.074      0.106099
   0.080      0.114922
   0.086      0.123742
   0.091      0.132556
   0.097      0.141366
   0.103      0.150171
   0.108      0.158970
   0.114      0.167763
   0.120      0.176550
   0.125      0.185331
   0.131      0.194105
   0.137      0.202872
   0.143      0.211631
   0.148      0.220383
   0.154      0.229126
   0.160      0.237861
   0.165      0.246588
   0.171      0.255305
   0.177      0.264013
   0.182      0.272712
   0.188      0.281401
   0.194      0.290079
   0.200      0.298747
   0.205      0.307404
   0.211      0.316049
   0.217      0.324683
   0.222      0.333306
   0.228      0.341916
   0.234      0.350514
   0.239      0.359099
   0.245      0.367671
   0.251      0.376229
   0.257      0.384774
   0.262      0.393305
   0.268      0.401822
   0.274      0.410324
   0.279      0.418811
   0.285      0.427282
   0.291      0.435739
   0.296      0.444179
   0.302      0.452604
   0.308      0.461011
   0.314      0.469403
   0.319      0.477777
   0.325      0.486133
   0.331      0.494472
   0.336      0.502793
   0.342      0.511096
   0.348      0.519380
   0.353      0.527645
   0.359      0.535892
   0.365      0.544118
   0.370      0.552325
   0.376      0.560512
   0.382      0.568678
   0.388      0.576824
   0.393      0.584948
   0.399      0.593052
   0.405      0.601133
   0.410      0.609193
   0.416      0.617231
   0.422      0.625246
   0.427      0.633239
   0.433      0.641208
   0.439      0.649154
   0.445      0.657076
   0.450      0.664974
   0.456      0.672848
   0.462      0.680698
   0.467      0.688523
   0.473      0.696322
   0.479      0.704096
   0.485      0.711844
   0.490      0.719566
   0.496      0.727262
   0.502      0.734932
   0.507      0.742574
   0.513      0.750189
   0.519      0.757777
   0.524      0.765336
   0.530      0.772868
   0.536      0.780371
   0.541      0.787846
   0.547      0.795292
   0.553      0.802708
   0.559      0.810095
   0.564      0.817452
   0.570      0.824779
   0.576      0.832075
   0.581      0.839341
   0.587      0.846575
   0.593      0.853779
   0.599      0.860950
   0.604      0.868090
   0.610      0.875198
   0.616      0.882273
   0.621      0.889315
   0.627      0.896324
   0.633      0.903300
   0.638      0.910242
   0.644      0.917151
   0.650      0.924025
   0.655      0.930864
   0.661      0.937669
   0.667      0.944439
   0.673      0.951173
   0.678      0.957871
   0.684      0.964534
   0.690      0.971160
   0.695      0.977750
   0.701      0.984303
   0.707      0.990818
   0.713      0.997297
   0.718      1.003737
   0.724      1.010139
   0.730      1.016504
   0.735      1.022829
   0.741      1.029116
   0.747      1.035363
   0.752      1.041571
   0.758      1.047739
   0.764      1.053868
   0.770      1.059955
   0.775      1.066002
   0.781      1.072009
   0.787      1.077974
   0.792      1.083897
   0.798      1.089779
   0.804      1.095618
   0.809      1.101416
   0.815      1.107170
   0.821      1.112882
   0.827      1.118550
   0.832      1.124175
   0.838      1.129756
   0.844      1.135293
   0.849      1.140785
   0.855      1.146233
   0.861      1.151636
   0.866      1.156993
   0.872      1.162305
   0.878      1.167571
   0.884      1.172791
   0.889      1.177965
   0.895      1.183092
   0.901      1.188172
   0.906      1.193205
   0.912      1.198190
   0.918      1.203128
   0.923      1.208017
   0.929      1.212858
   0.935      1.217651
   0.941      1.222394
   0.946      1.227088
   0.952      1.231733
   0.958      1.236328
   0.963      1.240873
   0.969      1.245368
   0.975      1.249812
   0.980      1.254206
   0.986      1.258548
   0.992      1.262839
   0.998      1.267078
   1.003      1.271265
   1.009      1.275401
   1.015      1.279483
   1.020      1.283513
   1.026      1.287490
   1.032      1.291414
   1.037      1.295284
   1.043      1.299101
   1.049      1.302864
   1.054      1.306572
   1.060      1.310226
   1.066      1.313825
   1.072      1.317369
   1.077      1.320858
   1.083      1.324291
   1.089      1.327669
   1.094      1.330990
   1.100      1.334256
   1.106      1.337464
   1.111      1.340617
   1.117      1.343712
   1.123      1.346750
   1.129      1.349731
   1.134      1.352654
   1.140      1.355519
   1.146      1.358326
   1.151      1.361075
   1.157      1.363766
   1.163      1.366398
   1.169      1.368970
   1.174      1.371484
   1.180      1.373939
   1.186      1.376333
   1.191      1.378669
   1.197      1.380944
   1.203      1.383159
   1.208      1.385313
   1.214      1.387408
   1.220      1.389441
   1.226      1.391414
   1.231      1.393326
   1.237      1.395176
   1.243      1.396965
   1.248      1.398692
   1.254      1.400358
   1.260      1.401962
   1.265      1.403504
   1.271      1.404984
   1.277      1.406401
   1.282      1.407756
   1.288      1.409048
   1.294      1.410278
   1.300      1.411444
   1.305      1.412548
   1.311      1.413589
   1.317      1.414566
   1.322      1.415480
   1.328      1.416330
   1.334      1.417117
   1.340      1.417841
   1.345      1.418500
   1.351      1.419096
   1.357      1.419628
   1.362      1.420096
   1.368      1.420500
   1.374      1.420839
   1.379      1.421115
   1.385      1.421326
   1.391      1.421473
   1.397      1.421555
   1.402      1.421574
   1.408      1.421528
   1.414      1.421417
   1.419      1.421242
   1.425      1.421002
   1.431      1.420698
   1.436      1.420330
   1.442      1.419897
   1.448      1.419399
   1.454      1.418838
   1.459      1.418211
   1.465      1.417521
   1.471      1.416766
   1.476      1.415946
   1.482      1.415063
   1.488      1.414115
   1.493      1.413103
   1.499      1.412027
   1.505      1.410887
   1.510      1.409683
   1.516      1.408415
   1.522      1.407084
   1.528      1.405689
   1.533      1.404230
   1.539      1.402708
   1.545      1.401123
   1.550      1.399475
   1.556      1.397763
   1.562      1.395989
   1.568      1.394153
   1.573      1.392253
   1.579      1.390292
   1.585      1.388268
   1.590      1.386183
   1.596      1.384036
   1.602      1.381827
   1.607      1.379557
   1.613      1.377226
   1.619      1.374834
   1.625      1.372381
   1.630      1.369868
   1.636      1.367295
   1.642      1.364662
   1.647      1.361969
   1.653      1.359217
   1.659      1.356406
   1.664      1.353536
   1.670      1.350608
   1.676      1.347622
   1.681      1.344578
   1.687      1.341477
   1.693      1.338318
   1.699      1.335103
   1.704      1.331831
   1.710      1.328503
   1.716      1.325120
   1.721      1.321681
   1.727      1.318187
   1.733      1.314639
   1.739      1.311036
   1.744      1.307380
   1.750      1.303670
   1.756      1.299908
   1.761      1.296093
   1.767      1.292226
   1.773      1.288307
   1.778      1.284338
   1.784      1.280317
   1.790      1.276247
   1.796      1.272127
   1.801      1.267957
   1.807      1.263739
   1.813      1.259473
   1.818      1.255159
   1.824      1.250798
   1.830      1.246390
   1.835      1.241936
   1.841      1.237436
   1.847      1.232891
   1.853      1.228302
   1.858      1.223669
   1.864      1.218992
   1.870      1.214272
   1.875      1.209511
   1.881      1.204707
   1.887      1.199863
   1.892      1.194978
   1.898      1.190053
   1.904      1.185089
   1.909      1.180086
   1.915      1.175045
   1.921      1.169967
   1.927      1.164851
   1.932      1.159700
   1.938      1.154513
   1.944      1.149292
   1.949      1.144036
   1.955      1.138746
   1.961      1.133423
   1.967      1.128069
   1.972      1.122682
   1.978      1.117265
   1.984      1.111817
   1.989      1.106340
   1.995      1.100834
   2.001      1.095299
   2.006      1.089737
   2.012      1.084148
   2.018      1.078533
   2.023      1.072893
   2.029      1.067227
   2.035      1.061538
   2.041      1.055825
   2.046      1.050090
   2.052      1.044332
   2.058      1.038553
   2.063      1.032754
   2.069      1.026935
   2.075      1.021096
   2.081      1.015239
   2.086      1.009365
   2.092      1.003473
   2.098      0.997565
   2.103      0.991641
   2.109      0.985703
   2.115      0.979750
   2.120      0.973784
   2.126      0.967805
   2.132      0.961814
   2.138      0.955811
   2.143      0.949798
   2.149      0.943775
   2.155      0.937743
   2.160      0.931702
   2.166      0.925653
   2.172      0.919597
   2.177      0.913535
   2.183      0.907467
   2.189      0.901394
   2.195      0.895316
   2.200      0.889234
   2.206      0.883150
   2.212      0.877063
   2.217      0.870975
   2.223      0.864885
   2.229      0.858795
   2.234      0.852705
   2.240      0.846617
   2.246      0.840529
   2.252      0.834445
   2.257      0.828362
   2.263      0.822284
   2.269      0.816210
   2.274      0.810140
   2.280      0.804076
   2.286      0.798018
   2.291      0.791966
   2.297      0.785922
   2.303      0.779885
   2.308      0.773857
   2.314      0.767838
   2.320      0.761829
   2.326      0.755829
   2.331      0.749841
   2.337      0.743863
   2.343      0.737898
   2.348      0.731945
   2.354      0.726004
   2.360      0.720078
   2.365      0.714165
   2.371      0.708267
   2.377      0.702383
   2.383      0.696515
   2.388      0.690664
   2.394      0.684828
   2.400      0.679010
   2.405      0.673209
   2.411      0.667426
   2.417      0.661661
   2.422      0.655915
   2.428      0.650189
   2.434      0.644482
   2.440      0.638795
   2.445      0.633128
   2.451      0.627483
   2.457      0.621859
   2.462      0.616256
   2.468      0.610675
   2.474      0.605117
   2.480      0.599582
   2.485      0.594070
   2.491      0.588582
   2.497      0.583117
   2.502      0.577676
   2.508      0.572260
   2.514      0.566869
   2.519      0.561502
   2.525      0.556162
   2.531      0.550846
   2.537      0.545557
   2.542      0.540294
   2.548      0.535057
   2.554      0.529848
   2.559      0.524665
   2.565      0.519509
   2.571      0.514381
   2.576      0.509280
   2.582      0.504208
   2.588      0.499163
   2.594      0.494146
   2.599      0.489159
   2.605      0.484199
   2.611      0.479269
   2.616      0.474367
   2.622      0.469495
   2.628      0.464652
   2.633      0.459838
   2.639      0.455055
   2.645      0.450300
   2.651      0.445576
   2.656      0.440882
   2.662      0.436217
   2.668      0.431583
   2.673      0.426979
   2.679      0.422406
   2.685      0.417863
   2.690      0.413351
   2.696      0.408870
   2.702      0.404419
   2.708      0.399999
   2.713      0.395610
   2.719      0.391251
   2.725      0.386924
   2.730      0.382628
   2.736      0.378363
   2.742      0.374129
   2.747      0.369926
   2.753      0.365754
   2.759      0.361613
   2.764      0.357504
   2.770      0.353426
   2.776      0.349379
   2.782      0.345363
   2.787      0.341379
   2.793      0.337425
   2.799      0.333503
   2.804      0.329612
   2.810      0.325752
   2.816      0.321923
   2.821      0.318126
   2.827      0.314359
   2.833      0.310623
   2.839      0.306919
   2.844      0.303245
   2.850      0.299602
   2.856      0.295990
   2.861      0.292408
   2.867      0.288857
   2.873      0.285337
   2.879      0.281847
   2.884      0.278388
   2.890      0.274959
   2.896      0.271561
   2.901      0.268193
   2.907      0.264855
   2.913      0.261547
   2.918      0.258269
   2.924      0.255021
   2.930      0.251803
   2.936      0.248614
   2.941      0.245456
   2.947      0.242326
   2.953      0.239227
   2.958      0.236156
   2.964      0.233115
   2.970      0.230102
   2.975      0.227119
   2.981      0.224164
   2.987      0.221238
   2.993      0.218341
   2.998      0.215472
   3.004      0.212632
   3.010      0.209820
   3.015      0.207036
   3.021      0.204279
   3.027      0.201551
   3.032      0.198850
   3.038      0.196177
   3.044      0.193531
   3.050      0.190913
   3.055      0.188321
   3.061      0.185757
   3.067      0.183219
   3.072      0.180708
   3.078      0.178223
   3.084      0.175765
   3.089      0.173333
   3.095      0.170927
   3.101      0.168547
   3.107      0.166193
   3.112      0.163864
   3.118      0.161561
   3.124      0.159283
   3.129      0.157030
   3.135      0.154802
   3.141      0.152599
   3.146      0.150420
   3.152      0.148266
   3.158      0.146136
   3.163      0.144030
   3.169      0.141948
   3.175      0.139890
   3.181      0.137856
   3.186      0.135845
   3.192      0.133857
   3.198      0.131893
   3.203      0.129951
   3.209      0.128033
   3.215      0.126136
   3.220      0.124263
   3.226      0.122411
   3.232      0.120582
   3.238      0.118774
   3.243      0.116989
   3.249      0.115225
   3.255      0.113482
   3.260      0.111760
   3.266      0.110060
   3.272      0.108380
   3.278      0.106722
   3.283      0.105083
   3.289      0.103465
   3.295      0.101868
   3.300      0.100290
   3.306      0.098732
   3.312      0.097194
   3.317      0.095676
   3.323      0.094176
   3.329      0.092696
   3.335      0.091235
   3.340      0.089793
   3.346      0.088369
   3.352      0.086964
   3.357      0.085578
   3.363      0.084209
   3.369      0.082858
   3.374      0.081526
   3.380      0.080210
   3.386      0.078913
   3.392      0.077632
   3.397      0.076369
   3.403      0.075123
   3.409      0.073893
   3.414      0.072681
   3.420      0.071484
   3.426      0.070304
   3.431      0.069141
   3.437      0.067993
   3.443      0.066861
   3.449      0.065745
   3.454      0.064644
   3.460      0.063558
   3.466      0.062488
   3.471      0.061433
   3.477      0.060392
   3.483      0.059367
   3.488      0.058356
   3.494      0.057359
   3.500      0.056377
   3.506      0.055408
   3.511      0.054454
   3.517      0.053514
   3.523      0.052587
   3.528      0.051673
   3.534      0.050773
   3.540      0.049886
   3.545      0.049012
   3.551      0.048152
   3.557      0.047303
   3.562      0.046468
   3.568      0.045645
   3.574      0.044834
   3.580      0.044035
   3.585      0.043249
   3.591      0.042474
   3.597      0.041711
   3.602      0.040960
   3.608      0.040220
   3.614      0.039491
   3.619      0.038774
   3.625      0.038068
   3.631      0.037372
   3.637      0.036688
   3.642      0.036014
   3.648      0.035351
   3.654      0.034698
   3.659      0.034055
   3.665      0.033423
   3.671      0.032800
   3.677      0.032188
   3.682      0.031585
   3.688      0.030992
   3.694      0.030408
   3.699      0.029834
   3.705      0.029269
   3.711      0.028713
   3.716      0.028167
   3.722      0.027629
   3.728      0.027100
   3.734      0.026580
   3.739      0.026068
   3.745      0.025565
   3.751      0.025070
   3.756      0.024583
   3.762      0.024105
   3.768      0.023634
   3.773      0.023172
   3.779      0.022717
   3.785      0.022270
   3.791      0.021830
   3.796      0.021398
   3.802      0.020973
   3.808      0.020556
   3.813      0.020146
   3.819      0.019743
   3.825      0.019346
   3.830      0.018957
   3.836      0.018575
   3.842      0.018199
   3.848      0.017830
   3.853      0.017467
   3.859      0.017110
   3.865      0.016760
   3.870      0.016416
   3.876      0.016079
   3.882      0.015747
   3.887      0.015421
   3.893      0.015101
   3.899      0.014787
   3.905      0.014479
   3.910      0.014176
   3.916      0.013878
   3.922      0.013587
   3.927      0.013300
   3.933      0.013019
   3.939      0.012742
   3.944      0.012471
   3.950      0.012205
   3.956      0.011944
   3.962      0.011688
   3.967      0.011437
   3.973      0.011190
   3.979      0.010948
   3.984      0.010711
   3.990      0.010478
   3.996      0.010249
   4.001      0.010025
   4.007      0.009805
   4.013      0.009589
   4.019      0.009378
   4.024      0.009170
   4.030      0.008967
   4.036      0.008767
   4.041      0.008572
   4.047      0.008380
   4.053      0.008192
   4.058      0.008008
   4.064      0.007827
   4.070      0.007650
   4.075      0.007476
   4.081      0.007306
   4.087      0.007140
   4.093      0.006976
   4.098      0.006816
   4.104      0.006659
   4.110      0.006505
   4.115      0.006355
   4.121      0.006207
   4.127      0.006063
   4.133      0.005921
   4.138      0.005783
   4.144      0.005647
   4.150      0.005514
   4.155      0.005384
   4.161      0.005256
   4.167      0.005131
   4.172      0.005009
   4.178      0.004889
   4.184      0.004772
   4.189      0.004657
   4.195      0.004545
   4.201      0.004435
   4.207      0.004328
   4.212      0.004223
   4.218      0.004120
   4.224      0.004019
   4.229      0.003920
   4.235      0.003824
   4.241      0.003730
   4.247      0.003637
   4.252      0.003547
   4.258      0.003459
   4.264      0.003372
   4.269      0.003288
   4.275      0.003205
   4.281      0.003125
   4.286      0.003046
   4.292      0.002968
   4.298      0.002893
   4.304      0.002819
   4.309      0.002747
   4.315      0.002677
   4.321      0.002608
   4.326      0.002541
   4.332      0.002475
   4.338      0.002411
   4.343      0.002348
   4.349      0.002286
   4.355      0.002227
   4.361      0.002168
   4.366      0.002111
   4.372      0.002055
   4.378      0.002001
   4.383      0.001947
   4.389      0.001895
   4.395      0.001845
   4.400      0.001795
   4.406      0.001747
   4.412      0.001700
   4.418      0.001654
   4.423      0.001609
   4.429      0.001565
   4.435      0.001522
   4.440      0.001480
   4.446      0.001439
   4.452      0.001400
   4.457      0.001361
   4.463      0.001323
   4.469      0.001286
   4.474      0.001250
   4.480      0.001215
   4.486      0.001181
   4.492      0.001147
   4.497      0.001115
   4.503      0.001083
   4.509      0.001052
   4.514      0.001022
   4.520      0.000993
   4.526      0.000964
   4.532      0.000936
   4.537      0.000909
   4.543      0.000883
   4.549      0.000857
   4.554      0.000832
   4.560      0.000807
   4.566      0.000784
   4.571      0.000760
   4.577      0.000738
   4.583      0.000716
   4.588      0.000695
   4.594      0.000674
   4.600      0.000653
   4.606      0.000634
   4.611      0.000614
   4.617      0.000596
   4.623      0.000578
   4.628      0.000560
   4.634      0.000543
   4.640      0.000526
   4.646      0.000510
   4.651      0.000494
   4.657      0.000479
   4.663      0.000464
   4.668      0.000449
   4.674      0.000435
   4.680      0.000421
   4.685      0.000408
   4.691      0.000395
   4.697      0.000382
   4.703      0.000370
   4.708      0.000358
   4.714      0.000346
   4.720      0.000335
   4.725      0.000324
   4.731      0.000314
   4.737      0.000303
   4.742      0.000293
   4.748      0.000284
   4.754      0.000274
   4.760      0.000265
   4.765      0.000256
   4.771      0.000248
   4.777      0.000239
   4.782      0.000231
   4.788      0.000223
   4.794      0.000216
   4.799      0.000208
   4.805      0.000201
   4.811      0.000194
   4.817      0.000188
   4.822      0.000181
   4.828      0.000175
   4.834      0.000169
   4.839      0.000163
   4.845      0.000157
   4.851      0.000151
   4.856      0.000146
   4.862      0.000141
   4.868      0.000136
   4.873      0.000131
   4.879      0.000126
   4.885      0.000122
   4.891      0.000117
   4.896      0.000113
   4.902      0.000109
   4.908      0.000105
   4.913      0.000101
   4.919      0.000097
   4.925      0.000093
   4.931      0.000090
   4.936      0.000086
   4.942      0.000083
   4.948      0.000080
   4.953      0.000077
   4.959      0.000074
   4.965      0.000071
   4.970      0.000068
   4.976      0.000066
   4.982      0.000063
   4.987      0.000061
   4.993      0.000058
   4.999      0.000056
   5.005      0.000054
   5.010      0.000052
   5.016      0.000049
   5.022      0.000047
   5.027      0.000046
   5.033      0.000044
   5.039      0.000042
   5.045      0.000040
   5.050      0.000038
   5.056      0.000037
   5.062      0.000035
   5.067      0.000034
   5.073      0.000032
   5.079      0.000031
   5.084      0.000030
   5.090      0.000028
   5.096      0.000027
   5.102      0.000026
   5.107      0.000025
   5.113      0.000024
   5.119      0.000023
   5.124      0.000022
   5.130      0.000021
   5.136      0.000020
   5.141      0.000019
   5.147      0.000018
   5.153      0.000017
   5.159      0.000016
   5.164      0.000016
   5.170      0.000015
   5.176      0.000014
   5.181      0.000014
   5.187      0.000013
   5.193      0.000012
   5.198      0.000012
   5.204      0.000011
   5.210      0.000011
   5.216      0.000010
   5.221      0.000010
   5.227      0.000009
   5.233      0.000009
   5.238      0.000008
   5.244      0.000008
   5.250      0.000007
   5.255      0.000007
   5.261      0.000007
   5.267      0.000006
   5.272      0.000006
   5.278      0.000006
   5.284      0.000005
   5.290      0.000005
   5.295      0.000005
   5.301      0.000005
   5.307      0.000004
   5.312      0.000004
   5.318      0.000004
   5.324      0.000004
   5.330      0.000003
   5.335      0.000003
   5.341      0.000003
   5.347      0.000003
   5.352      0.000003
   5.358      0.000003
   5.364      0.000002
   5.369      0.000002
   5.375      0.000002
   5.381      0.000002
   5.386      0.000002
   5.392      0.000002
   5.398      0.000002
   5.404      0.000002
   5.409      0.000001
   5.415      0.000001
   5.421      0.000001
   5.426      0.000001
   5.432      0.000001
   5.438      0.000001
   5.444      0.000001
   5.449      0.000001
   5.455      0.000001
   5.461      0.000001
   5.466      0.000001
   5.472      0.000001
   5.478      0.000001
   5.483      0.000001
   5.489      0.000001
   5.495      0.000000
   5.501      0.000000
   5.506      0.000000
   5.512      0.000000
   5.518      0.000000
   5.523      0.000000
   5.529      0.000000
   5.535      0.000000
   5.540      0.000000
   5.546      0.000000
   5.552      0.000000
   5.558      0.000000
   5.563      0.000000
   5.569      0.000000
   5.575      0.000000
   5.580      0.000000
   5.586      0.000000
   5.592      0.000000
   5.597      0.000000
   5.603      0.000000
   5.609      0.000000
   5.615      0.000000
   5.620      0.000000
   5.626      0.000000
   5.632      0.000000
   5.637      0.000000
   5.643      0.000000
   5.649      0.000000
   5.654      0.000000
   5.660      0.000000
   5.666      0.000000
   5.671      0.000000
   5.677      0.000000
   5.683      0.000000
   5.689      0.000000
   5.694      0.000000
   5.700      0.000000
   5.706      0.000000
