   0.005     -0.000139
   0.009      0.000070
   0.014      0.000278
   0.019      0.000626
   0.024      0.001113
   0.028      0.001739
   0.033      0.002504
   0.038      0.003407
   0.042      0.004449
   0.047      0.005629
   0.052      0.006948
   0.056      0.008404
   0.061      0.009998
   0.066      0.011730
   0.071      0.013598
   0.075      0.015604
   0.080      0.017745
   0.085      0.020023
   0.089      0.022436
   0.094      0.024985
   0.099      0.027668
   0.103      0.030485
   0.108      0.033437
   0.113      0.036521
   0.118      0.039738
   0.122      0.043086
   0.127      0.046567
   0.132      0.050178
   0.136      0.053919
   0.141      0.057789
   0.146      0.061788
   0.150      0.065915
   0.155      0.070169
   0.160      0.074549
   0.165      0.079055
   0.169      0.083685
   0.174      0.088439
   0.179      0.093316
   0.183      0.098314
   0.188      0.103434
   0.193      0.108673
   0.197      0.114031
   0.202      0.119507
   0.207      0.125099
   0.212      0.130807
   0.216      0.136629
   0.221      0.142564
   0.226      0.148611
   0.230      0.154769
   0.235      0.161037
   0.240      0.167412
   0.244      0.173894
   0.249      0.180482
   0.254      0.187174
   0.259      0.193968
   0.263      0.200864
   0.268      0.207859
   0.273      0.214953
   0.277      0.222143
   0.282      0.229428
   0.287      0.236806
   0.291      0.244277
   0.296      0.251838
   0.301      0.259487
   0.305      0.267223
   0.310      0.275045
   0.315      0.282950
   0.320      0.290936
   0.324      0.299002
   0.329      0.307146
   0.334      0.315366
   0.338      0.323661
   0.343      0.332028
   0.348      0.340465
   0.353      0.348971
   0.357      0.357543
   0.362      0.366179
   0.367      0.374879
   0.371      0.383638
   0.376      0.392457
   0.381      0.401331
   0.385      0.410260
   0.390      0.419241
   0.395      0.428272
   0.400      0.437351
   0.404      0.446476
   0.409      0.455645
   0.414      0.464855
   0.418      0.474104
   0.423      0.483391
   0.428      0.492712
   0.432      0.502067
   0.437      0.511452
   0.442      0.520865
   0.447      0.530305
   0.451      0.539768
   0.456      0.549254
   0.461      0.558758
   0.465      0.568281
   0.470      0.577818
   0.475      0.587368
   0.479      0.596930
   0.484      0.606499
   0.489      0.616075
   0.493      0.625656
   0.498      0.635238
   0.503      0.644820
   0.508      0.654401
   0.512      0.663976
   0.517      0.673546
   0.522      0.683107
   0.526      0.692657
   0.531      0.702195
   0.536      0.711719
   0.540      0.721226
   0.545      0.730714
   0.550      0.740182
   0.555      0.749628
   0.559      0.759049
   0.564      0.768444
   0.569      0.777812
   0.573      0.787150
   0.578      0.796457
   0.583      0.805730
   0.588      0.814969
   0.592      0.824172
   0.597      0.833337
   0.602      0.842462
   0.606      0.851546
   0.611      0.860588
   0.616      0.869586
   0.620      0.878539
   0.625      0.887446
   0.630      0.896304
   0.635      0.905114
   0.639      0.913873
   0.644      0.922581
   0.649      0.931236
   0.653      0.939838
   0.658      0.948385
   0.663      0.956877
   0.667      0.965311
   0.672      0.973689
   0.677      0.982007
   0.681      0.990267
   0.686      0.998467
   0.691      1.006606
   0.696      1.014683
   0.700      1.022698
   0.705      1.030650
   0.710      1.038539
   0.714      1.046363
   0.719      1.054123
   0.724      1.061818
   0.729      1.069448
   0.733      1.077011
   0.738      1.084508
   0.743      1.091938
   0.747      1.099301
   0.752      1.106596
   0.757      1.113824
   0.761      1.120984
   0.766      1.128075
   0.771      1.135098
   0.776      1.142053
   0.780      1.148939
   0.785      1.155756
   0.790      1.162504
   0.794      1.169184
   0.799      1.175794
   0.804      1.182335
   0.808      1.188808
   0.813      1.195212
   0.818      1.201547
   0.823      1.207813
   0.827      1.214010
   0.832      1.220139
   0.837      1.226200
   0.841      1.232192
   0.846      1.238117
   0.851      1.243974
   0.855      1.249763
   0.860      1.255484
   0.865      1.261139
   0.870      1.266726
   0.874      1.272247
   0.879      1.277701
   0.884      1.283089
   0.888      1.288410
   0.893      1.293667
   0.898      1.298857
   0.902      1.303983
   0.907      1.309043
   0.912      1.314039
   0.916      1.318970
   0.921      1.323837
   0.926      1.328641
   0.931      1.333380
   0.935      1.338056
   0.940      1.342669
   0.945      1.347219
   0.949      1.351707
   0.954      1.356132
   0.959      1.360494
   0.964      1.364795
   0.968      1.369034
   0.973      1.373211
   0.978      1.377327
   0.982      1.381381
   0.987      1.385375
   0.992      1.389308
   0.996      1.393180
   1.001      1.396991
   1.006      1.400742
   1.010      1.404433
   1.015      1.408064
   1.020      1.411634
   1.025      1.415145
   1.029      1.418596
   1.034      1.421987
   1.039      1.425319
   1.043      1.428591
   1.048      1.431804
   1.053      1.434957
   1.058      1.438051
   1.062      1.441086
   1.067      1.444062
   1.072      1.446978
   1.076      1.449836
   1.081      1.452634
   1.086      1.455374
   1.090      1.458054
   1.095      1.460676
   1.100      1.463238
   1.105      1.465742
   1.109      1.468186
   1.114      1.470572
   1.119      1.472899
   1.123      1.475168
   1.128      1.477377
   1.133      1.479528
   1.137      1.481620
   1.142      1.483653
   1.147      1.485628
   1.151      1.487543
   1.156      1.489401
   1.161      1.491199
   1.166      1.492939
   1.170      1.494620
   1.175      1.496243
   1.180      1.497807
   1.184      1.499313
   1.189      1.500760
   1.194      1.502149
   1.199      1.503480
   1.203      1.504752
   1.208      1.505966
   1.213      1.507122
   1.217      1.508220
   1.222      1.509259
   1.227      1.510241
   1.231      1.511165
   1.236      1.512031
   1.241      1.512839
   1.246      1.513590
   1.250      1.514283
   1.255      1.514919
   1.260      1.515497
   1.264      1.516018
   1.269      1.516483
   1.274      1.516890
   1.278      1.517240
   1.283      1.517534
   1.288      1.517771
   1.292      1.517951
   1.297      1.518076
   1.302      1.518144
   1.307      1.518156
   1.311      1.518112
   1.316      1.518013
   1.321      1.517858
   1.325      1.517648
   1.330      1.517383
   1.335      1.517063
   1.340      1.516688
   1.344      1.516259
   1.349      1.515775
   1.354      1.515237
   1.358      1.514645
   1.363      1.514000
   1.368      1.513300
   1.372      1.512548
   1.377      1.511742
   1.382      1.510884
   1.387      1.509973
   1.391      1.509009
   1.396      1.507993
   1.401      1.506926
   1.405      1.505806
   1.410      1.504636
   1.415      1.503413
   1.419      1.502140
   1.424      1.500817
   1.429      1.499443
   1.433      1.498018
   1.438      1.496544
   1.443      1.495020
   1.448      1.493447
   1.452      1.491825
   1.457      1.490153
   1.462      1.488434
   1.466      1.486666
   1.471      1.484850
   1.476      1.482986
   1.481      1.481075
   1.485      1.479117
   1.490      1.477112
   1.495      1.475061
   1.499      1.472963
   1.504      1.470819
   1.509      1.468630
   1.513      1.466396
   1.518      1.464116
   1.523      1.461792
   1.528      1.459424
   1.532      1.457011
   1.537      1.454555
   1.542      1.452055
   1.546      1.449513
   1.551      1.446927
   1.556      1.444299
   1.560      1.441629
   1.565      1.438918
   1.570      1.436165
   1.575      1.433370
   1.579      1.430535
   1.584      1.427660
   1.589      1.424745
   1.593      1.421789
   1.598      1.418795
   1.603      1.415761
   1.607      1.412689
   1.612      1.409578
   1.617      1.406429
   1.622      1.403243
   1.626      1.400019
   1.631      1.396759
   1.636      1.393462
   1.640      1.390128
   1.645      1.386759
   1.650      1.383354
   1.654      1.379914
   1.659      1.376440
   1.664      1.372931
   1.669      1.369387
   1.673      1.365811
   1.678      1.362200
   1.683      1.358557
   1.687      1.354881
   1.692      1.351173
   1.697      1.347433
   1.701      1.343662
   1.706      1.339860
   1.711      1.336026
   1.716      1.332163
   1.720      1.328269
   1.725      1.324346
   1.730      1.320393
   1.734      1.316412
   1.739      1.312402
   1.744      1.308364
   1.748      1.304298
   1.753      1.300205
   1.758      1.296085
   1.763      1.291938
   1.767      1.287766
   1.772      1.283567
   1.777      1.279342
   1.781      1.275093
   1.786      1.270819
   1.791      1.266520
   1.795      1.262198
   1.800      1.257852
   1.805      1.253482
   1.810      1.249090
   1.814      1.244675
   1.819      1.240239
   1.824      1.235780
   1.828      1.231300
   1.833      1.226800
   1.838      1.222278
   1.842      1.217737
   1.847      1.213176
   1.852      1.208595
   1.857      1.203995
   1.861      1.199376
   1.866      1.194739
   1.871      1.190085
   1.875      1.185412
   1.880      1.180723
   1.885      1.176016
   1.889      1.171293
   1.894      1.166554
   1.899      1.161799
   1.903      1.157029
   1.908      1.152244
   1.913      1.147445
   1.918      1.142631
   1.922      1.137803
   1.927      1.132961
   1.932      1.128107
   1.936      1.123240
   1.941      1.118360
   1.946      1.113468
   1.951      1.108564
   1.955      1.103650
   1.960      1.098724
   1.965      1.093787
   1.969      1.088840
   1.974      1.083883
   1.979      1.078917
   1.983      1.073942
   1.988      1.068957
   1.993      1.063964
   1.998      1.058963
   2.002      1.053954
   2.007      1.048937
   2.012      1.043913
   2.016      1.038883
   2.021      1.033846
   2.026      1.028803
   2.030      1.023754
   2.035      1.018699
   2.040      1.013640
   2.045      1.008576
   2.049      1.003507
   2.054      0.998434
   2.059      0.993357
   2.063      0.988277
   2.068      0.983193
   2.073      0.978107
   2.077      0.973018
   2.082      0.967927
   2.087      0.962834
   2.091      0.957739
   2.096      0.952644
   2.101      0.947547
   2.106      0.942449
   2.110      0.937352
   2.115      0.932254
   2.120      0.927156
   2.124      0.922059
   2.129      0.916963
   2.134      0.911868
   2.139      0.906775
   2.143      0.901683
   2.148      0.896593
   2.153      0.891506
   2.157      0.886421
   2.162      0.881339
   2.167      0.876260
   2.171      0.871185
   2.176      0.866113
   2.181      0.861046
   2.186      0.855982
   2.190      0.850923
   2.195      0.845869
   2.200      0.840821
   2.204      0.835777
   2.209      0.830739
   2.214      0.825707
   2.218      0.820681
   2.223      0.815661
   2.228      0.810649
   2.232      0.805643
   2.237      0.800644
   2.242      0.795652
   2.247      0.790668
   2.251      0.785692
   2.256      0.780724
   2.261      0.775764
   2.265      0.770813
   2.270      0.765871
   2.275      0.760938
   2.280      0.756014
   2.284      0.751099
   2.289      0.746195
   2.294      0.741300
   2.298      0.736415
   2.303      0.731541
   2.308      0.726677
   2.312      0.721824
   2.317      0.716982
   2.322      0.712151
   2.327      0.707332
   2.331      0.702524
   2.336      0.697728
   2.341      0.692944
   2.345      0.688172
   2.350      0.683412
   2.355      0.678665
   2.359      0.673930
   2.364      0.669209
   2.369      0.664500
   2.373      0.659805
   2.378      0.655123
   2.383      0.650455
   2.388      0.645800
   2.392      0.641160
   2.397      0.636534
   2.402      0.631922
   2.406      0.627324
   2.411      0.622741
   2.416      0.618173
   2.421      0.613620
   2.425      0.609082
   2.430      0.604560
   2.435      0.600052
   2.439      0.595560
   2.444      0.591084
   2.449      0.586624
   2.453      0.582179
   2.458      0.577751
   2.463      0.573339
   2.468      0.568943
   2.472      0.564564
   2.477      0.560201
   2.482      0.555855
   2.486      0.551526
   2.491      0.547214
   2.496      0.542919
   2.500      0.538641
   2.505      0.534380
   2.510      0.530137
   2.514      0.525912
   2.519      0.521704
   2.524      0.517513
   2.529      0.513341
   2.533      0.509186
   2.538      0.505050
   2.543      0.500931
   2.547      0.496831
   2.552      0.492749
   2.557      0.488686
   2.562      0.484640
   2.566      0.480614
   2.571      0.476606
   2.576      0.472617
   2.580      0.468646
   2.585      0.464695
   2.590      0.460762
   2.594      0.456848
   2.599      0.452953
   2.604      0.449078
   2.609      0.445222
   2.613      0.441384
   2.618      0.437567
   2.623      0.433768
   2.627      0.429989
   2.632      0.426229
   2.637      0.422489
   2.641      0.418769
   2.646      0.415068
   2.651      0.411386
   2.655      0.407725
   2.660      0.404083
   2.665      0.400461
   2.670      0.396858
   2.674      0.393276
   2.679      0.389713
   2.684      0.386171
   2.688      0.382648
   2.693      0.379145
   2.698      0.375662
   2.703      0.372199
   2.707      0.368756
   2.712      0.365333
   2.717      0.361931
   2.721      0.358548
   2.726      0.355185
   2.731      0.351843
   2.735      0.348521
   2.740      0.345218
   2.745      0.341936
   2.750      0.338674
   2.754      0.335432
   2.759      0.332210
   2.764      0.329009
   2.768      0.325827
   2.773      0.322666
   2.778      0.319525
   2.782      0.316403
   2.787      0.313302
   2.792      0.310221
   2.796      0.307161
   2.801      0.304120
   2.806      0.301099
   2.811      0.298098
   2.815      0.295118
   2.820      0.292157
   2.825      0.289216
   2.829      0.286296
   2.834      0.283395
   2.839      0.280514
   2.844      0.277653
   2.848      0.274812
   2.853      0.271991
   2.858      0.269189
   2.862      0.266407
   2.867      0.263645
   2.872      0.260903
   2.876      0.258181
   2.881      0.255478
   2.886      0.252794
   2.891      0.250131
   2.895      0.247486
   2.900      0.244861
   2.905      0.242256
   2.909      0.239670
   2.914      0.237104
   2.919      0.234556
   2.923      0.232028
   2.928      0.229519
   2.933      0.227029
   2.938      0.224559
   2.942      0.222107
   2.947      0.219675
   2.952      0.217261
   2.956      0.214866
   2.961      0.212490
   2.966      0.210133
   2.970      0.207795
   2.975      0.205475
   2.980      0.203174
   2.985      0.200891
   2.989      0.198627
   2.994      0.196382
   2.999      0.194154
   3.003      0.191945
   3.008      0.189754
   3.013      0.187582
   3.017      0.185427
   3.022      0.183290
   3.027      0.181172
   3.032      0.179071
   3.036      0.176988
   3.041      0.174923
   3.046      0.172876
   3.050      0.170846
   3.055      0.168833
   3.060      0.166839
   3.064      0.164861
   3.069      0.162901
   3.074      0.160958
   3.079      0.159032
   3.083      0.157124
   3.088      0.155232
   3.093      0.153357
   3.097      0.151499
   3.102      0.149658
   3.107      0.147834
   3.111      0.146026
   3.116      0.144235
   3.121      0.142460
   3.126      0.140702
   3.130      0.138959
   3.135      0.137234
   3.140      0.135524
   3.144      0.133830
   3.149      0.132152
   3.154      0.130490
   3.158      0.128844
   3.163      0.127214
   3.168      0.125599
   3.173      0.124000
   3.177      0.122416
   3.182      0.120848
   3.187      0.119295
   3.191      0.117757
   3.196      0.116234
   3.201      0.114726
   3.205      0.113233
   3.210      0.111755
   3.215      0.110292
   3.220      0.108844
   3.224      0.107410
   3.229      0.105990
   3.234      0.104585
   3.238      0.103194
   3.243      0.101818
   3.248      0.100455
   3.252      0.099107
   3.257      0.097773
   3.262      0.096452
   3.267      0.095146
   3.271      0.093853
   3.276      0.092573
   3.281      0.091307
   3.285      0.090055
   3.290      0.088816
   3.295      0.087590
   3.299      0.086377
   3.304      0.085177
   3.309      0.083991
   3.314      0.082817
   3.318      0.081656
   3.323      0.080508
   3.328      0.079372
   3.332      0.078249
   3.337      0.077138
   3.342      0.076040
   3.346      0.074953
   3.351      0.073879
   3.356      0.072818
   3.361      0.071768
   3.365      0.070730
   3.370      0.069703
   3.375      0.068689
   3.379      0.067686
   3.384      0.066695
   3.389      0.065715
   3.393      0.064746
   3.398      0.063789
   3.403      0.062843
   3.408      0.061908
   3.412      0.060984
   3.417      0.060070
   3.422      0.059168
   3.426      0.058277
   3.431      0.057396
   3.436      0.056525
   3.440      0.055665
   3.445      0.054816
   3.450      0.053977
   3.455      0.053148
   3.459      0.052329
   3.464      0.051520
   3.469      0.050721
   3.473      0.049932
   3.478      0.049153
   3.483      0.048384
   3.487      0.047624
   3.492      0.046873
   3.497      0.046132
   3.502      0.045401
   3.506      0.044679
   3.511      0.043965
   3.516      0.043261
   3.520      0.042567
   3.525      0.041881
   3.530      0.041203
   3.534      0.040535
   3.539      0.039875
   3.544      0.039224
   3.549      0.038582
   3.553      0.037948
   3.558      0.037322
   3.563      0.036705
   3.567      0.036095
   3.572      0.035494
   3.577      0.034901
   3.581      0.034316
   3.586      0.033739
   3.591      0.033170
   3.596      0.032608
   3.600      0.032055
   3.605      0.031508
   3.610      0.030969
   3.614      0.030438
   3.619      0.029914
   3.624      0.029397
   3.628      0.028888
   3.633      0.028386
   3.638      0.027890
   3.643      0.027402
   3.647      0.026921
   3.652      0.026446
   3.657      0.025979
   3.661      0.025518
   3.666      0.025063
   3.671      0.024615
   3.675      0.024174
   3.680      0.023739
   3.685      0.023310
   3.690      0.022888
   3.694      0.022472
   3.699      0.022062
   3.704      0.021658
   3.708      0.021260
   3.713      0.020868
   3.718      0.020482
   3.722      0.020102
   3.727      0.019728
   3.732      0.019359
   3.736      0.018996
   3.741      0.018638
   3.746      0.018286
   3.751      0.017939
   3.755      0.017598
   3.760      0.017261
   3.765      0.016931
   3.769      0.016605
   3.774      0.016284
   3.779      0.015969
   3.784      0.015658
   3.788      0.015352
   3.793      0.015052
   3.798      0.014756
   3.802      0.014464
   3.807      0.014178
   3.812      0.013896
   3.816      0.013619
   3.821      0.013346
   3.826      0.013077
   3.831      0.012813
   3.835      0.012554
   3.840      0.012299
   3.845      0.012048
   3.849      0.011801
   3.854      0.011558
   3.859      0.011319
   3.863      0.011085
   3.868      0.010854
   3.873      0.010627
   3.877      0.010404
   3.882      0.010185
   3.887      0.009970
   3.892      0.009758
   3.896      0.009551
   3.901      0.009346
   3.906      0.009146
   3.910      0.008948
   3.915      0.008755
   3.920      0.008564
   3.925      0.008378
   3.929      0.008194
   3.934      0.008014
   3.939      0.007837
   3.943      0.007663
   3.948      0.007492
   3.953      0.007325
   3.957      0.007160
   3.962      0.006999
   3.967      0.006840
   3.972      0.006685
   3.976      0.006532
   3.981      0.006382
   3.986      0.006235
   3.990      0.006091
   3.995      0.005949
   4.000      0.005810
   4.004      0.005674
   4.009      0.005541
   4.014      0.005410
   4.019      0.005281
   4.023      0.005155
   4.028      0.005032
   4.033      0.004911
   4.037      0.004792
   4.042      0.004675
   4.047      0.004561
   4.051      0.004450
   4.056      0.004340
   4.061      0.004233
   4.066      0.004127
   4.070      0.004024
   4.075      0.003923
   4.080      0.003824
   4.084      0.003727
   4.089      0.003633
   4.094      0.003540
   4.098      0.003449
   4.103      0.003360
   4.108      0.003272
   4.112      0.003187
   4.117      0.003103
   4.122      0.003022
   4.127      0.002942
   4.131      0.002863
   4.136      0.002787
   4.141      0.002712
   4.145      0.002639
   4.150      0.002567
   4.155      0.002497
   4.160      0.002428
   4.164      0.002361
   4.169      0.002296
   4.174      0.002232
   4.178      0.002169
   4.183      0.002108
   4.188      0.002048
   4.192      0.001989
   4.197      0.001932
   4.202      0.001877
   4.207      0.001822
   4.211      0.001769
   4.216      0.001717
   4.221      0.001666
   4.225      0.001617
   4.230      0.001569
   4.235      0.001521
   4.239      0.001475
   4.244      0.001430
   4.249      0.001387
   4.253      0.001344
   4.258      0.001302
   4.263      0.001262
   4.268      0.001222
   4.272      0.001183
   4.277      0.001146
   4.282      0.001109
   4.286      0.001073
   4.291      0.001039
   4.296      0.001005
   4.301      0.000972
   4.305      0.000940
   4.310      0.000908
   4.315      0.000878
   4.319      0.000848
   4.324      0.000819
   4.329      0.000791
   4.333      0.000764
   4.338      0.000737
   4.343      0.000711
   4.348      0.000686
   4.352      0.000662
   4.357      0.000638
   4.362      0.000615
   4.366      0.000592
   4.371      0.000571
   4.376      0.000549
   4.380      0.000529
   4.385      0.000509
   4.390      0.000490
   4.394      0.000471
   4.399      0.000453
   4.404      0.000435
   4.409      0.000418
   4.413      0.000401
   4.418      0.000385
   4.423      0.000369
   4.427      0.000354
   4.432      0.000340
   4.437      0.000326
   4.442      0.000312
   4.446      0.000299
   4.451      0.000286
   4.456      0.000273
   4.460      0.000261
   4.465      0.000250
   4.470      0.000238
   4.474      0.000228
   4.479      0.000217
   4.484      0.000207
   4.489      0.000197
   4.493      0.000188
   4.498      0.000179
   4.503      0.000170
   4.507      0.000162
   4.512      0.000153
   4.517      0.000146
   4.521      0.000138
   4.526      0.000131
   4.531      0.000124
   4.535      0.000117
   4.540      0.000111
   4.545      0.000104
   4.550      0.000099
   4.554      0.000093
   4.559      0.000087
   4.564      0.000082
   4.568      0.000077
   4.573      0.000072
   4.578      0.000068
   4.583      0.000063
   4.587      0.000059
   4.592      0.000055
   4.597      0.000051
   4.601      0.000047
   4.606      0.000044
   4.611      0.000041
   4.615      0.000037
   4.620      0.000034
   4.625      0.000031
   4.630      0.000029
   4.634      0.000026
   4.639      0.000024
   4.644      0.000021
   4.648      0.000019
   4.653      0.000017
   4.658      0.000015
   4.662      0.000013
   4.667      0.000011
   4.672      0.000010
   4.676      0.000008
   4.681      0.000006
   4.686      0.000005
   4.691      0.000004
   4.695      0.000002
   4.700      0.000001
   4.705      0.000000
