   0.000      1.185109
   0.006      1.185109
   0.012      1.185109
   0.019      1.185109
   0.025      1.185109
   0.031      1.185109
   0.037      1.185109
   0.044      1.185109
   0.050      1.185109
   0.056      1.185109
   0.062      1.185109
   0.069      1.185109
   0.075      1.185109
   0.081      1.185109
   0.087      1.185108
   0.094      1.185107
   0.100      1.185107
   0.106      1.185105
   0.112      1.185104
   0.119      1.185101
   0.125      1.185098
   0.131      1.185095
   0.137      1.185090
   0.144      1.185084
   0.150      1.185077
   0.156      1.185069
   0.162      1.185058
   0.169      1.185045
   0.175      1.185030
   0.181      1.185012
   0.187      1.184991
   0.194      1.184967
   0.200      1.184938
   0.206      1.184905
   0.212      1.184867
   0.219      1.184823
   0.225      1.184774
   0.231      1.184717
   0.237      1.184654
   0.244      1.184582
   0.250      1.184501
   0.256      1.184411
   0.262      1.184311
   0.269      1.184200
   0.275      1.184077
   0.281      1.183942
   0.287      1.183793
   0.294      1.183629
   0.300      1.183450
   0.306      1.183256
   0.312      1.183044
   0.319      1.182813
   0.325      1.182564
   0.331      1.182295
   0.337      1.182005
   0.344      1.181693
   0.350      1.181359
   0.356      1.181000
   0.362      1.180617
   0.369      1.180208
   0.375      1.179772
   0.381      1.179308
   0.387      1.178816
   0.394      1.178295
   0.400      1.177743
   0.406      1.177160
   0.412      1.176545
   0.419      1.175897
   0.425      1.175216
   0.431      1.174499
   0.437      1.173748
   0.444      1.172960
   0.450      1.172136
   0.456      1.171274
   0.462      1.170373
   0.469      1.169434
   0.475      1.168456
   0.481      1.167437
   0.487      1.166378
   0.494      1.165277
   0.500      1.164135
   0.506      1.162950
   0.512      1.161723
   0.519      1.160452
   0.525      1.159138
   0.531      1.157780
   0.537      1.156378
   0.544      1.154930
   0.550      1.153438
   0.556      1.151901
   0.562      1.150318
   0.569      1.148689
   0.575      1.147014
   0.581      1.145293
   0.587      1.143525
   0.594      1.141712
   0.600      1.139851
   0.606      1.137945
   0.612      1.135991
   0.619      1.133992
   0.625      1.131945
   0.631      1.129852
   0.637      1.127713
   0.644      1.125528
   0.650      1.123297
   0.656      1.121019
   0.662      1.118697
   0.669      1.116328
   0.675      1.113915
   0.681      1.111457
   0.687      1.108954
   0.694      1.106408
   0.700      1.103817
   0.706      1.101184
   0.712      1.098507
   0.719      1.095788
   0.725      1.093027
   0.731      1.090225
   0.737      1.087382
   0.744      1.084499
   0.750      1.081577
   0.756      1.078615
   0.762      1.075615
   0.769      1.072577
   0.775      1.069502
   0.781      1.066391
   0.787      1.063244
   0.794      1.060063
   0.800      1.056847
   0.806      1.053599
   0.812      1.050317
   0.819      1.047004
   0.825      1.043660
   0.831      1.040286
   0.837      1.036883
   0.844      1.033451
   0.850      1.029992
   0.856      1.026506
   0.862      1.022995
   0.869      1.019458
   0.875      1.015898
   0.881      1.012315
   0.887      1.008709
   0.894      1.005082
   0.900      1.001435
   0.906      0.997769
   0.912      0.994084
   0.919      0.990382
   0.925      0.986663
   0.931      0.982928
   0.937      0.979178
   0.944      0.975415
   0.950      0.971638
   0.956      0.967850
   0.962      0.964050
   0.969      0.960240
   0.975      0.956421
   0.981      0.952593
   0.987      0.948758
   0.994      0.944916
   1.000      0.941068
   1.006      0.937215
   1.012      0.933358
   1.019      0.929498
   1.025      0.925635
   1.031      0.921771
   1.037      0.917905
   1.044      0.914039
   1.050      0.910175
   1.056      0.906311
   1.062      0.902450
   1.069      0.898591
   1.075      0.894737
   1.081      0.890886
   1.087      0.887041
   1.094      0.883201
   1.100      0.879368
   1.106      0.875541
   1.112      0.871723
   1.119      0.867912
   1.125      0.864111
   1.131      0.860319
   1.137      0.856536
   1.144      0.852765
   1.150      0.849005
   1.156      0.845256
   1.162      0.841519
   1.169      0.837795
   1.175      0.834084
   1.181      0.830387
   1.187      0.826703
   1.194      0.823034
   1.200      0.819380
   1.206      0.815741
   1.212      0.812117
   1.219      0.808510
   1.225      0.804919
   1.231      0.801344
   1.237      0.797786
   1.244      0.794246
   1.250      0.790723
   1.256      0.787218
   1.262      0.783730
   1.269      0.780262
   1.275      0.776811
   1.281      0.773380
   1.287      0.769967
   1.294      0.766573
   1.300      0.763199
   1.306      0.759844
   1.312      0.756508
   1.319      0.753193
   1.325      0.749897
   1.331      0.746621
   1.337      0.743365
   1.344      0.740130
   1.350      0.736915
   1.356      0.733719
   1.362      0.730545
   1.369      0.727391
   1.375      0.724257
   1.381      0.721143
   1.387      0.718051
   1.394      0.714978
   1.400      0.711927
   1.406      0.708895
   1.412      0.705885
   1.419      0.702894
   1.425      0.699925
   1.431      0.696975
   1.437      0.694046
   1.444      0.691138
   1.450      0.688249
   1.456      0.685381
   1.462      0.682534
   1.469      0.679706
   1.475      0.676898
   1.481      0.674110
   1.487      0.671342
   1.494      0.668594
   1.500      0.665866
   1.506      0.663157
   1.512      0.660467
   1.519      0.657797
   1.525      0.655147
   1.531      0.652515
   1.537      0.649902
   1.544      0.647309
   1.550      0.644734
   1.556      0.642178
   1.562      0.639640
   1.569      0.637121
   1.575      0.634620
   1.581      0.632138
   1.587      0.629673
   1.594      0.627226
   1.600      0.624797
   1.606      0.622386
   1.612      0.619992
   1.619      0.617615
   1.625      0.615256
   1.631      0.612914
   1.637      0.610589
   1.644      0.608280
   1.650      0.605988
   1.656      0.603713
   1.662      0.601454
   1.669      0.599211
   1.675      0.596985
   1.681      0.594774
   1.687      0.592579
   1.694      0.590400
   1.700      0.588236
   1.706      0.586088
   1.712      0.583955
   1.718      0.581837
   1.725      0.579734
   1.731      0.577646
   1.737      0.575572
   1.743      0.573513
   1.750      0.571469
   1.756      0.569439
   1.762      0.567423
   1.768      0.565421
   1.775      0.563432
   1.781      0.561458
   1.787      0.559497
   1.793      0.557550
   1.800      0.555616
   1.806      0.553695
   1.812      0.551788
   1.818      0.549893
   1.825      0.548011
   1.831      0.546142
   1.837      0.544286
   1.843      0.542442
   1.850      0.540610
   1.856      0.538791
   1.862      0.536984
   1.868      0.535188
   1.875      0.533405
   1.881      0.531634
   1.887      0.529874
   1.893      0.528126
   1.900      0.526389
   1.906      0.524663
   1.912      0.522949
   1.918      0.521246
   1.925      0.519554
   1.931      0.517873
   1.937      0.516203
   1.943      0.514543
   1.950      0.512894
   1.956      0.511256
   1.962      0.509628
   1.968      0.508010
   1.975      0.506403
   1.981      0.504805
   1.987      0.503218
   1.993      0.501641
   2.000      0.500073
   2.006      0.498515
   2.012      0.496967
   2.018      0.495429
   2.025      0.493900
   2.031      0.492380
   2.037      0.490870
   2.043      0.489368
   2.050      0.487877
   2.056      0.486394
   2.062      0.484920
   2.068      0.483455
   2.075      0.481999
   2.081      0.480551
   2.087      0.479112
   2.093      0.477682
   2.100      0.476261
   2.106      0.474847
   2.112      0.473443
   2.118      0.472046
   2.125      0.470658
   2.131      0.469277
   2.137      0.467905
   2.143      0.466541
   2.150      0.465185
   2.156      0.463837
   2.162      0.462496
   2.168      0.461163
   2.175      0.459838
   2.181      0.458520
   2.187      0.457210
   2.193      0.455908
   2.200      0.454613
   2.206      0.453325
   2.212      0.452044
   2.218      0.450771
   2.225      0.449505
   2.231      0.448245
   2.237      0.446993
   2.243      0.445748
   2.250      0.444510
   2.256      0.443279
   2.262      0.442054
   2.268      0.440836
   2.275      0.439625
   2.281      0.438421
   2.287      0.437223
   2.293      0.436032
   2.300      0.434847
   2.306      0.433668
   2.312      0.432496
   2.318      0.431330
   2.325      0.430171
   2.331      0.429018
   2.337      0.427871
   2.343      0.426730
   2.350      0.425595
   2.356      0.424466
   2.362      0.423343
   2.368      0.422226
   2.375      0.421115
   2.381      0.420009
   2.387      0.418910
   2.393      0.417816
   2.400      0.416728
   2.406      0.415646
   2.412      0.414569
   2.418      0.413498
   2.425      0.412432
   2.431      0.411372
   2.437      0.410317
   2.443      0.409268
   2.450      0.408223
   2.456      0.407185
   2.462      0.406151
   2.468      0.405123
   2.475      0.404100
   2.481      0.403082
   2.487      0.402069
