   0.005     -0.005842
   0.009     -0.067008
   0.014     -0.128175
   0.019     -0.191403
   0.024     -0.254871
   0.028     -0.318362
   0.033     -0.381814
   0.038     -0.445194
   0.042     -0.508480
   0.047     -0.571657
   0.052     -0.634707
   0.056     -0.697616
   0.061     -0.760369
   0.066     -0.822952
   0.071     -0.885351
   0.075     -0.947552
   0.080     -1.009541
   0.085     -1.071304
   0.089     -1.132828
   0.094     -1.194098
   0.099     -1.255101
   0.103     -1.315822
   0.108     -1.376247
   0.113     -1.436363
   0.118     -1.496155
   0.122     -1.555609
   0.127     -1.614710
   0.132     -1.673444
   0.136     -1.731796
   0.141     -1.789752
   0.146     -1.847297
   0.150     -1.904415
   0.155     -1.961094
   0.160     -2.017316
   0.165     -2.073067
   0.169     -2.128332
   0.174     -2.183097
   0.179     -2.237344
   0.183     -2.291060
   0.188     -2.344228
   0.193     -2.396834
   0.197     -2.448862
   0.202     -2.500295
   0.207     -2.551119
   0.212     -2.601318
   0.216     -2.650876
   0.221     -2.699777
   0.226     -2.748005
   0.230     -2.795545
   0.235     -2.842380
   0.240     -2.888494
   0.244     -2.933872
   0.249     -2.978497
   0.254     -3.022354
   0.259     -3.065426
   0.263     -3.107696
   0.268     -3.149150
   0.273     -3.189771
   0.277     -3.229543
   0.282     -3.268450
   0.287     -3.306476
   0.291     -3.343605
   0.296     -3.379823
   0.301     -3.415113
   0.305     -3.449459
   0.310     -3.482848
   0.315     -3.515264
   0.320     -3.546693
   0.324     -3.577120
   0.329     -3.606532
   0.334     -3.634914
   0.338     -3.662255
   0.343     -3.688541
   0.348     -3.713761
   0.353     -3.737904
   0.357     -3.760957
   0.362     -3.782913
   0.367     -3.803761
   0.371     -3.823493
   0.376     -3.842102
   0.381     -3.859580
   0.385     -3.875923
   0.390     -3.891126
   0.395     -3.905185
   0.400     -3.918098
   0.404     -3.929864
   0.409     -3.940482
   0.414     -3.949955
   0.418     -3.958285
   0.423     -3.965476
   0.428     -3.971533
   0.432     -3.976462
   0.437     -3.980273
   0.442     -3.982974
   0.447     -3.984576
   0.451     -3.985092
   0.456     -3.984535
   0.461     -3.982921
   0.465     -3.980265
   0.470     -3.976587
   0.475     -3.971904
   0.479     -3.966237
   0.484     -3.959608
   0.489     -3.952039
   0.493     -3.943555
   0.498     -3.934180
   0.503     -3.923941
   0.508     -3.912863
   0.512     -3.900976
   0.517     -3.888306
   0.522     -3.874883
   0.526     -3.860737
   0.531     -3.845897
   0.536     -3.830395
   0.540     -3.814260
   0.545     -3.797524
   0.550     -3.780218
   0.555     -3.762373
   0.559     -3.744019
   0.564     -3.725187
   0.569     -3.705908
   0.573     -3.686211
   0.578     -3.666127
   0.583     -3.645682
   0.588     -3.624907
   0.592     -3.603828
   0.597     -3.582472
   0.602     -3.560865
   0.606     -3.539031
   0.611     -3.516995
   0.616     -3.494778
   0.620     -3.472403
   0.625     -3.449890
   0.630     -3.427258
   0.635     -3.404526
   0.639     -3.381710
   0.644     -3.358826
   0.649     -3.335889
   0.653     -3.312913
   0.658     -3.289909
   0.663     -3.266888
   0.667     -3.243862
   0.672     -3.220838
   0.677     -3.197825
   0.681     -3.174829
   0.686     -3.151857
   0.691     -3.128914
   0.696     -3.106004
   0.700     -3.083131
   0.705     -3.060298
   0.710     -3.037508
   0.714     -3.014761
   0.719     -2.992060
   0.724     -2.969405
   0.729     -2.946796
   0.733     -2.924233
   0.738     -2.901717
   0.743     -2.879247
   0.747     -2.856822
   0.752     -2.834442
   0.757     -2.812105
   0.761     -2.789810
   0.766     -2.767558
   0.771     -2.745345
   0.776     -2.723173
   0.780     -2.701039
   0.785     -2.678944
   0.790     -2.656886
   0.794     -2.634864
   0.799     -2.612878
   0.804     -2.590928
   0.808     -2.569014
   0.813     -2.547135
   0.818     -2.525291
   0.823     -2.503483
   0.827     -2.481711
   0.832     -2.459975
   0.837     -2.438275
   0.841     -2.416613
   0.846     -2.394989
   0.851     -2.373404
   0.855     -2.351859
   0.860     -2.330355
   0.865     -2.308893
   0.870     -2.287475
   0.874     -2.266101
   0.879     -2.244774
   0.884     -2.223494
   0.888     -2.202263
   0.893     -2.181082
   0.898     -2.159953
   0.902     -2.138877
   0.907     -2.117857
   0.912     -2.096892
   0.916     -2.075986
   0.921     -2.055138
   0.926     -2.034352
   0.931     -2.013628
   0.935     -1.992967
   0.940     -1.972371
   0.945     -1.951842
   0.949     -1.931380
   0.954     -1.910986
   0.959     -1.890663
   0.964     -1.870411
   0.968     -1.850231
   0.973     -1.830124
   0.978     -1.810091
   0.982     -1.790133
   0.987     -1.770251
   0.992     -1.750445
   0.996     -1.730718
   1.001     -1.711069
   1.006     -1.691499
   1.010     -1.672009
   1.015     -1.652600
   1.020     -1.633273
   1.025     -1.614027
   1.029     -1.594864
   1.034     -1.575785
   1.039     -1.556789
   1.043     -1.537879
   1.048     -1.519053
   1.053     -1.500313
   1.058     -1.481659
   1.062     -1.463092
   1.067     -1.444612
   1.072     -1.426220
   1.076     -1.407915
   1.081     -1.389700
   1.086     -1.371573
   1.090     -1.353536
   1.095     -1.335589
   1.100     -1.317732
   1.105     -1.299965
   1.109     -1.282289
   1.114     -1.264705
   1.119     -1.247212
   1.123     -1.229811
   1.128     -1.212501
   1.133     -1.195285
   1.137     -1.178161
   1.142     -1.161130
   1.147     -1.144191
   1.151     -1.127347
   1.156     -1.110596
   1.161     -1.093938
   1.166     -1.077374
   1.170     -1.060905
   1.175     -1.044530
   1.180     -1.028249
   1.184     -1.012062
   1.189     -0.995970
   1.194     -0.979973
   1.199     -0.964071
   1.203     -0.948264
   1.208     -0.932551
   1.213     -0.916934
   1.217     -0.901411
   1.222     -0.885984
   1.227     -0.870652
   1.231     -0.855415
   1.236     -0.840273
   1.241     -0.825227
   1.246     -0.810275
   1.250     -0.795419
   1.255     -0.780658
   1.260     -0.765991
   1.264     -0.751420
   1.269     -0.736944
   1.274     -0.722563
   1.278     -0.708276
   1.283     -0.694084
   1.288     -0.679987
   1.292     -0.665985
   1.297     -0.652077
   1.302     -0.638263
   1.307     -0.624543
   1.311     -0.610918
   1.316     -0.597386
   1.321     -0.583948
   1.325     -0.570604
   1.330     -0.557353
   1.335     -0.544196
   1.340     -0.531132
   1.344     -0.518161
   1.349     -0.505282
   1.354     -0.492496
   1.358     -0.479803
   1.363     -0.467201
   1.368     -0.454692
   1.372     -0.442274
   1.377     -0.429948
   1.382     -0.417714
   1.387     -0.405570
   1.391     -0.393517
   1.396     -0.381555
   1.401     -0.369683
   1.405     -0.357902
   1.410     -0.346210
   1.415     -0.334608
   1.419     -0.323095
   1.424     -0.311672
   1.429     -0.300337
   1.433     -0.289091
   1.438     -0.277933
   1.443     -0.266863
   1.448     -0.255880
   1.452     -0.244986
   1.457     -0.234178
   1.462     -0.223457
   1.466     -0.212823
   1.471     -0.202274
   1.476     -0.191812
   1.481     -0.181436
   1.485     -0.171144
   1.490     -0.160938
   1.495     -0.150817
   1.499     -0.140779
   1.504     -0.130826
   1.509     -0.120957
   1.513     -0.111171
   1.518     -0.101468
   1.523     -0.091848
   1.528     -0.082310
   1.532     -0.072854
   1.537     -0.063480
   1.542     -0.054187
   1.546     -0.044976
   1.551     -0.035845
   1.556     -0.026795
   1.560     -0.017824
   1.565     -0.008934
   1.570     -0.000122
   1.575      0.008610
   1.579      0.017263
   1.584      0.025839
   1.589      0.034336
   1.593      0.042756
   1.598      0.051098
   1.603      0.059364
   1.607      0.067553
   1.612      0.075666
   1.617      0.083703
   1.622      0.091665
   1.626      0.099551
   1.631      0.107363
   1.636      0.115100
   1.640      0.122763
   1.645      0.130353
   1.650      0.137869
   1.654      0.145313
   1.659      0.152683
   1.664      0.159982
   1.669      0.167209
   1.673      0.174364
   1.678      0.181448
   1.683      0.188461
   1.687      0.195404
   1.692      0.202276
   1.697      0.209079
   1.701      0.215813
   1.706      0.222478
   1.711      0.229074
   1.716      0.235602
   1.720      0.242062
   1.725      0.248454
   1.730      0.254780
   1.734      0.261038
   1.739      0.267230
   1.744      0.273356
   1.748      0.279416
   1.753      0.285411
   1.758      0.291341
   1.763      0.297206
   1.767      0.303007
   1.772      0.308745
   1.777      0.314418
   1.781      0.320028
   1.786      0.325576
   1.791      0.331061
   1.795      0.336484
   1.800      0.341845
   1.805      0.347144
   1.810      0.352383
   1.814      0.357561
   1.819      0.362678
   1.824      0.367736
   1.828      0.372733
   1.833      0.377672
   1.838      0.382551
   1.842      0.387372
   1.847      0.392135
   1.852      0.396839
   1.857      0.401487
   1.861      0.406076
   1.866      0.410609
   1.871      0.415086
   1.875      0.419506
   1.880      0.423870
   1.885      0.428179
   1.889      0.432433
   1.894      0.436632
   1.899      0.440776
   1.903      0.444866
   1.908      0.448903
   1.913      0.452886
   1.918      0.456815
   1.922      0.460692
   1.927      0.464517
   1.932      0.468289
   1.936      0.472009
   1.941      0.475678
   1.946      0.479296
   1.951      0.482863
   1.955      0.486379
   1.960      0.489845
   1.965      0.493262
   1.969      0.496628
   1.974      0.499946
   1.979      0.503214
   1.983      0.506434
   1.988      0.509606
   1.993      0.512730
   1.998      0.515806
   2.002      0.518835
   2.007      0.521816
   2.012      0.524752
   2.016      0.527640
   2.021      0.530483
   2.026      0.533280
   2.030      0.536031
   2.035      0.538737
   2.040      0.541399
   2.045      0.544016
   2.049      0.546588
   2.054      0.549117
   2.059      0.551602
   2.063      0.554043
   2.068      0.556442
   2.073      0.558798
   2.077      0.561111
   2.082      0.563383
   2.087      0.565612
   2.091      0.567800
   2.096      0.569947
   2.101      0.572052
   2.106      0.574117
   2.110      0.576141
   2.115      0.578126
   2.120      0.580070
   2.124      0.581975
   2.129      0.583841
   2.134      0.585668
   2.139      0.587456
   2.143      0.589205
   2.148      0.590917
   2.153      0.592590
   2.157      0.594226
   2.162      0.595825
   2.167      0.597386
   2.171      0.598911
   2.176      0.600399
   2.181      0.601851
   2.186      0.603267
   2.190      0.604648
   2.195      0.605992
   2.200      0.607302
   2.204      0.608577
   2.209      0.609817
   2.214      0.611023
   2.218      0.612194
   2.223      0.613332
   2.228      0.614436
   2.232      0.615507
   2.237      0.616545
   2.242      0.617550
   2.247      0.618522
   2.251      0.619462
   2.256      0.620370
   2.261      0.621245
   2.265      0.622090
   2.270      0.622903
   2.275      0.623685
   2.280      0.624436
   2.284      0.625156
   2.289      0.625846
   2.294      0.626506
   2.298      0.627136
   2.303      0.627737
   2.308      0.628308
   2.312      0.628849
   2.317      0.629362
   2.322      0.629846
   2.327      0.630302
   2.331      0.630729
   2.336      0.631129
   2.341      0.631500
   2.345      0.631845
   2.350      0.632161
   2.355      0.632451
   2.359      0.632713
   2.364      0.632949
   2.369      0.633159
   2.373      0.633342
   2.378      0.633500
   2.383      0.633631
   2.388      0.633737
   2.392      0.633818
   2.397      0.633874
   2.402      0.633904
   2.406      0.633910
   2.411      0.633892
   2.416      0.633849
   2.421      0.633782
   2.425      0.633692
   2.430      0.633578
   2.435      0.633440
   2.439      0.633279
   2.444      0.633095
   2.449      0.632888
   2.453      0.632659
   2.458      0.632407
   2.463      0.632133
   2.468      0.631837
   2.472      0.631519
   2.477      0.631180
   2.482      0.630819
   2.486      0.630437
   2.491      0.630034
   2.496      0.629610
   2.500      0.629166
   2.505      0.628701
   2.510      0.628215
   2.514      0.627710
   2.519      0.627185
   2.524      0.626640
   2.529      0.626076
   2.533      0.625492
   2.538      0.624889
   2.543      0.624267
   2.547      0.623627
   2.552      0.622968
   2.557      0.622290
   2.562      0.621595
   2.566      0.620881
   2.571      0.620149
   2.576      0.619400
   2.580      0.618633
   2.585      0.617849
   2.590      0.617047
   2.594      0.616229
   2.599      0.615394
   2.604      0.614542
   2.609      0.613674
   2.613      0.612789
   2.618      0.611888
   2.623      0.610971
   2.627      0.610039
   2.632      0.609091
   2.637      0.608127
   2.641      0.607148
   2.646      0.606154
   2.651      0.605145
   2.655      0.604121
   2.660      0.603082
   2.665      0.602029
   2.670      0.600961
   2.674      0.599879
   2.679      0.598784
   2.684      0.597674
   2.688      0.596550
   2.693      0.595413
   2.698      0.594263
   2.703      0.593099
   2.707      0.591922
   2.712      0.590733
   2.717      0.589530
   2.721      0.588315
   2.726      0.587087
   2.731      0.585847
   2.735      0.584594
   2.740      0.583330
   2.745      0.582053
   2.750      0.580765
   2.754      0.579465
   2.759      0.578153
   2.764      0.576830
   2.768      0.575496
   2.773      0.574151
   2.778      0.572795
   2.782      0.571427
   2.787      0.570050
   2.792      0.568661
   2.796      0.567263
   2.801      0.565854
   2.806      0.564434
   2.811      0.563005
   2.815      0.561566
   2.820      0.560117
   2.825      0.558659
   2.829      0.557191
   2.834      0.555713
   2.839      0.554227
   2.844      0.552731
   2.848      0.551226
   2.853      0.549713
   2.858      0.548190
   2.862      0.546659
   2.867      0.545120
   2.872      0.543572
   2.876      0.542016
   2.881      0.540452
   2.886      0.538880
   2.891      0.537300
   2.895      0.535712
   2.900      0.534116
   2.905      0.532513
   2.909      0.530903
   2.914      0.529285
   2.919      0.527660
   2.923      0.526028
   2.928      0.524389
   2.933      0.522743
   2.938      0.521090
   2.942      0.519431
   2.947      0.517765
   2.952      0.516093
   2.956      0.514414
   2.961      0.512730
   2.966      0.511039
   2.970      0.509342
   2.975      0.507640
   2.980      0.505931
   2.985      0.504217
   2.989      0.502498
   2.994      0.500772
   2.999      0.499042
   3.003      0.497306
   3.008      0.495566
   3.013      0.493820
   3.017      0.492069
   3.022      0.490314
   3.027      0.488553
   3.032      0.486788
   3.036      0.485019
   3.041      0.483245
   3.046      0.481466
   3.050      0.479684
   3.055      0.477897
   3.060      0.476106
   3.064      0.474312
   3.069      0.472513
   3.074      0.470710
   3.079      0.468904
   3.083      0.467095
   3.088      0.465281
   3.093      0.463465
   3.097      0.461645
   3.102      0.459821
   3.107      0.457995
   3.111      0.456165
   3.116      0.454333
   3.121      0.452498
   3.126      0.450659
   3.130      0.448819
   3.135      0.446975
   3.140      0.445129
   3.144      0.443280
   3.149      0.441429
   3.154      0.439576
   3.158      0.437721
   3.163      0.435863
   3.168      0.434004
   3.173      0.432142
   3.177      0.430278
   3.182      0.428413
   3.187      0.426546
   3.191      0.424677
   3.196      0.422807
   3.201      0.420935
   3.205      0.419062
   3.210      0.417187
   3.215      0.415311
   3.220      0.413434
   3.224      0.411556
   3.229      0.409677
   3.234      0.407796
   3.238      0.405915
   3.243      0.404033
   3.248      0.402150
   3.252      0.400267
   3.257      0.398383
   3.262      0.396498
   3.267      0.394613
   3.271      0.392727
   3.276      0.390841
   3.281      0.388955
   3.285      0.387069
   3.290      0.385182
   3.295      0.383296
   3.299      0.381409
   3.304      0.379522
   3.309      0.377636
   3.314      0.375750
   3.318      0.373864
   3.323      0.371978
   3.328      0.370093
   3.332      0.368208
   3.337      0.366323
   3.342      0.364439
   3.346      0.362556
   3.351      0.360674
   3.356      0.358792
   3.361      0.356911
   3.365      0.355031
   3.370      0.353152
   3.375      0.351273
   3.379      0.349396
   3.384      0.347520
   3.389      0.345645
   3.393      0.343772
   3.398      0.341899
   3.403      0.340028
   3.408      0.338159
   3.412      0.336290
   3.417      0.334424
   3.422      0.332559
   3.426      0.330695
   3.431      0.328833
   3.436      0.326973
   3.440      0.325114
   3.445      0.323258
   3.450      0.321403
   3.455      0.319550
   3.459      0.317700
   3.464      0.315851
   3.469      0.314004
   3.473      0.312159
   3.478      0.310317
   3.483      0.308477
   3.487      0.306639
   3.492      0.304803
   3.497      0.302970
   3.502      0.301139
   3.506      0.299311
   3.511      0.297485
   3.516      0.295662
   3.520      0.293841
   3.525      0.292023
   3.530      0.290208
   3.534      0.288395
   3.539      0.286585
   3.544      0.284778
   3.549      0.282974
   3.553      0.281173
   3.558      0.279375
   3.563      0.277580
   3.567      0.275788
   3.572      0.273999
   3.577      0.272213
   3.581      0.270430
   3.586      0.268651
   3.591      0.266875
   3.596      0.265102
   3.600      0.263332
   3.605      0.261566
   3.610      0.259804
   3.614      0.258044
   3.619      0.256289
   3.624      0.254537
   3.628      0.252788
   3.633      0.251043
   3.638      0.249302
   3.643      0.247564
   3.647      0.245830
   3.652      0.244100
   3.657      0.242374
   3.661      0.240652
   3.666      0.238933
   3.671      0.237219
   3.675      0.235508
   3.680      0.233801
   3.685      0.232099
   3.690      0.230400
   3.694      0.228706
   3.699      0.227015
   3.704      0.225329
   3.708      0.223647
   3.713      0.221970
   3.718      0.220296
   3.722      0.218627
   3.727      0.216963
   3.732      0.215302
   3.736      0.213646
   3.741      0.211995
   3.746      0.210348
   3.751      0.208705
   3.755      0.207067
   3.760      0.205434
   3.765      0.203805
   3.769      0.202181
   3.774      0.200561
   3.779      0.198947
   3.784      0.197336
   3.788      0.195731
   3.793      0.194131
   3.798      0.192535
   3.802      0.190944
   3.807      0.189358
   3.812      0.187777
   3.816      0.186200
   3.821      0.184629
   3.826      0.183063
   3.831      0.181502
   3.835      0.179946
   3.840      0.178394
   3.845      0.176848
   3.849      0.175308
   3.854      0.173772
   3.859      0.172241
   3.863      0.170716
   3.868      0.169196
   3.873      0.167681
   3.877      0.166171
   3.882      0.164667
   3.887      0.163168
   3.892      0.161675
   3.896      0.160187
   3.901      0.158704
   3.906      0.157227
   3.910      0.155755
   3.915      0.154288
   3.920      0.152828
   3.925      0.151372
   3.929      0.149923
   3.934      0.148479
   3.939      0.147040
   3.943      0.145607
   3.948      0.144180
   3.953      0.142759
   3.957      0.141343
   3.962      0.139933
   3.967      0.138529
   3.972      0.137131
   3.976      0.135738
   3.981      0.134351
   3.986      0.132970
   3.990      0.131595
   3.995      0.130226
   4.000      0.128863
   4.004      0.127505
   4.009      0.126154
   4.014      0.124809
   4.019      0.123469
   4.023      0.122136
   4.028      0.120809
   4.033      0.119487
   4.037      0.118172
   4.042      0.116863
   4.047      0.115561
   4.051      0.114264
   4.056      0.112973
   4.061      0.111689
   4.066      0.110411
   4.070      0.109139
   4.075      0.107874
   4.080      0.106614
   4.084      0.105361
   4.089      0.104115
   4.094      0.102874
   4.098      0.101640
   4.103      0.100413
   4.108      0.099191
   4.112      0.097977
   4.117      0.096768
   4.122      0.095566
   4.127      0.094371
   4.131      0.093182
   4.136      0.092000
   4.141      0.090824
   4.145      0.089654
   4.150      0.088492
   4.155      0.087335
   4.160      0.086186
   4.164      0.085043
   4.169      0.083906
   4.174      0.082777
   4.178      0.081653
   4.183      0.080537
   4.188      0.079427
   4.192      0.078324
   4.197      0.077228
   4.202      0.076139
   4.207      0.075056
   4.211      0.073980
   4.216      0.072911
   4.221      0.071848
   4.225      0.070793
   4.230      0.069744
   4.235      0.068702
   4.239      0.067667
   4.244      0.066639
   4.249      0.065618
   4.253      0.064603
   4.258      0.063596
   4.263      0.062595
   4.268      0.061602
   4.272      0.060615
   4.277      0.059635
   4.282      0.058663
   4.286      0.057697
   4.291      0.056738
   4.296      0.055786
   4.301      0.054834
   4.305      0.053895
   4.310      0.052964
   4.315      0.052040
   4.319      0.051123
   4.324      0.050213
   4.329      0.049311
   4.333      0.048415
   4.338      0.047526
   4.343      0.046644
   4.348      0.045770
   4.352      0.044902
   4.357      0.044042
   4.362      0.043188
   4.366      0.042342
   4.371      0.041503
   4.376      0.040671
   4.380      0.039846
   4.385      0.039029
   4.390      0.038218
   4.394      0.037414
   4.399      0.036618
   4.404      0.035829
   4.409      0.035047
   4.413      0.034272
   4.418      0.033504
   4.423      0.032744
   4.427      0.031990
   4.432      0.031244
   4.437      0.030505
   4.442      0.029773
   4.446      0.029048
   4.451      0.028331
   4.456      0.027620
   4.460      0.026917
   4.465      0.026221
   4.470      0.025532
   4.474      0.024850
   4.479      0.024176
   4.484      0.023508
   4.489      0.022848
   4.493      0.022195
   4.498      0.021549
   4.503      0.020910
   4.507      0.020278
   4.512      0.019654
   4.517      0.019037
   4.521      0.018426
   4.526      0.017823
   4.531      0.017227
   4.535      0.016638
   4.540      0.016056
   4.545      0.015482
   4.550      0.014914
   4.554      0.014354
   4.559      0.013800
   4.564      0.013254
   4.568      0.012714
   4.573      0.012182
   4.578      0.011657
   4.583      0.011139
   4.587      0.010627
   4.592      0.010123
   4.597      0.009626
   4.601      0.009135
   4.606      0.008652
   4.611      0.008175
   4.615      0.007705
   4.620      0.007242
   4.625      0.006786
   4.630      0.006337
   4.634      0.005894
   4.639      0.005458
   4.644      0.005029
   4.648      0.004606
   4.653      0.004190
   4.658      0.003780
   4.662      0.003377
   4.667      0.002979
   4.672      0.002588
   4.676      0.002203
   4.681      0.001824
   4.686      0.001450
   4.691      0.001081
   4.695      0.000717
   4.700      0.000357
   4.705      0.000000
