   0.005      1.578591
   0.009      1.578681
   0.014      1.578770
   0.019      1.578924
   0.024      1.579140
   0.028      1.579415
   0.033      1.579750
   0.038      1.580144
   0.042      1.580599
   0.047      1.581112
   0.052      1.581686
   0.056      1.582320
   0.061      1.583014
   0.066      1.583769
   0.071      1.584585
   0.075      1.585462
   0.080      1.586401
   0.085      1.587402
   0.089      1.588465
   0.094      1.589590
   0.099      1.590778
   0.103      1.592028
   0.108      1.593342
   0.113      1.594718
   0.118      1.596158
   0.122      1.597661
   0.127      1.599228
   0.132      1.600859
   0.136      1.602553
   0.141      1.604311
   0.146      1.606134
   0.150      1.608020
   0.155      1.609970
   0.160      1.611985
   0.165      1.614064
   0.169      1.616207
   0.174      1.618414
   0.179      1.620685
   0.183      1.623021
   0.188      1.625420
   0.193      1.627884
   0.197      1.630412
   0.202      1.633003
   0.207      1.635658
   0.212      1.638376
   0.216      1.641158
   0.221      1.644003
   0.226      1.646912
   0.230      1.649882
   0.235      1.652916
   0.240      1.656012
   0.244      1.659169
   0.249      1.662389
   0.254      1.665669
   0.259      1.669011
   0.263      1.672413
   0.268      1.675876
   0.273      1.679398
   0.277      1.682980
   0.282      1.686620
   0.287      1.690319
   0.291      1.694076
   0.296      1.697890
   0.301      1.701760
   0.305      1.705686
   0.310      1.709668
   0.315      1.713705
   0.320      1.717795
   0.324      1.721939
   0.329      1.726135
   0.334      1.730383
   0.338      1.734681
   0.343      1.739030
   0.348      1.743427
   0.353      1.747873
   0.357      1.752365
   0.362      1.756904
   0.367      1.761488
   0.371      1.766115
   0.376      1.770786
   0.381      1.775498
   0.385      1.780251
   0.390      1.785043
   0.395      1.789873
   0.400      1.794739
   0.404      1.799641
   0.409      1.804577
   0.414      1.809546
   0.418      1.814545
   0.423      1.819575
   0.428      1.824632
   0.432      1.829715
   0.437      1.834824
   0.442      1.839956
   0.447      1.845109
   0.451      1.850282
   0.456      1.855473
   0.461      1.860681
   0.465      1.865903
   0.470      1.871137
   0.475      1.876382
   0.479      1.881635
   0.484      1.886896
   0.489      1.892161
   0.493      1.897428
   0.498      1.902696
   0.503      1.907963
   0.508      1.913226
   0.512      1.918483
   0.517      1.923732
   0.522      1.928971
   0.526      1.934197
   0.531      1.939409
   0.536      1.944603
   0.540      1.949779
   0.545      1.954932
   0.550      1.960062
   0.555      1.965165
   0.559      1.970239
   0.564      1.975283
   0.569      1.980293
   0.573      1.985267
   0.578      1.990203
   0.583      1.995098
   0.588      1.999951
   0.592      2.004758
   0.597      2.009517
   0.602      2.014226
   0.606      2.018883
   0.611      2.023484
   0.616      2.028029
   0.620      2.032514
   0.625      2.036937
   0.630      2.041295
   0.635      2.045587
   0.639      2.049811
   0.644      2.053962
   0.649      2.058041
   0.653      2.062044
   0.658      2.065968
   0.663      2.069813
   0.667      2.073575
   0.672      2.077252
   0.677      2.080843
   0.681      2.084344
   0.686      2.087755
   0.691      2.091072
   0.696      2.094294
   0.700      2.097419
   0.705      2.100444
   0.710      2.103368
   0.714      2.106189
   0.719      2.108905
   0.724      2.111514
   0.729      2.114014
   0.733      2.116404
   0.738      2.118681
   0.743      2.120845
   0.747      2.122893
   0.752      2.124825
   0.757      2.126638
   0.761      2.128331
   0.766      2.129903
   0.771      2.131353
   0.776      2.132679
   0.780      2.133880
   0.785      2.134956
   0.790      2.135905
   0.794      2.136727
   0.799      2.137420
   0.804      2.137985
   0.808      2.138419
   0.813      2.138724
   0.818      2.138897
   0.823      2.138940
   0.827      2.138851
   0.832      2.138630
   0.837      2.138278
   0.841      2.137794
   0.846      2.137178
   0.851      2.136430
   0.855      2.135551
   0.860      2.134541
   0.865      2.133399
   0.870      2.132128
   0.874      2.130726
   0.879      2.129196
   0.884      2.127536
   0.888      2.125749
   0.893      2.123834
   0.898      2.121794
   0.902      2.119628
   0.907      2.117338
   0.912      2.114925
   0.916      2.112390
   0.921      2.109734
   0.926      2.106958
   0.931      2.104064
   0.935      2.101054
   0.940      2.097928
   0.945      2.094688
   0.949      2.091336
   0.954      2.087872
   0.959      2.084300
   0.964      2.080620
   0.968      2.076834
   0.973      2.072944
   0.978      2.068952
   0.982      2.064858
   0.987      2.060666
   0.992      2.056377
   0.996      2.051993
   1.001      2.047515
   1.006      2.042946
   1.010      2.038288
   1.015      2.033541
   1.020      2.028710
   1.025      2.023794
   1.029      2.018796
   1.034      2.013719
   1.039      2.008563
   1.043      2.003332
   1.048      1.998026
   1.053      1.992648
   1.058      1.987200
   1.062      1.981684
   1.067      1.976101
   1.072      1.970454
   1.076      1.964744
   1.081      1.958973
   1.086      1.953144
   1.090      1.947257
   1.095      1.941315
   1.100      1.935320
   1.105      1.929272
   1.109      1.923175
   1.114      1.917030
   1.119      1.910838
   1.123      1.904602
   1.128      1.898322
   1.133      1.892001
   1.137      1.885640
   1.142      1.879241
   1.147      1.872805
   1.151      1.866334
   1.156      1.859829
   1.161      1.853291
   1.166      1.846724
   1.170      1.840126
   1.175      1.833501
   1.180      1.826849
   1.184      1.820172
   1.189      1.813471
   1.194      1.806748
   1.199      1.800003
   1.203      1.793237
   1.208      1.786453
   1.213      1.779651
   1.217      1.772832
   1.222      1.765998
   1.227      1.759149
   1.231      1.752287
   1.236      1.745413
   1.241      1.738527
   1.246      1.731631
   1.250      1.724725
   1.255      1.717811
   1.260      1.710890
   1.264      1.703962
   1.269      1.697028
   1.274      1.690089
   1.278      1.683146
   1.283      1.676200
   1.288      1.669251
   1.292      1.662300
   1.297      1.655349
   1.302      1.648397
   1.307      1.641445
   1.311      1.634495
   1.316      1.627546
   1.321      1.620600
   1.325      1.613657
   1.330      1.606717
   1.335      1.599782
   1.340      1.592852
   1.344      1.585927
   1.349      1.579008
   1.354      1.572095
   1.358      1.565190
   1.363      1.558292
   1.368      1.551401
   1.372      1.544520
   1.377      1.537647
   1.382      1.530784
   1.387      1.523931
   1.391      1.517088
   1.396      1.510255
   1.401      1.503434
   1.405      1.496624
   1.410      1.489826
   1.415      1.483041
   1.419      1.476268
   1.424      1.469507
   1.429      1.462761
   1.433      1.456028
   1.438      1.449308
   1.443      1.442603
   1.448      1.435913
   1.452      1.429238
   1.457      1.422577
   1.462      1.415933
   1.466      1.409304
   1.471      1.402690
   1.476      1.396094
   1.481      1.389513
   1.485      1.382950
   1.490      1.376403
   1.495      1.369874
   1.499      1.363362
   1.504      1.356867
   1.509      1.350391
   1.513      1.343932
   1.518      1.337492
   1.523      1.331070
   1.528      1.324667
   1.532      1.318282
   1.537      1.311916
   1.542      1.305570
   1.546      1.299243
   1.551      1.292935
   1.556      1.286647
   1.560      1.280378
   1.565      1.274130
   1.570      1.267901
   1.575      1.261692
   1.579      1.255504
   1.584      1.249336
   1.589      1.243189
   1.593      1.237062
   1.598      1.230955
   1.603      1.224870
   1.607      1.218805
   1.612      1.212762
   1.617      1.206739
   1.622      1.200738
   1.626      1.194757
   1.631      1.188798
   1.636      1.182861
   1.640      1.176945
   1.645      1.171050
   1.650      1.165177
   1.654      1.159326
   1.659      1.153496
   1.664      1.147688
   1.669      1.141902
   1.673      1.136137
   1.678      1.130395
   1.683      1.124674
   1.687      1.118975
   1.692      1.113298
   1.697      1.107644
   1.701      1.102011
   1.706      1.096400
   1.711      1.090812
   1.716      1.085245
   1.720      1.079701
   1.725      1.074179
   1.730      1.068679
   1.734      1.063201
   1.739      1.057745
   1.744      1.052312
   1.748      1.046900
   1.753      1.041511
   1.758      1.036144
   1.763      1.030799
   1.767      1.025477
   1.772      1.020176
   1.777      1.014898
   1.781      1.009642
   1.786      1.004407
   1.791      0.999195
   1.795      0.994006
   1.800      0.988838
   1.805      0.983692
   1.810      0.978568
   1.814      0.973467
   1.819      0.968387
   1.824      0.963329
   1.828      0.958294
   1.833      0.953280
   1.838      0.948288
   1.842      0.943318
   1.847      0.938369
   1.852      0.933443
   1.857      0.928538
   1.861      0.923655
   1.866      0.918794
   1.871      0.913954
   1.875      0.909136
   1.880      0.904339
   1.885      0.899564
   1.889      0.894811
   1.894      0.890078
   1.899      0.885368
   1.903      0.880678
   1.908      0.876010
   1.913      0.871363
   1.918      0.866737
   1.922      0.862133
   1.927      0.857549
   1.932      0.852987
   1.936      0.848445
   1.941      0.843924
   1.946      0.839425
   1.951      0.834946
   1.955      0.830488
   1.960      0.826050
   1.965      0.821633
   1.969      0.817237
   1.974      0.812861
   1.979      0.808506
   1.983      0.804171
   1.988      0.799857
   1.993      0.795563
   1.998      0.791289
   2.002      0.787035
   2.007      0.782801
   2.012      0.778588
   2.016      0.774394
   2.021      0.770220
   2.026      0.766066
   2.030      0.761932
   2.035      0.757818
   2.040      0.753723
   2.045      0.749648
   2.049      0.745592
   2.054      0.741556
   2.059      0.737540
   2.063      0.733542
   2.068      0.729564
   2.073      0.725605
   2.077      0.721665
   2.082      0.717744
   2.087      0.713842
   2.091      0.709959
   2.096      0.706095
   2.101      0.702250
   2.106      0.698423
   2.110      0.694615
   2.115      0.690826
   2.120      0.687055
   2.124      0.683302
   2.129      0.679568
   2.134      0.675852
   2.139      0.672155
   2.143      0.668475
   2.148      0.664814
   2.153      0.661170
   2.157      0.657544
   2.162      0.653937
   2.167      0.650346
   2.171      0.646774
   2.176      0.643220
   2.181      0.639682
   2.186      0.636163
   2.190      0.632661
   2.195      0.629176
   2.200      0.625708
   2.204      0.622258
   2.209      0.618825
   2.214      0.615409
   2.218      0.612009
   2.223      0.608627
   2.228      0.605262
   2.232      0.601913
   2.237      0.598581
   2.242      0.595266
   2.247      0.591967
   2.251      0.588685
   2.256      0.585419
   2.261      0.582170
   2.265      0.578937
   2.270      0.575720
   2.275      0.572519
   2.280      0.569334
   2.284      0.566165
   2.289      0.563012
   2.294      0.559875
   2.298      0.556754
   2.303      0.553649
   2.308      0.550559
   2.312      0.547484
   2.317      0.544425
   2.322      0.541382
   2.327      0.538354
   2.331      0.535341
   2.336      0.532343
   2.341      0.529361
   2.345      0.526394
   2.350      0.523441
   2.355      0.520504
   2.359      0.517581
   2.364      0.514673
   2.369      0.511780
   2.373      0.508902
   2.378      0.506038
   2.383      0.503189
   2.388      0.500354
   2.392      0.497533
   2.397      0.494727
   2.402      0.491935
   2.406      0.489157
   2.411      0.486394
   2.416      0.483644
   2.421      0.480908
   2.425      0.478187
   2.430      0.475479
   2.435      0.472785
   2.439      0.470104
   2.444      0.467437
   2.449      0.464784
   2.453      0.462144
   2.458      0.459518
   2.463      0.456905
   2.468      0.454306
   2.472      0.451719
   2.477      0.449146
   2.482      0.446586
   2.486      0.444039
   2.491      0.441505
   2.496      0.438984
   2.500      0.436476
   2.505      0.433980
   2.510      0.431497
   2.514      0.429027
   2.519      0.426570
   2.524      0.424125
   2.529      0.421693
   2.533      0.419273
   2.538      0.416865
   2.543      0.414469
   2.547      0.412086
   2.552      0.409715
   2.557      0.407356
   2.562      0.405010
   2.566      0.402675
   2.571      0.400352
   2.576      0.398041
   2.580      0.395741
   2.585      0.393454
   2.590      0.391178
   2.594      0.388914
   2.599      0.386661
   2.604      0.384420
   2.609      0.382190
   2.613      0.379972
   2.618      0.377765
   2.623      0.375569
   2.627      0.373384
   2.632      0.371211
   2.637      0.369048
   2.641      0.366897
   2.646      0.364757
   2.651      0.362628
   2.655      0.360509
   2.660      0.358401
   2.665      0.356304
   2.670      0.354218
   2.674      0.352142
   2.679      0.350077
   2.684      0.348023
   2.688      0.345979
   2.693      0.343945
   2.698      0.341922
   2.703      0.339909
   2.707      0.337906
   2.712      0.335914
   2.717      0.333931
   2.721      0.331959
   2.726      0.329997
   2.731      0.328045
   2.735      0.326102
   2.740      0.324170
   2.745      0.322247
   2.750      0.320334
   2.754      0.318431
   2.759      0.316538
   2.764      0.314654
   2.768      0.312780
   2.773      0.310915
   2.778      0.309060
   2.782      0.307214
   2.787      0.305378
   2.792      0.303550
   2.796      0.301733
   2.801      0.299924
   2.806      0.298124
   2.811      0.296334
   2.815      0.294553
   2.820      0.292780
   2.825      0.291017
   2.829      0.289263
   2.834      0.287517
   2.839      0.285780
   2.844      0.284053
   2.848      0.282333
   2.853      0.280623
   2.858      0.278921
   2.862      0.277228
   2.867      0.275543
   2.872      0.273867
   2.876      0.272199
   2.881      0.270539
   2.886      0.268888
   2.891      0.267246
   2.895      0.265611
   2.900      0.263985
   2.905      0.262367
   2.909      0.260757
   2.914      0.259155
   2.919      0.257561
   2.923      0.255975
   2.928      0.254398
   2.933      0.252828
   2.938      0.251266
   2.942      0.249711
   2.947      0.248165
   2.952      0.246626
   2.956      0.245095
   2.961      0.243572
   2.966      0.242056
   2.970      0.240548
   2.975      0.239047
   2.980      0.237554
   2.985      0.236068
   2.989      0.234590
   2.994      0.233118
   2.999      0.231655
   3.003      0.230198
   3.008      0.228749
   3.013      0.227307
   3.017      0.225872
   3.022      0.224445
   3.027      0.223024
   3.032      0.221610
   3.036      0.220204
   3.041      0.218804
   3.046      0.217411
   3.050      0.216025
   3.055      0.214646
   3.060      0.213274
   3.064      0.211909
   3.069      0.210550
   3.074      0.209198
   3.079      0.207852
   3.083      0.206514
   3.088      0.205181
   3.093      0.203856
   3.097      0.202537
   3.102      0.201224
   3.107      0.199918
   3.111      0.198618
   3.116      0.197324
   3.121      0.196037
   3.126      0.194756
   3.130      0.193481
   3.135      0.192213
   3.140      0.190950
   3.144      0.189694
   3.149      0.188444
   3.154      0.187200
   3.158      0.185962
   3.163      0.184730
   3.168      0.183504
   3.173      0.182284
   3.177      0.181070
   3.182      0.179861
   3.187      0.178659
   3.191      0.177462
   3.196      0.176271
   3.201      0.175086
   3.205      0.173906
   3.210      0.172733
   3.215      0.171564
   3.220      0.170402
   3.224      0.169245
   3.229      0.168093
   3.234      0.166947
   3.238      0.165806
   3.243      0.164671
   3.248      0.163542
   3.252      0.162417
   3.257      0.161298
   3.262      0.160184
   3.267      0.159076
   3.271      0.157973
   3.276      0.156875
   3.281      0.155782
   3.285      0.154694
   3.290      0.153612
   3.295      0.152534
   3.299      0.151462
   3.304      0.150395
   3.309      0.149332
   3.314      0.148275
   3.318      0.147223
   3.323      0.146175
   3.328      0.145133
   3.332      0.144095
   3.337      0.143062
   3.342      0.142034
   3.346      0.141010
   3.351      0.139992
   3.356      0.138978
   3.361      0.137969
   3.365      0.136964
   3.370      0.135964
   3.375      0.134969
   3.379      0.133978
   3.384      0.132992
   3.389      0.132010
   3.393      0.131033
   3.398      0.130061
   3.403      0.129092
   3.408      0.128128
   3.412      0.127169
   3.417      0.126214
   3.422      0.125263
   3.426      0.124317
   3.431      0.123374
   3.436      0.122437
   3.440      0.121503
   3.445      0.120573
   3.450      0.119648
   3.455      0.118727
   3.459      0.117810
   3.464      0.116897
   3.469      0.115988
   3.473      0.115083
   3.478      0.114182
   3.483      0.113285
   3.487      0.112393
   3.492      0.111504
   3.497      0.110619
   3.502      0.109738
   3.506      0.108861
   3.511      0.107987
   3.516      0.107118
   3.520      0.106252
   3.525      0.105390
   3.530      0.104532
   3.534      0.103678
   3.539      0.102827
   3.544      0.101980
   3.549      0.101137
   3.553      0.100297
   3.558      0.099461
   3.563      0.098628
   3.567      0.097799
   3.572      0.096974
   3.577      0.096152
   3.581      0.095334
   3.586      0.094519
   3.591      0.093707
   3.596      0.092900
   3.600      0.092095
   3.605      0.091294
   3.610      0.090496
   3.614      0.089702
   3.619      0.088911
   3.624      0.088123
   3.628      0.087338
   3.633      0.086557
   3.638      0.085779
   3.643      0.085004
   3.647      0.084233
   3.652      0.083464
   3.657      0.082699
   3.661      0.081937
   3.666      0.081178
   3.671      0.080422
   3.675      0.079669
   3.680      0.078920
   3.685      0.078173
   3.690      0.077429
   3.694      0.076689
   3.699      0.075951
   3.704      0.075216
   3.708      0.074484
   3.713      0.073755
   3.718      0.073029
   3.722      0.072306
   3.727      0.071586
   3.732      0.070869
   3.736      0.070154
   3.741      0.069442
   3.746      0.068733
   3.751      0.068027
   3.755      0.067324
   3.760      0.066623
   3.765      0.065925
   3.769      0.065229
   3.774      0.064537
   3.779      0.063847
   3.784      0.063159
   3.788      0.062475
   3.793      0.061792
   3.798      0.061113
   3.802      0.060436
   3.807      0.059761
   3.812      0.059089
   3.816      0.058420
   3.821      0.057753
   3.826      0.057089
   3.831      0.056427
   3.835      0.055767
   3.840      0.055110
   3.845      0.054455
   3.849      0.053803
   3.854      0.053153
   3.859      0.052505
   3.863      0.051860
   3.868      0.051217
   3.873      0.050576
   3.877      0.049938
   3.882      0.049302
   3.887      0.048668
   3.892      0.048036
   3.896      0.047407
   3.901      0.046780
   3.906      0.046155
   3.910      0.045532
   3.915      0.044911
   3.920      0.044293
   3.925      0.043677
   3.929      0.043062
   3.934      0.042450
   3.939      0.041840
   3.943      0.041232
   3.948      0.040626
   3.953      0.040022
   3.957      0.039420
   3.962      0.038820
   3.967      0.038223
   3.972      0.037627
   3.976      0.037033
   3.981      0.036441
   3.986      0.035851
   3.990      0.035262
   3.995      0.034676
   4.000      0.034092
   4.004      0.033509
   4.009      0.032929
   4.014      0.032350
   4.019      0.031773
   4.023      0.031198
   4.028      0.030624
   4.033      0.030053
   4.037      0.029483
   4.042      0.028915
   4.047      0.028348
   4.051      0.027784
   4.056      0.027221
   4.061      0.026660
   4.066      0.026100
   4.070      0.025543
   4.075      0.024986
   4.080      0.024432
   4.084      0.023879
   4.089      0.023328
   4.094      0.022778
   4.098      0.022230
   4.103      0.021684
   4.108      0.021139
   4.112      0.020596
   4.117      0.020054
   4.122      0.019514
   4.127      0.018975
   4.131      0.018438
   4.136      0.017902
   4.141      0.017368
   4.145      0.016835
   4.150      0.016304
   4.155      0.015774
   4.160      0.015246
   4.164      0.014719
   4.169      0.014193
   4.174      0.013669
   4.178      0.013146
   4.183      0.012625
   4.188      0.012104
   4.192      0.011586
   4.197      0.011068
   4.202      0.010552
   4.207      0.010037
   4.211      0.009524
   4.216      0.009012
   4.221      0.008501
   4.225      0.007991
   4.230      0.007483
   4.235      0.006976
   4.239      0.006470
   4.244      0.005965
   4.249      0.005462
   4.253      0.004959
   4.258      0.004458
   4.263      0.003958
   4.268      0.003460
   4.272      0.002962
   4.277      0.002466
   4.282      0.001970
   4.286      0.001476
   4.291      0.000983
   4.296      0.000491
   4.301      0.000000
