   0.005     -4.097669
   0.009     -4.097570
   0.014     -4.097471
   0.019     -4.097326
   0.024     -4.097115
   0.028     -4.096828
   0.033     -4.096468
   0.038     -4.096037
   0.042     -4.095538
   0.047     -4.094973
   0.052     -4.094347
   0.056     -4.093661
   0.061     -4.092919
   0.066     -4.092122
   0.071     -4.091274
   0.075     -4.090375
   0.080     -4.089429
   0.085     -4.088436
   0.089     -4.087397
   0.094     -4.086313
   0.099     -4.085185
   0.103     -4.084012
   0.108     -4.082796
   0.113     -4.081534
   0.118     -4.080227
   0.122     -4.078875
   0.127     -4.077475
   0.132     -4.076028
   0.136     -4.074531
   0.141     -4.072984
   0.146     -4.071384
   0.150     -4.069731
   0.155     -4.068022
   0.160     -4.066256
   0.165     -4.064430
   0.169     -4.062544
   0.174     -4.060595
   0.179     -4.058581
   0.183     -4.056500
   0.188     -4.054350
   0.193     -4.052129
   0.197     -4.049835
   0.202     -4.047466
   0.207     -4.045019
   0.212     -4.042493
   0.216     -4.039885
   0.221     -4.037193
   0.226     -4.034415
   0.230     -4.031548
   0.235     -4.028591
   0.240     -4.025540
   0.244     -4.022395
   0.249     -4.019152
   0.254     -4.015808
   0.259     -4.012363
   0.263     -4.008813
   0.268     -4.005155
   0.273     -4.001389
   0.277     -3.997510
   0.282     -3.993517
   0.287     -3.989406
   0.291     -3.985177
   0.296     -3.980826
   0.301     -3.976350
   0.305     -3.971748
   0.310     -3.967016
   0.315     -3.962153
   0.320     -3.957156
   0.324     -3.952022
   0.329     -3.946749
   0.334     -3.941335
   0.338     -3.935778
   0.343     -3.930075
   0.348     -3.924224
   0.353     -3.918223
   0.357     -3.912070
   0.362     -3.905763
   0.367     -3.899300
   0.371     -3.892680
   0.376     -3.885901
   0.381     -3.878961
   0.385     -3.871860
   0.390     -3.864596
   0.395     -3.857168
   0.400     -3.849575
   0.404     -3.841817
   0.409     -3.833893
   0.414     -3.825802
   0.418     -3.817544
   0.423     -3.809119
   0.428     -3.800528
   0.432     -3.791770
   0.437     -3.782846
   0.442     -3.773756
   0.447     -3.764501
   0.451     -3.755082
   0.456     -3.745499
   0.461     -3.735753
   0.465     -3.725846
   0.470     -3.715779
   0.475     -3.705552
   0.479     -3.695167
   0.484     -3.684625
   0.489     -3.673929
   0.493     -3.663078
   0.498     -3.652074
   0.503     -3.640919
   0.508     -3.629615
   0.512     -3.618162
   0.517     -3.606562
   0.522     -3.594816
   0.526     -3.582926
   0.531     -3.570893
   0.536     -3.558718
   0.540     -3.546403
   0.545     -3.533948
   0.550     -3.521356
   0.555     -3.508628
   0.559     -3.495764
   0.564     -3.482766
   0.569     -3.469636
   0.573     -3.456374
   0.578     -3.442982
   0.583     -3.429461
   0.588     -3.415811
   0.592     -3.402036
   0.597     -3.388135
   0.602     -3.374110
   0.606     -3.359962
   0.611     -3.345692
   0.616     -3.331302
   0.620     -3.316793
   0.625     -3.302165
   0.630     -3.287420
   0.635     -3.272560
   0.639     -3.257585
   0.644     -3.242496
   0.649     -3.227295
   0.653     -3.211982
   0.658     -3.196558
   0.663     -3.181025
   0.667     -3.165383
   0.672     -3.149633
   0.677     -3.133776
   0.681     -3.117812
   0.686     -3.101743
   0.691     -3.085569
   0.696     -3.069290
   0.700     -3.052908
   0.705     -3.036423
   0.710     -3.019835
   0.714     -3.003145
   0.719     -2.986353
   0.724     -2.969460
   0.729     -2.952467
   0.733     -2.935374
   0.738     -2.918180
   0.743     -2.900888
   0.747     -2.883497
   0.752     -2.866007
   0.757     -2.848420
   0.761     -2.830735
   0.766     -2.812954
   0.771     -2.795077
   0.776     -2.777104
   0.780     -2.759036
   0.785     -2.740874
   0.790     -2.722619
   0.794     -2.704270
   0.799     -2.685830
   0.804     -2.667298
   0.808     -2.648677
   0.813     -2.629965
   0.818     -2.611166
   0.823     -2.592279
   0.827     -2.573306
   0.832     -2.554247
   0.837     -2.535105
   0.841     -2.515880
   0.846     -2.496573
   0.851     -2.477186
   0.855     -2.457720
   0.860     -2.438177
   0.865     -2.418558
   0.870     -2.398864
   0.874     -2.379097
   0.879     -2.359259
   0.884     -2.339351
   0.888     -2.319376
   0.893     -2.299334
   0.898     -2.279227
   0.902     -2.259058
   0.907     -2.238827
   0.912     -2.218538
   0.916     -2.198192
   0.921     -2.177790
   0.926     -2.157335
   0.931     -2.136829
   0.935     -2.116273
   0.940     -2.095670
   0.945     -2.075021
   0.949     -2.054329
   0.954     -2.033595
   0.959     -2.012822
   0.964     -1.992011
   0.968     -1.971165
   0.973     -1.950286
   0.978     -1.929375
   0.982     -1.908435
   0.987     -1.887468
   0.992     -1.866476
   0.996     -1.845461
   1.001     -1.824426
   1.006     -1.803373
   1.010     -1.782304
   1.015     -1.761222
   1.020     -1.740129
   1.025     -1.719028
   1.029     -1.697922
   1.034     -1.676812
   1.039     -1.655702
   1.043     -1.634594
   1.048     -1.613491
   1.053     -1.592396
   1.058     -1.571311
   1.062     -1.550240
   1.067     -1.529185
   1.072     -1.508149
   1.076     -1.487135
   1.081     -1.466146
   1.086     -1.445184
   1.090     -1.424253
   1.095     -1.403356
   1.100     -1.382495
   1.105     -1.361673
   1.109     -1.340893
   1.114     -1.320158
   1.119     -1.299471
   1.123     -1.278834
   1.128     -1.258250
   1.133     -1.237723
   1.137     -1.217254
   1.142     -1.196847
   1.147     -1.176503
   1.151     -1.156226
   1.156     -1.136019
   1.161     -1.115883
   1.166     -1.095821
   1.170     -1.075835
   1.175     -1.055929
   1.180     -1.036103
   1.184     -1.016361
   1.189     -0.996704
   1.194     -0.977135
   1.199     -0.957656
   1.203     -0.938268
   1.208     -0.918974
   1.213     -0.899776
   1.217     -0.880675
   1.222     -0.861673
   1.227     -0.842772
   1.231     -0.823973
   1.236     -0.805279
   1.241     -0.786690
   1.246     -0.768208
   1.250     -0.749834
   1.255     -0.731570
   1.260     -0.713418
   1.264     -0.695377
   1.269     -0.677450
   1.274     -0.659638
   1.278     -0.641941
   1.283     -0.624361
   1.288     -0.606898
   1.292     -0.589554
   1.297     -0.572328
   1.302     -0.555224
   1.307     -0.538239
   1.311     -0.521377
   1.316     -0.504636
   1.321     -0.488019
   1.325     -0.471524
   1.330     -0.455154
   1.335     -0.438908
   1.340     -0.422786
   1.344     -0.406790
   1.349     -0.390920
   1.354     -0.375175
   1.358     -0.359556
   1.363     -0.344064
   1.368     -0.328698
   1.372     -0.313459
   1.377     -0.298347
   1.382     -0.283363
   1.387     -0.268505
   1.391     -0.253774
   1.396     -0.239171
   1.401     -0.224695
   1.405     -0.210347
   1.410     -0.196125
   1.415     -0.182031
   1.419     -0.168064
   1.424     -0.154224
   1.429     -0.140510
   1.433     -0.126924
   1.438     -0.113464
   1.443     -0.100130
   1.448     -0.086923
   1.452     -0.073841
   1.457     -0.060885
   1.462     -0.048055
   1.466     -0.035349
   1.471     -0.022769
   1.476     -0.010313
   1.481      0.002019
   1.485      0.014226
   1.490      0.026311
   1.495      0.038272
   1.499      0.050110
   1.504      0.061825
   1.509      0.073419
   1.513      0.084891
   1.518      0.096241
   1.523      0.107471
   1.528      0.118580
   1.532      0.129570
   1.537      0.140440
   1.542      0.151191
   1.546      0.161823
   1.551      0.172337
   1.556      0.182734
   1.560      0.193013
   1.565      0.203176
   1.570      0.213223
   1.575      0.223155
   1.579      0.232971
   1.584      0.242673
   1.589      0.252260
   1.593      0.261735
   1.598      0.271096
   1.603      0.280345
   1.607      0.289482
   1.612      0.298508
   1.617      0.307424
   1.622      0.316229
   1.626      0.324925
   1.631      0.333511
   1.636      0.341990
   1.640      0.350361
   1.645      0.358624
   1.650      0.366781
   1.654      0.374832
   1.659      0.382778
   1.664      0.390619
   1.669      0.398355
   1.673      0.405988
   1.678      0.413519
   1.683      0.420946
   1.687      0.428273
   1.692      0.435498
   1.697      0.442622
   1.701      0.449647
   1.706      0.456572
   1.711      0.463399
   1.716      0.470128
   1.720      0.476759
   1.725      0.483294
   1.730      0.489733
   1.734      0.496076
   1.739      0.502324
   1.744      0.508478
   1.748      0.514539
   1.753      0.520507
   1.758      0.526382
   1.763      0.532165
   1.767      0.537858
   1.772      0.543460
   1.777      0.548972
   1.781      0.554395
   1.786      0.559730
   1.791      0.564977
   1.795      0.570136
   1.800      0.575209
   1.805      0.580196
   1.810      0.585097
   1.814      0.589914
   1.819      0.594647
   1.824      0.599296
   1.828      0.603862
   1.833      0.608346
   1.838      0.612748
   1.842      0.617069
   1.847      0.621310
   1.852      0.625472
   1.857      0.629554
   1.861      0.633557
   1.866      0.637483
   1.871      0.641331
   1.875      0.645103
   1.880      0.648799
   1.885      0.652419
   1.889      0.655964
   1.894      0.659435
   1.899      0.662833
   1.903      0.666157
   1.908      0.669409
   1.913      0.672589
   1.918      0.675698
   1.922      0.678736
   1.927      0.681704
   1.932      0.684603
   1.936      0.687433
   1.941      0.690194
   1.946      0.692888
   1.951      0.695515
   1.955      0.698075
   1.960      0.700569
   1.965      0.702998
   1.969      0.705362
   1.974      0.707662
   1.979      0.709898
   1.983      0.712071
   1.988      0.714182
   1.993      0.716230
   1.998      0.718217
   2.002      0.720143
   2.007      0.722009
   2.012      0.723815
   2.016      0.725562
   2.021      0.727250
   2.026      0.728880
   2.030      0.730452
   2.035      0.731968
   2.040      0.733427
   2.045      0.734830
   2.049      0.736177
   2.054      0.737470
   2.059      0.738708
   2.063      0.739892
   2.068      0.741023
   2.073      0.742101
   2.077      0.743126
   2.082      0.744100
   2.087      0.745023
   2.091      0.745895
   2.096      0.746716
   2.101      0.747488
   2.106      0.748210
   2.110      0.748884
   2.115      0.749509
   2.120      0.750086
   2.124      0.750617
   2.129      0.751100
   2.134      0.751537
   2.139      0.751928
   2.143      0.752273
   2.148      0.752574
   2.153      0.752830
   2.157      0.753042
   2.162      0.753210
   2.167      0.753336
   2.171      0.753419
   2.176      0.753459
   2.181      0.753458
   2.186      0.753416
   2.190      0.753333
   2.195      0.753209
   2.200      0.753046
   2.204      0.752843
   2.209      0.752601
   2.214      0.752320
   2.218      0.752002
   2.223      0.751645
   2.228      0.751251
   2.232      0.750820
   2.237      0.750353
   2.242      0.749850
   2.247      0.749311
   2.251      0.748737
   2.256      0.748128
   2.261      0.747485
   2.265      0.746807
   2.270      0.746096
   2.275      0.745352
   2.280      0.744575
   2.284      0.743765
   2.289      0.742924
   2.294      0.742051
   2.298      0.741146
   2.303      0.740211
   2.308      0.739245
   2.312      0.738249
   2.317      0.737224
   2.322      0.736169
   2.327      0.735085
   2.331      0.733972
   2.336      0.732831
   2.341      0.731662
   2.345      0.730466
   2.350      0.729243
   2.355      0.727992
   2.359      0.726715
   2.364      0.725412
   2.369      0.724084
   2.373      0.722729
   2.378      0.721350
   2.383      0.719946
   2.388      0.718517
   2.392      0.717065
   2.397      0.715588
   2.402      0.714089
   2.406      0.712566
   2.411      0.711020
   2.416      0.709452
   2.421      0.707861
   2.425      0.706249
   2.430      0.704616
   2.435      0.702961
   2.439      0.701285
   2.444      0.699589
   2.449      0.697872
   2.453      0.696136
   2.458      0.694380
   2.463      0.692604
   2.468      0.690810
   2.472      0.688996
   2.477      0.687164
   2.482      0.685314
   2.486      0.683446
   2.491      0.681561
   2.496      0.679658
   2.500      0.677738
   2.505      0.675801
   2.510      0.673848
   2.514      0.671878
   2.519      0.669892
   2.524      0.667891
   2.529      0.665875
   2.533      0.663843
   2.538      0.661796
   2.543      0.659735
   2.547      0.657659
   2.552      0.655569
   2.557      0.653465
   2.562      0.651348
   2.566      0.649217
   2.571      0.647074
   2.576      0.644917
   2.580      0.642748
   2.585      0.640566
   2.590      0.638372
   2.594      0.636166
   2.599      0.633949
   2.604      0.631720
   2.609      0.629480
   2.613      0.627229
   2.618      0.624967
   2.623      0.622694
   2.627      0.620412
   2.632      0.618119
   2.637      0.615816
   2.641      0.613504
   2.646      0.611183
   2.651      0.608852
   2.655      0.606512
   2.660      0.604163
   2.665      0.601806
   2.670      0.599440
   2.674      0.597067
   2.679      0.594685
   2.684      0.592295
   2.688      0.589898
   2.693      0.587494
   2.698      0.585083
   2.703      0.582664
   2.707      0.580239
   2.712      0.577807
   2.717      0.575369
   2.721      0.572924
   2.726      0.570474
   2.731      0.568018
   2.735      0.565556
   2.740      0.563088
   2.745      0.560616
   2.750      0.558138
   2.754      0.555655
   2.759      0.553168
   2.764      0.550676
   2.768      0.548179
   2.773      0.545678
   2.778      0.543174
   2.782      0.540665
   2.787      0.538153
   2.792      0.535637
   2.796      0.533117
   2.801      0.530594
   2.806      0.528069
   2.811      0.525540
   2.815      0.523008
   2.820      0.520474
   2.825      0.517938
   2.829      0.515399
   2.834      0.512858
   2.839      0.510315
   2.844      0.507770
   2.848      0.505223
   2.853      0.502675
   2.858      0.500125
   2.862      0.497574
   2.867      0.495022
   2.872      0.492468
   2.876      0.489914
   2.881      0.487360
   2.886      0.484804
   2.891      0.482248
   2.895      0.479692
   2.900      0.477135
   2.905      0.474579
   2.909      0.472022
   2.914      0.469466
   2.919      0.466910
   2.923      0.464354
   2.928      0.461799
   2.933      0.459245
   2.938      0.456691
   2.942      0.454138
   2.947      0.451587
   2.952      0.449036
   2.956      0.446487
   2.961      0.443939
   2.966      0.441392
   2.970      0.438848
   2.975      0.436305
   2.980      0.433763
   2.985      0.431224
   2.989      0.428687
   2.994      0.426151
   2.999      0.423618
   3.003      0.421088
   3.008      0.418560
   3.013      0.416034
   3.017      0.413511
   3.022      0.410991
   3.027      0.408474
   3.032      0.405959
   3.036      0.403448
   3.041      0.400940
   3.046      0.398435
   3.050      0.395934
   3.055      0.393436
   3.060      0.390941
   3.064      0.388450
   3.069      0.385963
   3.074      0.383479
   3.079      0.381000
   3.083      0.378524
   3.088      0.376052
   3.093      0.373585
   3.097      0.371122
   3.102      0.368663
   3.107      0.366208
   3.111      0.363758
   3.116      0.361313
   3.121      0.358872
   3.126      0.356436
   3.130      0.354004
   3.135      0.351578
   3.140      0.349156
   3.144      0.346739
   3.149      0.344328
   3.154      0.341922
   3.158      0.339520
   3.163      0.337124
   3.168      0.334734
   3.173      0.332349
   3.177      0.329969
   3.182      0.327595
   3.187      0.325227
   3.191      0.322864
   3.196      0.320507
   3.201      0.318156
   3.205      0.315811
   3.210      0.313472
   3.215      0.311139
   3.220      0.308812
   3.224      0.306491
   3.229      0.304176
   3.234      0.301868
   3.238      0.299566
   3.243      0.297270
   3.248      0.294981
   3.252      0.292698
   3.257      0.290422
   3.262      0.288152
   3.267      0.285889
   3.271      0.283633
   3.276      0.281383
   3.281      0.279140
   3.285      0.276905
   3.290      0.274676
   3.295      0.272454
   3.299      0.270239
   3.304      0.268031
   3.309      0.265830
   3.314      0.263637
   3.318      0.261451
   3.323      0.259271
   3.328      0.257100
   3.332      0.254935
   3.337      0.252778
   3.342      0.250629
   3.346      0.248487
   3.351      0.246352
   3.356      0.244225
   3.361      0.242106
   3.365      0.239994
   3.370      0.237890
   3.375      0.235793
   3.379      0.233705
   3.384      0.231624
   3.389      0.229551
   3.393      0.227486
   3.398      0.225429
   3.403      0.223380
   3.408      0.221339
   3.412      0.219306
   3.417      0.217281
   3.422      0.215264
   3.426      0.213255
   3.431      0.211254
   3.436      0.209262
   3.440      0.207278
   3.445      0.205302
   3.450      0.203334
   3.455      0.201375
   3.459      0.199424
   3.464      0.197481
   3.469      0.195547
   3.473      0.193621
   3.478      0.191704
   3.483      0.189795
   3.487      0.187895
   3.492      0.186003
   3.497      0.184120
   3.502      0.182246
   3.506      0.180380
   3.511      0.178523
   3.516      0.176674
   3.520      0.174835
   3.525      0.173004
   3.530      0.171181
   3.534      0.169368
   3.539      0.167563
   3.544      0.165768
   3.549      0.163981
   3.553      0.162203
   3.558      0.160433
   3.563      0.158673
   3.567      0.156922
   3.572      0.155180
   3.577      0.153446
   3.581      0.151722
   3.586      0.150007
   3.591      0.148301
   3.596      0.146603
   3.600      0.144915
   3.605      0.143236
   3.610      0.141567
   3.614      0.139906
   3.619      0.138254
   3.624      0.136612
   3.628      0.134979
   3.633      0.133355
   3.638      0.131740
   3.643      0.130135
   3.647      0.128539
   3.652      0.126952
   3.657      0.125374
   3.661      0.123806
   3.666      0.122247
   3.671      0.120697
   3.675      0.119157
   3.680      0.117626
   3.685      0.116104
   3.690      0.114592
   3.694      0.113089
   3.699      0.111596
   3.704      0.110112
   3.708      0.108637
   3.713      0.107172
   3.718      0.105717
   3.722      0.104270
   3.727      0.102834
   3.732      0.101407
   3.736      0.099989
   3.741      0.098581
   3.746      0.097182
   3.751      0.095793
   3.755      0.094414
   3.760      0.093044
   3.765      0.091684
   3.769      0.090333
   3.774      0.088992
   3.779      0.087660
   3.784      0.086338
   3.788      0.085026
   3.793      0.083723
   3.798      0.082430
   3.802      0.081147
   3.807      0.079873
   3.812      0.078609
   3.816      0.077354
   3.821      0.076110
   3.826      0.074875
   3.831      0.073649
   3.835      0.072433
   3.840      0.071227
   3.845      0.070031
   3.849      0.068844
   3.854      0.067668
   3.859      0.066500
   3.863      0.065343
   3.868      0.064195
   3.873      0.063057
   3.877      0.061929
   3.882      0.060811
   3.887      0.059702
   3.892      0.058603
   3.896      0.057514
   3.901      0.056434
   3.906      0.055365
   3.910      0.054305
   3.915      0.053255
   3.920      0.052214
   3.925      0.051184
   3.929      0.050163
   3.934      0.049152
   3.939      0.048151
   3.943      0.047159
   3.948      0.046178
   3.953      0.045206
   3.957      0.044244
   3.962      0.043292
   3.967      0.042349
   3.972      0.041417
   3.976      0.040494
   3.981      0.039581
   3.986      0.038678
   3.990      0.037784
   3.995      0.036901
   4.000      0.036027
   4.004      0.035163
   4.009      0.034309
   4.014      0.033465
   4.019      0.032630
   4.023      0.031805
   4.028      0.030990
   4.033      0.030185
   4.037      0.029390
   4.042      0.028604
   4.047      0.027828
   4.051      0.027062
   4.056      0.026306
   4.061      0.025560
   4.066      0.024823
   4.070      0.024096
   4.075      0.023379
   4.080      0.022671
   4.084      0.021974
   4.089      0.021286
   4.094      0.020608
   4.098      0.019939
   4.103      0.019280
   4.108      0.018631
   4.112      0.017992
   4.117      0.017362
   4.122      0.016742
   4.127      0.016132
   4.131      0.015531
   4.136      0.014940
   4.141      0.014358
   4.145      0.013786
   4.150      0.013224
   4.155      0.012671
   4.160      0.012128
   4.164      0.011594
   4.169      0.011070
   4.174      0.010555
   4.178      0.010050
   4.183      0.009554
   4.188      0.009067
   4.192      0.008590
   4.197      0.008122
   4.202      0.007663
   4.207      0.007214
   4.211      0.006773
   4.216      0.006342
   4.221      0.005920
   4.225      0.005507
   4.230      0.005102
   4.235      0.004707
   4.239      0.004320
   4.244      0.003942
   4.249      0.003573
   4.253      0.003211
   4.258      0.002858
   4.263      0.002513
   4.268      0.002176
   4.272      0.001847
   4.277      0.001524
   4.282      0.001209
   4.286      0.000899
   4.291      0.000595
   4.296      0.000296
   4.301      0.000000
