   0.006     -0.000591
   0.012      0.000296
   0.019      0.001182
   0.025      0.002659
   0.031      0.004725
   0.037      0.007380
   0.043      0.010622
   0.050      0.014449
   0.056      0.018859
   0.062      0.023849
   0.068      0.029417
   0.074      0.035560
   0.081      0.042275
   0.087      0.049556
   0.093      0.057401
   0.099      0.065806
   0.105      0.074764
   0.112      0.084272
   0.118      0.094325
   0.124      0.104915
   0.130      0.116039
   0.136      0.127688
   0.143      0.139858
   0.149      0.152541
   0.155      0.165730
   0.161      0.179418
   0.167      0.193597
   0.174      0.208259
   0.180      0.223396
   0.186      0.239000
   0.192      0.255062
   0.198      0.271574
   0.205      0.288525
   0.211      0.305906
   0.217      0.323709
   0.223      0.341922
   0.229      0.360536
   0.236      0.379541
   0.242      0.398925
   0.248      0.418679
   0.254      0.438791
   0.260      0.459250
   0.267      0.480045
   0.273      0.501164
   0.279      0.522596
   0.285      0.544329
   0.291      0.566350
   0.298      0.588648
   0.304      0.611211
   0.310      0.634025
   0.316      0.657078
   0.322      0.680358
   0.329      0.703852
   0.335      0.727547
   0.341      0.751431
   0.347      0.775489
   0.353      0.799709
   0.360      0.824077
   0.366      0.848581
   0.372      0.873207
   0.378      0.897942
   0.384      0.922772
   0.391      0.947684
   0.397      0.972665
   0.403      0.997701
   0.409      1.022778
   0.415      1.047884
   0.422      1.073005
   0.428      1.098128
   0.434      1.123239
   0.440      1.148325
   0.446      1.173374
   0.453      1.198371
   0.459      1.223304
   0.465      1.248160
   0.471      1.272926
   0.477      1.297589
   0.484      1.322137
   0.490      1.346558
   0.496      1.370838
   0.502      1.394966
   0.508      1.418930
   0.515      1.442717
   0.521      1.466317
   0.527      1.489717
   0.533      1.512906
   0.539      1.535873
   0.546      1.558608
   0.552      1.581098
   0.558      1.603334
   0.564      1.625305
   0.570      1.647002
   0.577      1.668413
   0.583      1.689531
   0.589      1.710345
   0.595      1.730846
   0.601      1.751025
   0.608      1.770874
   0.614      1.790384
   0.620      1.809547
   0.626      1.828356
   0.632      1.846803
   0.639      1.864881
   0.645      1.882582
   0.651      1.899901
   0.657      1.916831
   0.663      1.933365
   0.670      1.949498
   0.676      1.965225
   0.682      1.980541
   0.688      1.995440
   0.694      2.009919
   0.701      2.023972
   0.707      2.037597
   0.713      2.050789
   0.719      2.063545
   0.725      2.075863
   0.732      2.087740
   0.738      2.099173
   0.744      2.110161
   0.750      2.120701
   0.756      2.130792
   0.763      2.140434
   0.769      2.149625
   0.775      2.158365
   0.781      2.166654
   0.787      2.174492
   0.794      2.181879
   0.800      2.188815
   0.806      2.195303
   0.812      2.201343
   0.818      2.206936
   0.825      2.212085
   0.831      2.216792
   0.837      2.221058
   0.843      2.224886
   0.849      2.228280
   0.856      2.231241
   0.862      2.233775
   0.868      2.235883
   0.874      2.237570
   0.880      2.238839
   0.887      2.239696
   0.893      2.240143
   0.899      2.240187
   0.905      2.239831
   0.911      2.239080
   0.918      2.237941
   0.924      2.236417
   0.930      2.234514
   0.936      2.232239
   0.942      2.229597
   0.949      2.226593
   0.955      2.223234
   0.961      2.219525
   0.967      2.215475
   0.973      2.211087
   0.980      2.206370
   0.986      2.201330
   0.992      2.195973
   0.998      2.190306
   1.004      2.184336
   1.011      2.178070
   1.017      2.171515
   1.023      2.164678
   1.029      2.157566
   1.035      2.150186
   1.042      2.142546
   1.048      2.134652
   1.054      2.126512
   1.060      2.118132
   1.066      2.109521
   1.073      2.100685
   1.079      2.091632
   1.085      2.082369
   1.091      2.072902
   1.097      2.063240
   1.104      2.053389
   1.110      2.043356
   1.116      2.033149
   1.122      2.022775
   1.128      2.012239
   1.135      2.001551
   1.141      1.990715
   1.147      1.979740
   1.153      1.968632
   1.159      1.957397
   1.166      1.946042
   1.172      1.934574
   1.178      1.922999
   1.184      1.911323
   1.190      1.899554
   1.197      1.887696
   1.203      1.875756
   1.209      1.863741
   1.215      1.851655
   1.221      1.839505
   1.228      1.827297
   1.234      1.815035
   1.240      1.802727
   1.246      1.790376
   1.252      1.777989
   1.259      1.765570
   1.265      1.753124
   1.271      1.740657
   1.277      1.728173
   1.283      1.715677
   1.290      1.703174
   1.296      1.690668
   1.302      1.678164
   1.308      1.665665
   1.314      1.653176
   1.321      1.640701
   1.327      1.628245
   1.333      1.615809
   1.339      1.603400
   1.345      1.591019
   1.352      1.578670
   1.358      1.566358
   1.364      1.554085
   1.370      1.541853
   1.376      1.529667
   1.383      1.517529
   1.389      1.505443
   1.395      1.493409
   1.401      1.481432
   1.407      1.469514
   1.414      1.457657
   1.420      1.445863
   1.426      1.434135
   1.432      1.422475
   1.438      1.410885
   1.445      1.399366
   1.451      1.387920
   1.457      1.376549
   1.463      1.365256
   1.469      1.354040
   1.476      1.342904
   1.482      1.331849
   1.488      1.320877
   1.494      1.309988
   1.500      1.299184
   1.507      1.288465
   1.513      1.277833
   1.519      1.267289
   1.525      1.256833
   1.531      1.246466
   1.538      1.236188
   1.544      1.226001
   1.550      1.215905
   1.556      1.205900
   1.562      1.195987
   1.569      1.186166
   1.575      1.176437
   1.581      1.166801
   1.587      1.157258
   1.593      1.147807
   1.600      1.138449
   1.606      1.129185
   1.612      1.120013
   1.618      1.110934
   1.624      1.101947
   1.631      1.093054
   1.637      1.084252
   1.643      1.075543
   1.649      1.066925
   1.655      1.058399
   1.662      1.049964
   1.668      1.041619
   1.674      1.033365
   1.680      1.025200
   1.686      1.017125
   1.693      1.009138
   1.699      1.001239
   1.705      0.993428
   1.711      0.985704
   1.717      0.978066
   1.724      0.970514
   1.730      0.963047
   1.736      0.955663
   1.742      0.948364
   1.748      0.941147
   1.755      0.934012
   1.761      0.926958
   1.767      0.919985
   1.773      0.913091
   1.779      0.906276
   1.786      0.899539
   1.792      0.892880
   1.798      0.886296
   1.804      0.879787
   1.810      0.873354
   1.817      0.866993
   1.823      0.860706
   1.829      0.854490
   1.835      0.848345
   1.841      0.842270
   1.848      0.836264
   1.854      0.830326
   1.860      0.824455
   1.866      0.818650
   1.872      0.812911
   1.879      0.807236
   1.885      0.801625
   1.891      0.796076
   1.897      0.790589
   1.903      0.785162
   1.910      0.779796
   1.916      0.774488
   1.922      0.769238
   1.928      0.764045
   1.934      0.758907
   1.941      0.753826
   1.947      0.748798
   1.953      0.743824
   1.959      0.738902
   1.965      0.734032
   1.972      0.729212
   1.978      0.724443
   1.984      0.719722
   1.990      0.715049
   1.996      0.710424
   2.003      0.705845
   2.009      0.701312
   2.015      0.696824
   2.021      0.692379
   2.027      0.687978
   2.034      0.683619
   2.040      0.679302
   2.046      0.675025
   2.052      0.670789
   2.058      0.666592
   2.065      0.662434
   2.071      0.658314
   2.077      0.654231
   2.083      0.650184
   2.089      0.646174
   2.096      0.642198
   2.102      0.638257
   2.108      0.634350
   2.114      0.630477
   2.120      0.626636
   2.127      0.622827
   2.133      0.619049
   2.139      0.615303
   2.145      0.611587
   2.151      0.607900
   2.158      0.604243
   2.164      0.600615
   2.170      0.597015
   2.176      0.593443
   2.182      0.589899
   2.189      0.586381
   2.195      0.582890
   2.201      0.579424
   2.207      0.575985
   2.213      0.572570
   2.220      0.569181
   2.226      0.565816
   2.232      0.562475
   2.238      0.559158
   2.244      0.555864
   2.251      0.552593
   2.257      0.549345
   2.263      0.546120
   2.269      0.542917
   2.275      0.539736
   2.282      0.536576
   2.288      0.533438
   2.294      0.530322
   2.300      0.527226
   2.306      0.524151
   2.313      0.521097
   2.319      0.518063
   2.325      0.515049
   2.331      0.512055
   2.337      0.509081
   2.344      0.506126
   2.350      0.503191
   2.356      0.500275
   2.362      0.497378
   2.368      0.494501
   2.375      0.491642
   2.381      0.488802
   2.387      0.485980
   2.393      0.483176
   2.399      0.480391
   2.406      0.477624
   2.412      0.474875
   2.418      0.472143
   2.424      0.469430
   2.430      0.466733
   2.437      0.464054
   2.443      0.461393
   2.449      0.458748
   2.455      0.456120
   2.461      0.453509
   2.468      0.450915
   2.474      0.448337
   2.480      0.445776
   2.486      0.443231
   2.492      0.440702
   2.499      0.438189
   2.505      0.435692
   2.511      0.433211
   2.517      0.430746
   2.523      0.428296
   2.530      0.425861
   2.536      0.423441
   2.542      0.421037
   2.548      0.418648
   2.554      0.416274
   2.561      0.413914
   2.567      0.411569
   2.573      0.409239
   2.579      0.406923
   2.585      0.404622
   2.592      0.402334
   2.598      0.400061
   2.604      0.397802
   2.610      0.395557
   2.616      0.393325
   2.623      0.391107
   2.629      0.388903
   2.635      0.386712
   2.641      0.384535
   2.647      0.382371
   2.654      0.380220
   2.660      0.378082
   2.666      0.375957
   2.672      0.373845
   2.678      0.371745
   2.685      0.369658
   2.691      0.367584
   2.697      0.365523
   2.703      0.363473
   2.709      0.361436
   2.716      0.359411
   2.722      0.357398
   2.728      0.355397
   2.734      0.353408
   2.740      0.351431
   2.747      0.349466
   2.753      0.347512
   2.759      0.345570
   2.765      0.343639
   2.771      0.341719
   2.778      0.339811
   2.784      0.337914
   2.790      0.336028
   2.796      0.334154
   2.802      0.332290
   2.809      0.330437
   2.815      0.328594
   2.821      0.326763
   2.827      0.324942
   2.833      0.323132
   2.840      0.321332
   2.846      0.319542
   2.852      0.317763
   2.858      0.315994
   2.864      0.314235
   2.871      0.312486
   2.877      0.310748
   2.883      0.309019
   2.889      0.307300
   2.895      0.305591
   2.902      0.303891
   2.908      0.302201
   2.914      0.300521
   2.920      0.298850
   2.926      0.297189
   2.933      0.295537
   2.939      0.293894
   2.945      0.292261
   2.951      0.290636
   2.957      0.289021
   2.964      0.287415
   2.970      0.285818
   2.976      0.284229
   2.982      0.282650
   2.988      0.281079
   2.995      0.279517
   3.001      0.277964
   3.007      0.276419
   3.013      0.274883
   3.019      0.273355
   3.026      0.271835
   3.032      0.270324
   3.038      0.268822
   3.044      0.267327
   3.050      0.265840
   3.057      0.264362
   3.063      0.262892
   3.069      0.261429
   3.075      0.259975
   3.081      0.258529
   3.088      0.257090
   3.094      0.255659
   3.100      0.254236
   3.106      0.252820
   3.112      0.251412
   3.119      0.250012
   3.125      0.248619
   3.131      0.247233
   3.137      0.245855
   3.143      0.244484
   3.150      0.243121
   3.156      0.241764
   3.162      0.240415
   3.168      0.239073
   3.174      0.237739
   3.181      0.236411
   3.187      0.235090
   3.193      0.233776
   3.199      0.232469
   3.205      0.231169
   3.212      0.229875
   3.218      0.228589
   3.224      0.227309
   3.230      0.226036
   3.236      0.224769
   3.243      0.223509
   3.249      0.222255
   3.255      0.221008
   3.261      0.219768
   3.267      0.218533
   3.274      0.217305
   3.280      0.216084
   3.286      0.214868
   3.292      0.213659
   3.298      0.212456
   3.305      0.211259
   3.311      0.210069
   3.317      0.208884
   3.323      0.207705
   3.329      0.206533
   3.336      0.205366
   3.342      0.204205
   3.348      0.203050
   3.354      0.201901
   3.360      0.200757
   3.367      0.199620
   3.373      0.198488
   3.379      0.197361
   3.385      0.196241
   3.391      0.195126
   3.398      0.194016
   3.404      0.192912
   3.410      0.191813
   3.416      0.190720
   3.422      0.189633
   3.429      0.188550
   3.435      0.187473
   3.441      0.186401
   3.447      0.185335
   3.453      0.184274
   3.460      0.183218
   3.466      0.182167
   3.472      0.181121
   3.478      0.180080
   3.484      0.179045
   3.491      0.178014
   3.497      0.176989
   3.503      0.175968
   3.509      0.174952
   3.515      0.173942
   3.522      0.172936
   3.528      0.171935
   3.534      0.170938
   3.540      0.169947
   3.546      0.168960
   3.553      0.167978
   3.559      0.167001
   3.565      0.166028
   3.571      0.165060
   3.577      0.164097
   3.584      0.163138
   3.590      0.162183
   3.596      0.161234
   3.602      0.160288
   3.608      0.159347
   3.615      0.158411
   3.621      0.157479
   3.627      0.156551
   3.633      0.155628
   3.639      0.154709
   3.646      0.153794
   3.652      0.152883
   3.658      0.151977
   3.664      0.151075
   3.670      0.150177
   3.677      0.149283
   3.683      0.148394
   3.689      0.147508
   3.695      0.146627
   3.701      0.145750
   3.708      0.144876
   3.714      0.144007
   3.720      0.143142
   3.726      0.142280
   3.732      0.141423
   3.739      0.140569
   3.745      0.139719
   3.751      0.138874
   3.757      0.138032
   3.763      0.137193
   3.770      0.136359
   3.776      0.135528
   3.782      0.134701
   3.788      0.133878
   3.794      0.133059
   3.801      0.132243
   3.807      0.131431
   3.813      0.130622
   3.819      0.129817
   3.825      0.129016
   3.832      0.128218
   3.838      0.127424
   3.844      0.126633
   3.850      0.125846
   3.856      0.125062
   3.863      0.124282
   3.869      0.123505
   3.875      0.122732
   3.881      0.121962
   3.887      0.121195
   3.894      0.120432
   3.900      0.119672
   3.906      0.118915
   3.912      0.118162
   3.918      0.117411
   3.925      0.116665
   3.931      0.115921
   3.937      0.115181
   3.943      0.114443
   3.949      0.113709
   3.956      0.112978
   3.962      0.112251
   3.968      0.111526
   3.974      0.110805
   3.980      0.110086
   3.987      0.109371
   3.993      0.108658
   3.999      0.107949
   4.005      0.107243
   4.011      0.106540
   4.018      0.105839
   4.024      0.105142
   4.030      0.104448
   4.036      0.103756
   4.042      0.103068
   4.049      0.102382
   4.055      0.101699
   4.061      0.101019
   4.067      0.100342
   4.073      0.099668
   4.080      0.098996
   4.086      0.098328
   4.092      0.097662
   4.098      0.096999
   4.104      0.096338
   4.111      0.095681
   4.117      0.095026
   4.123      0.094373
   4.129      0.093724
   4.135      0.093077
   4.142      0.092432
   4.148      0.091791
   4.154      0.091152
   4.160      0.090515
   4.166      0.089882
   4.173      0.089250
   4.179      0.088622
   4.185      0.087995
   4.191      0.087372
   4.197      0.086751
   4.204      0.086132
   4.210      0.085516
   4.216      0.084902
   4.222      0.084291
   4.228      0.083682
   4.235      0.083076
   4.241      0.082472
   4.247      0.081870
   4.253      0.081271
   4.259      0.080675
   4.266      0.080080
   4.272      0.079488
   4.278      0.078898
   4.284      0.078311
   4.290      0.077726
   4.297      0.077143
   4.303      0.076563
   4.309      0.075984
   4.315      0.075408
   4.321      0.074835
   4.328      0.074263
   4.334      0.073694
   4.340      0.073127
   4.346      0.072562
   4.352      0.071999
   4.359      0.071438
   4.365      0.070880
   4.371      0.070324
   4.377      0.069770
   4.383      0.069218
   4.390      0.068668
   4.396      0.068120
   4.402      0.067574
   4.408      0.067030
   4.414      0.066489
   4.421      0.065949
   4.427      0.065412
   4.433      0.064876
   4.439      0.064343
   4.445      0.063811
   4.452      0.063282
   4.458      0.062754
   4.464      0.062228
   4.470      0.061705
   4.476      0.061183
   4.483      0.060663
   4.489      0.060146
   4.495      0.059630
   4.501      0.059116
   4.507      0.058604
   4.514      0.058093
   4.520      0.057585
   4.526      0.057078
   4.532      0.056574
   4.538      0.056071
   4.545      0.055570
   4.551      0.055071
   4.557      0.054573
   4.563      0.054078
   4.569      0.053584
   4.576      0.053092
   4.582      0.052602
   4.588      0.052113
   4.594      0.051626
   4.600      0.051141
   4.607      0.050658
   4.613      0.050177
   4.619      0.049697
   4.625      0.049218
   4.631      0.048742
   4.638      0.048267
   4.644      0.047794
   4.650      0.047322
   4.656      0.046853
   4.662      0.046384
   4.669      0.045918
   4.675      0.045453
   4.681      0.044989
   4.687      0.044528
   4.693      0.044068
   4.700      0.043609
   4.706      0.043152
   4.712      0.042697
   4.718      0.042243
   4.724      0.041790
   4.731      0.041340
   4.737      0.040890
   4.743      0.040443
   4.749      0.039996
   4.755      0.039552
   4.762      0.039108
   4.768      0.038667
   4.774      0.038226
   4.780      0.037787
   4.786      0.037350
   4.793      0.036914
   4.799      0.036480
   4.805      0.036047
   4.811      0.035615
   4.817      0.035185
   4.824      0.034756
   4.830      0.034329
   4.836      0.033903
   4.842      0.033478
   4.848      0.033055
   4.855      0.032633
   4.861      0.032213
   4.867      0.031794
   4.873      0.031376
   4.879      0.030959
   4.886      0.030544
   4.892      0.030130
   4.898      0.029718
   4.904      0.029307
   4.910      0.028897
   4.917      0.028488
   4.923      0.028081
   4.929      0.027675
   4.935      0.027270
   4.941      0.026867
   4.948      0.026464
   4.954      0.026063
   4.960      0.025664
   4.966      0.025265
   4.972      0.024868
   4.979      0.024472
   4.985      0.024077
   4.991      0.023683
   4.997      0.023290
   5.003      0.022899
   5.010      0.022509
   5.016      0.022120
   5.022      0.021732
   5.028      0.021345
   5.034      0.020960
   5.041      0.020575
   5.047      0.020192
   5.053      0.019810
   5.059      0.019429
   5.065      0.019049
   5.072      0.018670
   5.078      0.018293
   5.084      0.017916
   5.090      0.017540
   5.096      0.017166
   5.103      0.016793
   5.109      0.016420
   5.115      0.016049
   5.121      0.015679
   5.127      0.015310
   5.134      0.014942
   5.140      0.014575
   5.146      0.014208
   5.152      0.013843
   5.158      0.013479
   5.165      0.013116
   5.171      0.012754
   5.177      0.012393
   5.183      0.012033
   5.189      0.011674
   5.196      0.011316
   5.202      0.010959
   5.208      0.010603
   5.214      0.010247
   5.220      0.009893
   5.227      0.009540
   5.233      0.009187
   5.239      0.008836
   5.245      0.008485
   5.251      0.008135
   5.258      0.007787
   5.264      0.007439
   5.270      0.007092
   5.276      0.006746
   5.282      0.006400
   5.289      0.006056
   5.295      0.005713
   5.301      0.005370
   5.307      0.005028
   5.313      0.004687
   5.320      0.004347
   5.326      0.004008
   5.332      0.003669
   5.338      0.003332
   5.344      0.002995
   5.351      0.002659
   5.357      0.002324
   5.363      0.001990
   5.369      0.001656
   5.375      0.001323
   5.382      0.000991
   5.388      0.000660
   5.394      0.000330
   5.400      0.000000
