   0.000      1.323294
   0.008      1.323294
   0.016      1.323294
   0.025      1.323293
   0.033      1.323292
   0.041      1.323289
   0.049      1.323284
   0.058      1.323275
   0.066      1.323262
   0.074      1.323243
   0.082      1.323216
   0.091      1.323180
   0.099      1.323133
   0.107      1.323074
   0.115      1.322998
   0.124      1.322906
   0.132      1.322793
   0.140      1.322659
   0.148      1.322499
   0.157      1.322312
   0.165      1.322094
   0.173      1.321843
   0.181      1.321555
   0.190      1.321228
   0.198      1.320859
   0.206      1.320445
   0.214      1.319982
   0.223      1.319468
   0.231      1.318899
   0.239      1.318273
   0.247      1.317586
   0.256      1.316835
   0.264      1.316017
   0.272      1.315130
   0.280      1.314170
   0.289      1.313136
   0.297      1.312023
   0.305      1.310831
   0.313      1.309555
   0.321      1.308195
   0.330      1.306747
   0.338      1.305209
   0.346      1.303580
   0.354      1.301858
   0.363      1.300041
   0.371      1.298128
   0.379      1.296117
   0.387      1.294008
   0.396      1.291798
   0.404      1.289488
   0.412      1.287076
   0.420      1.284562
   0.429      1.281946
   0.437      1.279228
   0.445      1.276407
   0.453      1.273484
   0.462      1.270459
   0.470      1.267332
   0.478      1.264105
   0.486      1.260777
   0.495      1.257351
   0.503      1.253826
   0.511      1.250205
   0.519      1.246488
   0.528      1.242677
   0.536      1.238774
   0.544      1.234780
   0.552      1.230698
   0.561      1.226528
   0.569      1.222274
   0.577      1.217938
   0.585      1.213520
   0.594      1.209025
   0.602      1.204454
   0.610      1.199810
   0.618      1.195094
   0.627      1.190310
   0.635      1.185461
   0.643      1.180548
   0.651      1.175574
   0.659      1.170542
   0.668      1.165455
   0.676      1.160315
   0.684      1.155124
   0.692      1.149887
   0.701      1.144604
   0.709      1.139278
   0.717      1.133914
   0.725      1.128511
   0.734      1.123075
   0.742      1.117606
   0.750      1.112107
   0.758      1.106581
   0.767      1.101030
   0.775      1.095457
   0.783      1.089863
   0.791      1.084251
   0.800      1.078623
   0.808      1.072982
   0.816      1.067329
   0.824      1.061666
   0.833      1.055996
   0.841      1.050320
   0.849      1.044640
   0.857      1.038958
   0.866      1.033276
   0.874      1.027595
   0.882      1.021917
   0.890      1.016244
   0.899      1.010576
   0.907      1.004916
   0.915      0.999265
   0.923      0.993625
   0.932      0.987995
   0.940      0.982379
   0.948      0.976776
   0.956      0.971189
   0.964      0.965618
   0.973      0.960064
   0.981      0.954528
   0.989      0.949012
   0.997      0.943515
   1.006      0.938040
   1.014      0.932586
   1.022      0.927155
   1.030      0.921748
   1.039      0.916364
   1.047      0.911006
   1.055      0.905672
   1.063      0.900365
   1.072      0.895085
   1.080      0.889831
   1.088      0.884606
   1.096      0.879409
   1.105      0.874240
   1.113      0.869101
   1.121      0.863991
   1.129      0.858911
   1.138      0.853862
   1.146      0.848844
   1.154      0.843857
   1.162      0.838901
   1.171      0.833977
   1.179      0.829085
   1.187      0.824226
   1.195      0.819400
   1.204      0.814606
   1.212      0.809845
   1.220      0.805118
   1.228      0.800425
   1.237      0.795765
   1.245      0.791139
   1.253      0.786548
   1.261      0.781990
   1.269      0.777467
   1.278      0.772979
   1.286      0.768525
   1.294      0.764105
   1.302      0.759721
   1.311      0.755371
   1.319      0.751057
   1.327      0.746777
   1.335      0.742532
   1.344      0.738322
   1.352      0.734147
   1.360      0.730007
   1.368      0.725902
   1.377      0.721832
   1.385      0.717796
   1.393      0.713795
   1.401      0.709829
   1.410      0.705898
   1.418      0.702000
   1.426      0.698138
   1.434      0.694309
   1.443      0.690514
   1.451      0.686754
   1.459      0.683027
   1.467      0.679333
   1.476      0.675673
   1.484      0.672046
   1.492      0.668452
   1.500      0.664891
   1.509      0.661363
   1.517      0.657867
   1.525      0.654403
   1.533      0.650970
   1.542      0.647570
   1.550      0.644201
   1.558      0.640863
   1.566      0.637556
   1.575      0.634279
   1.583      0.631033
   1.591      0.627817
   1.599      0.624631
   1.607      0.621474
   1.616      0.618347
   1.624      0.615248
   1.632      0.612179
   1.640      0.609137
   1.649      0.606124
   1.657      0.603139
   1.665      0.600181
   1.673      0.597250
   1.682      0.594347
   1.690      0.591470
   1.698      0.588620
   1.706      0.585795
   1.715      0.582997
   1.723      0.580224
   1.731      0.577476
   1.739      0.574753
   1.748      0.572055
   1.756      0.569382
   1.764      0.566732
   1.772      0.564106
   1.781      0.561504
   1.789      0.558925
   1.797      0.556369
   1.805      0.553836
   1.814      0.551325
   1.822      0.548837
   1.830      0.546370
   1.838      0.543926
   1.847      0.541502
   1.855      0.539100
   1.863      0.536719
   1.871      0.534358
   1.880      0.532018
   1.888      0.529698
   1.896      0.527397
   1.904      0.525117
   1.912      0.522856
   1.921      0.520614
   1.929      0.518391
   1.937      0.516187
   1.945      0.514001
   1.954      0.511834
   1.962      0.509685
   1.970      0.507554
   1.978      0.505440
   1.987      0.503344
   1.995      0.501265
   2.003      0.499203
   2.011      0.497158
   2.020      0.495129
   2.028      0.493117
   2.036      0.491121
   2.044      0.489141
   2.053      0.487177
   2.061      0.485229
   2.069      0.483296
   2.077      0.481379
   2.086      0.479476
   2.094      0.477589
   2.102      0.475716
   2.110      0.473858
   2.119      0.472015
   2.127      0.470185
   2.135      0.468370
   2.143      0.466569
   2.152      0.464781
   2.160      0.463007
   2.168      0.461247
   2.176      0.459500
   2.185      0.457766
   2.193      0.456045
   2.201      0.454337
   2.209      0.452642
   2.217      0.450959
   2.226      0.449289
   2.234      0.447631
   2.242      0.445986
   2.250      0.444352
   2.259      0.442730
   2.267      0.441121
   2.275      0.439522
   2.283      0.437936
   2.292      0.436360
   2.300      0.434796
   2.308      0.433244
   2.316      0.431702
   2.325      0.430171
   2.333      0.428651
   2.341      0.427142
   2.349      0.425643
   2.358      0.424155
   2.366      0.422677
   2.374      0.421209
   2.382      0.419752
   2.391      0.418304
   2.399      0.416867
   2.407      0.415439
   2.415      0.414021
   2.424      0.412613
   2.432      0.411214
   2.440      0.409825
   2.448      0.408445
   2.457      0.407075
   2.465      0.405713
   2.473      0.404361
   2.481      0.403017
   2.490      0.401683
   2.498      0.400357
   2.506      0.399040
   2.514      0.397732
   2.523      0.396432
   2.531      0.395141
   2.539      0.393858
   2.547      0.392583
   2.555      0.391317
   2.564      0.390059
   2.572      0.388808
   2.580      0.387566
   2.588      0.386332
   2.597      0.385105
   2.605      0.383887
   2.613      0.382676
   2.621      0.381472
   2.630      0.380277
   2.638      0.379088
   2.646      0.377907
   2.654      0.376734
   2.663      0.375567
   2.671      0.374408
   2.679      0.373256
   2.687      0.372111
   2.696      0.370973
   2.704      0.369842
   2.712      0.368718
   2.720      0.367601
   2.729      0.366490
   2.737      0.365386
   2.745      0.364289
   2.753      0.363198
   2.762      0.362114
   2.770      0.361036
   2.778      0.359965
   2.786      0.358900
   2.795      0.357841
   2.803      0.356789
   2.811      0.355743
   2.819      0.354702
   2.828      0.353668
   2.836      0.352640
   2.844      0.351618
   2.852      0.350602
   2.860      0.349591
   2.869      0.348587
   2.877      0.347588
   2.885      0.346595
   2.893      0.345607
   2.902      0.344626
   2.910      0.343649
   2.918      0.342679
   2.926      0.341713
   2.935      0.340753
   2.943      0.339799
   2.951      0.338850
   2.959      0.337906
   2.968      0.336967
   2.976      0.336034
   2.984      0.335106
   2.992      0.334182
   3.001      0.333264
   3.009      0.332351
   3.017      0.331443
   3.025      0.330540
   3.034      0.329642
   3.042      0.328749
   3.050      0.327860
   3.058      0.326976
   3.067      0.326097
   3.075      0.325223
   3.083      0.324354
   3.091      0.323489
   3.100      0.322628
   3.108      0.321772
   3.116      0.320921
   3.124      0.320074
   3.133      0.319232
   3.141      0.318394
   3.149      0.317561
   3.157      0.316732
   3.165      0.315907
   3.174      0.315086
   3.182      0.314270
   3.190      0.313458
   3.198      0.312650
   3.207      0.311846
   3.215      0.311047
   3.223      0.310251
   3.231      0.309460
   3.240      0.308672
   3.248      0.307889
   3.256      0.307109
   3.264      0.306334
   3.273      0.305562
   3.281      0.304795
