   0.000      0.697002
   0.008      0.697001
   0.016      0.696998
   0.025      0.696994
   0.033      0.696988
   0.041      0.696981
   0.049      0.696971
   0.058      0.696960
   0.066      0.696947
   0.074      0.696933
   0.082      0.696917
   0.091      0.696899
   0.099      0.696879
   0.107      0.696857
   0.115      0.696834
   0.124      0.696809
   0.132      0.696782
   0.140      0.696753
   0.148      0.696722
   0.157      0.696690
   0.165      0.696655
   0.173      0.696619
   0.181      0.696580
   0.190      0.696540
   0.198      0.696497
   0.206      0.696453
   0.214      0.696406
   0.223      0.696357
   0.231      0.696306
   0.239      0.696253
   0.247      0.696198
   0.256      0.696140
   0.264      0.696080
   0.272      0.696018
   0.280      0.695953
   0.289      0.695886
   0.297      0.695816
   0.305      0.695744
   0.313      0.695669
   0.321      0.695591
   0.330      0.695511
   0.338      0.695428
   0.346      0.695342
   0.354      0.695253
   0.363      0.695161
   0.371      0.695065
   0.379      0.694967
   0.387      0.694866
   0.396      0.694761
   0.404      0.694652
   0.412      0.694541
   0.420      0.694425
   0.429      0.694306
   0.437      0.694184
   0.445      0.694057
   0.453      0.693927
   0.462      0.693792
   0.470      0.693653
   0.478      0.693510
   0.486      0.693363
   0.495      0.693211
   0.503      0.693054
   0.511      0.692893
   0.519      0.692726
   0.528      0.692555
   0.536      0.692379
   0.544      0.692197
   0.552      0.692010
   0.561      0.691817
   0.569      0.691619
   0.577      0.691414
   0.585      0.691204
   0.594      0.690987
   0.602      0.690764
   0.610      0.690535
   0.618      0.690298
   0.627      0.690055
   0.635      0.689805
   0.643      0.689547
   0.651      0.689282
   0.659      0.689010
   0.668      0.688729
   0.676      0.688441
   0.684      0.688144
   0.692      0.687839
   0.701      0.687526
   0.709      0.687203
   0.717      0.686871
   0.725      0.686530
   0.734      0.686180
   0.742      0.685820
   0.750      0.685449
   0.758      0.685069
   0.767      0.684678
   0.775      0.684277
   0.783      0.683865
   0.791      0.683441
   0.800      0.683007
   0.808      0.682560
   0.816      0.682102
   0.824      0.681632
   0.833      0.681150
   0.841      0.680656
   0.849      0.680148
   0.857      0.679628
   0.866      0.679094
   0.874      0.678548
   0.882      0.677987
   0.890      0.677413
   0.899      0.676825
   0.907      0.676222
   0.915      0.675605
   0.923      0.674974
   0.932      0.674328
   0.940      0.673667
   0.948      0.672990
   0.956      0.672298
   0.964      0.671591
   0.973      0.670868
   0.981      0.670130
   0.989      0.669375
   0.997      0.668604
   1.006      0.667818
   1.014      0.667014
   1.022      0.666195
   1.030      0.665359
   1.039      0.664506
   1.047      0.663636
   1.055      0.662750
   1.063      0.661847
   1.072      0.660928
   1.080      0.659991
   1.088      0.659038
   1.096      0.658067
   1.105      0.657080
   1.113      0.656076
   1.121      0.655055
   1.129      0.654017
   1.138      0.652962
   1.146      0.651891
   1.154      0.650803
   1.162      0.649698
   1.171      0.648577
   1.179      0.647440
   1.187      0.646286
   1.195      0.645117
   1.204      0.643931
   1.212      0.642729
   1.220      0.641512
   1.228      0.640279
   1.237      0.639030
   1.245      0.637767
   1.253      0.636488
   1.261      0.635195
   1.269      0.633887
   1.278      0.632564
   1.286      0.631227
   1.294      0.629877
   1.302      0.628512
   1.311      0.627134
   1.319      0.625743
   1.327      0.624338
   1.335      0.622921
   1.344      0.621491
   1.352      0.620049
   1.360      0.618594
   1.368      0.617128
   1.377      0.615651
   1.385      0.614162
   1.393      0.612662
   1.401      0.611151
   1.410      0.609630
   1.418      0.608099
   1.426      0.606558
   1.434      0.605007
   1.443      0.603446
   1.451      0.601877
   1.459      0.600299
   1.467      0.598712
   1.476      0.597117
   1.484      0.595514
   1.492      0.593903
   1.500      0.592285
   1.509      0.590659
   1.517      0.589027
   1.525      0.587388
   1.533      0.585742
   1.542      0.584091
   1.550      0.582433
   1.558      0.580770
   1.566      0.579102
   1.575      0.577428
   1.583      0.575750
   1.591      0.574067
   1.599      0.572380
   1.607      0.570689
   1.616      0.568994
   1.624      0.567295
   1.632      0.565594
   1.640      0.563888
   1.649      0.562181
   1.657      0.560470
   1.665      0.558757
   1.673      0.557042
   1.682      0.555325
   1.690      0.553606
   1.698      0.551886
   1.706      0.550165
   1.715      0.548442
   1.723      0.546719
   1.731      0.544994
   1.739      0.543270
   1.748      0.541545
   1.756      0.539820
   1.764      0.538095
   1.772      0.536371
   1.781      0.534647
   1.789      0.532924
   1.797      0.531201
   1.805      0.529480
   1.814      0.527760
   1.822      0.526041
   1.830      0.524324
   1.838      0.522609
   1.847      0.520895
   1.855      0.519184
   1.863      0.517474
   1.871      0.515767
   1.880      0.514063
   1.888      0.512361
   1.896      0.510662
   1.904      0.508966
   1.912      0.507273
   1.921      0.505583
   1.929      0.503897
   1.937      0.502214
   1.945      0.500535
   1.954      0.498859
   1.962      0.497187
   1.970      0.495519
   1.978      0.493855
   1.987      0.492195
   1.995      0.490540
   2.003      0.488889
   2.011      0.487242
   2.020      0.485600
   2.028      0.483962
   2.036      0.482330
   2.044      0.480702
   2.053      0.479079
   2.061      0.477461
   2.069      0.475848
   2.077      0.474241
   2.086      0.472639
   2.094      0.471042
   2.102      0.469450
   2.110      0.467864
   2.119      0.466283
   2.127      0.464708
   2.135      0.463139
   2.143      0.461576
   2.152      0.460018
   2.160      0.458466
   2.168      0.456920
   2.176      0.455380
   2.185      0.453846
   2.193      0.452318
   2.201      0.450797
   2.209      0.449281
   2.217      0.447772
   2.226      0.446268
   2.234      0.444771
   2.242      0.443281
   2.250      0.441797
   2.259      0.440319
   2.267      0.438847
   2.275      0.437382
   2.283      0.435924
   2.292      0.434472
   2.300      0.433026
   2.308      0.431587
   2.316      0.430155
   2.325      0.428729
   2.333      0.427309
   2.341      0.425897
   2.349      0.424491
   2.358      0.423092
   2.366      0.421699
   2.374      0.420313
   2.382      0.418933
   2.391      0.417561
   2.399      0.416195
   2.407      0.414836
   2.415      0.413483
   2.424      0.412137
   2.432      0.410798
   2.440      0.409466
   2.448      0.408140
   2.457      0.406821
   2.465      0.405509
   2.473      0.404203
   2.481      0.402904
   2.490      0.401612
   2.498      0.400326
   2.506      0.399047
   2.514      0.397775
   2.523      0.396510
   2.531      0.395251
   2.539      0.393999
   2.547      0.392753
   2.555      0.391514
   2.564      0.390281
   2.572      0.389056
   2.580      0.387836
   2.588      0.386623
   2.597      0.385417
   2.605      0.384218
   2.613      0.383024
   2.621      0.381838
   2.630      0.380657
   2.638      0.379483
   2.646      0.378316
   2.654      0.377155
   2.663      0.376000
   2.671      0.374852
   2.679      0.373709
   2.687      0.372574
   2.696      0.371444
   2.704      0.370321
   2.712      0.369204
   2.720      0.368093
   2.729      0.366988
   2.737      0.365889
   2.745      0.364797
   2.753      0.363710
   2.762      0.362630
   2.770      0.361556
   2.778      0.360487
   2.786      0.359425
   2.795      0.358368
   2.803      0.357318
   2.811      0.356273
   2.819      0.355234
   2.828      0.354201
   2.836      0.353173
   2.844      0.352151
   2.852      0.351135
   2.860      0.350125
   2.869      0.349120
   2.877      0.348121
   2.885      0.347128
   2.893      0.346140
   2.902      0.345157
   2.910      0.344180
   2.918      0.343208
   2.926      0.342242
   2.935      0.341281
   2.943      0.340326
   2.951      0.339375
   2.959      0.338430
   2.968      0.337490
   2.976      0.336555
   2.984      0.335626
   2.992      0.334701
   3.001      0.333782
   3.009      0.332867
   3.017      0.331958
   3.025      0.331054
   3.034      0.330154
   3.042      0.329259
   3.050      0.328369
   3.058      0.327484
   3.067      0.326604
   3.075      0.325728
   3.083      0.324857
   3.091      0.323991
   3.100      0.323129
   3.108      0.322272
   3.116      0.321420
   3.124      0.320572
   3.133      0.319728
   3.141      0.318889
   3.149      0.318054
   3.157      0.317224
   3.165      0.316398
   3.174      0.315576
   3.182      0.314758
   3.190      0.313945
   3.198      0.313136
   3.207      0.312331
   3.215      0.311530
   3.223      0.310733
   3.231      0.309940
   3.240      0.309152
   3.248      0.308367
   3.256      0.307586
   3.264      0.306810
   3.273      0.306037
   3.281      0.305268
