   0.000      1.319496
   0.008      1.319496
   0.016      1.319496
   0.025      1.319496
   0.033      1.319496
   0.041      1.319496
   0.049      1.319495
   0.058      1.319495
   0.066      1.319493
   0.074      1.319491
   0.082      1.319486
   0.091      1.319479
   0.099      1.319468
   0.107      1.319451
   0.115      1.319426
   0.124      1.319391
   0.132      1.319344
   0.140      1.319280
   0.148      1.319196
   0.157      1.319087
   0.165      1.318948
   0.173      1.318773
   0.181      1.318557
   0.190      1.318291
   0.198      1.317968
   0.206      1.317581
   0.214      1.317121
   0.223      1.316578
   0.231      1.315943
   0.239      1.315206
   0.247      1.314357
   0.256      1.313386
   0.264      1.312282
   0.272      1.311035
   0.280      1.309634
   0.289      1.308070
   0.297      1.306332
   0.305      1.304411
   0.313      1.302298
   0.321      1.299984
   0.330      1.297462
   0.338      1.294724
   0.346      1.291766
   0.354      1.288580
   0.363      1.285165
   0.371      1.281515
   0.379      1.277630
   0.387      1.273508
   0.396      1.269149
   0.404      1.264556
   0.412      1.259729
   0.420      1.254674
   0.429      1.249395
   0.437      1.243898
   0.445      1.238189
   0.453      1.232277
   0.462      1.226170
   0.470      1.219878
   0.478      1.213412
   0.486      1.206781
   0.495      1.199999
   0.503      1.193077
   0.511      1.186027
   0.519      1.178863
   0.528      1.171598
   0.536      1.164244
   0.544      1.156816
   0.552      1.149326
   0.561      1.141788
   0.569      1.134214
   0.577      1.126618
   0.585      1.119011
   0.594      1.111406
   0.602      1.103814
   0.610      1.096246
   0.618      1.088713
   0.627      1.081224
   0.635      1.073788
   0.643      1.066416
   0.651      1.059113
   0.659      1.051888
   0.668      1.044748
   0.676      1.037698
   0.684      1.030744
   0.692      1.023890
   0.701      1.017141
   0.709      1.010499
   0.717      1.003968
   0.725      0.997550
   0.734      0.991246
   0.742      0.985058
   0.750      0.978985
   0.758      0.973029
   0.767      0.967189
   0.775      0.961463
   0.783      0.955852
   0.791      0.950352
   0.800      0.944963
   0.808      0.939682
   0.816      0.934507
   0.824      0.929436
   0.833      0.924464
   0.841      0.919591
   0.849      0.914811
   0.857      0.910122
   0.866      0.905521
   0.874      0.901004
   0.882      0.896568
   0.890      0.892209
   0.899      0.887924
   0.907      0.883709
   0.915      0.879561
   0.923      0.875476
   0.932      0.871451
   0.940      0.867483
   0.948      0.863569
   0.956      0.859704
   0.964      0.855888
   0.973      0.852115
   0.981      0.848384
   0.989      0.844692
   0.997      0.841036
   1.006      0.837414
   1.014      0.833823
   1.022      0.830262
   1.030      0.826727
   1.039      0.823218
   1.047      0.819732
   1.055      0.816268
   1.063      0.812823
   1.072      0.809397
   1.080      0.805988
   1.088      0.802595
   1.096      0.799216
   1.105      0.795851
   1.113      0.792499
   1.121      0.789158
   1.129      0.785829
   1.138      0.782510
   1.146      0.779200
   1.154      0.775900
   1.162      0.772609
   1.171      0.769326
   1.179      0.766051
   1.187      0.762785
   1.195      0.759526
   1.204      0.756275
   1.212      0.753031
   1.220      0.749795
   1.228      0.746566
   1.237      0.743345
   1.245      0.740132
   1.253      0.736927
   1.261      0.733730
   1.269      0.730540
   1.278      0.727359
   1.286      0.724187
   1.294      0.721023
   1.302      0.717869
   1.311      0.714723
   1.319      0.711587
   1.327      0.708461
   1.335      0.705344
   1.344      0.702238
   1.352      0.699142
   1.360      0.696057
   1.368      0.692983
   1.377      0.689920
   1.385      0.686868
   1.393      0.683828
   1.401      0.680800
   1.410      0.677785
   1.418      0.674781
   1.426      0.671790
   1.434      0.668812
   1.443      0.665847
   1.451      0.662895
   1.459      0.659957
   1.467      0.657032
   1.476      0.654120
   1.484      0.651223
   1.492      0.648339
   1.500      0.645470
   1.509      0.642615
   1.517      0.639774
   1.525      0.636948
   1.533      0.634137
   1.542      0.631340
   1.550      0.628558
   1.558      0.625791
   1.566      0.623039
   1.575      0.620302
   1.583      0.617581
   1.591      0.614874
   1.599      0.612183
   1.607      0.609507
   1.616      0.606846
   1.624      0.604200
   1.632      0.601570
   1.640      0.598956
   1.649      0.596357
   1.657      0.593773
   1.665      0.591204
   1.673      0.588652
   1.682      0.586114
   1.690      0.583592
   1.698      0.581085
   1.706      0.578594
   1.715      0.576118
   1.723      0.573658
   1.731      0.571213
   1.739      0.568783
   1.748      0.566368
   1.756      0.563968
   1.764      0.561584
   1.772      0.559215
   1.781      0.556861
   1.789      0.554522
   1.797      0.552198
   1.805      0.549889
   1.814      0.547595
   1.822      0.545315
   1.830      0.543051
   1.838      0.540801
   1.847      0.538566
   1.855      0.536345
   1.863      0.534139
   1.871      0.531947
   1.880      0.529770
   1.888      0.527607
   1.896      0.525458
   1.904      0.523324
   1.912      0.521203
   1.921      0.519097
   1.929      0.517004
   1.937      0.514925
   1.945      0.512860
   1.954      0.510809
   1.962      0.508772
   1.970      0.506748
   1.978      0.504737
   1.987      0.502740
   1.995      0.500756
   2.003      0.498786
   2.011      0.496828
   2.020      0.494884
   2.028      0.492953
   2.036      0.491034
   2.044      0.489128
   2.053      0.487235
   2.061      0.485355
   2.069      0.483487
   2.077      0.481632
   2.086      0.479789
   2.094      0.477959
   2.102      0.476141
   2.110      0.474335
   2.119      0.472540
   2.127      0.470758
   2.135      0.468988
   2.143      0.467230
   2.152      0.465483
   2.160      0.463748
   2.168      0.462025
   2.176      0.460313
   2.185      0.458612
   2.193      0.456923
   2.201      0.455245
   2.209      0.453578
   2.217      0.451923
   2.226      0.450278
   2.234      0.448644
   2.242      0.447021
   2.250      0.445409
   2.259      0.443807
   2.267      0.442216
   2.275      0.440636
   2.283      0.439066
   2.292      0.437506
   2.300      0.435956
   2.308      0.434417
   2.316      0.432888
   2.325      0.431369
   2.333      0.429860
   2.341      0.428360
   2.349      0.426871
   2.358      0.425391
   2.366      0.423921
   2.374      0.422460
   2.382      0.421009
   2.391      0.419568
   2.399      0.418135
   2.407      0.416712
   2.415      0.415299
   2.424      0.413894
   2.432      0.412498
   2.440      0.411112
   2.448      0.409734
   2.457      0.408365
   2.465      0.407005
   2.473      0.405654
   2.481      0.404311
   2.490      0.402977
   2.498      0.401651
   2.506      0.400334
   2.514      0.399025
   2.523      0.397724
   2.531      0.396432
   2.539      0.395148
   2.547      0.393871
   2.555      0.392603
   2.564      0.391343
   2.572      0.390091
   2.580      0.388846
   2.588      0.387610
   2.597      0.386381
   2.605      0.385159
   2.613      0.383946
   2.621      0.382739
   2.630      0.381541
   2.638      0.380349
   2.646      0.379165
   2.654      0.377988
   2.663      0.376819
   2.671      0.375656
   2.679      0.374501
   2.687      0.373352
   2.696      0.372211
   2.704      0.371076
   2.712      0.369949
   2.720      0.368828
   2.729      0.367714
   2.737      0.366606
   2.745      0.365506
   2.753      0.364411
   2.762      0.363324
   2.770      0.362242
   2.778      0.361168
   2.786      0.360099
   2.795      0.359037
   2.803      0.357981
   2.811      0.356931
   2.819      0.355887
   2.828      0.354850
   2.836      0.353818
   2.844      0.352793
   2.852      0.351773
   2.860      0.350759
   2.869      0.349751
   2.877      0.348749
   2.885      0.347753
   2.893      0.346762
   2.902      0.345777
   2.910      0.344797
   2.918      0.343823
   2.926      0.342855
   2.935      0.341892
   2.943      0.340934
   2.951      0.339982
   2.959      0.339035
   2.968      0.338093
   2.976      0.337156
   2.984      0.336225
   2.992      0.335299
   3.001      0.334378
   3.009      0.333462
   3.017      0.332550
   3.025      0.331644
   3.034      0.330743
   3.042      0.329847
   3.050      0.328955
   3.058      0.328069
   3.067      0.327187
   3.075      0.326310
   3.083      0.325437
   3.091      0.324569
   3.100      0.323706
   3.108      0.322847
   3.116      0.321993
   3.124      0.321144
   3.133      0.320299
   3.141      0.319458
   3.149      0.318622
   3.157      0.317790
   3.165      0.316962
   3.174      0.316139
   3.182      0.315320
   3.190      0.314505
   3.198      0.313695
   3.207      0.312888
   3.215      0.312086
   3.223      0.311288
   3.231      0.310494
   3.240      0.309704
   3.248      0.308917
   3.256      0.308135
   3.264      0.307357
   3.273      0.306583
   3.281      0.305813
