   0.006      0.001757
   0.012      0.020171
   0.019      0.038586
   0.025      0.057624
   0.031      0.076741
   0.037      0.095873
   0.043      0.115002
   0.050      0.134121
   0.056      0.153225
   0.062      0.172312
   0.068      0.191378
   0.074      0.210421
   0.081      0.229437
   0.087      0.248425
   0.093      0.267382
   0.099      0.286305
   0.105      0.305192
   0.112      0.324042
   0.118      0.342850
   0.124      0.361616
   0.130      0.380336
   0.136      0.399008
   0.143      0.417631
   0.149      0.436201
   0.155      0.454717
   0.161      0.473175
   0.167      0.491574
   0.174      0.509912
   0.180      0.528186
   0.186      0.546394
   0.192      0.564534
   0.198      0.582603
   0.205      0.600599
   0.211      0.618521
   0.217      0.636365
   0.223      0.654131
   0.229      0.671814
   0.236      0.689414
   0.242      0.706928
   0.248      0.724355
   0.254      0.741691
   0.260      0.758935
   0.267      0.776085
   0.273      0.793139
   0.279      0.810095
   0.285      0.826950
   0.291      0.843703
   0.298      0.860351
   0.304      0.876894
   0.310      0.893328
   0.316      0.909651
   0.322      0.925863
   0.329      0.941961
   0.335      0.957942
   0.341      0.973806
   0.347      0.989550
   0.353      1.005173
   0.360      1.020673
   0.366      1.036047
   0.372      1.051295
   0.378      1.066414
   0.384      1.081403
   0.391      1.096261
   0.397      1.110984
   0.403      1.125573
   0.409      1.140025
   0.415      1.154338
   0.422      1.168512
   0.428      1.182544
   0.434      1.196433
   0.440      1.210178
   0.446      1.223777
   0.453      1.237229
   0.459      1.250533
   0.465      1.263686
   0.471      1.276688
   0.477      1.289538
   0.484      1.302234
   0.490      1.314775
   0.496      1.327159
   0.502      1.339386
   0.508      1.351455
   0.515      1.363364
   0.521      1.375113
   0.527      1.386700
   0.533      1.398124
   0.539      1.409384
   0.546      1.420480
   0.552      1.431411
   0.558      1.442175
   0.564      1.452772
   0.570      1.463201
   0.577      1.473461
   0.583      1.483552
   0.589      1.493473
   0.595      1.503224
   0.601      1.512803
   0.608      1.522210
   0.614      1.531444
   0.620      1.540506
   0.626      1.549395
   0.632      1.558109
   0.639      1.566650
   0.645      1.575016
   0.651      1.583207
   0.657      1.591224
   0.663      1.599065
   0.670      1.606730
   0.676      1.614220
   0.682      1.621535
   0.688      1.628673
   0.694      1.635636
   0.701      1.642423
   0.707      1.649034
   0.713      1.655470
   0.719      1.661730
   0.725      1.667814
   0.732      1.673724
   0.738      1.679458
   0.744      1.685018
   0.750      1.690403
   0.756      1.695614
   0.763      1.700652
   0.769      1.705517
   0.775      1.710208
   0.781      1.714728
   0.787      1.719075
   0.794      1.723252
   0.800      1.727258
   0.806      1.731094
   0.812      1.734761
   0.818      1.738259
   0.825      1.741590
   0.831      1.744753
   0.837      1.747750
   0.843      1.750582
   0.849      1.753250
   0.856      1.755754
   0.862      1.758095
   0.868      1.760274
   0.874      1.762293
   0.880      1.764152
   0.887      1.765853
   0.893      1.767396
   0.899      1.768783
   0.905      1.770015
   0.911      1.771093
   0.918      1.772018
   0.924      1.772791
   0.930      1.773414
   0.936      1.773888
   0.942      1.774215
   0.949      1.774395
   0.955      1.774430
   0.961      1.774321
   0.967      1.774070
   0.973      1.773679
   0.980      1.773148
   0.986      1.772479
   0.992      1.771673
   0.998      1.770733
   1.004      1.769660
   1.011      1.768455
   1.017      1.767119
   1.023      1.765655
   1.029      1.764064
   1.035      1.762347
   1.042      1.760506
   1.048      1.758543
   1.054      1.756460
   1.060      1.754258
   1.066      1.751938
   1.073      1.749503
   1.079      1.746955
   1.085      1.744294
   1.091      1.741522
   1.097      1.738642
   1.104      1.735655
   1.110      1.732563
   1.116      1.729367
   1.122      1.726070
   1.128      1.722672
   1.135      1.719176
   1.141      1.715584
   1.147      1.711897
   1.153      1.708117
   1.159      1.704246
   1.166      1.700285
   1.172      1.696236
   1.178      1.692102
   1.184      1.687884
   1.190      1.683583
   1.197      1.679201
   1.203      1.674741
   1.209      1.670203
   1.215      1.665590
   1.221      1.660904
   1.228      1.656145
   1.234      1.651316
   1.240      1.646419
   1.246      1.641455
   1.252      1.636426
   1.259      1.631333
   1.265      1.626179
   1.271      1.620965
   1.277      1.615692
   1.283      1.610363
   1.290      1.604978
   1.296      1.599541
   1.302      1.594051
   1.308      1.588511
   1.314      1.582923
   1.321      1.577288
   1.327      1.571607
   1.333      1.565882
   1.339      1.560115
   1.345      1.554307
   1.352      1.548460
   1.358      1.542575
   1.364      1.536654
   1.370      1.530697
   1.376      1.524708
   1.383      1.518686
   1.389      1.512634
   1.395      1.506552
   1.401      1.500443
   1.407      1.494307
   1.414      1.488146
   1.420      1.481962
   1.426      1.475755
   1.432      1.469526
   1.438      1.463278
   1.445      1.457011
   1.451      1.450727
   1.457      1.444426
   1.463      1.438110
   1.469      1.431781
   1.476      1.425438
   1.482      1.419084
   1.488      1.412719
   1.494      1.406345
   1.500      1.399963
   1.507      1.393573
   1.513      1.387177
   1.519      1.380776
   1.525      1.374370
   1.531      1.367961
   1.538      1.361550
   1.544      1.355137
   1.550      1.348723
   1.556      1.342310
   1.562      1.335898
   1.569      1.329487
   1.575      1.323080
   1.581      1.316676
   1.587      1.310277
   1.593      1.303882
   1.600      1.297494
   1.606      1.291112
   1.612      1.284737
   1.618      1.278370
   1.624      1.272012
   1.631      1.265663
   1.637      1.259324
   1.643      1.252995
   1.649      1.246677
   1.655      1.240370
   1.662      1.234076
   1.668      1.227794
   1.674      1.221525
   1.680      1.215269
   1.686      1.209028
   1.693      1.202801
   1.699      1.196589
   1.705      1.190391
   1.711      1.184210
   1.717      1.178044
   1.724      1.171894
   1.730      1.165762
   1.736      1.159645
   1.742      1.153547
   1.748      1.147465
   1.755      1.141401
   1.761      1.135355
   1.767      1.129327
   1.773      1.123318
   1.779      1.117326
   1.786      1.111354
   1.792      1.105400
   1.798      1.099465
   1.804      1.093550
   1.810      1.087653
   1.817      1.081776
   1.823      1.075918
   1.829      1.070079
   1.835      1.064260
   1.841      1.058460
   1.848      1.052679
   1.854      1.046919
   1.860      1.041177
   1.866      1.035455
   1.872      1.029753
   1.879      1.024069
   1.885      1.018405
   1.891      1.012761
   1.897      1.007135
   1.903      1.001529
   1.910      0.995941
   1.916      0.990373
   1.922      0.984823
   1.928      0.979292
   1.934      0.973779
   1.941      0.968284
   1.947      0.962808
   1.953      0.957350
   1.959      0.951910
   1.965      0.946487
   1.972      0.941082
   1.978      0.935694
   1.984      0.930323
   1.990      0.924969
   1.996      0.919632
   2.003      0.914311
   2.009      0.909007
   2.015      0.903719
   2.021      0.898446
   2.027      0.893190
   2.034      0.887948
   2.040      0.882722
   2.046      0.877511
   2.052      0.872314
   2.058      0.867132
   2.065      0.861964
   2.071      0.856810
   2.077      0.851670
   2.083      0.846543
   2.089      0.841429
   2.096      0.836329
   2.102      0.831241
   2.108      0.826166
   2.114      0.821104
   2.120      0.816053
   2.127      0.811015
   2.133      0.805988
   2.139      0.800972
   2.145      0.795968
   2.151      0.790974
   2.158      0.785992
   2.164      0.781020
   2.170      0.776059
   2.176      0.771108
   2.182      0.766167
   2.189      0.761236
   2.195      0.756314
   2.201      0.751402
   2.207      0.746500
   2.213      0.741606
   2.220      0.736722
   2.226      0.731847
   2.232      0.726981
   2.238      0.722123
   2.244      0.717274
   2.251      0.712434
   2.257      0.707602
   2.263      0.702779
   2.269      0.697963
   2.275      0.693156
   2.282      0.688357
   2.288      0.683567
   2.294      0.678784
   2.300      0.674010
   2.306      0.669243
   2.313      0.664485
   2.319      0.659735
   2.325      0.654993
   2.331      0.650259
   2.337      0.645534
   2.344      0.640816
   2.350      0.636107
   2.356      0.631407
   2.362      0.626714
   2.368      0.622031
   2.375      0.617356
   2.381      0.612690
   2.387      0.608033
   2.393      0.603385
   2.399      0.598746
   2.406      0.594116
   2.412      0.589496
   2.418      0.584886
   2.424      0.580285
   2.430      0.575695
   2.437      0.571115
   2.443      0.566545
   2.449      0.561987
   2.455      0.557439
   2.461      0.552902
   2.468      0.548377
   2.474      0.543863
   2.480      0.539361
   2.486      0.534871
   2.492      0.530394
   2.499      0.525929
   2.505      0.521478
   2.511      0.517039
   2.517      0.512614
   2.523      0.508203
   2.530      0.503806
   2.536      0.499423
   2.542      0.495055
   2.548      0.490702
   2.554      0.486364
   2.561      0.482042
   2.567      0.477735
   2.573      0.473445
   2.579      0.469170
   2.585      0.464913
   2.592      0.460672
   2.598      0.456449
   2.604      0.452243
   2.610      0.448055
   2.616      0.443885
   2.623      0.439733
   2.629      0.435600
   2.635      0.431485
   2.641      0.427389
   2.647      0.423313
   2.654      0.419256
   2.660      0.415219
   2.666      0.411202
   2.672      0.407204
   2.678      0.403228
   2.685      0.399271
   2.691      0.395335
   2.697      0.391420
   2.703      0.387527
   2.709      0.383654
   2.716      0.379802
   2.722      0.375973
   2.728      0.372164
   2.734      0.368378
   2.740      0.364614
   2.747      0.360871
   2.753      0.357151
   2.759      0.353453
   2.765      0.349778
   2.771      0.346125
   2.778      0.342495
   2.784      0.338888
   2.790      0.335304
   2.796      0.331742
   2.802      0.328204
   2.809      0.324689
   2.815      0.321196
   2.821      0.317728
   2.827      0.314282
   2.833      0.310860
   2.840      0.307462
   2.846      0.304087
   2.852      0.300736
   2.858      0.297408
   2.864      0.294104
   2.871      0.290824
   2.877      0.287567
   2.883      0.284335
   2.889      0.281126
   2.895      0.277941
   2.902      0.274779
   2.908      0.271642
   2.914      0.268529
   2.920      0.265439
   2.926      0.262373
   2.933      0.259331
   2.939      0.256314
   2.945      0.253320
   2.951      0.250349
   2.957      0.247403
   2.964      0.244480
   2.970      0.241582
   2.976      0.238707
   2.982      0.235856
   2.988      0.233028
   2.995      0.230225
   3.001      0.227444
   3.007      0.224688
   3.013      0.221955
   3.019      0.219246
   3.026      0.216560
   3.032      0.213897
   3.038      0.211258
   3.044      0.208643
   3.050      0.206050
   3.057      0.203481
   3.063      0.200935
   3.069      0.198412
   3.075      0.195912
   3.081      0.193435
   3.088      0.190980
   3.094      0.188549
   3.100      0.186140
   3.106      0.183754
   3.112      0.181390
   3.119      0.179049
   3.125      0.176730
   3.131      0.174433
   3.137      0.172158
   3.143      0.169906
   3.150      0.167676
   3.156      0.165467
   3.162      0.163280
   3.168      0.161116
   3.174      0.158972
   3.181      0.156851
   3.187      0.154750
   3.193      0.152671
   3.199      0.150614
   3.205      0.148577
   3.212      0.146561
   3.218      0.144566
   3.224      0.142592
   3.230      0.140639
   3.236      0.138706
   3.243      0.136794
   3.249      0.134902
   3.255      0.133030
   3.261      0.131178
   3.267      0.129347
   3.274      0.127535
   3.280      0.125743
   3.286      0.123970
   3.292      0.122217
   3.298      0.120483
   3.305      0.118769
   3.311      0.117074
   3.317      0.115397
   3.323      0.113740
   3.329      0.112101
   3.336      0.110481
   3.342      0.108879
   3.348      0.107296
   3.354      0.105731
   3.360      0.104184
   3.367      0.102655
   3.373      0.101144
   3.379      0.099650
   3.385      0.098175
   3.391      0.096716
   3.398      0.095275
   3.404      0.093851
   3.410      0.092444
   3.416      0.091054
   3.422      0.089681
   3.429      0.088325
   3.435      0.086985
   3.441      0.085661
   3.447      0.084354
   3.453      0.083062
   3.460      0.081787
   3.466      0.080528
   3.472      0.079284
   3.478      0.078056
   3.484      0.076843
   3.491      0.075646
   3.497      0.074464
   3.503      0.073297
   3.509      0.072145
   3.515      0.071008
   3.522      0.069885
   3.528      0.068777
   3.534      0.067683
   3.540      0.066604
   3.546      0.065538
   3.553      0.064487
   3.559      0.063450
   3.565      0.062426
   3.571      0.061416
   3.577      0.060419
   3.584      0.059436
   3.590      0.058466
   3.596      0.057509
   3.602      0.056565
   3.608      0.055634
   3.615      0.054715
   3.621      0.053810
   3.627      0.052916
   3.633      0.052035
   3.639      0.051166
   3.646      0.050310
   3.652      0.049465
   3.658      0.048632
   3.664      0.047811
   3.670      0.047001
   3.677      0.046203
   3.683      0.045416
   3.689      0.044640
   3.695      0.043876
   3.701      0.043122
   3.708      0.042380
   3.714      0.041648
   3.720      0.040926
   3.726      0.040216
   3.732      0.039515
   3.739      0.038825
   3.745      0.038145
   3.751      0.037475
   3.757      0.036815
   3.763      0.036165
   3.770      0.035525
   3.776      0.034894
   3.782      0.034272
   3.788      0.033660
   3.794      0.033058
   3.801      0.032464
   3.807      0.031880
   3.813      0.031304
   3.819      0.030737
   3.825      0.030179
   3.832      0.029630
   3.838      0.029089
   3.844      0.028557
   3.850      0.028032
   3.856      0.027516
   3.863      0.027009
   3.869      0.026509
   3.875      0.026017
   3.881      0.025533
   3.887      0.025056
   3.894      0.024587
   3.900      0.024126
   3.906      0.023672
   3.912      0.023226
   3.918      0.022786
   3.925      0.022354
   3.931      0.021929
   3.937      0.021511
   3.943      0.021099
   3.949      0.020695
   3.956      0.020297
   3.962      0.019905
   3.968      0.019520
   3.974      0.019142
   3.980      0.018770
   3.987      0.018404
   3.993      0.018044
   3.999      0.017691
   4.005      0.017343
   4.011      0.017001
   4.018      0.016665
   4.024      0.016335
   4.030      0.016011
   4.036      0.015692
   4.042      0.015378
   4.049      0.015070
   4.055      0.014768
   4.061      0.014470
   4.067      0.014178
   4.073      0.013891
   4.080      0.013609
   4.086      0.013332
   4.092      0.013060
   4.098      0.012792
   4.104      0.012530
   4.111      0.012272
   4.117      0.012019
   4.123      0.011770
   4.129      0.011526
   4.135      0.011286
   4.142      0.011050
   4.148      0.010819
   4.154      0.010592
   4.160      0.010369
   4.166      0.010151
   4.173      0.009936
   4.179      0.009725
   4.185      0.009519
   4.191      0.009316
   4.197      0.009116
   4.204      0.008921
   4.210      0.008729
   4.216      0.008541
   4.222      0.008356
   4.228      0.008175
   4.235      0.007998
   4.241      0.007823
   4.247      0.007652
   4.253      0.007485
   4.259      0.007320
   4.266      0.007159
   4.272      0.007001
   4.278      0.006846
   4.284      0.006694
   4.290      0.006544
   4.297      0.006398
   4.303      0.006255
   4.309      0.006114
   4.315      0.005977
   4.321      0.005842
   4.328      0.005709
   4.334      0.005580
   4.340      0.005453
   4.346      0.005328
   4.352      0.005206
   4.359      0.005087
   4.365      0.004970
   4.371      0.004855
   4.377      0.004742
   4.383      0.004632
   4.390      0.004524
   4.396      0.004419
   4.402      0.004315
   4.408      0.004214
   4.414      0.004115
   4.421      0.004018
   4.427      0.003922
   4.433      0.003829
   4.439      0.003738
   4.445      0.003649
   4.452      0.003562
   4.458      0.003476
   4.464      0.003392
   4.470      0.003310
   4.476      0.003230
   4.483      0.003152
   4.489      0.003075
   4.495      0.003000
   4.501      0.002926
   4.507      0.002855
   4.514      0.002784
   4.520      0.002716
   4.526      0.002648
   4.532      0.002582
   4.538      0.002518
   4.545      0.002455
   4.551      0.002394
   4.557      0.002334
   4.563      0.002275
   4.569      0.002217
   4.576      0.002161
   4.582      0.002106
   4.588      0.002052
   4.594      0.002000
   4.600      0.001949
   4.607      0.001899
   4.613      0.001850
   4.619      0.001802
   4.625      0.001755
   4.631      0.001709
   4.638      0.001665
   4.644      0.001621
   4.650      0.001579
   4.656      0.001537
   4.662      0.001496
   4.669      0.001457
   4.675      0.001418
   4.681      0.001380
   4.687      0.001343
   4.693      0.001307
   4.700      0.001272
   4.706      0.001238
   4.712      0.001205
   4.718      0.001172
   4.724      0.001140
   4.731      0.001109
   4.737      0.001079
   4.743      0.001049
   4.749      0.001020
   4.755      0.000992
   4.762      0.000964
   4.768      0.000938
   4.774      0.000911
   4.780      0.000886
   4.786      0.000861
   4.793      0.000837
   4.799      0.000813
   4.805      0.000790
   4.811      0.000768
   4.817      0.000746
   4.824      0.000725
   4.830      0.000704
   4.836      0.000684
   4.842      0.000664
   4.848      0.000645
   4.855      0.000626
   4.861      0.000608
   4.867      0.000590
   4.873      0.000573
   4.879      0.000556
   4.886      0.000539
   4.892      0.000524
   4.898      0.000508
   4.904      0.000493
   4.910      0.000478
   4.917      0.000464
   4.923      0.000450
   4.929      0.000436
   4.935      0.000423
   4.941      0.000410
   4.948      0.000398
   4.954      0.000386
   4.960      0.000374
   4.966      0.000362
   4.972      0.000351
   4.979      0.000340
   4.985      0.000330
   4.991      0.000319
   4.997      0.000309
   5.003      0.000300
   5.010      0.000290
   5.016      0.000281
   5.022      0.000272
   5.028      0.000263
   5.034      0.000255
   5.041      0.000247
   5.047      0.000239
   5.053      0.000231
   5.059      0.000224
   5.065      0.000216
   5.072      0.000209
   5.078      0.000203
   5.084      0.000196
   5.090      0.000189
   5.096      0.000183
   5.103      0.000177
   5.109      0.000171
   5.115      0.000165
   5.121      0.000160
   5.127      0.000155
   5.134      0.000149
   5.140      0.000144
   5.146      0.000139
   5.152      0.000135
   5.158      0.000130
   5.165      0.000125
   5.171      0.000121
   5.177      0.000117
   5.183      0.000113
   5.189      0.000109
   5.196      0.000105
   5.202      0.000101
   5.208      0.000098
   5.214      0.000094
   5.220      0.000091
   5.227      0.000088
   5.233      0.000085
   5.239      0.000082
   5.245      0.000079
   5.251      0.000076
   5.258      0.000073
   5.264      0.000070
   5.270      0.000068
   5.276      0.000065
   5.282      0.000063
   5.289      0.000060
   5.295      0.000058
   5.301      0.000056
   5.307      0.000054
   5.313      0.000052
   5.320      0.000050
   5.326      0.000048
   5.332      0.000046
   5.338      0.000044
   5.344      0.000043
   5.351      0.000041
   5.357      0.000039
   5.363      0.000038
   5.369      0.000036
   5.375      0.000035
   5.382      0.000034
   5.388      0.000032
   5.394      0.000031
   5.400      0.000030
   5.406      0.000028
   5.413      0.000027
   5.419      0.000026
   5.425      0.000025
   5.431      0.000024
   5.437      0.000023
   5.444      0.000022
   5.450      0.000021
   5.456      0.000020
   5.462      0.000019
   5.468      0.000019
   5.475      0.000018
   5.481      0.000017
   5.487      0.000016
   5.493      0.000016
   5.499      0.000015
   5.506      0.000014
   5.512      0.000014
   5.518      0.000013
   5.524      0.000012
   5.530      0.000012
   5.537      0.000011
   5.543      0.000011
   5.549      0.000010
   5.555      0.000010
   5.561      0.000009
   5.568      0.000009
   5.574      0.000009
   5.580      0.000008
   5.586      0.000008
   5.592      0.000007
   5.599      0.000007
   5.605      0.000007
   5.611      0.000006
   5.617      0.000006
   5.623      0.000006
   5.630      0.000006
   5.636      0.000005
   5.642      0.000005
   5.648      0.000005
   5.654      0.000005
   5.661      0.000004
   5.667      0.000004
   5.673      0.000004
   5.679      0.000004
   5.685      0.000003
   5.692      0.000003
   5.698      0.000003
   5.704      0.000003
   5.710      0.000003
   5.716      0.000003
   5.723      0.000003
   5.729      0.000002
   5.735      0.000002
   5.741      0.000002
   5.747      0.000002
   5.754      0.000002
   5.760      0.000002
   5.766      0.000002
   5.772      0.000002
   5.778      0.000002
   5.785      0.000001
   5.791      0.000001
   5.797      0.000001
   5.803      0.000001
   5.809      0.000001
   5.816      0.000001
   5.822      0.000001
   5.828      0.000001
   5.834      0.000001
   5.840      0.000001
   5.847      0.000001
   5.853      0.000001
   5.859      0.000001
   5.865      0.000001
   5.871      0.000001
   5.878      0.000001
   5.884      0.000001
   5.890      0.000000
   5.896      0.000000
   5.902      0.000000
   5.909      0.000000
   5.915      0.000000
   5.921      0.000000
   5.927      0.000000
   5.933      0.000000
   5.940      0.000000
   5.946      0.000000
   5.952      0.000000
   5.958      0.000000
   5.964      0.000000
   5.971      0.000000
   5.977      0.000000
   5.983      0.000000
   5.989      0.000000
   5.995      0.000000
   6.002      0.000000
   6.008      0.000000
   6.014      0.000000
   6.020      0.000000
   6.026      0.000000
   6.033      0.000000
   6.039      0.000000
   6.045      0.000000
   6.051      0.000000
   6.057      0.000000
   6.064      0.000000
   6.070      0.000000
   6.076      0.000000
   6.082      0.000000
   6.088      0.000000
   6.095      0.000000
   6.101      0.000000
   6.107      0.000000
   6.113      0.000000
   6.119      0.000000
   6.126      0.000000
   6.132      0.000000
   6.138      0.000000
   6.144      0.000000
   6.150      0.000000
   6.157      0.000000
   6.163      0.000000
   6.169      0.000000
   6.175      0.000000
   6.181      0.000000
   6.188      0.000000
   6.194      0.000000
   6.200      0.000000
   6.206      0.000000
