   0.000     -0.851192
   0.008     -0.851761
   0.016     -0.852692
   0.024     -0.854040
   0.032     -0.855786
   0.040     -0.857929
   0.048     -0.860456
   0.056     -0.863350
   0.064     -0.866604
   0.072     -0.870203
   0.080     -0.874134
   0.088     -0.878375
   0.096     -0.882918
   0.104     -0.887745
   0.112     -0.892839
   0.120     -0.898185
   0.128     -0.903772
   0.136     -0.909579
   0.144     -0.915597
   0.152     -0.921803
   0.160     -0.928188
   0.168     -0.934724
   0.176     -0.941406
   0.183     -0.948210
   0.191     -0.955124
   0.199     -0.962132
   0.207     -0.969221
   0.215     -0.976377
   0.223     -0.983589
   0.231     -0.990846
   0.239     -0.998135
   0.247     -1.005449
   0.255     -1.012780
   0.263     -1.020117
   0.271     -1.027455
   0.279     -1.034784
   0.287     -1.042099
   0.295     -1.049392
   0.303     -1.056660
   0.311     -1.063894
   0.319     -1.071090
   0.327     -1.078242
   0.335     -1.085344
   0.343     -1.092392
   0.351     -1.099378
   0.359     -1.106298
   0.367     -1.113146
   0.375     -1.119917
   0.383     -1.126603
   0.391     -1.133200
   0.399     -1.139702
   0.407     -1.146101
   0.415     -1.152391
   0.423     -1.158565
   0.431     -1.164617
   0.439     -1.170539
   0.447     -1.176323
   0.455     -1.181963
   0.463     -1.187451
   0.471     -1.192778
   0.479     -1.197937
   0.487     -1.202921
   0.495     -1.207719
   0.503     -1.212326
   0.511     -1.216730
   0.519     -1.220926
   0.527     -1.224904
   0.534     -1.228656
   0.542     -1.232174
   0.550     -1.235448
   0.558     -1.238472
   0.566     -1.241240
   0.574     -1.243745
   0.582     -1.245979
   0.590     -1.247931
   0.598     -1.249592
   0.606     -1.250955
   0.614     -1.252013
   0.622     -1.252759
   0.630     -1.253187
   0.638     -1.253290
   0.646     -1.253062
   0.654     -1.252497
   0.662     -1.251590
   0.670     -1.250335
   0.678     -1.248729
   0.686     -1.246766
   0.694     -1.244443
   0.702     -1.241757
   0.710     -1.238703
   0.718     -1.235279
   0.726     -1.231483
   0.734     -1.227313
   0.742     -1.222768
   0.750     -1.217845
   0.758     -1.212544
   0.766     -1.206865
   0.774     -1.200808
   0.782     -1.194373
   0.790     -1.187560
   0.798     -1.180371
   0.806     -1.172807
   0.814     -1.164869
   0.822     -1.156560
   0.830     -1.147882
   0.838     -1.138838
   0.846     -1.129430
   0.854     -1.119662
   0.862     -1.109537
   0.870     -1.099060
   0.878     -1.088234
   0.886     -1.077064
   0.893     -1.065556
   0.901     -1.053714
   0.909     -1.041543
   0.917     -1.029051
   0.925     -1.016243
   0.933     -1.003127
   0.941     -0.989709
   0.949     -0.975997
   0.957     -0.961999
   0.965     -0.947724
   0.973     -0.933180
   0.981     -0.918378
   0.989     -0.903328
   0.997     -0.888039
   1.005     -0.872523
   1.013     -0.856792
   1.021     -0.840857
   1.029     -0.824731
   1.037     -0.808426
   1.045     -0.791958
   1.053     -0.775339
   1.061     -0.758584
   1.069     -0.741707
   1.077     -0.724725
   1.085     -0.707652
   1.093     -0.690506
   1.101     -0.673302
   1.109     -0.656057
   1.117     -0.638787
   1.125     -0.621512
   1.133     -0.604247
   1.141     -0.587010
   1.149     -0.569818
   1.157     -0.552691
   1.165     -0.535645
   1.173     -0.518698
   1.181     -0.501866
   1.189     -0.485169
   1.197     -0.468624
   1.205     -0.452245
   1.213     -0.436051
   1.221     -0.420058
   1.229     -0.404282
   1.237     -0.388737
   1.244     -0.373438
   1.252     -0.358401
   1.260     -0.343639
   1.268     -0.329162
   1.276     -0.314986
   1.284     -0.301121
   1.292     -0.287578
   1.300     -0.274365
   1.308     -0.261493
   1.316     -0.248970
   1.324     -0.236803
   1.332     -0.224997
   1.340     -0.213560
   1.348     -0.202494
   1.356     -0.191803
   1.364     -0.181490
   1.372     -0.171557
   1.380     -0.162004
   1.388     -0.152831
   1.396     -0.144036
   1.404     -0.135619
   1.412     -0.127574
   1.420     -0.119900
   1.428     -0.112591
   1.436     -0.105642
   1.444     -0.099048
   1.452     -0.092799
   1.460     -0.086891
   1.468     -0.081315
   1.476     -0.076062
   1.484     -0.071123
   1.492     -0.066488
   1.500     -0.062148
   1.508     -0.058092
   1.516     -0.054312
   1.524     -0.050792
   1.532     -0.047524
   1.540     -0.044498
   1.548     -0.041701
   1.556     -0.039122
   1.564     -0.036749
   1.572     -0.034572
   1.580     -0.032578
   1.588     -0.030759
   1.596     -0.029102
   1.603     -0.027594
   1.611     -0.026229
   1.619     -0.024994
   1.627     -0.023880
   1.635     -0.022878
   1.643     -0.021976
   1.651     -0.021168
   1.659     -0.020444
   1.667     -0.019797
   1.675     -0.019219
   1.683     -0.018701
   1.691     -0.018238
   1.699     -0.017822
   1.707     -0.017449
   1.715     -0.017111
   1.723     -0.016804
   1.731     -0.016523
   1.739     -0.016264
   1.747     -0.016022
   1.755     -0.015793
   1.763     -0.015576
   1.771     -0.015365
   1.779     -0.015160
   1.787     -0.014956
   1.795     -0.014753
   1.803     -0.014548
   1.811     -0.014342
   1.819     -0.014131
   1.827     -0.013914
   1.835     -0.013692
   1.843     -0.013463
   1.851     -0.013228
   1.859     -0.012986
   1.867     -0.012737
   1.875     -0.012480
   1.883     -0.012216
   1.891     -0.011946
   1.899     -0.011670
   1.907     -0.011388
   1.915     -0.011100
   1.923     -0.010807
   1.931     -0.010510
   1.939     -0.010210
   1.947     -0.009906
   1.954     -0.009601
   1.962     -0.009293
   1.970     -0.008984
   1.978     -0.008675
   1.986     -0.008365
   1.994     -0.008057
   2.002     -0.007750
   2.010     -0.007445
   2.018     -0.007142
   2.026     -0.006842
   2.034     -0.006546
   2.042     -0.006253
   2.050     -0.005965
   2.058     -0.005681
   2.066     -0.005402
   2.074     -0.005129
   2.082     -0.004861
   2.090     -0.004598
   2.098     -0.004342
   2.106     -0.004092
   2.114     -0.003848
   2.122     -0.003610
   2.130     -0.003379
   2.138     -0.003155
   2.146     -0.002937
   2.154     -0.002725
   2.162     -0.002521
   2.170     -0.002322
   2.178     -0.002131
   2.186     -0.001946
   2.194     -0.001768
   2.202     -0.001596
   2.210     -0.001430
   2.218     -0.001270
   2.226     -0.001117
   2.234     -0.000969
   2.242     -0.000828
   2.250     -0.000692
   2.258     -0.000562
   2.266     -0.000437
   2.274     -0.000318
   2.282     -0.000204
   2.290     -0.000095
   2.298      0.000009
   2.306      0.000109
   2.313      0.000204
   2.321      0.000294
   2.329      0.000380
   2.337      0.000461
   2.345      0.000539
   2.353      0.000613
   2.361      0.000682
   2.369      0.000749
   2.377      0.000811
   2.385      0.000871
   2.393      0.000927
   2.401      0.000979
   2.409      0.001029
   2.417      0.001076
   2.425      0.001120
   2.433      0.001161
   2.441      0.001200
   2.449      0.001236
   2.457      0.001270
   2.465      0.001302
   2.473      0.001331
   2.481      0.001359
   2.489      0.001384
   2.497      0.001408
   2.505      0.001429
   2.513      0.001450
   2.521      0.001468
   2.529      0.001485
   2.537      0.001500
   2.545      0.001514
   2.553      0.001527
   2.561      0.001539
   2.569      0.001549
   2.577      0.001558
   2.585      0.001566
   2.593      0.001573
   2.601      0.001580
   2.609      0.001585
   2.617      0.001589
   2.625      0.001593
   2.633      0.001596
   2.641      0.001598
   2.649      0.001600
   2.657      0.001601
   2.665      0.001602
   2.672      0.001602
   2.680      0.001601
   2.688      0.001600
   2.696      0.001599
   2.704      0.001597
   2.712      0.001595
   2.720      0.001593
   2.728      0.001591
   2.736      0.001588
   2.744      0.001585
   2.752      0.001582
   2.760      0.001578
   2.768      0.001575
   2.776      0.001571
   2.784      0.001567
   2.792      0.001563
   2.800      0.001559
   2.808      0.001555
   2.816      0.001551
   2.824      0.001547
   2.832      0.001543
   2.840      0.001538
   2.848      0.001534
   2.856      0.001530
   2.864      0.001526
   2.872      0.001522
   2.880      0.001517
   2.888      0.001513
   2.896      0.001509
   2.904      0.001505
   2.912      0.001501
   2.920      0.001497
   2.928      0.001493
   2.936      0.001489
   2.944      0.001485
   2.952      0.001481
   2.960      0.001477
   2.968      0.001473
   2.976      0.001469
   2.984      0.001465
   2.992      0.001461
   3.000      0.001457
   3.008      0.001453
   3.016      0.001449
   3.023      0.001445
   3.031      0.001442
   3.039      0.001438
   3.047      0.001434
   3.055      0.001430
   3.063      0.001427
   3.071      0.001423
   3.079      0.001419
   3.087      0.001415
   3.095      0.001412
   3.103      0.001408
   3.111      0.001405
   3.119      0.001401
   3.127      0.001397
   3.135      0.001394
   3.143      0.001390
   3.151      0.001387
   3.159      0.001383
   3.167      0.001380
   3.175      0.001376
