   0.000      1.001814
   0.008      1.001799
   0.016      1.001755
   0.024      1.001681
   0.032      1.001577
   0.040      1.001443
   0.048      1.001280
   0.056      1.001087
   0.064      1.000864
   0.072      1.000611
   0.080      1.000328
   0.088      1.000015
   0.096      0.999672
   0.104      0.999299
   0.112      0.998896
   0.120      0.998462
   0.128      0.997998
   0.136      0.997503
   0.144      0.996978
   0.152      0.996422
   0.160      0.995835
   0.168      0.995216
   0.176      0.994567
   0.183      0.993887
   0.191      0.993175
   0.199      0.992431
   0.207      0.991656
   0.215      0.990848
   0.223      0.990009
   0.231      0.989137
   0.239      0.988233
   0.247      0.987296
   0.255      0.986326
   0.263      0.985324
   0.271      0.984288
   0.279      0.983219
   0.287      0.982116
   0.295      0.980979
   0.303      0.979809
   0.311      0.978604
   0.319      0.977365
   0.327      0.976091
   0.335      0.974783
   0.343      0.973439
   0.351      0.972061
   0.359      0.970647
   0.367      0.969197
   0.375      0.967712
   0.383      0.966191
   0.391      0.964634
   0.399      0.963041
   0.407      0.961411
   0.415      0.959744
   0.423      0.958041
   0.431      0.956301
   0.439      0.954524
   0.447      0.952710
   0.455      0.950858
   0.463      0.948970
   0.471      0.947044
   0.479      0.945080
   0.487      0.943079
   0.495      0.941040
   0.503      0.938963
   0.511      0.936849
   0.519      0.934698
   0.527      0.932509
   0.534      0.930282
   0.542      0.928018
   0.550      0.925716
   0.558      0.923377
   0.566      0.921002
   0.574      0.918589
   0.582      0.916140
   0.590      0.913654
   0.598      0.911132
   0.606      0.908574
   0.614      0.905980
   0.622      0.903351
   0.630      0.900688
   0.638      0.897989
   0.646      0.895257
   0.654      0.892491
   0.662      0.889692
   0.670      0.886861
   0.678      0.883998
   0.686      0.881103
   0.694      0.878177
   0.702      0.875222
   0.710      0.872237
   0.718      0.869223
   0.726      0.866182
   0.734      0.863114
   0.742      0.860019
   0.750      0.856900
   0.758      0.853755
   0.766      0.850588
   0.774      0.847398
   0.782      0.844186
   0.790      0.840953
   0.798      0.837702
   0.806      0.834432
   0.814      0.831144
   0.822      0.827840
   0.830      0.824522
   0.838      0.821189
   0.846      0.817843
   0.854      0.814486
   0.862      0.811119
   0.870      0.807742
   0.878      0.804357
   0.886      0.800966
   0.893      0.797568
   0.901      0.794167
   0.909      0.790763
   0.917      0.787356
   0.925      0.783949
   0.933      0.780543
   0.941      0.777139
   0.949      0.773737
   0.957      0.770340
   0.965      0.766948
   0.973      0.763563
   0.981      0.760185
   0.989      0.756817
   0.997      0.753458
   1.005      0.750110
   1.013      0.746775
   1.021      0.743453
   1.029      0.740145
   1.037      0.736852
   1.045      0.733575
   1.053      0.730316
   1.061      0.727074
   1.069      0.723852
   1.077      0.720649
   1.085      0.717466
   1.093      0.714305
   1.101      0.711166
   1.109      0.708050
   1.117      0.704957
   1.125      0.701888
   1.133      0.698843
   1.141      0.695824
   1.149      0.692830
   1.157      0.689862
   1.165      0.686921
   1.173      0.684007
   1.181      0.681120
   1.189      0.678260
   1.197      0.675428
   1.205      0.672625
   1.213      0.669849
   1.221      0.667102
   1.229      0.664384
   1.237      0.661695
   1.244      0.659034
   1.252      0.656402
   1.260      0.653798
   1.268      0.651224
   1.276      0.648678
   1.284      0.646161
   1.292      0.643672
   1.300      0.641212
   1.308      0.638779
   1.316      0.636375
   1.324      0.633998
   1.332      0.631649
   1.340      0.629327
   1.348      0.627032
   1.356      0.624764
   1.364      0.622522
   1.372      0.620306
   1.380      0.618115
   1.388      0.615950
   1.396      0.613809
   1.404      0.611692
   1.412      0.609600
   1.420      0.607531
   1.428      0.605485
   1.436      0.603461
   1.444      0.601460
   1.452      0.599480
   1.460      0.597521
   1.468      0.595582
   1.476      0.593664
   1.484      0.591765
   1.492      0.589885
   1.500      0.588024
   1.508      0.586181
   1.516      0.584355
   1.524      0.582546
   1.532      0.580754
   1.540      0.578977
   1.548      0.577216
   1.556      0.575469
   1.564      0.573737
   1.572      0.572019
   1.580      0.570314
   1.588      0.568622
   1.596      0.566942
   1.603      0.565274
   1.611      0.563617
   1.619      0.561971
   1.627      0.560335
   1.635      0.558710
   1.643      0.557093
   1.651      0.555486
   1.659      0.553887
   1.667      0.552297
   1.675      0.550714
   1.683      0.549138
   1.691      0.547569
   1.699      0.546007
   1.707      0.544451
   1.715      0.542900
   1.723      0.541355
   1.731      0.539815
   1.739      0.538279
   1.747      0.536748
   1.755      0.535221
   1.763      0.533698
   1.771      0.532179
   1.779      0.530662
   1.787      0.529149
   1.795      0.527638
   1.803      0.526129
   1.811      0.524623
   1.819      0.523119
   1.827      0.521617
   1.835      0.520116
   1.843      0.518617
   1.851      0.517119
   1.859      0.515622
   1.867      0.514127
   1.875      0.512632
   1.883      0.511138
   1.891      0.509644
   1.899      0.508151
   1.907      0.506659
   1.915      0.505167
   1.923      0.503675
   1.931      0.502183
   1.939      0.500692
   1.947      0.499201
   1.954      0.497710
   1.962      0.496220
   1.970      0.494729
   1.978      0.493239
   1.986      0.491749
   1.994      0.490259
   2.002      0.488769
   2.010      0.487280
   2.018      0.485791
   2.026      0.484302
   2.034      0.482814
   2.042      0.481327
   2.050      0.479840
   2.058      0.478353
   2.066      0.476868
   2.074      0.475383
   2.082      0.473899
   2.090      0.472417
   2.098      0.470935
   2.106      0.469455
   2.114      0.467976
   2.122      0.466499
   2.130      0.465023
   2.138      0.463550
   2.146      0.462078
   2.154      0.460608
   2.162      0.459140
   2.170      0.457675
   2.178      0.456212
   2.186      0.454751
   2.194      0.453294
   2.202      0.451839
   2.210      0.450387
   2.218      0.448939
   2.226      0.447493
   2.234      0.446051
   2.242      0.444613
   2.250      0.443178
   2.258      0.441748
   2.266      0.440321
   2.274      0.438898
   2.282      0.437479
   2.290      0.436065
   2.298      0.434656
   2.306      0.433251
   2.313      0.431850
   2.321      0.430455
   2.329      0.429064
   2.337      0.427679
   2.345      0.426299
   2.353      0.424924
   2.361      0.423554
   2.369      0.422190
   2.377      0.420831
   2.385      0.419479
   2.393      0.418131
   2.401      0.416790
   2.409      0.415455
   2.417      0.414125
   2.425      0.412802
   2.433      0.411485
   2.441      0.410174
   2.449      0.408869
   2.457      0.407571
   2.465      0.406279
   2.473      0.404993
   2.481      0.403714
   2.489      0.402441
   2.497      0.401175
   2.505      0.399915
   2.513      0.398662
   2.521      0.397415
   2.529      0.396175
   2.537      0.394942
   2.545      0.393715
   2.553      0.392495
   2.561      0.391282
   2.569      0.390076
   2.577      0.388876
   2.585      0.387682
   2.593      0.386496
   2.601      0.385316
   2.609      0.384142
   2.617      0.382976
   2.625      0.381815
   2.633      0.380662
   2.641      0.379515
   2.649      0.378375
   2.657      0.377241
   2.665      0.376113
   2.672      0.374992
   2.680      0.373878
   2.688      0.372770
   2.696      0.371668
   2.704      0.370573
   2.712      0.369484
   2.720      0.368401
   2.728      0.367324
   2.736      0.366254
   2.744      0.365189
   2.752      0.364131
   2.760      0.363079
   2.768      0.362033
   2.776      0.360993
   2.784      0.359959
   2.792      0.358930
   2.800      0.357908
   2.808      0.356891
   2.816      0.355880
   2.824      0.354875
   2.832      0.353875
   2.840      0.352881
   2.848      0.351893
   2.856      0.350910
   2.864      0.349932
   2.872      0.348960
   2.880      0.347994
   2.888      0.347032
   2.896      0.346076
   2.904      0.345126
   2.912      0.344180
   2.920      0.343240
   2.928      0.342304
   2.936      0.341374
   2.944      0.340449
   2.952      0.339529
   2.960      0.338614
   2.968      0.337704
   2.976      0.336798
   2.984      0.335898
   2.992      0.335002
   3.000      0.334111
   3.008      0.333225
   3.016      0.332343
   3.023      0.331466
   3.031      0.330594
   3.039      0.329726
   3.047      0.328863
   3.055      0.328004
   3.063      0.327150
   3.071      0.326301
   3.079      0.325455
   3.087      0.324614
   3.095      0.323778
   3.103      0.322945
   3.111      0.322117
   3.119      0.321293
   3.127      0.320474
   3.135      0.319658
   3.143      0.318847
   3.151      0.318040
   3.159      0.317237
   3.167      0.316438
   3.175      0.315643
