   0.006      0.456713
   0.012      0.456733
   0.018      0.456753
   0.024      0.456786
   0.030      0.456833
   0.036      0.456893
   0.042      0.456967
   0.048      0.457054
   0.054      0.457154
   0.060      0.457268
   0.066      0.457396
   0.072      0.457537
   0.078      0.457691
   0.084      0.457859
   0.090      0.458041
   0.096      0.458236
   0.102      0.458445
   0.108      0.458667
   0.114      0.458903
   0.120      0.459153
   0.126      0.459416
   0.132      0.459693
   0.138      0.459983
   0.144      0.460288
   0.150      0.460606
   0.156      0.460937
   0.162      0.461283
   0.168      0.461642
   0.174      0.462015
   0.180      0.462402
   0.186      0.462802
   0.192      0.463217
   0.198      0.463645
   0.204      0.464086
   0.210      0.464542
   0.216      0.465011
   0.222      0.465495
   0.228      0.465992
   0.234      0.466503
   0.240      0.467027
   0.246      0.467566
   0.252      0.468118
   0.258      0.468685
   0.264      0.469265
   0.270      0.469859
   0.276      0.470466
   0.282      0.471088
   0.288      0.471724
   0.294      0.472373
   0.300      0.473036
   0.306      0.473713
   0.312      0.474404
   0.318      0.475108
   0.324      0.475827
   0.330      0.476559
   0.336      0.477305
   0.342      0.478065
   0.348      0.478839
   0.354      0.479626
   0.360      0.480427
   0.366      0.481242
   0.372      0.482071
   0.378      0.482914
   0.384      0.483770
   0.390      0.484640
   0.396      0.485524
   0.402      0.486421
   0.408      0.487333
   0.414      0.488258
   0.420      0.489196
   0.426      0.490148
   0.432      0.491114
   0.438      0.492094
   0.444      0.493087
   0.450      0.494094
   0.456      0.495114
   0.462      0.496148
   0.468      0.497195
   0.474      0.498256
   0.480      0.499331
   0.486      0.500419
   0.492      0.501520
   0.498      0.502635
   0.504      0.503763
   0.510      0.504905
   0.516      0.506059
   0.522      0.507228
   0.528      0.508409
   0.534      0.509604
   0.540      0.510812
   0.546      0.512033
   0.552      0.513267
   0.558      0.514515
   0.564      0.515775
   0.570      0.517049
   0.576      0.518335
   0.582      0.519634
   0.588      0.520947
   0.594      0.522272
   0.600      0.523610
   0.606      0.524960
   0.612      0.526324
   0.618      0.527700
   0.624      0.529089
   0.630      0.530490
   0.636      0.531903
   0.642      0.533329
   0.648      0.534768
   0.654      0.536218
   0.660      0.537681
   0.666      0.539156
   0.672      0.540643
   0.678      0.542142
   0.684      0.543653
   0.690      0.545176
   0.696      0.546711
   0.702      0.548257
   0.708      0.549814
   0.714      0.551384
   0.720      0.552964
   0.726      0.554556
   0.732      0.556159
   0.738      0.557774
   0.744      0.559399
   0.750      0.561035
   0.756      0.562682
   0.762      0.564340
   0.768      0.566008
   0.774      0.567686
   0.780      0.569375
   0.786      0.571074
   0.792      0.572783
   0.798      0.574502
   0.804      0.576231
   0.810      0.577970
   0.816      0.579718
   0.822      0.581476
   0.828      0.583242
   0.834      0.585018
   0.840      0.586803
   0.846      0.588597
   0.852      0.590399
   0.858      0.592210
   0.864      0.594029
   0.870      0.595856
   0.876      0.597691
   0.882      0.599534
   0.888      0.601385
   0.894      0.603243
   0.900      0.605108
   0.906      0.606980
   0.912      0.608860
   0.918      0.610746
   0.924      0.612638
   0.930      0.614537
   0.936      0.616442
   0.942      0.618353
   0.948      0.620269
   0.954      0.622191
   0.960      0.624119
   0.966      0.626051
   0.972      0.627988
   0.978      0.629930
   0.984      0.631876
   0.990      0.633826
   0.996      0.635780
   1.002      0.637738
   1.008      0.639699
   1.014      0.641663
   1.020      0.643630
   1.026      0.645600
   1.032      0.647573
   1.038      0.649547
   1.044      0.651524
   1.050      0.653502
   1.056      0.655482
   1.062      0.657462
   1.068      0.659444
   1.074      0.661426
   1.080      0.663409
   1.086      0.665391
   1.092      0.667374
   1.098      0.669355
   1.104      0.671336
   1.110      0.673316
   1.116      0.675295
   1.122      0.677272
   1.128      0.679247
   1.134      0.681219
   1.140      0.683189
   1.146      0.685157
   1.152      0.687121
   1.158      0.689082
   1.164      0.691039
   1.170      0.692991
   1.176      0.694940
   1.182      0.696884
   1.188      0.698823
   1.194      0.700757
   1.200      0.702685
   1.206      0.704607
   1.212      0.706523
   1.218      0.708432
   1.224      0.710335
   1.230      0.712231
   1.236      0.714119
   1.242      0.715999
   1.248      0.717871
   1.254      0.719735
   1.260      0.721590
   1.266      0.723436
   1.272      0.725273
   1.278      0.727100
   1.284      0.728917
   1.290      0.730723
   1.296      0.732519
   1.302      0.734304
   1.308      0.736078
   1.314      0.737841
   1.320      0.739591
   1.326      0.741330
   1.332      0.743055
   1.338      0.744769
   1.344      0.746468
   1.350      0.748155
   1.356      0.749828
   1.362      0.751487
   1.368      0.753131
   1.374      0.754761
   1.380      0.756376
   1.386      0.757976
   1.392      0.759560
   1.398      0.761129
   1.404      0.762682
   1.410      0.764218
   1.416      0.765737
   1.422      0.767240
   1.428      0.768725
   1.434      0.770193
   1.440      0.771644
   1.446      0.773076
   1.452      0.774490
   1.458      0.775886
   1.464      0.777262
   1.470      0.778620
   1.476      0.779959
   1.482      0.781278
   1.488      0.782577
   1.494      0.783856
   1.500      0.785115
   1.506      0.786354
   1.512      0.787572
   1.518      0.788769
   1.524      0.789945
   1.530      0.791100
   1.536      0.792233
   1.542      0.793344
   1.548      0.794433
   1.554      0.795501
   1.560      0.796546
   1.566      0.797568
   1.572      0.798568
   1.578      0.799545
   1.584      0.800500
   1.590      0.801430
   1.596      0.802338
   1.602      0.803222
   1.608      0.804083
   1.614      0.804920
   1.620      0.805733
   1.626      0.806522
   1.632      0.807286
   1.638      0.808027
   1.644      0.808743
   1.650      0.809435
   1.656      0.810102
   1.662      0.810745
   1.668      0.811362
   1.674      0.811955
   1.680      0.812523
   1.686      0.813067
   1.692      0.813585
   1.698      0.814078
   1.704      0.814545
   1.710      0.814988
   1.716      0.815406
   1.722      0.815798
   1.728      0.816165
   1.734      0.816506
   1.740      0.816822
   1.746      0.817113
   1.752      0.817379
   1.758      0.817619
   1.764      0.817834
   1.770      0.818023
   1.776      0.818187
   1.782      0.818326
   1.788      0.818440
   1.794      0.818528
   1.800      0.818591
   1.806      0.818629
   1.812      0.818642
   1.818      0.818630
   1.824      0.818593
   1.830      0.818531
   1.836      0.818444
   1.842      0.818333
   1.848      0.818197
   1.854      0.818036
   1.860      0.817851
   1.866      0.817641
   1.872      0.817407
   1.878      0.817149
   1.884      0.816866
   1.890      0.816560
   1.896      0.816230
   1.902      0.815876
   1.908      0.815499
   1.914      0.815098
   1.920      0.814674
   1.926      0.814227
   1.932      0.813757
   1.938      0.813263
   1.944      0.812748
   1.950      0.812209
   1.956      0.811648
   1.962      0.811065
   1.968      0.810460
   1.974      0.809833
   1.980      0.809184
   1.986      0.808513
   1.992      0.807822
   1.998      0.807109
   2.004      0.806375
   2.010      0.805620
   2.016      0.804844
   2.022      0.804049
   2.028      0.803232
   2.034      0.802396
   2.040      0.801540
   2.046      0.800664
   2.052      0.799769
   2.058      0.798855
   2.064      0.797921
   2.070      0.796969
   2.076      0.795998
   2.082      0.795008
   2.088      0.794001
   2.094      0.792975
   2.100      0.791932
   2.106      0.790870
   2.112      0.789792
   2.118      0.788696
   2.124      0.787584
   2.130      0.786455
   2.136      0.785309
   2.142      0.784147
   2.148      0.782969
   2.154      0.781775
   2.160      0.780565
   2.166      0.779340
   2.172      0.778100
   2.178      0.776845
   2.184      0.775574
   2.190      0.774290
   2.196      0.772991
   2.202      0.771678
   2.208      0.770351
   2.214      0.769010
   2.220      0.767656
   2.226      0.766288
   2.232      0.764907
   2.238      0.763514
   2.244      0.762108
   2.250      0.760689
   2.256      0.759258
   2.262      0.757815
   2.268      0.756360
   2.274      0.754894
   2.280      0.753416
   2.286      0.751927
   2.292      0.750426
   2.298      0.748915
   2.304      0.747394
   2.310      0.745862
   2.316      0.744319
   2.322      0.742767
   2.328      0.741204
   2.334      0.739632
   2.340      0.738051
   2.346      0.736460
   2.352      0.734860
   2.358      0.733251
   2.364      0.731633
   2.370      0.730006
   2.376      0.728371
   2.382      0.726728
   2.388      0.725077
   2.394      0.723418
   2.400      0.721751
   2.406      0.720076
   2.412      0.718394
   2.418      0.716705
   2.424      0.715009
   2.430      0.713306
   2.436      0.711596
   2.442      0.709879
   2.448      0.708156
   2.454      0.706426
   2.460      0.704690
   2.466      0.702949
   2.472      0.701201
   2.478      0.699448
   2.484      0.697689
   2.490      0.695924
   2.496      0.694154
   2.502      0.692379
   2.508      0.690599
   2.514      0.688814
   2.520      0.687024
   2.526      0.685230
   2.532      0.683431
   2.538      0.681627
   2.544      0.679819
   2.550      0.678007
   2.556      0.676191
   2.562      0.674371
   2.568      0.672548
   2.574      0.670720
   2.580      0.668889
   2.586      0.667054
   2.592      0.665216
   2.598      0.663375
   2.604      0.661531
   2.610      0.659683
   2.616      0.657833
   2.622      0.655979
   2.628      0.654123
   2.634      0.652264
   2.640      0.650403
   2.646      0.648539
   2.652      0.646673
   2.658      0.644805
   2.664      0.642934
   2.670      0.641062
   2.676      0.639187
   2.682      0.637310
   2.688      0.635432
   2.694      0.633552
   2.700      0.631670
   2.706      0.629786
   2.712      0.627901
   2.718      0.626015
   2.724      0.624127
   2.730      0.622238
   2.736      0.620348
   2.742      0.618457
   2.748      0.616564
   2.754      0.614671
   2.760      0.612776
   2.766      0.610881
   2.772      0.608985
   2.778      0.607089
   2.784      0.605192
   2.790      0.603294
   2.796      0.601396
   2.802      0.599497
   2.808      0.597598
   2.814      0.595699
   2.820      0.593799
   2.826      0.591899
   2.832      0.589999
   2.838      0.588100
   2.844      0.586200
   2.850      0.584300
   2.856      0.582400
   2.862      0.580501
   2.868      0.578601
   2.874      0.576702
   2.880      0.574804
   2.886      0.572905
   2.892      0.571008
   2.898      0.569110
   2.904      0.567214
   2.910      0.565317
   2.916      0.563422
   2.922      0.561527
   2.928      0.559633
   2.934      0.557740
   2.940      0.555847
   2.946      0.553956
   2.952      0.552065
   2.958      0.550175
   2.964      0.548287
   2.970      0.546399
   2.976      0.544512
   2.982      0.542627
   2.988      0.540743
   2.994      0.538860
   3.000      0.536978
   3.006      0.535098
   3.012      0.533219
   3.018      0.531341
   3.024      0.529465
   3.030      0.527590
   3.036      0.525716
   3.042      0.523845
   3.048      0.521974
   3.054      0.520106
   3.060      0.518239
   3.066      0.516373
   3.072      0.514510
   3.078      0.512648
   3.084      0.510788
   3.090      0.508929
   3.096      0.507073
   3.102      0.505218
   3.108      0.503365
   3.114      0.501514
   3.120      0.499665
   3.126      0.497818
   3.132      0.495973
   3.138      0.494131
   3.144      0.492290
   3.150      0.490451
   3.156      0.488614
   3.162      0.486780
   3.168      0.484948
   3.174      0.483118
   3.180      0.481290
   3.186      0.479464
   3.192      0.477641
   3.198      0.475820
   3.204      0.474001
   3.210      0.472184
   3.216      0.470370
   3.222      0.468559
   3.228      0.466750
   3.234      0.464943
   3.240      0.463139
   3.246      0.461337
   3.252      0.459537
   3.258      0.457741
   3.264      0.455946
   3.270      0.454155
   3.276      0.452365
   3.282      0.450579
   3.288      0.448795
   3.294      0.447014
   3.300      0.445235
   3.306      0.443459
   3.312      0.441686
   3.318      0.439916
   3.324      0.438148
   3.330      0.436383
   3.336      0.434620
   3.342      0.432861
   3.348      0.431104
   3.354      0.429350
   3.360      0.427599
   3.366      0.425851
   3.372      0.424106
   3.378      0.422363
   3.384      0.420624
   3.390      0.418887
   3.396      0.417153
   3.402      0.415422
   3.408      0.413694
   3.414      0.411970
   3.420      0.410248
   3.426      0.408529
   3.432      0.406813
   3.438      0.405100
   3.444      0.403390
   3.450      0.401683
   3.456      0.399979
   3.462      0.398278
   3.468      0.396580
   3.474      0.394885
   3.480      0.393194
   3.486      0.391505
   3.492      0.389820
   3.498      0.388137
   3.504      0.386458
   3.510      0.384782
   3.516      0.383109
   3.522      0.381439
   3.528      0.379773
   3.534      0.378109
   3.540      0.376449
   3.546      0.374792
   3.552      0.373138
   3.558      0.371488
   3.564      0.369840
   3.570      0.368196
   3.576      0.366555
   3.582      0.364917
   3.588      0.363283
   3.594      0.361651
   3.600      0.360023
   3.606      0.358398
   3.612      0.356777
   3.618      0.355159
   3.624      0.353544
   3.630      0.351932
   3.636      0.350324
   3.642      0.348718
   3.648      0.347117
   3.654      0.345518
   3.660      0.343923
   3.666      0.342331
   3.672      0.340743
   3.678      0.339157
   3.684      0.337575
   3.690      0.335997
   3.696      0.334422
   3.702      0.332850
   3.708      0.331281
   3.714      0.329716
   3.720      0.328154
   3.726      0.326595
   3.732      0.325040
   3.738      0.323488
   3.744      0.321940
   3.750      0.320395
   3.756      0.318853
   3.762      0.317315
   3.768      0.315780
   3.774      0.314248
   3.780      0.312720
   3.786      0.311195
   3.792      0.309674
   3.798      0.308156
   3.804      0.306641
   3.810      0.305130
   3.816      0.303622
   3.822      0.302117
   3.828      0.300616
   3.834      0.299118
   3.840      0.297624
   3.846      0.296133
   3.852      0.294645
   3.858      0.293161
   3.864      0.291680
   3.870      0.290203
   3.876      0.288729
   3.882      0.287258
   3.888      0.285791
   3.894      0.284327
   3.900      0.282866
   3.906      0.281409
   3.912      0.279956
   3.918      0.278505
   3.924      0.277058
   3.930      0.275615
   3.936      0.274175
   3.942      0.272738
   3.948      0.271305
   3.954      0.269875
   3.960      0.268448
   3.966      0.267025
   3.972      0.265605
   3.978      0.264189
   3.984      0.262776
   3.990      0.261366
   3.996      0.259959
   4.002      0.258557
   4.008      0.257157
   4.014      0.255761
   4.020      0.254368
   4.026      0.252978
   4.032      0.251592
   4.038      0.250209
   4.044      0.248830
   4.050      0.247454
   4.056      0.246081
   4.062      0.244712
   4.068      0.243346
   4.074      0.241983
   4.080      0.240624
   4.086      0.239268
   4.092      0.237915
   4.098      0.236566
   4.104      0.235220
   4.110      0.233877
   4.116      0.232538
   4.122      0.231202
   4.128      0.229869
   4.134      0.228540
   4.140      0.227214
   4.146      0.225891
   4.152      0.224571
   4.158      0.223255
   4.164      0.221942
   4.170      0.220633
   4.176      0.219326
   4.182      0.218023
   4.188      0.216724
   4.194      0.215427
   4.200      0.214134
   4.206      0.212844
   4.212      0.211557
   4.218      0.210274
   4.224      0.208994
   4.230      0.207717
   4.236      0.206443
   4.242      0.205172
   4.248      0.203905
   4.254      0.202641
   4.260      0.201380
   4.266      0.200123
   4.272      0.198869
   4.278      0.197617
   4.284      0.196370
   4.290      0.195125
   4.296      0.193883
   4.302      0.192645
   4.308      0.191410
   4.314      0.190178
   4.320      0.188949
   4.326      0.187723
   4.332      0.186501
   4.338      0.185282
   4.344      0.184066
   4.350      0.182853
   4.356      0.181643
   4.362      0.180436
   4.368      0.179232
   4.374      0.178032
   4.380      0.176835
   4.386      0.175640
   4.392      0.174449
   4.398      0.173261
   4.404      0.172076
   4.410      0.170894
   4.416      0.169716
   4.422      0.168540
   4.428      0.167367
   4.434      0.166198
   4.440      0.165032
   4.446      0.163868
   4.452      0.162708
   4.458      0.161550
   4.464      0.160396
   4.470      0.159245
   4.476      0.158097
   4.482      0.156952
   4.488      0.155809
   4.494      0.154670
   4.500      0.153534
   4.506      0.152401
   4.512      0.151271
   4.518      0.150143
   4.524      0.149019
   4.530      0.147898
   4.536      0.146780
   4.542      0.145664
   4.548      0.144552
   4.554      0.143442
   4.560      0.142336
   4.566      0.141232
   4.572      0.140131
   4.578      0.139034
   4.584      0.137939
   4.590      0.136847
   4.596      0.135758
   4.602      0.134672
   4.608      0.133588
   4.614      0.132508
   4.620      0.131430
   4.626      0.130356
   4.632      0.129284
   4.638      0.128215
   4.644      0.127148
   4.650      0.126085
   4.656      0.125025
   4.662      0.123967
   4.668      0.122912
   4.674      0.121860
   4.680      0.120810
   4.686      0.119764
   4.692      0.118720
   4.698      0.117679
   4.704      0.116641
   4.710      0.115606
   4.716      0.114573
   4.722      0.113543
   4.728      0.112516
   4.734      0.111491
   4.740      0.110469
   4.746      0.109450
   4.752      0.108434
   4.758      0.107420
   4.764      0.106409
   4.770      0.105401
   4.776      0.104395
   4.782      0.103393
   4.788      0.102392
   4.794      0.101395
   4.800      0.100400
   4.806      0.099407
   4.812      0.098418
   4.818      0.097430
   4.824      0.096446
   4.830      0.095464
   4.836      0.094485
   4.842      0.093508
   4.848      0.092534
   4.854      0.091563
   4.860      0.090594
   4.866      0.089627
   4.872      0.088663
   4.878      0.087702
   4.884      0.086743
   4.890      0.085787
   4.896      0.084833
   4.902      0.083882
   4.908      0.082933
   4.914      0.081987
   4.920      0.081043
   4.926      0.080102
   4.932      0.079163
   4.938      0.078227
   4.944      0.077293
   4.950      0.076362
   4.956      0.075433
   4.962      0.074506
   4.968      0.073582
   4.974      0.072660
   4.980      0.071741
   4.986      0.070824
   4.992      0.069910
   4.998      0.068998
   5.004      0.068088
   5.010      0.067180
   5.016      0.066275
   5.022      0.065373
   5.028      0.064472
   5.034      0.063574
   5.040      0.062679
   5.046      0.061785
   5.052      0.060894
   5.058      0.060005
   5.064      0.059119
   5.070      0.058235
   5.076      0.057353
   5.082      0.056473
   5.088      0.055596
   5.094      0.054720
   5.100      0.053848
   5.106      0.052977
   5.112      0.052108
   5.118      0.051242
   5.124      0.050378
   5.130      0.049516
   5.136      0.048657
   5.142      0.047799
   5.148      0.046944
   5.154      0.046091
   5.160      0.045240
   5.166      0.044391
   5.172      0.043544
   5.178      0.042699
   5.184      0.041857
   5.190      0.041017
   5.196      0.040178
   5.202      0.039342
   5.208      0.038508
   5.214      0.037676
   5.220      0.036846
   5.226      0.036018
   5.232      0.035192
   5.238      0.034368
   5.244      0.033547
   5.250      0.032727
   5.256      0.031909
   5.262      0.031093
   5.268      0.030280
   5.274      0.029468
   5.280      0.028658
   5.286      0.027850
   5.292      0.027044
   5.298      0.026240
   5.304      0.025438
   5.310      0.024638
   5.316      0.023840
   5.322      0.023044
   5.328      0.022250
   5.334      0.021457
   5.340      0.020667
   5.346      0.019878
   5.352      0.019091
   5.358      0.018306
   5.364      0.017523
   5.370      0.016742
   5.376      0.015962
   5.382      0.015185
   5.388      0.014409
   5.394      0.013635
   5.400      0.012863
   5.406      0.012092
   5.412      0.011324
   5.418      0.010557
   5.424      0.009792
   5.430      0.009028
   5.436      0.008267
   5.442      0.007507
   5.448      0.006748
   5.454      0.005992
   5.460      0.005237
   5.466      0.004484
   5.472      0.003732
   5.478      0.002983
   5.484      0.002235
   5.490      0.001488
   5.496      0.000743
   5.502      0.000000
