   0.000   -298.081325
   0.005    574.337552
   0.010    723.031371
   0.015    779.326893
   0.020    -47.563097
   0.025    -37.667392
   0.030    -31.070586
   0.035    -26.358946
   0.040    -22.825603
   0.045    -20.077851
   0.051    -17.880066
   0.056    -16.082302
   0.061    -14.584594
   0.066    -13.317735
   0.071    -12.232289
   0.076    -11.292003
   0.081    -10.469685
   0.086     -9.744541
   0.091     -9.100396
   0.096     -8.524480
   0.101     -8.006577
   0.106     -7.538415
   0.111     -7.113225
   0.116     -6.725416
   0.121     -6.370328
   0.126     -6.044044
   0.131     -5.743252
   0.136     -5.465128
   0.141     -5.207252
   0.147     -4.967537
   0.152     -4.744175
   0.157     -4.535589
   0.162     -4.340400
   0.167     -4.157395
   0.172     -3.985505
   0.177     -3.823781
   0.182     -3.671380
   0.187     -3.527550
   0.192     -3.391618
   0.197     -3.262979
   0.202     -3.141090
   0.207     -3.025458
   0.212     -2.915639
   0.217     -2.811230
   0.222     -2.711863
   0.227     -2.617205
   0.232     -2.526948
   0.237     -2.440815
   0.243     -2.358547
   0.248     -2.279909
   0.253     -2.204685
   0.258     -2.132673
   0.263     -2.063690
   0.268     -1.997564
   0.273     -1.934136
   0.278     -1.873261
   0.283     -1.814800
   0.288     -1.758627
   0.293     -1.704624
   0.298     -1.652680
   0.303     -1.602693
   0.308     -1.554564
   0.313     -1.508205
   0.318     -1.463530
   0.323     -1.420461
   0.328     -1.378922
   0.333     -1.338843
   0.339     -1.300159
   0.344     -1.262808
   0.349     -1.226730
   0.354     -1.191871
   0.359     -1.158178
   0.364     -1.125602
   0.369     -1.094096
   0.374     -1.063617
   0.379     -1.034122
   0.384     -1.005572
   0.389     -0.977928
   0.394     -0.951156
   0.399     -0.925222
   0.404     -0.900092
   0.409     -0.875737
   0.414     -0.852127
   0.419     -0.829234
   0.424     -0.807033
   0.429     -0.785496
   0.435     -0.764601
   0.440     -0.744325
   0.445     -0.724645
   0.450     -0.705540
   0.455     -0.686990
   0.460     -0.668977
   0.465     -0.651481
   0.470     -0.634485
   0.475     -0.617972
   0.480     -0.601926
   0.485     -0.586332
   0.490     -0.571174
   0.495     -0.556439
   0.500     -0.542112
   0.505     -0.528180
   0.510     -0.514632
   0.515     -0.501454
   0.520     -0.488635
   0.525     -0.476164
   0.531     -0.464030
   0.536     -0.452222
   0.541     -0.440731
   0.546     -0.429547
   0.551     -0.418661
   0.556     -0.408063
   0.561     -0.397745
   0.566     -0.387699
   0.571     -0.377917
   0.576     -0.368391
   0.581     -0.359113
   0.586     -0.350076
   0.591     -0.341274
   0.596     -0.332699
   0.601     -0.324345
   0.606     -0.316206
   0.611     -0.308276
   0.616     -0.300549
   0.621     -0.293019
   0.627     -0.285680
   0.632     -0.278528
   0.637     -0.271557
   0.642     -0.264762
   0.647     -0.258139
   0.652     -0.251682
   0.657     -0.245388
   0.662     -0.239251
   0.667     -0.233268
   0.672     -0.227434
   0.677     -0.221746
   0.682     -0.216200
   0.687     -0.210791
   0.692     -0.205517
   0.697     -0.200373
   0.702     -0.195357
   0.707     -0.190464
   0.712     -0.185692
   0.717     -0.181038
   0.722     -0.176499
   0.728     -0.172071
   0.733     -0.167751
   0.738     -0.163538
   0.743     -0.159428
   0.748     -0.155419
   0.753     -0.151508
   0.758     -0.147692
   0.763     -0.143970
   0.768     -0.140338
   0.773     -0.136795
   0.778     -0.133338
   0.783     -0.129966
   0.788     -0.126676
   0.793     -0.123465
   0.798     -0.120333
   0.803     -0.117277
   0.808     -0.114295
   0.813     -0.111386
   0.818     -0.108547
   0.824     -0.105777
   0.829     -0.103075
   0.834     -0.100438
   0.839     -0.097865
   0.844     -0.095355
   0.849     -0.092905
   0.854     -0.090515
   0.859     -0.088183
   0.864     -0.085908
   0.869     -0.083688
   0.874     -0.081522
   0.879     -0.079408
   0.884     -0.077346
   0.889     -0.075334
   0.894     -0.073371
   0.899     -0.071456
   0.904     -0.069587
   0.909     -0.067764
   0.914     -0.065985
   0.920     -0.064250
   0.925     -0.062557
   0.930     -0.060905
   0.935     -0.059294
   0.940     -0.057722
   0.945     -0.056189
   0.950     -0.054693
   0.955     -0.053234
   0.960     -0.051810
   0.965     -0.050422
   0.970     -0.049068
   0.975     -0.047747
   0.980     -0.046458
   0.985     -0.045202
   0.990     -0.043976
   0.995     -0.042781
   1.000     -0.041615
   1.005     -0.040478
   1.010     -0.039370
   1.016     -0.038289
   1.021     -0.037235
   1.026     -0.036207
   1.031     -0.035205
   1.036     -0.034228
   1.041     -0.033275
   1.046     -0.032347
   1.051     -0.031441
   1.056     -0.030559
   1.061     -0.029699
   1.066     -0.028860
   1.071     -0.028043
   1.076     -0.027246
   1.081     -0.026470
   1.086     -0.025713
   1.091     -0.024976
   1.096     -0.024257
   1.101     -0.023557
   1.106     -0.022875
   1.112     -0.022211
   1.117     -0.021563
   1.122     -0.020933
   1.127     -0.020318
   1.132     -0.019720
   1.137     -0.019137
   1.142     -0.018569
   1.147     -0.018017
   1.152     -0.017478
   1.157     -0.016954
   1.162     -0.016444
   1.167     -0.015947
   1.172     -0.015463
   1.177     -0.014992
   1.182     -0.014534
   1.187     -0.014088
   1.192     -0.013654
   1.197     -0.013232
   1.202     -0.012821
   1.208     -0.012421
   1.213     -0.012032
   1.218     -0.011653
   1.223     -0.011285
   1.228     -0.010927
   1.233     -0.010579
   1.238     -0.010240
   1.243     -0.009911
   1.248     -0.009591
   1.253     -0.009279
   1.258     -0.008977
   1.263     -0.008683
   1.268     -0.008397
   1.273     -0.008119
   1.278     -0.007850
   1.283     -0.007588
   1.288     -0.007333
   1.293     -0.007086
   1.298     -0.006845
   1.304     -0.006612
   1.309     -0.006386
   1.314     -0.006166
   1.319     -0.005953
   1.324     -0.005745
   1.329     -0.005544
   1.334     -0.005349
   1.339     -0.005160
   1.344     -0.004977
   1.349     -0.004799
   1.354     -0.004626
   1.359     -0.004458
   1.364     -0.004296
   1.369     -0.004139
   1.374     -0.003986
   1.379     -0.003839
   1.384     -0.003696
   1.389     -0.003557
   1.394     -0.003423
   1.400     -0.003293
   1.405     -0.003167
   1.410     -0.003045
   1.415     -0.002927
   1.420     -0.002813
   1.425     -0.002702
   1.430     -0.002595
   1.435     -0.002492
   1.440     -0.002392
   1.445     -0.002296
   1.450     -0.002202
   1.455     -0.002112
   1.460     -0.002025
   1.465     -0.001941
   1.470     -0.001860
   1.475     -0.001781
   1.480     -0.001705
   1.485     -0.001632
   1.490     -0.001562
   1.496     -0.001494
   1.501     -0.001428
   1.506     -0.001365
   1.511     -0.001304
   1.516     -0.001246
   1.521     -0.001189
   1.526     -0.001135
   1.531     -0.001082
   1.536     -0.001032
   1.541     -0.000984
   1.546     -0.000937
   1.551     -0.000892
   1.556     -0.000849
   1.561     -0.000808
   1.566     -0.000768
   1.571     -0.000730
   1.576     -0.000693
   1.581     -0.000658
   1.586     -0.000624
   1.592     -0.000592
   1.597     -0.000561
   1.602     -0.000532
   1.607     -0.000503
   1.612     -0.000476
   1.617     -0.000450
   1.622     -0.000425
   1.627     -0.000402
   1.632     -0.000379
   1.637     -0.000357
   1.642     -0.000337
   1.647     -0.000317
   1.652     -0.000298
   1.657     -0.000281
   1.662     -0.000264
   1.667     -0.000247
   1.672     -0.000232
   1.677     -0.000217
   1.682     -0.000204
   1.688     -0.000190
   1.693     -0.000178
   1.698     -0.000166
   1.703     -0.000155
   1.708     -0.000144
   1.713     -0.000134
   1.718     -0.000125
   1.723     -0.000116
   1.728     -0.000107
   1.733     -0.000099
   1.738     -0.000092
   1.743     -0.000085
   1.748     -0.000078
   1.753     -0.000072
   1.758     -0.000066
   1.763     -0.000061
   1.768     -0.000056
   1.773     -0.000051
   1.778     -0.000047
   1.784     -0.000042
   1.789     -0.000039
   1.794     -0.000035
   1.799     -0.000032
   1.804     -0.000029
   1.809     -0.000026
   1.814     -0.000023
   1.819     -0.000021
   1.824     -0.000019
   1.829     -0.000017
   1.834     -0.000015
   1.839     -0.000013
   1.844     -0.000012
   1.849     -0.000010
   1.854     -0.000009
   1.859     -0.000008
   1.864     -0.000007
   1.869     -0.000006
   1.874     -0.000005
   1.880     -0.000004
   1.885     -0.000004
   1.890     -0.000003
   1.895     -0.000003
   1.900     -0.000002
   1.905     -0.000002
   1.910     -0.000001
   1.915     -0.000001
   1.920     -0.000001
   1.925     -0.000001
   1.930     -0.000001
   1.935      0.000000
   1.940      0.000000
   1.945      0.000000
   1.950      0.000000
   1.955      0.000000
   1.960      0.000000
   1.965      0.000000
   1.970      0.000000
   1.976      0.000000
   1.981      0.000000
   1.986      0.000000
   1.991      0.000000
   1.996      0.000000
   2.001      0.000000
   2.006      0.000000
   2.011      0.000000
