   0.000      1.918628
   0.005      1.918590
   0.010      1.918456
   0.015      1.918234
   0.020      1.917886
   0.025      1.917395
   0.030      1.916736
   0.035      1.915902
   0.040      1.914889
   0.045      1.913697
   0.051      1.912327
   0.056      1.910783
   0.061      1.909067
   0.066      1.907183
   0.071      1.905134
   0.076      1.902926
   0.081      1.900561
   0.086      1.898043
   0.091      1.895378
   0.096      1.892569
   0.101      1.889619
   0.106      1.886534
   0.111      1.883317
   0.116      1.879972
   0.121      1.876503
   0.126      1.872913
   0.131      1.869207
   0.136      1.865388
   0.141      1.861460
   0.147      1.857426
   0.152      1.853290
   0.157      1.849054
   0.162      1.844723
   0.167      1.840300
   0.172      1.835787
   0.177      1.831189
   0.182      1.826507
   0.187      1.821745
   0.192      1.816907
   0.197      1.811993
   0.202      1.807009
   0.207      1.801955
   0.212      1.796835
   0.217      1.791652
   0.222      1.786408
   0.227      1.781105
   0.232      1.775746
   0.237      1.770333
   0.243      1.764869
   0.248      1.759355
   0.253      1.753794
   0.258      1.748188
   0.263      1.742540
   0.268      1.736850
   0.273      1.731122
   0.278      1.725356
   0.283      1.719556
   0.288      1.713722
   0.293      1.707857
   0.298      1.701962
   0.303      1.696040
   0.308      1.690090
   0.313      1.684117
   0.318      1.678119
   0.323      1.672101
   0.328      1.666062
   0.333      1.660004
   0.339      1.653929
   0.344      1.647838
   0.349      1.641733
   0.354      1.635614
   0.359      1.629483
   0.364      1.623342
   0.369      1.617190
   0.374      1.611031
   0.379      1.604864
   0.384      1.598691
   0.389      1.592512
   0.394      1.586330
   0.399      1.580144
   0.404      1.573957
   0.409      1.567768
   0.414      1.561579
   0.419      1.555391
   0.424      1.549205
   0.429      1.543021
   0.435      1.536840
   0.440      1.530663
   0.445      1.524491
   0.450      1.518325
   0.455      1.512165
   0.460      1.506012
   0.465      1.499866
   0.470      1.493729
   0.475      1.487602
   0.480      1.481484
   0.485      1.475376
   0.490      1.469279
   0.495      1.463193
   0.500      1.457120
   0.505      1.451059
   0.510      1.445011
   0.515      1.438977
   0.520      1.432956
   0.525      1.426951
   0.531      1.420960
   0.536      1.414984
   0.541      1.409025
   0.546      1.403082
   0.551      1.397155
   0.556      1.391245
   0.561      1.385353
   0.566      1.379479
   0.571      1.373622
   0.576      1.367784
   0.581      1.361965
   0.586      1.356165
   0.591      1.350384
   0.596      1.344622
   0.601      1.338881
   0.606      1.333160
   0.611      1.327459
   0.616      1.321778
   0.621      1.316119
   0.627      1.310481
   0.632      1.304864
   0.637      1.299268
   0.642      1.293694
   0.647      1.288142
   0.652      1.282612
   0.657      1.277104
   0.662      1.271619
   0.667      1.266156
   0.672      1.260716
   0.677      1.255298
   0.682      1.249904
   0.687      1.244532
   0.692      1.239184
   0.697      1.233858
   0.702      1.228557
   0.707      1.223278
   0.712      1.218024
   0.717      1.212792
   0.722      1.207585
   0.728      1.202401
   0.733      1.197241
   0.738      1.192105
   0.743      1.186993
   0.748      1.181905
   0.753      1.176841
   0.758      1.171801
   0.763      1.166785
   0.768      1.161793
   0.773      1.156825
   0.778      1.151882
   0.783      1.146963
   0.788      1.142068
   0.793      1.137197
   0.798      1.132350
   0.803      1.127528
   0.808      1.122729
   0.813      1.117955
   0.818      1.113205
   0.824      1.108480
   0.829      1.103778
   0.834      1.099101
   0.839      1.094448
   0.844      1.089818
   0.849      1.085213
   0.854      1.080632
   0.859      1.076075
   0.864      1.071542
   0.869      1.067033
   0.874      1.062547
   0.879      1.058086
   0.884      1.053648
   0.889      1.049234
   0.894      1.044843
   0.899      1.040476
   0.904      1.036133
   0.909      1.031813
   0.914      1.027517
   0.920      1.023244
   0.925      1.018995
   0.930      1.014768
   0.935      1.010565
   0.940      1.006385
   0.945      1.002228
   0.950      0.998094
   0.955      0.993983
   0.960      0.989895
   0.965      0.985829
   0.970      0.981786
   0.975      0.977766
   0.980      0.973768
   0.985      0.969793
   0.990      0.965840
   0.995      0.961909
   1.000      0.958001
   1.005      0.954114
   1.010      0.950250
   1.016      0.946407
   1.021      0.942587
   1.026      0.938788
   1.031      0.935010
   1.036      0.931255
   1.041      0.927520
   1.046      0.923807
   1.051      0.920116
   1.056      0.916446
   1.061      0.912796
   1.066      0.909168
   1.071      0.905561
   1.076      0.901974
   1.081      0.898408
   1.086      0.894863
   1.091      0.891339
   1.096      0.887834
   1.101      0.884351
   1.106      0.880887
   1.112      0.877444
   1.117      0.874020
   1.122      0.870617
   1.127      0.867233
   1.132      0.863869
   1.137      0.860525
   1.142      0.857200
   1.147      0.853895
   1.152      0.850609
   1.157      0.847342
   1.162      0.844095
   1.167      0.840867
   1.172      0.837657
   1.177      0.834466
   1.182      0.831295
   1.187      0.828141
   1.192      0.825007
   1.197      0.821890
   1.202      0.818793
   1.208      0.815713
   1.213      0.812651
   1.218      0.809608
   1.223      0.806582
   1.228      0.803575
   1.233      0.800585
   1.238      0.797613
   1.243      0.794658
   1.248      0.791721
   1.253      0.788801
   1.258      0.785898
   1.263      0.783013
   1.268      0.780144
   1.273      0.777293
   1.278      0.774458
   1.283      0.771641
   1.288      0.768839
   1.293      0.766055
   1.298      0.763287
   1.304      0.760535
   1.309      0.757799
   1.314      0.755080
   1.319      0.752377
   1.324      0.749689
   1.329      0.747018
   1.334      0.744363
   1.339      0.741723
   1.344      0.739098
   1.349      0.736490
   1.354      0.733896
   1.359      0.731318
   1.364      0.728755
   1.369      0.726208
   1.374      0.723675
   1.379      0.721157
   1.384      0.718655
   1.389      0.716167
   1.394      0.713693
   1.400      0.711234
   1.405      0.708790
   1.410      0.706360
   1.415      0.703944
   1.420      0.701543
   1.425      0.699156
   1.430      0.696782
   1.435      0.694423
   1.440      0.692078
   1.445      0.689746
   1.450      0.687428
   1.455      0.685124
   1.460      0.682833
   1.465      0.680555
   1.470      0.678291
   1.475      0.676041
   1.480      0.673803
   1.485      0.671578
   1.490      0.669367
   1.496      0.667168
   1.501      0.664982
   1.506      0.662809
   1.511      0.660649
   1.516      0.658501
   1.521      0.656365
   1.526      0.654242
   1.531      0.652132
   1.536      0.650034
   1.541      0.647947
   1.546      0.645873
   1.551      0.643811
   1.556      0.641761
   1.561      0.639723
   1.566      0.637696
   1.571      0.635681
   1.576      0.633678
   1.581      0.631687
   1.586      0.629707
   1.592      0.627738
   1.597      0.625780
   1.602      0.623834
   1.607      0.621899
   1.612      0.619975
   1.617      0.618062
   1.622      0.616160
   1.627      0.614269
   1.632      0.612389
   1.637      0.610519
   1.642      0.608660
   1.647      0.606811
   1.652      0.604974
   1.657      0.603146
   1.662      0.601329
   1.667      0.599522
   1.672      0.597726
   1.677      0.595939
   1.682      0.594163
   1.688      0.592396
   1.693      0.590640
   1.698      0.588893
   1.703      0.587157
   1.708      0.585430
   1.713      0.583712
   1.718      0.582005
   1.723      0.580306
   1.728      0.578618
   1.733      0.576938
   1.738      0.575268
   1.743      0.573608
   1.748      0.571956
   1.753      0.570314
   1.758      0.568681
   1.763      0.567056
   1.768      0.565441
   1.773      0.563835
   1.778      0.562237
   1.784      0.560649
   1.789      0.559068
   1.794      0.557497
   1.799      0.555934
   1.804      0.554380
   1.809      0.552834
   1.814      0.551297
   1.819      0.549768
   1.824      0.548247
   1.829      0.546734
   1.834      0.545230
   1.839      0.543734
   1.844      0.542246
   1.849      0.540766
   1.854      0.539293
   1.859      0.537829
   1.864      0.536372
   1.869      0.534924
   1.874      0.533483
   1.880      0.532049
   1.885      0.530623
   1.890      0.529205
   1.895      0.527795
   1.900      0.526391
   1.905      0.524995
   1.910      0.523607
   1.915      0.522226
   1.920      0.520852
   1.925      0.519485
   1.930      0.518125
   1.935      0.516772
   1.940      0.515427
   1.945      0.514088
   1.950      0.512756
   1.955      0.511431
   1.960      0.510113
   1.965      0.508802
   1.970      0.507497
   1.976      0.506199
   1.981      0.504908
   1.986      0.503623
   1.991      0.502345
   1.996      0.501073
   2.001      0.499808
   2.006      0.498549
   2.011      0.497296
