   0.004     -0.000167
   0.008      0.000084
   0.012      0.000335
   0.016      0.000753
   0.020      0.001339
   0.025      0.002091
   0.029      0.003011
   0.033      0.004097
   0.037      0.005350
   0.041      0.006770
   0.045      0.008355
   0.049      0.010107
   0.053      0.012023
   0.057      0.014105
   0.061      0.016352
   0.066      0.018763
   0.070      0.021338
   0.074      0.024076
   0.078      0.026977
   0.082      0.030041
   0.086      0.033266
   0.090      0.036652
   0.094      0.040199
   0.098      0.043905
   0.102      0.047770
   0.107      0.051794
   0.111      0.055975
   0.115      0.060313
   0.119      0.064807
   0.123      0.069456
   0.127      0.074258
   0.131      0.079214
   0.135      0.084322
   0.139      0.089580
   0.143      0.094989
   0.148      0.100546
   0.152      0.106252
   0.156      0.112103
   0.160      0.118100
   0.164      0.124241
   0.168      0.130525
   0.172      0.136950
   0.176      0.143515
   0.180      0.150218
   0.184      0.157059
   0.189      0.164036
   0.193      0.171147
   0.197      0.178390
   0.201      0.185764
   0.205      0.193268
   0.209      0.200900
   0.213      0.208657
   0.217      0.216539
   0.221      0.224543
   0.225      0.232668
   0.230      0.240912
   0.234      0.249273
   0.238      0.257749
   0.242      0.266337
   0.246      0.275037
   0.250      0.283846
   0.254      0.292762
   0.258      0.301782
   0.262      0.310905
   0.266      0.320129
   0.271      0.329450
   0.275      0.338868
   0.279      0.348380
   0.283      0.357982
   0.287      0.367674
   0.291      0.377453
   0.295      0.387316
   0.299      0.397261
   0.303      0.407285
   0.307      0.417386
   0.312      0.427562
   0.316      0.437810
   0.320      0.448127
   0.324      0.458510
   0.328      0.468958
   0.332      0.479468
   0.336      0.490036
   0.340      0.500661
   0.344      0.511339
   0.348      0.522069
   0.353      0.532846
   0.357      0.543669
   0.361      0.554535
   0.365      0.565441
   0.369      0.576384
   0.373      0.587363
   0.377      0.598373
   0.381      0.609412
   0.385      0.620477
   0.389      0.631567
   0.394      0.642677
   0.398      0.653806
   0.402      0.664950
   0.406      0.676107
   0.410      0.687274
   0.414      0.698448
   0.418      0.709628
   0.422      0.720809
   0.426      0.731990
   0.430      0.743168
   0.435      0.754341
   0.439      0.765505
   0.443      0.776658
   0.447      0.787798
   0.451      0.798922
   0.455      0.810028
   0.459      0.821113
   0.463      0.832175
   0.467      0.843212
   0.471      0.854221
   0.476      0.865200
   0.480      0.876147
   0.484      0.887060
   0.488      0.897936
   0.492      0.908773
   0.496      0.919570
   0.500      0.930324
   0.504      0.941033
   0.508      0.951696
   0.512      0.962310
   0.517      0.972874
   0.521      0.983387
   0.525      0.993845
   0.529      1.004249
   0.533      1.014596
   0.537      1.024884
   0.541      1.035112
   0.545      1.045279
   0.549      1.055384
   0.553      1.065425
   0.558      1.075400
   0.562      1.085310
   0.566      1.095152
   0.570      1.104925
   0.574      1.114630
   0.578      1.124264
   0.582      1.133826
   0.586      1.143317
   0.590      1.152734
   0.594      1.162079
   0.599      1.171349
   0.603      1.180544
   0.607      1.189664
   0.611      1.198708
   0.615      1.207676
   0.619      1.216567
   0.623      1.225381
   0.627      1.234119
   0.631      1.242778
   0.635      1.251360
   0.640      1.259865
   0.644      1.268291
   0.648      1.276639
   0.652      1.284910
   0.656      1.293102
   0.660      1.301217
   0.664      1.309254
   0.668      1.317213
   0.672      1.325094
   0.676      1.332899
   0.681      1.340626
   0.685      1.348277
   0.689      1.355850
   0.693      1.363348
   0.697      1.370769
   0.701      1.378115
   0.705      1.385386
   0.709      1.392582
   0.713      1.399703
   0.717      1.406750
   0.722      1.413723
   0.726      1.420623
   0.730      1.427450
   0.734      1.434205
   0.738      1.440887
   0.742      1.447498
   0.746      1.454038
   0.750      1.460507
   0.754      1.466905
   0.758      1.473234
   0.763      1.479493
   0.767      1.485683
   0.771      1.491804
   0.775      1.497857
   0.779      1.503842
   0.783      1.509760
   0.787      1.515610
   0.791      1.521394
   0.795      1.527111
   0.799      1.532762
   0.804      1.538348
   0.808      1.543868
   0.812      1.549323
   0.816      1.554713
   0.820      1.560038
   0.824      1.565299
   0.828      1.570496
   0.832      1.575629
   0.836      1.580698
   0.840      1.585704
   0.845      1.590647
   0.849      1.595526
   0.853      1.600343
   0.857      1.605096
   0.861      1.609787
   0.865      1.614416
   0.869      1.618981
   0.873      1.623485
   0.877      1.627926
   0.881      1.632304
   0.886      1.636621
   0.890      1.640875
   0.894      1.645067
   0.898      1.649197
   0.902      1.653265
   0.906      1.657271
   0.910      1.661215
   0.914      1.665096
   0.918      1.668915
   0.922      1.672673
   0.927      1.676368
   0.931      1.680000
   0.935      1.683570
   0.939      1.687079
   0.943      1.690524
   0.947      1.693907
   0.951      1.697228
   0.955      1.700486
   0.959      1.703682
   0.963      1.706815
   0.968      1.709885
   0.972      1.712893
   0.976      1.715838
   0.980      1.718720
   0.984      1.721539
   0.988      1.724295
   0.992      1.726988
   0.996      1.729618
   1.000      1.732185
   1.004      1.734689
   1.009      1.737130
   1.013      1.739508
   1.017      1.741822
   1.021      1.744074
   1.025      1.746262
   1.029      1.748387
   1.033      1.750449
   1.037      1.752447
   1.041      1.754383
   1.045      1.756255
   1.050      1.758064
   1.054      1.759810
   1.058      1.761493
   1.062      1.763112
   1.066      1.764669
   1.070      1.766163
   1.074      1.767593
   1.078      1.768961
   1.082      1.770266
   1.086      1.771508
   1.091      1.772687
   1.095      1.773804
   1.099      1.774858
   1.103      1.775850
   1.107      1.776779
   1.111      1.777646
   1.115      1.778451
   1.119      1.779194
   1.123      1.779875
   1.127      1.780494
   1.132      1.781051
   1.136      1.781547
   1.140      1.781981
   1.144      1.782353
   1.148      1.782665
   1.152      1.782916
   1.156      1.783105
   1.160      1.783234
   1.164      1.783302
   1.168      1.783310
   1.173      1.783258
   1.177      1.783145
   1.181      1.782973
   1.185      1.782740
   1.189      1.782449
   1.193      1.782097
   1.197      1.781687
   1.201      1.781218
   1.205      1.780689
   1.209      1.780103
   1.214      1.779457
   1.218      1.778754
   1.222      1.777992
   1.226      1.777173
   1.230      1.776296
   1.234      1.775362
   1.238      1.774371
   1.242      1.773323
   1.246      1.772218
   1.250      1.771057
   1.255      1.769840
   1.259      1.768567
   1.263      1.767238
   1.267      1.765853
   1.271      1.764413
   1.275      1.762919
   1.279      1.761370
   1.283      1.759766
   1.287      1.758108
   1.291      1.756396
   1.296      1.754631
   1.300      1.752812
   1.304      1.750941
   1.308      1.749016
   1.312      1.747039
   1.316      1.745009
   1.320      1.742928
   1.324      1.740795
   1.328      1.738611
   1.332      1.736375
   1.337      1.734089
   1.341      1.731752
   1.345      1.729365
   1.349      1.726928
   1.353      1.724442
   1.357      1.721906
   1.361      1.719322
   1.365      1.716688
   1.369      1.714007
   1.373      1.711277
   1.378      1.708500
   1.382      1.705675
   1.386      1.702803
   1.390      1.699885
   1.394      1.696920
   1.398      1.693909
   1.402      1.690853
   1.406      1.687751
   1.410      1.684604
   1.414      1.681412
   1.419      1.678176
   1.423      1.674896
   1.427      1.671572
   1.431      1.668205
   1.435      1.664795
   1.439      1.661343
   1.443      1.657848
   1.447      1.654311
   1.451      1.650733
   1.455      1.647113
   1.460      1.643453
   1.464      1.639752
   1.468      1.636012
   1.472      1.632231
   1.476      1.628411
   1.480      1.624552
   1.484      1.620654
   1.488      1.616719
   1.492      1.612745
   1.496      1.608734
   1.501      1.604685
   1.505      1.600600
   1.509      1.596479
   1.513      1.592321
   1.517      1.588128
   1.521      1.583900
   1.525      1.579637
   1.529      1.575339
   1.533      1.571007
   1.537      1.566642
   1.542      1.562243
   1.546      1.557811
   1.550      1.553347
   1.554      1.548850
   1.558      1.544322
   1.562      1.539763
   1.566      1.535172
   1.570      1.530551
   1.574      1.525900
   1.578      1.521219
   1.583      1.516508
   1.587      1.511768
   1.591      1.507000
   1.595      1.502204
   1.599      1.497379
   1.603      1.492528
   1.607      1.487649
   1.611      1.482744
   1.615      1.477812
   1.619      1.472854
   1.624      1.467871
   1.628      1.462863
   1.632      1.457830
   1.636      1.452773
   1.640      1.447692
   1.644      1.442588
   1.648      1.437460
   1.652      1.432310
   1.656      1.427138
   1.660      1.421943
   1.665      1.416727
   1.669      1.411490
   1.673      1.406232
   1.677      1.400954
   1.681      1.395656
   1.685      1.390338
   1.689      1.385002
   1.693      1.379646
   1.697      1.374272
   1.701      1.368881
   1.706      1.363471
   1.710      1.358044
   1.714      1.352601
   1.718      1.347141
   1.722      1.341665
   1.726      1.336174
   1.730      1.330667
   1.734      1.325145
   1.738      1.319609
   1.742      1.314059
   1.747      1.308495
   1.751      1.302918
   1.755      1.297327
   1.759      1.291725
   1.763      1.286110
   1.767      1.280483
   1.771      1.274844
   1.775      1.269195
   1.779      1.263535
   1.783      1.257865
   1.788      1.252184
   1.792      1.246494
   1.796      1.240795
   1.800      1.235087
   1.804      1.229371
   1.808      1.223646
   1.812      1.217914
   1.816      1.212174
   1.820      1.206427
   1.824      1.200674
   1.829      1.194914
   1.833      1.189149
   1.837      1.183377
   1.841      1.177601
   1.845      1.171819
   1.849      1.166033
   1.853      1.160243
   1.857      1.154449
   1.861      1.148652
   1.865      1.142851
   1.870      1.137047
   1.874      1.131241
   1.878      1.125433
   1.882      1.119623
   1.886      1.113812
   1.890      1.107999
   1.894      1.102186
   1.898      1.096372
   1.902      1.090558
   1.906      1.084744
   1.911      1.078930
   1.915      1.073118
   1.919      1.067306
   1.923      1.061496
   1.927      1.055688
   1.931      1.049881
   1.935      1.044077
   1.939      1.038276
   1.943      1.032478
   1.947      1.026683
   1.952      1.020892
   1.956      1.015104
   1.960      1.009321
   1.964      1.003542
   1.968      0.997768
   1.972      0.991999
   1.976      0.986235
   1.980      0.980477
   1.984      0.974725
   1.988      0.968979
   1.993      0.963240
   1.997      0.957507
   2.001      0.951782
   2.005      0.946063
   2.009      0.940353
   2.013      0.934650
   2.017      0.928955
   2.021      0.923269
   2.025      0.917591
   2.029      0.911922
   2.034      0.906262
   2.038      0.900612
   2.042      0.894971
   2.046      0.889340
   2.050      0.883720
   2.054      0.878109
   2.058      0.872509
   2.062      0.866919
   2.066      0.861341
   2.070      0.855774
   2.075      0.850219
   2.079      0.844675
   2.083      0.839144
   2.087      0.833625
   2.091      0.828118
   2.095      0.822624
   2.099      0.817142
   2.103      0.811674
   2.107      0.806220
   2.111      0.800778
   2.116      0.795351
   2.120      0.789937
   2.124      0.784538
   2.128      0.779153
   2.132      0.773782
   2.136      0.768426
   2.140      0.763085
   2.144      0.757759
   2.148      0.752449
   2.152      0.747154
   2.157      0.741874
   2.161      0.736611
   2.165      0.731363
   2.169      0.726132
   2.173      0.720916
   2.177      0.715718
   2.181      0.710536
   2.185      0.705371
   2.189      0.700223
   2.193      0.695092
   2.198      0.689979
   2.202      0.684883
   2.206      0.679804
   2.210      0.674744
   2.214      0.669701
   2.218      0.664676
   2.222      0.659670
   2.226      0.654682
   2.230      0.649712
   2.234      0.644761
   2.239      0.639829
   2.243      0.634915
   2.247      0.630021
   2.251      0.625146
   2.255      0.620290
   2.259      0.615453
   2.263      0.610636
   2.267      0.605838
   2.271      0.601060
   2.275      0.596302
   2.280      0.591564
   2.284      0.586846
   2.288      0.582147
   2.292      0.577470
   2.296      0.572812
   2.300      0.568175
   2.304      0.563558
   2.308      0.558962
   2.312      0.554387
   2.316      0.549832
   2.321      0.545299
   2.325      0.540786
   2.329      0.536294
   2.333      0.531824
   2.337      0.527374
   2.341      0.522946
   2.345      0.518539
   2.349      0.514153
   2.353      0.509789
   2.357      0.505446
   2.362      0.501125
   2.366      0.496826
   2.370      0.492548
   2.374      0.488292
   2.378      0.484058
   2.382      0.479845
   2.386      0.475655
   2.390      0.471486
   2.394      0.467339
   2.398      0.463215
   2.403      0.459112
   2.407      0.455032
   2.411      0.450973
   2.415      0.446937
   2.419      0.442923
   2.423      0.438931
   2.427      0.434962
   2.431      0.431014
   2.435      0.427089
   2.439      0.423187
   2.444      0.419306
   2.448      0.415449
   2.452      0.411613
   2.456      0.407800
   2.460      0.404009
   2.464      0.400241
   2.468      0.396495
   2.472      0.392771
   2.476      0.389070
   2.480      0.385392
   2.485      0.381735
   2.489      0.378102
   2.493      0.374490
   2.497      0.370901
   2.501      0.367335
   2.505      0.363791
   2.509      0.360269
   2.513      0.356770
   2.517      0.353293
   2.521      0.349839
   2.526      0.346407
   2.530      0.342997
   2.534      0.339610
   2.538      0.336245
   2.542      0.332902
   2.546      0.329581
   2.550      0.326283
   2.554      0.323007
   2.558      0.319753
   2.562      0.316521
   2.567      0.313312
   2.571      0.310124
   2.575      0.306959
   2.579      0.303815
   2.583      0.300694
   2.587      0.297594
   2.591      0.294517
   2.595      0.291461
   2.599      0.288427
   2.603      0.285415
   2.608      0.282425
   2.612      0.279456
   2.616      0.276509
   2.620      0.273584
   2.624      0.270680
   2.628      0.267798
   2.632      0.264937
   2.636      0.262098
   2.640      0.259280
   2.644      0.256483
   2.649      0.253707
   2.653      0.250953
   2.657      0.248220
   2.661      0.245508
   2.665      0.242817
   2.669      0.240146
   2.673      0.237497
   2.677      0.234868
   2.681      0.232261
   2.685      0.229674
   2.690      0.227107
   2.694      0.224561
   2.698      0.222036
   2.702      0.219531
   2.706      0.217046
   2.710      0.214582
   2.714      0.212138
   2.718      0.209713
   2.722      0.207309
   2.726      0.204925
   2.731      0.202561
   2.735      0.200217
   2.739      0.197892
   2.743      0.195588
   2.747      0.193302
   2.751      0.191037
   2.755      0.188790
   2.759      0.186563
   2.763      0.184356
   2.767      0.182167
   2.772      0.179998
   2.776      0.177847
   2.780      0.175716
   2.784      0.173604
   2.788      0.171510
   2.792      0.169435
   2.796      0.167378
   2.800      0.165340
   2.804      0.163321
   2.808      0.161320
   2.813      0.159337
   2.817      0.157372
   2.821      0.155425
   2.825      0.153496
   2.829      0.151586
   2.833      0.149693
   2.837      0.147817
   2.841      0.145960
   2.845      0.144119
   2.849      0.142297
   2.854      0.140491
   2.858      0.138703
   2.862      0.136932
   2.866      0.135178
   2.870      0.133441
   2.874      0.131721
   2.878      0.130018
   2.882      0.128331
   2.886      0.126661
   2.890      0.125008
   2.895      0.123371
   2.899      0.121750
   2.903      0.120145
   2.907      0.118557
   2.911      0.116984
   2.915      0.115428
   2.919      0.113887
   2.923      0.112362
   2.927      0.110852
   2.931      0.109358
   2.936      0.107880
   2.940      0.106417
   2.944      0.104969
   2.948      0.103536
   2.952      0.102118
   2.956      0.100715
   2.960      0.099327
   2.964      0.097954
   2.968      0.096595
   2.972      0.095251
   2.977      0.093922
   2.981      0.092606
   2.985      0.091305
   2.989      0.090018
   2.993      0.088745
   2.997      0.087487
   3.001      0.086241
   3.005      0.085010
   3.009      0.083792
   3.013      0.082588
   3.018      0.081398
   3.022      0.080220
   3.026      0.079056
   3.030      0.077905
   3.034      0.076767
   3.038      0.075642
   3.042      0.074530
   3.046      0.073431
   3.050      0.072345
   3.054      0.071270
   3.059      0.070209
   3.063      0.069160
   3.067      0.068123
   3.071      0.067098
   3.075      0.066085
   3.079      0.065085
   3.083      0.064096
   3.087      0.063119
   3.091      0.062154
   3.095      0.061200
   3.100      0.060258
   3.104      0.059327
   3.108      0.058408
   3.112      0.057500
   3.116      0.056603
   3.120      0.055717
   3.124      0.054842
   3.128      0.053977
   3.132      0.053124
   3.136      0.052281
   3.141      0.051449
   3.145      0.050627
   3.149      0.049816
   3.153      0.049015
   3.157      0.048224
   3.161      0.047443
   3.165      0.046672
   3.169      0.045911
   3.173      0.045160
   3.177      0.044419
   3.182      0.043687
   3.186      0.042965
   3.190      0.042253
   3.194      0.041550
   3.198      0.040856
   3.202      0.040171
   3.206      0.039496
   3.210      0.038829
   3.214      0.038172
   3.218      0.037523
   3.223      0.036883
   3.227      0.036252
   3.231      0.035629
   3.235      0.035015
   3.239      0.034410
   3.243      0.033813
   3.247      0.033224
   3.251      0.032643
   3.255      0.032070
   3.259      0.031506
   3.264      0.030949
   3.268      0.030400
   3.272      0.029859
   3.276      0.029326
   3.280      0.028800
   3.284      0.028282
   3.288      0.027771
   3.292      0.027268
   3.296      0.026771
   3.300      0.026283
   3.305      0.025801
   3.309      0.025326
   3.313      0.024859
   3.317      0.024398
   3.321      0.023944
   3.325      0.023497
   3.329      0.023057
   3.333      0.022623
   3.337      0.022196
   3.341      0.021775
   3.346      0.021361
   3.350      0.020953
   3.354      0.020551
   3.358      0.020155
   3.362      0.019766
   3.366      0.019383
   3.370      0.019005
   3.374      0.018634
   3.378      0.018268
   3.382      0.017908
   3.387      0.017554
   3.391      0.017205
   3.395      0.016862
   3.399      0.016525
   3.403      0.016192
   3.407      0.015866
   3.411      0.015544
   3.415      0.015228
   3.419      0.014917
   3.423      0.014611
   3.428      0.014310
   3.432      0.014014
   3.436      0.013723
   3.440      0.013437
   3.444      0.013156
   3.448      0.012879
   3.452      0.012607
   3.456      0.012340
   3.460      0.012077
   3.464      0.011819
   3.469      0.011565
   3.473      0.011316
   3.477      0.011071
   3.481      0.010830
   3.485      0.010593
   3.489      0.010361
   3.493      0.010132
   3.497      0.009908
   3.501      0.009688
   3.505      0.009471
   3.510      0.009259
   3.514      0.009050
   3.518      0.008845
   3.522      0.008644
   3.526      0.008447
   3.530      0.008253
   3.534      0.008062
   3.538      0.007876
   3.542      0.007692
   3.546      0.007512
   3.551      0.007336
   3.555      0.007163
   3.559      0.006993
   3.563      0.006826
   3.567      0.006663
   3.571      0.006502
   3.575      0.006345
   3.579      0.006191
   3.583      0.006040
   3.587      0.005891
   3.592      0.005746
   3.596      0.005603
   3.600      0.005464
   3.604      0.005327
   3.608      0.005193
   3.612      0.005061
   3.616      0.004933
   3.620      0.004806
   3.624      0.004683
   3.628      0.004562
   3.633      0.004443
   3.637      0.004327
   3.641      0.004214
   3.645      0.004102
   3.649      0.003993
   3.653      0.003887
   3.657      0.003782
   3.661      0.003680
   3.665      0.003580
   3.669      0.003482
   3.674      0.003387
   3.678      0.003293
   3.682      0.003201
   3.686      0.003112
   3.690      0.003024
   3.694      0.002939
   3.698      0.002855
   3.702      0.002773
   3.706      0.002693
   3.710      0.002615
   3.715      0.002539
   3.719      0.002464
   3.723      0.002391
   3.727      0.002320
   3.731      0.002251
   3.735      0.002183
   3.739      0.002117
   3.743      0.002052
   3.747      0.001989
   3.751      0.001927
   3.756      0.001867
   3.760      0.001808
   3.764      0.001751
   3.768      0.001695
   3.772      0.001641
   3.776      0.001588
   3.780      0.001536
   3.784      0.001486
   3.788      0.001437
   3.792      0.001389
   3.797      0.001342
   3.801      0.001297
   3.805      0.001252
   3.809      0.001209
   3.813      0.001167
   3.817      0.001127
   3.821      0.001087
   3.825      0.001048
   3.829      0.001011
   3.833      0.000974
   3.838      0.000939
   3.842      0.000904
   3.846      0.000870
   3.850      0.000838
   3.854      0.000806
   3.858      0.000775
   3.862      0.000745
   3.866      0.000716
   3.870      0.000688
   3.874      0.000661
   3.879      0.000634
   3.883      0.000608
   3.887      0.000583
   3.891      0.000559
   3.895      0.000536
   3.899      0.000513
   3.903      0.000491
   3.907      0.000470
   3.911      0.000449
   3.915      0.000429
   3.920      0.000409
   3.924      0.000391
   3.928      0.000373
   3.932      0.000355
   3.936      0.000338
   3.940      0.000322
   3.944      0.000306
   3.948      0.000291
   3.952      0.000276
   3.956      0.000262
   3.961      0.000248
   3.965      0.000235
   3.969      0.000222
   3.973      0.000210
   3.977      0.000198
   3.981      0.000187
   3.985      0.000176
   3.989      0.000166
   3.993      0.000156
   3.997      0.000146
   4.002      0.000137
   4.006      0.000128
   4.010      0.000119
   4.014      0.000111
   4.018      0.000103
   4.022      0.000096
   4.026      0.000088
   4.030      0.000082
   4.034      0.000075
   4.038      0.000069
   4.043      0.000063
   4.047      0.000057
   4.051      0.000052
   4.055      0.000046
   4.059      0.000041
   4.063      0.000037
   4.067      0.000032
   4.071      0.000028
   4.075      0.000024
   4.079      0.000020
   4.084      0.000016
   4.088      0.000013
   4.092      0.000009
   4.096      0.000006
   4.100      0.000003
   4.104      0.000000
