   0.000      1.324263
   0.005      1.324263
   0.011      1.324263
   0.016      1.324263
   0.022      1.324263
   0.027      1.324263
   0.033      1.324263
   0.038      1.324263
   0.044      1.324263
   0.049      1.324262
   0.055      1.324262
   0.060      1.324262
   0.065      1.324262
   0.071      1.324262
   0.076      1.324261
   0.082      1.324260
   0.087      1.324259
   0.093      1.324258
   0.098      1.324256
   0.104      1.324254
   0.109      1.324251
   0.114      1.324246
   0.120      1.324241
   0.125      1.324235
   0.131      1.324227
   0.136      1.324218
   0.142      1.324206
   0.147      1.324192
   0.153      1.324176
   0.158      1.324156
   0.164      1.324133
   0.169      1.324107
   0.174      1.324075
   0.180      1.324039
   0.185      1.323998
   0.191      1.323950
   0.196      1.323896
   0.202      1.323835
   0.207      1.323766
   0.213      1.323688
   0.218      1.323601
   0.224      1.323504
   0.229      1.323396
   0.234      1.323276
   0.240      1.323143
   0.245      1.322997
   0.251      1.322837
   0.256      1.322661
   0.262      1.322469
   0.267      1.322260
   0.273      1.322033
   0.278      1.321787
   0.283      1.321521
   0.289      1.321234
   0.294      1.320924
   0.300      1.320592
   0.305      1.320236
   0.311      1.319856
   0.316      1.319449
   0.322      1.319016
   0.327      1.318555
   0.333      1.318065
   0.338      1.317546
   0.343      1.316996
   0.349      1.316415
   0.354      1.315802
   0.360      1.315156
   0.365      1.314476
   0.371      1.313761
   0.376      1.313011
   0.382      1.312225
   0.387      1.311402
   0.392      1.310541
   0.398      1.309642
   0.403      1.308704
   0.409      1.307726
   0.414      1.306708
   0.420      1.305649
   0.425      1.304549
   0.431      1.303406
   0.436      1.302221
   0.442      1.300993
   0.447      1.299721
   0.452      1.298405
   0.458      1.297045
   0.463      1.295639
   0.469      1.294188
   0.474      1.292691
   0.480      1.291149
   0.485      1.289559
   0.491      1.287923
   0.496      1.286240
   0.502      1.284510
   0.507      1.282732
   0.512      1.280906
   0.518      1.279033
   0.523      1.277111
   0.529      1.275142
   0.534      1.273124
   0.540      1.271057
   0.545      1.268943
   0.551      1.266780
   0.556      1.264569
   0.561      1.262309
   0.567      1.260002
   0.572      1.257646
   0.578      1.255243
   0.583      1.252791
   0.589      1.250293
   0.594      1.247746
   0.600      1.245153
   0.605      1.242513
   0.611      1.239827
   0.616      1.237094
   0.621      1.234316
   0.627      1.231493
   0.632      1.228624
   0.638      1.225711
   0.643      1.222754
   0.649      1.219754
   0.654      1.216710
   0.660      1.213625
   0.665      1.210497
   0.671      1.207328
   0.676      1.204118
   0.681      1.200869
   0.687      1.197580
   0.692      1.194252
   0.698      1.190887
   0.703      1.187484
   0.709      1.184044
   0.714      1.180569
   0.720      1.177059
   0.725      1.173515
   0.730      1.169937
   0.736      1.166326
   0.741      1.162684
   0.747      1.159011
   0.752      1.155308
   0.758      1.151575
   0.763      1.147815
   0.769      1.144026
   0.774      1.140211
   0.780      1.136371
   0.785      1.132505
   0.790      1.128616
   0.796      1.124704
   0.801      1.120769
   0.807      1.116814
   0.812      1.112838
   0.818      1.108843
   0.823      1.104830
   0.829      1.100799
   0.834      1.096752
   0.840      1.092689
   0.845      1.088611
   0.850      1.084520
   0.856      1.080416
   0.861      1.076300
   0.867      1.072173
   0.872      1.068036
   0.878      1.063890
   0.883      1.059735
   0.889      1.055573
   0.894      1.051405
   0.899      1.047230
   0.905      1.043051
   0.910      1.038868
   0.916      1.034682
   0.921      1.030494
   0.927      1.026304
   0.932      1.022114
   0.938      1.017924
   0.943      1.013734
   0.949      1.009546
   0.954      1.005361
   0.959      1.001179
   0.965      0.997001
   0.970      0.992827
   0.976      0.988659
   0.981      0.984497
   0.987      0.980342
   0.992      0.976194
   0.998      0.972054
   1.003      0.967922
   1.008      0.963800
   1.014      0.959688
   1.019      0.955586
   1.025      0.951495
   1.030      0.947416
   1.036      0.943349
   1.041      0.939294
   1.047      0.935252
   1.052      0.931224
   1.058      0.927211
   1.063      0.923211
   1.068      0.919227
   1.074      0.915258
   1.079      0.911305
   1.085      0.907368
   1.090      0.903447
   1.096      0.899544
   1.101      0.895658
   1.107      0.891789
   1.112      0.887939
   1.118      0.884106
   1.123      0.880292
   1.128      0.876497
   1.134      0.872721
   1.139      0.868964
   1.145      0.865227
   1.150      0.861510
   1.156      0.857812
   1.161      0.854135
   1.167      0.850478
   1.172      0.846841
   1.177      0.843225
   1.183      0.839630
   1.188      0.836056
   1.194      0.832503
   1.199      0.828971
   1.205      0.825460
   1.210      0.821970
   1.216      0.818502
   1.221      0.815056
   1.227      0.811630
   1.232      0.808227
   1.237      0.804845
   1.243      0.801484
   1.248      0.798146
   1.254      0.794829
   1.259      0.791533
   1.265      0.788260
   1.270      0.785007
   1.276      0.781777
   1.281      0.778568
   1.287      0.775381
   1.292      0.772215
   1.297      0.769070
   1.303      0.765947
   1.308      0.762845
   1.314      0.759765
   1.319      0.756706
   1.325      0.753667
   1.330      0.750650
   1.336      0.747654
   1.341      0.744679
   1.346      0.741724
   1.352      0.738790
   1.357      0.735877
   1.363      0.732984
   1.368      0.730111
   1.374      0.727258
   1.379      0.724426
   1.385      0.721614
   1.390      0.718821
   1.396      0.716048
   1.401      0.713295
   1.406      0.710561
   1.412      0.707847
   1.417      0.705152
   1.423      0.702476
   1.428      0.699818
   1.434      0.697180
   1.439      0.694560
   1.445      0.691959
   1.450      0.689376
   1.456      0.686811
   1.461      0.684265
   1.466      0.681736
   1.472      0.679225
   1.477      0.676732
   1.483      0.674256
   1.488      0.671798
   1.494      0.669357
   1.499      0.666933
   1.505      0.664526
   1.510      0.662135
   1.515      0.659761
   1.521      0.657404
   1.526      0.655063
   1.532      0.652738
   1.537      0.650430
   1.543      0.648137
   1.548      0.645860
   1.554      0.643598
   1.559      0.641353
   1.565      0.639122
   1.570      0.636907
   1.575      0.634706
   1.581      0.632521
   1.586      0.630350
   1.592      0.628194
   1.597      0.626053
   1.603      0.623926
   1.608      0.621813
   1.614      0.619714
   1.619      0.617629
   1.624      0.615558
   1.630      0.613501
   1.635      0.611457
   1.641      0.609427
   1.646      0.607411
   1.652      0.605407
   1.657      0.603417
   1.663      0.601439
   1.668      0.599474
   1.674      0.597522
   1.679      0.595583
   1.684      0.593656
   1.690      0.591742
   1.695      0.589840
   1.701      0.587950
   1.706      0.586072
   1.712      0.584206
   1.717      0.582351
   1.723      0.580509
   1.728      0.578678
   1.734      0.576858
   1.739      0.575050
   1.744      0.573253
   1.750      0.571468
   1.755      0.569693
   1.761      0.567930
   1.766      0.566177
   1.772      0.564435
   1.777      0.562704
   1.783      0.560983
   1.788      0.559273
   1.793      0.557573
   1.799      0.555883
   1.804      0.554204
   1.810      0.552535
   1.815      0.550876
   1.821      0.549226
   1.826      0.547587
   1.832      0.545957
   1.837      0.544337
   1.843      0.542727
   1.848      0.541126
   1.853      0.539534
   1.859      0.537952
   1.864      0.536379
   1.870      0.534815
   1.875      0.533261
   1.881      0.531715
   1.886      0.530178
   1.892      0.528650
   1.897      0.527131
   1.903      0.525621
   1.908      0.524119
   1.913      0.522626
   1.919      0.521141
   1.924      0.519665
   1.930      0.518197
   1.935      0.516737
   1.941      0.515286
   1.946      0.513842
   1.952      0.512407
   1.957      0.510980
   1.962      0.509560
   1.968      0.508149
   1.973      0.506745
   1.979      0.505349
   1.984      0.503961
   1.990      0.502580
   1.995      0.501207
   2.001      0.499841
   2.006      0.498483
   2.012      0.497132
   2.017      0.495788
   2.022      0.494452
   2.028      0.493123
   2.033      0.491801
   2.039      0.490486
   2.044      0.489178
   2.050      0.487877
   2.055      0.486583
   2.061      0.485295
   2.066      0.484015
   2.072      0.482741
   2.077      0.481474
   2.082      0.480214
   2.088      0.478960
   2.093      0.477713
   2.099      0.476472
   2.104      0.475238
   2.110      0.474010
   2.115      0.472788
   2.121      0.471572
   2.126      0.470363
   2.131      0.469160
   2.137      0.467964
   2.142      0.466773
   2.148      0.465588
   2.153      0.464409
   2.159      0.463237
   2.164      0.462070
   2.170      0.460909
