   0.000      1.784049
   0.005      1.784029
   0.011      1.783969
   0.016      1.783869
   0.022      1.783728
   0.027      1.783548
   0.033      1.783326
   0.038      1.783064
   0.044      1.782761
   0.049      1.782417
   0.055      1.782031
   0.060      1.781603
   0.065      1.781132
   0.071      1.780619
   0.076      1.780062
   0.082      1.779460
   0.087      1.778814
   0.093      1.778123
   0.098      1.777386
   0.104      1.776602
   0.109      1.775770
   0.114      1.774889
   0.120      1.773959
   0.125      1.772979
   0.131      1.771948
   0.136      1.770864
   0.142      1.769726
   0.147      1.768534
   0.153      1.767286
   0.158      1.765981
   0.164      1.764618
   0.169      1.763195
   0.174      1.761711
   0.180      1.760165
   0.185      1.758555
   0.191      1.756880
   0.196      1.755138
   0.202      1.753328
   0.207      1.751448
   0.213      1.749497
   0.218      1.747473
   0.224      1.745375
   0.229      1.743201
   0.234      1.740950
   0.240      1.738620
   0.245      1.736209
   0.251      1.733716
   0.256      1.731141
   0.262      1.728480
   0.267      1.725733
   0.273      1.722899
   0.278      1.719976
   0.283      1.716964
   0.289      1.713860
   0.294      1.710665
   0.300      1.707377
   0.305      1.703996
   0.311      1.700520
   0.316      1.696949
   0.322      1.693283
   0.327      1.689522
   0.333      1.685664
   0.338      1.681711
   0.343      1.677662
   0.349      1.673518
   0.354      1.669278
   0.360      1.664944
   0.365      1.660515
   0.371      1.655994
   0.376      1.651380
   0.382      1.646676
   0.387      1.641881
   0.392      1.636998
   0.398      1.632027
   0.403      1.626971
   0.409      1.621832
   0.414      1.616611
   0.420      1.611309
   0.425      1.605930
   0.431      1.600475
   0.436      1.594946
   0.442      1.589346
   0.447      1.583677
   0.452      1.577941
   0.458      1.572141
   0.463      1.566280
   0.469      1.560359
   0.474      1.554381
   0.480      1.548350
   0.485      1.542266
   0.491      1.536134
   0.496      1.529955
   0.502      1.523732
   0.507      1.517468
   0.512      1.511165
   0.518      1.504825
   0.523      1.498451
   0.529      1.492046
   0.534      1.485612
   0.540      1.479150
   0.545      1.472664
   0.551      1.466156
   0.556      1.459628
   0.561      1.453082
   0.567      1.446520
   0.572      1.439944
   0.578      1.433356
   0.583      1.426759
   0.589      1.420154
   0.594      1.413543
   0.600      1.406928
   0.605      1.400311
   0.611      1.393693
   0.616      1.387076
   0.621      1.380462
   0.627      1.373851
   0.632      1.367247
   0.638      1.360650
   0.643      1.354061
   0.649      1.347482
   0.654      1.340914
   0.660      1.334359
   0.665      1.327818
   0.671      1.321292
   0.676      1.314781
   0.681      1.308288
   0.687      1.301813
   0.692      1.295357
   0.698      1.288921
   0.703      1.282506
   0.709      1.276113
   0.714      1.269743
   0.720      1.263396
   0.725      1.257074
   0.730      1.250776
   0.736      1.244505
   0.741      1.238260
   0.747      1.232042
   0.752      1.225851
   0.758      1.219689
   0.763      1.213556
   0.769      1.207452
   0.774      1.201377
   0.780      1.195333
   0.785      1.189319
   0.790      1.183337
   0.796      1.177385
   0.801      1.171466
   0.807      1.165579
   0.812      1.159724
   0.818      1.153901
   0.823      1.148112
   0.829      1.142355
   0.834      1.136632
   0.840      1.130943
   0.845      1.125287
   0.850      1.119665
   0.856      1.114078
   0.861      1.108524
   0.867      1.103005
   0.872      1.097520
   0.878      1.092070
   0.883      1.086654
   0.889      1.081273
   0.894      1.075926
   0.899      1.070615
   0.905      1.065337
   0.910      1.060095
   0.916      1.054887
   0.921      1.049714
   0.927      1.044575
   0.932      1.039472
   0.938      1.034402
   0.943      1.029367
   0.949      1.024367
   0.954      1.019401
   0.959      1.014469
   0.965      1.009571
   0.970      1.004708
   0.976      0.999878
   0.981      0.995083
   0.987      0.990321
   0.992      0.985592
   0.998      0.980898
   1.003      0.976236
   1.008      0.971608
   1.014      0.967013
   1.019      0.962450
   1.025      0.957921
   1.030      0.953424
   1.036      0.948960
   1.041      0.944527
   1.047      0.940127
   1.052      0.935759
   1.058      0.931423
   1.063      0.927118
   1.068      0.922845
   1.074      0.918603
   1.079      0.914391
   1.085      0.910211
   1.090      0.906062
   1.096      0.901942
   1.101      0.897853
   1.107      0.893795
   1.112      0.889765
   1.118      0.885766
   1.123      0.881796
   1.128      0.877856
   1.134      0.873944
   1.139      0.870061
   1.145      0.866207
   1.150      0.862382
   1.156      0.858584
   1.161      0.854815
   1.167      0.851073
   1.172      0.847360
   1.177      0.843673
   1.183      0.840014
   1.188      0.836381
   1.194      0.832776
   1.199      0.829197
   1.205      0.825645
   1.210      0.822118
   1.216      0.818618
   1.221      0.815143
   1.227      0.811694
   1.232      0.808271
   1.237      0.804872
   1.243      0.801499
   1.248      0.798150
   1.254      0.794826
   1.259      0.791526
   1.265      0.788250
   1.270      0.784998
   1.276      0.781770
   1.281      0.778566
   1.287      0.775384
   1.292      0.772226
   1.297      0.769091
   1.303      0.765979
   1.308      0.762889
   1.314      0.759822
   1.319      0.756777
   1.325      0.753754
   1.330      0.750753
   1.336      0.747773
   1.341      0.744815
   1.346      0.741878
   1.352      0.738962
   1.357      0.736067
   1.363      0.733193
   1.368      0.730339
   1.374      0.727506
   1.379      0.724693
   1.385      0.721900
   1.390      0.719126
   1.396      0.716373
   1.401      0.713638
   1.406      0.710923
   1.412      0.708228
   1.417      0.705551
   1.423      0.702893
   1.428      0.700254
   1.434      0.697633
   1.439      0.695030
   1.445      0.692446
   1.450      0.689880
   1.456      0.687331
   1.461      0.684800
   1.466      0.682287
   1.472      0.679791
   1.477      0.677312
   1.483      0.674851
   1.488      0.672406
   1.494      0.669978
   1.499      0.667566
   1.505      0.665171
   1.510      0.662793
   1.515      0.660430
   1.521      0.658084
   1.526      0.655753
   1.532      0.653438
   1.537      0.651139
   1.543      0.648856
   1.548      0.646587
   1.554      0.644334
   1.559      0.642096
   1.565      0.639873
   1.570      0.637664
   1.575      0.635470
   1.581      0.633291
   1.586      0.631126
   1.592      0.628976
   1.597      0.626839
   1.603      0.624717
   1.608      0.622609
   1.614      0.620514
   1.619      0.618433
   1.624      0.616365
   1.630      0.614311
   1.635      0.612271
   1.641      0.610243
   1.646      0.608229
   1.652      0.606227
   1.657      0.604238
   1.663      0.602262
   1.668      0.600299
   1.674      0.598348
   1.679      0.596410
   1.684      0.594484
   1.690      0.592570
   1.695      0.590668
   1.701      0.588778
   1.706      0.586900
   1.712      0.585033
   1.717      0.583179
   1.723      0.581336
   1.728      0.579504
   1.734      0.577684
   1.739      0.575875
   1.744      0.574077
   1.750      0.572290
   1.755      0.570514
   1.761      0.568749
   1.766      0.566995
   1.772      0.565252
   1.777      0.563519
   1.783      0.561796
   1.788      0.560084
   1.793      0.558383
   1.799      0.556691
   1.804      0.555010
   1.810      0.553339
   1.815      0.551678
   1.821      0.550026
   1.826      0.548385
   1.832      0.546753
   1.837      0.545131
   1.843      0.543519
   1.848      0.541915
   1.853      0.540322
   1.859      0.538737
   1.864      0.537162
   1.870      0.535596
   1.875      0.534039
   1.881      0.532492
   1.886      0.530953
   1.892      0.529423
   1.897      0.527901
   1.903      0.526389
   1.908      0.524885
   1.913      0.523389
   1.919      0.521902
   1.924      0.520424
   1.930      0.518954
   1.935      0.517492
   1.941      0.516038
   1.946      0.514593
   1.952      0.513156
   1.957      0.511726
   1.962      0.510305
   1.968      0.508891
   1.973      0.507485
   1.979      0.506087
   1.984      0.504697
   1.990      0.503314
   1.995      0.501939
   2.001      0.500571
   2.006      0.499211
   2.012      0.497858
   2.017      0.496513
   2.022      0.495174
   2.028      0.493843
   2.033      0.492519
   2.039      0.491202
   2.044      0.489892
   2.050      0.488590
   2.055      0.487294
   2.061      0.486004
   2.066      0.484722
   2.072      0.483447
   2.077      0.482178
   2.082      0.480915
   2.088      0.479660
   2.093      0.478411
   2.099      0.477168
   2.104      0.475932
   2.110      0.474702
   2.115      0.473479
   2.121      0.472261
   2.126      0.471050
   2.131      0.469846
   2.137      0.468647
   2.142      0.467455
   2.148      0.466268
   2.153      0.465088
   2.159      0.463913
   2.164      0.462745
   2.170      0.461582
