   0.000      2.062931
   0.005      2.062931
   0.011      2.062930
   0.016      2.062925
   0.022      2.062911
   0.027      2.062884
   0.033      2.062833
   0.038      2.062751
   0.044      2.062625
   0.049      2.062443
   0.055      2.062192
   0.060      2.061855
   0.065      2.061417
   0.071      2.060859
   0.076      2.060165
   0.082      2.059315
   0.087      2.058290
   0.093      2.057069
   0.098      2.055634
   0.104      2.053965
   0.109      2.052042
   0.114      2.049846
   0.120      2.047359
   0.125      2.044562
   0.131      2.041440
   0.136      2.037977
   0.142      2.034160
   0.147      2.029975
   0.153      2.025413
   0.158      2.020464
   0.164      2.015122
   0.169      2.009382
   0.174      2.003243
   0.180      1.996703
   0.185      1.989766
   0.191      1.982435
   0.196      1.974718
   0.202      1.966622
   0.207      1.958160
   0.213      1.949344
   0.218      1.940187
   0.224      1.930706
   0.229      1.920918
   0.234      1.910840
   0.240      1.900491
   0.245      1.889890
   0.251      1.879057
   0.256      1.868010
   0.262      1.856770
   0.267      1.845354
   0.273      1.833782
   0.278      1.822071
   0.283      1.810238
   0.289      1.798300
   0.294      1.786273
   0.300      1.774170
   0.305      1.762007
   0.311      1.749797
   0.316      1.737552
   0.322      1.725284
   0.327      1.713005
   0.333      1.700726
   0.338      1.688456
   0.343      1.676205
   0.349      1.663982
   0.354      1.651796
   0.360      1.639655
   0.365      1.627566
   0.371      1.615537
   0.376      1.603574
   0.382      1.591684
   0.387      1.579873
   0.392      1.568147
   0.398      1.556510
   0.403      1.544969
   0.409      1.533527
   0.414      1.522188
   0.420      1.510958
   0.425      1.499839
   0.431      1.488834
   0.436      1.477948
   0.442      1.467182
   0.447      1.456539
   0.452      1.446021
   0.458      1.435631
   0.463      1.425369
   0.469      1.415238
   0.474      1.405238
   0.480      1.395371
   0.485      1.385638
   0.491      1.376039
   0.496      1.366574
   0.502      1.357244
   0.507      1.348049
   0.512      1.338989
   0.518      1.330063
   0.523      1.321271
   0.529      1.312613
   0.534      1.304088
   0.540      1.295696
   0.545      1.287434
   0.551      1.279303
   0.556      1.271301
   0.561      1.263427
   0.567      1.255679
   0.572      1.248057
   0.578      1.240559
   0.583      1.233183
   0.589      1.225927
   0.594      1.218791
   0.600      1.211773
   0.605      1.204870
   0.611      1.198081
   0.616      1.191404
   0.621      1.184838
   0.627      1.178380
   0.632      1.172028
   0.638      1.165781
   0.643      1.159637
   0.649      1.153593
   0.654      1.147648
   0.660      1.141800
   0.665      1.136046
   0.671      1.130386
   0.676      1.124816
   0.681      1.119335
   0.687      1.113940
   0.692      1.108631
   0.698      1.103405
   0.703      1.098260
   0.709      1.093193
   0.714      1.088204
   0.720      1.083290
   0.725      1.078450
   0.730      1.073681
   0.736      1.068982
   0.741      1.064351
   0.747      1.059786
   0.752      1.055285
   0.758      1.050847
   0.763      1.046470
   0.769      1.042152
   0.774      1.037892
   0.780      1.033688
   0.785      1.029538
   0.790      1.025441
   0.796      1.021395
   0.801      1.017398
   0.807      1.013450
   0.812      1.009549
   0.818      1.005694
   0.823      1.001882
   0.829      0.998113
   0.834      0.994385
   0.840      0.990697
   0.845      0.987048
   0.850      0.983437
   0.856      0.979862
   0.861      0.976322
   0.867      0.972816
   0.872      0.969343
   0.878      0.965901
   0.883      0.962491
   0.889      0.959110
   0.894      0.955758
   0.899      0.952434
   0.905      0.949136
   0.910      0.945865
   0.916      0.942619
   0.921      0.939396
   0.927      0.936198
   0.932      0.933021
   0.938      0.929867
   0.943      0.926733
   0.949      0.923620
   0.954      0.920527
   0.959      0.917452
   0.965      0.914396
   0.970      0.911358
   0.976      0.908336
   0.981      0.905331
   0.987      0.902342
   0.992      0.899369
   0.998      0.896410
   1.003      0.893466
   1.008      0.890535
   1.014      0.887618
   1.019      0.884714
   1.025      0.881823
   1.030      0.878944
   1.036      0.876077
   1.041      0.873221
   1.047      0.870376
   1.052      0.867543
   1.058      0.864719
   1.063      0.861906
   1.068      0.859103
   1.074      0.856309
   1.079      0.853525
   1.085      0.850750
   1.090      0.847984
   1.096      0.845227
   1.101      0.842478
   1.107      0.839738
   1.112      0.837005
   1.118      0.834281
   1.123      0.831565
   1.128      0.828856
   1.134      0.826155
   1.139      0.823461
   1.145      0.820775
   1.150      0.818096
   1.156      0.815425
   1.161      0.812760
   1.167      0.810102
   1.172      0.807452
   1.177      0.804808
   1.183      0.802171
   1.188      0.799541
   1.194      0.796918
   1.199      0.794302
   1.205      0.791692
   1.210      0.789089
   1.216      0.786493
   1.221      0.783903
   1.227      0.781320
   1.232      0.778744
   1.237      0.776175
   1.243      0.773612
   1.248      0.771056
   1.254      0.768507
   1.259      0.765965
   1.265      0.763429
   1.270      0.760900
   1.276      0.758379
   1.281      0.755864
   1.287      0.753356
   1.292      0.750855
   1.297      0.748361
   1.303      0.745875
   1.308      0.743395
   1.314      0.740923
   1.319      0.738458
   1.325      0.736000
   1.330      0.733550
   1.336      0.731107
   1.341      0.728672
   1.346      0.726244
   1.352      0.723824
   1.357      0.721412
   1.363      0.719007
   1.368      0.716610
   1.374      0.714221
   1.379      0.711840
   1.385      0.709467
   1.390      0.707102
   1.396      0.704745
   1.401      0.702396
   1.406      0.700055
   1.412      0.697723
   1.417      0.695399
   1.423      0.693083
   1.428      0.690776
   1.434      0.688478
   1.439      0.686188
   1.445      0.683906
   1.450      0.681634
   1.456      0.679370
   1.461      0.677115
   1.466      0.674868
   1.472      0.672631
   1.477      0.670402
   1.483      0.668183
   1.488      0.665972
   1.494      0.663771
   1.499      0.661579
   1.505      0.659396
   1.510      0.657222
   1.515      0.655057
   1.521      0.652902
   1.526      0.650755
   1.532      0.648619
   1.537      0.646491
   1.543      0.644373
   1.548      0.642265
   1.554      0.640166
   1.559      0.638076
   1.565      0.635996
   1.570      0.633926
   1.575      0.631865
   1.581      0.629813
   1.586      0.627772
   1.592      0.625740
   1.597      0.623717
   1.603      0.621704
   1.608      0.619701
   1.614      0.617707
   1.619      0.615723
   1.624      0.613749
   1.630      0.611785
   1.635      0.609830
   1.641      0.607884
   1.646      0.605949
   1.652      0.604023
   1.657      0.602107
   1.663      0.600200
   1.668      0.598303
   1.674      0.596416
   1.679      0.594539
   1.684      0.592671
   1.690      0.590812
   1.695      0.588964
   1.701      0.587125
   1.706      0.585295
   1.712      0.583475
   1.717      0.581665
   1.723      0.579864
   1.728      0.578072
   1.734      0.576290
   1.739      0.574518
   1.744      0.572755
   1.750      0.571001
   1.755      0.569257
   1.761      0.567522
   1.766      0.565796
   1.772      0.564080
   1.777      0.562373
   1.783      0.560675
   1.788      0.558986
   1.793      0.557306
   1.799      0.555636
   1.804      0.553974
   1.810      0.552322
   1.815      0.550678
   1.821      0.549044
   1.826      0.547418
   1.832      0.545802
   1.837      0.544194
   1.843      0.542595
   1.848      0.541005
   1.853      0.539423
   1.859      0.537850
   1.864      0.536286
   1.870      0.534730
   1.875      0.533183
   1.881      0.531644
   1.886      0.530113
   1.892      0.528591
   1.897      0.527078
   1.903      0.525572
   1.908      0.524075
   1.913      0.522586
   1.919      0.521106
   1.924      0.519633
   1.930      0.518168
   1.935      0.516711
   1.941      0.515263
   1.946      0.513822
   1.952      0.512389
   1.957      0.510964
   1.962      0.509546
   1.968      0.508136
   1.973      0.506734
   1.979      0.505339
   1.984      0.503952
   1.990      0.502573
   1.995      0.501200
   2.001      0.499836
   2.006      0.498478
   2.012      0.497128
   2.017      0.495785
   2.022      0.494449
   2.028      0.493120
   2.033      0.491799
   2.039      0.490484
   2.044      0.489176
   2.050      0.487876
   2.055      0.486582
   2.061      0.485295
   2.066      0.484014
   2.072      0.482741
   2.077      0.481474
   2.082      0.480214
   2.088      0.478960
   2.093      0.477713
   2.099      0.476472
   2.104      0.475237
   2.110      0.474009
   2.115      0.472788
   2.121      0.471572
   2.126      0.470363
   2.131      0.469160
   2.137      0.467963
   2.142      0.466773
   2.148      0.465588
   2.153      0.464409
   2.159      0.463237
   2.164      0.462070
   2.170      0.460909
