   0.004      0.005186
   0.008      0.059469
   0.012      0.113752
   0.016      0.169862
   0.020      0.226180
   0.025      0.282515
   0.029      0.338808
   0.033      0.395029
   0.037      0.451159
   0.041      0.507179
   0.045      0.563074
   0.049      0.618828
   0.053      0.674426
   0.057      0.729853
   0.061      0.785094
   0.066      0.840133
   0.070      0.894955
   0.074      0.949545
   0.078      1.003887
   0.082      1.057965
   0.086      1.111765
   0.090      1.165269
   0.094      1.218462
   0.098      1.271328
   0.102      1.323850
   0.107      1.376012
   0.111      1.427799
   0.115      1.479192
   0.119      1.530175
   0.123      1.580733
   0.127      1.630847
   0.131      1.680501
   0.135      1.729677
   0.139      1.778360
   0.143      1.826532
   0.148      1.874176
   0.152      1.921274
   0.156      1.967811
   0.160      2.013769
   0.164      2.059131
   0.168      2.103880
   0.172      2.148001
   0.176      2.191476
   0.180      2.234289
   0.184      2.276425
   0.189      2.317868
   0.193      2.358601
   0.197      2.398611
   0.201      2.437881
   0.205      2.476398
   0.209      2.514147
   0.213      2.551115
   0.217      2.587289
   0.221      2.622656
   0.225      2.657203
   0.230      2.690920
   0.234      2.723796
   0.238      2.755819
   0.242      2.786981
   0.246      2.817273
   0.250      2.846687
   0.254      2.875215
   0.258      2.902850
   0.262      2.929587
   0.266      2.955422
   0.271      2.980350
   0.275      3.004368
   0.279      3.027475
   0.283      3.049668
   0.287      3.070949
   0.291      3.091317
   0.295      3.110775
   0.299      3.129325
   0.303      3.146972
   0.307      3.163720
   0.312      3.179575
   0.316      3.194544
   0.320      3.208635
   0.324      3.221857
   0.328      3.234220
   0.332      3.245735
   0.336      3.256413
   0.340      3.266267
   0.344      3.275310
   0.348      3.283558
   0.353      3.291026
   0.357      3.297728
   0.361      3.303683
   0.365      3.308908
   0.369      3.313421
   0.373      3.317240
   0.377      3.320385
   0.381      3.322875
   0.385      3.324731
   0.389      3.325974
   0.394      3.326623
   0.398      3.326701
   0.402      3.326228
   0.406      3.325226
   0.410      3.323716
   0.414      3.321720
   0.418      3.319260
   0.422      3.316356
   0.426      3.313030
   0.430      3.309303
   0.435      3.305196
   0.439      3.300728
   0.443      3.295920
   0.447      3.290791
   0.451      3.285360
   0.455      3.279646
   0.459      3.273667
   0.463      3.267439
   0.467      3.260981
   0.471      3.254307
   0.476      3.247434
   0.480      3.240376
   0.484      3.233147
   0.488      3.225760
   0.492      3.218229
   0.496      3.210564
   0.500      3.202777
   0.504      3.194879
   0.508      3.186879
   0.512      3.178786
   0.517      3.170609
   0.521      3.162355
   0.525      3.154031
   0.529      3.145644
   0.533      3.137199
   0.537      3.128702
   0.541      3.120157
   0.545      3.111568
   0.549      3.102940
   0.553      3.094275
   0.558      3.085575
   0.562      3.076845
   0.566      3.068085
   0.570      3.059297
   0.574      3.050482
   0.578      3.041642
   0.582      3.032778
   0.586      3.023891
   0.590      3.014980
   0.594      3.006046
   0.599      2.997090
   0.603      2.988111
   0.607      2.979110
   0.611      2.970087
   0.615      2.961042
   0.619      2.951973
   0.623      2.942883
   0.627      2.933769
   0.631      2.924633
   0.635      2.915474
   0.640      2.906293
   0.644      2.897088
   0.648      2.887861
   0.652      2.878611
   0.656      2.869339
   0.660      2.860044
   0.664      2.850727
   0.668      2.841389
   0.672      2.832029
   0.676      2.822649
   0.681      2.813248
   0.685      2.803827
   0.689      2.794387
   0.693      2.784928
   0.697      2.775452
   0.701      2.765958
   0.705      2.756448
   0.709      2.746922
   0.713      2.737381
   0.717      2.727826
   0.722      2.718257
   0.726      2.708677
   0.730      2.699084
   0.734      2.689482
   0.738      2.679869
   0.742      2.670248
   0.746      2.660618
   0.750      2.650982
   0.754      2.641340
   0.758      2.631692
   0.763      2.622040
   0.767      2.612385
   0.771      2.602727
   0.775      2.593068
   0.779      2.583408
   0.783      2.573747
   0.787      2.564088
   0.791      2.554430
   0.795      2.544775
   0.799      2.535123
   0.804      2.525475
   0.808      2.515832
   0.812      2.506195
   0.816      2.496563
   0.820      2.486939
   0.824      2.477323
   0.828      2.467715
   0.832      2.458116
   0.836      2.448526
   0.840      2.438948
   0.845      2.429380
   0.849      2.419823
   0.853      2.410279
   0.857      2.400748
   0.861      2.391230
   0.865      2.381726
   0.869      2.372237
   0.873      2.362762
   0.877      2.353303
   0.881      2.343860
   0.886      2.334433
   0.890      2.325024
   0.894      2.315631
   0.898      2.306257
   0.902      2.296901
   0.906      2.287563
   0.910      2.278245
   0.914      2.268946
   0.918      2.259667
   0.922      2.250409
   0.927      2.241171
   0.931      2.231954
   0.935      2.222759
   0.939      2.213585
   0.943      2.204433
   0.947      2.195304
   0.951      2.186197
   0.955      2.177114
   0.959      2.168053
   0.963      2.159016
   0.968      2.150003
   0.972      2.141015
   0.976      2.132050
   0.980      2.123110
   0.984      2.114195
   0.988      2.105305
   0.992      2.096440
   0.996      2.087601
   1.000      2.078787
   1.004      2.070000
   1.009      2.061238
   1.013      2.052503
   1.017      2.043794
   1.021      2.035112
   1.025      2.026457
   1.029      2.017829
   1.033      2.009228
   1.037      2.000654
   1.041      1.992107
   1.045      1.983588
   1.050      1.975097
   1.054      1.966634
   1.058      1.958198
   1.062      1.949791
   1.066      1.941411
   1.070      1.933060
   1.074      1.924738
   1.078      1.916443
   1.082      1.908178
   1.086      1.899941
   1.091      1.891732
   1.095      1.883552
   1.099      1.875402
   1.103      1.867280
   1.107      1.859186
   1.111      1.851122
   1.115      1.843087
   1.119      1.835081
   1.123      1.827105
   1.127      1.819157
   1.132      1.811239
   1.136      1.803349
   1.140      1.795489
   1.144      1.787659
   1.148      1.779857
   1.152      1.772085
   1.156      1.764343
   1.160      1.756629
   1.164      1.748945
   1.168      1.741291
   1.173      1.733666
   1.177      1.726070
   1.181      1.718503
   1.185      1.710966
   1.189      1.703458
   1.193      1.695979
   1.197      1.688530
   1.201      1.681110
   1.205      1.673719
   1.209      1.666358
   1.214      1.659026
   1.218      1.651723
   1.222      1.644449
   1.226      1.637204
   1.230      1.629988
   1.234      1.622801
   1.238      1.615644
   1.242      1.608515
   1.246      1.601415
   1.250      1.594345
   1.255      1.587303
   1.259      1.580289
   1.263      1.573305
   1.267      1.566349
   1.271      1.559422
   1.275      1.552523
   1.279      1.545653
   1.283      1.538812
   1.287      1.531998
   1.291      1.525213
   1.296      1.518457
   1.300      1.511729
   1.304      1.505028
   1.308      1.498356
   1.312      1.491712
   1.316      1.485096
   1.320      1.478508
   1.324      1.471947
   1.328      1.465415
   1.332      1.458910
   1.337      1.452432
   1.341      1.445982
   1.345      1.439560
   1.349      1.433165
   1.353      1.426797
   1.357      1.420456
   1.361      1.414143
   1.365      1.407856
   1.369      1.401597
   1.373      1.395364
   1.378      1.389159
   1.382      1.382980
   1.386      1.376827
   1.390      1.370701
   1.394      1.364602
   1.398      1.358529
   1.402      1.352482
   1.406      1.346462
   1.410      1.340467
   1.414      1.334499
   1.419      1.328556
   1.423      1.322640
   1.427      1.316749
   1.431      1.310884
   1.435      1.305044
   1.439      1.299230
   1.443      1.293441
   1.447      1.287678
   1.451      1.281940
   1.455      1.276227
   1.460      1.270539
   1.464      1.264876
   1.468      1.259238
   1.472      1.253624
   1.476      1.248036
   1.480      1.242471
   1.484      1.236932
   1.488      1.231416
   1.492      1.225925
   1.496      1.220458
   1.501      1.215015
   1.505      1.209597
   1.509      1.204202
   1.513      1.198831
   1.517      1.193483
   1.521      1.188160
   1.525      1.182860
   1.529      1.177583
   1.533      1.172329
   1.537      1.167099
   1.542      1.161892
   1.546      1.156708
   1.550      1.151547
   1.554      1.146409
   1.558      1.141294
   1.562      1.136201
   1.566      1.131131
   1.570      1.126083
   1.574      1.121058
   1.578      1.116055
   1.583      1.111074
   1.587      1.106116
   1.591      1.101179
   1.595      1.096264
   1.599      1.091371
   1.603      1.086500
   1.607      1.081650
   1.611      1.076822
   1.615      1.072016
   1.619      1.067231
   1.624      1.062467
   1.628      1.057724
   1.632      1.053002
   1.636      1.048301
   1.640      1.043621
   1.644      1.038962
   1.648      1.034324
   1.652      1.029706
   1.656      1.025109
   1.660      1.020532
   1.665      1.015975
   1.669      1.011439
   1.673      1.006923
   1.677      1.002427
   1.681      0.997951
   1.685      0.993494
   1.689      0.989058
   1.693      0.984641
   1.697      0.980244
   1.701      0.975866
   1.706      0.971508
   1.710      0.967169
   1.714      0.962850
   1.718      0.958549
   1.722      0.954268
   1.726      0.950005
   1.730      0.945762
   1.734      0.941537
   1.738      0.937331
   1.742      0.933143
   1.747      0.928975
   1.751      0.924824
   1.755      0.920692
   1.759      0.916578
   1.763      0.912483
   1.767      0.908406
   1.771      0.904346
   1.775      0.900305
   1.779      0.896281
   1.783      0.892275
   1.788      0.888287
   1.792      0.884317
   1.796      0.880364
   1.800      0.876428
   1.804      0.872510
   1.808      0.868609
   1.812      0.864725
   1.816      0.860859
   1.820      0.857009
   1.824      0.853177
   1.829      0.849361
   1.833      0.845562
   1.837      0.841780
   1.841      0.838014
   1.845      0.834265
   1.849      0.830533
   1.853      0.826817
   1.857      0.823117
   1.861      0.819433
   1.865      0.815766
   1.870      0.812114
   1.874      0.808479
   1.878      0.804860
   1.882      0.801256
   1.886      0.797668
   1.890      0.794096
   1.894      0.790540
   1.898      0.786999
   1.902      0.783473
   1.906      0.779963
   1.911      0.776469
   1.915      0.772989
   1.919      0.769525
   1.923      0.766076
   1.927      0.762642
   1.931      0.759222
   1.935      0.755818
   1.939      0.752429
   1.943      0.749054
   1.947      0.745694
   1.952      0.742348
   1.956      0.739017
   1.960      0.735701
   1.964      0.732399
   1.968      0.729111
   1.972      0.725838
   1.976      0.722578
   1.980      0.719333
   1.984      0.716102
   1.988      0.712885
   1.993      0.709681
   1.997      0.706492
   2.001      0.703316
   2.005      0.700154
   2.009      0.697006
   2.013      0.693871
   2.017      0.690750
   2.021      0.687642
   2.025      0.684548
   2.029      0.681467
   2.034      0.678399
   2.038      0.675344
   2.042      0.672303
   2.046      0.669274
   2.050      0.666259
   2.054      0.663256
   2.058      0.660266
   2.062      0.657289
   2.066      0.654325
   2.070      0.651373
   2.075      0.648434
   2.079      0.645508
   2.083      0.642594
   2.087      0.639693
   2.091      0.636804
   2.095      0.633927
   2.099      0.631062
   2.103      0.628210
   2.107      0.625370
   2.111      0.622542
   2.116      0.619726
   2.120      0.616922
   2.124      0.614129
   2.128      0.611349
   2.132      0.608580
   2.136      0.605824
   2.140      0.603078
   2.144      0.600345
   2.148      0.597623
   2.152      0.594912
   2.157      0.592213
   2.161      0.589526
   2.165      0.586849
   2.169      0.584184
   2.173      0.581530
   2.177      0.578888
   2.181      0.576256
   2.185      0.573636
   2.189      0.571026
   2.193      0.568427
   2.198      0.565840
   2.202      0.563263
   2.206      0.560697
   2.210      0.558142
   2.214      0.555597
   2.218      0.553063
   2.222      0.550540
   2.226      0.548027
   2.230      0.545525
   2.234      0.543033
   2.239      0.540552
   2.243      0.538081
   2.247      0.535620
   2.251      0.533169
   2.255      0.530729
   2.259      0.528298
   2.263      0.525878
   2.267      0.523468
   2.271      0.521068
   2.275      0.518678
   2.280      0.516297
   2.284      0.513927
   2.288      0.511566
   2.292      0.509215
   2.296      0.506874
   2.300      0.504542
   2.304      0.502220
   2.308      0.499908
   2.312      0.497605
   2.316      0.495312
   2.321      0.493028
   2.325      0.490753
   2.329      0.488488
   2.333      0.486232
   2.337      0.483985
   2.341      0.481748
   2.345      0.479519
   2.349      0.477300
   2.353      0.475090
   2.357      0.472889
   2.362      0.470697
   2.366      0.468514
   2.370      0.466339
   2.374      0.464174
   2.378      0.462017
   2.382      0.459870
   2.386      0.457730
   2.390      0.455600
   2.394      0.453478
   2.398      0.451365
   2.403      0.449260
   2.407      0.447164
   2.411      0.445077
   2.415      0.442998
   2.419      0.440927
   2.423      0.438865
   2.427      0.436810
   2.431      0.434765
   2.435      0.432727
   2.439      0.430698
   2.444      0.428677
   2.448      0.426664
   2.452      0.424659
   2.456      0.422662
   2.460      0.420673
   2.464      0.418692
   2.468      0.416719
   2.472      0.414754
   2.476      0.412797
   2.480      0.410847
   2.485      0.408906
   2.489      0.406972
   2.493      0.405046
   2.497      0.403127
   2.501      0.401216
   2.505      0.399313
   2.509      0.397418
   2.513      0.395530
   2.517      0.393649
   2.521      0.391776
   2.526      0.389910
   2.530      0.388052
   2.534      0.386201
   2.538      0.384357
   2.542      0.382521
   2.546      0.380691
   2.550      0.378870
   2.554      0.377055
   2.558      0.375247
   2.562      0.373447
   2.567      0.371653
   2.571      0.369867
   2.575      0.368088
   2.579      0.366316
   2.583      0.364550
   2.587      0.362792
   2.591      0.361040
   2.595      0.359295
   2.599      0.357558
   2.603      0.355826
   2.608      0.354102
   2.612      0.352384
   2.616      0.350674
   2.620      0.348969
   2.624      0.347272
   2.628      0.345581
   2.632      0.343896
   2.636      0.342218
   2.640      0.340547
   2.644      0.338882
   2.649      0.337223
   2.653      0.335571
   2.657      0.333926
   2.661      0.332286
   2.665      0.330653
   2.669      0.329027
   2.673      0.327406
   2.677      0.325792
   2.681      0.324184
   2.685      0.322582
   2.690      0.320987
   2.694      0.319397
   2.698      0.317814
   2.702      0.316237
   2.706      0.314665
   2.710      0.313100
   2.714      0.311541
   2.718      0.309987
   2.722      0.308440
   2.726      0.306898
   2.731      0.305363
   2.735      0.303833
   2.739      0.302309
   2.743      0.300791
   2.747      0.299278
   2.751      0.297772
   2.755      0.296271
   2.759      0.294776
   2.763      0.293286
   2.767      0.291802
   2.772      0.290324
   2.776      0.288851
   2.780      0.287384
   2.784      0.285922
   2.788      0.284466
   2.792      0.283015
   2.796      0.281570
   2.800      0.280130
   2.804      0.278695
   2.808      0.277266
   2.813      0.275843
   2.817      0.274424
   2.821      0.273011
   2.825      0.271603
   2.829      0.270201
   2.833      0.268804
   2.837      0.267412
   2.841      0.266025
   2.845      0.264643
   2.849      0.263266
   2.854      0.261895
   2.858      0.260528
   2.862      0.259167
   2.866      0.257811
   2.870      0.256459
   2.874      0.255113
   2.878      0.253772
   2.882      0.252436
   2.886      0.251104
   2.890      0.249778
   2.895      0.248456
   2.899      0.247139
   2.903      0.245827
   2.907      0.244520
   2.911      0.243218
   2.915      0.241920
   2.919      0.240627
   2.923      0.239339
   2.927      0.238056
   2.931      0.236777
   2.936      0.235503
   2.940      0.234234
   2.944      0.232969
   2.948      0.231709
   2.952      0.230453
   2.956      0.229202
   2.960      0.227956
   2.964      0.226714
   2.968      0.225476
   2.972      0.224243
   2.977      0.223015
   2.981      0.221791
   2.985      0.220571
   2.989      0.219356
   2.993      0.218145
   2.997      0.216938
   3.001      0.215736
   3.005      0.214538
   3.009      0.213344
   3.013      0.212155
   3.018      0.210970
   3.022      0.209789
   3.026      0.208612
   3.030      0.207440
   3.034      0.206272
   3.038      0.205108
   3.042      0.203948
   3.046      0.202792
   3.050      0.201640
   3.054      0.200492
   3.059      0.199349
   3.063      0.198209
   3.067      0.197074
   3.071      0.195942
   3.075      0.194814
   3.079      0.193691
   3.083      0.192571
   3.087      0.191456
   3.091      0.190344
   3.095      0.189236
   3.100      0.188132
   3.104      0.187032
   3.108      0.185936
   3.112      0.184843
   3.116      0.183755
   3.120      0.182670
   3.124      0.181589
   3.128      0.180511
   3.132      0.179438
   3.136      0.178368
   3.141      0.177302
   3.145      0.176239
   3.149      0.175181
   3.153      0.174126
   3.157      0.173074
   3.161      0.172026
   3.165      0.170982
   3.169      0.169942
   3.173      0.168904
   3.177      0.167871
   3.182      0.166841
   3.186      0.165815
   3.190      0.164792
   3.194      0.163772
   3.198      0.162756
   3.202      0.161744
   3.206      0.160735
   3.210      0.159729
   3.214      0.158727
   3.218      0.157728
   3.223      0.156733
   3.227      0.155741
   3.231      0.154752
   3.235      0.153767
   3.239      0.152785
   3.243      0.151806
   3.247      0.150831
   3.251      0.149859
   3.255      0.148890
   3.259      0.147924
   3.264      0.146962
   3.268      0.146003
   3.272      0.145047
   3.276      0.144094
   3.280      0.143144
   3.284      0.142198
   3.288      0.141254
   3.292      0.140314
   3.296      0.139377
   3.300      0.138443
   3.305      0.137512
   3.309      0.136584
   3.313      0.135660
   3.317      0.134738
   3.321      0.133819
   3.325      0.132903
   3.329      0.131991
   3.333      0.131081
   3.337      0.130174
   3.341      0.129271
   3.346      0.128370
   3.350      0.127472
   3.354      0.126577
   3.358      0.125685
   3.362      0.124796
   3.366      0.123909
   3.370      0.123026
   3.374      0.122145
   3.378      0.121268
   3.382      0.120393
   3.387      0.119521
   3.391      0.118651
   3.395      0.117785
   3.399      0.116921
   3.403      0.116060
   3.407      0.115202
   3.411      0.114346
   3.415      0.113494
   3.419      0.112644
   3.423      0.111796
   3.428      0.110951
   3.432      0.110109
   3.436      0.109270
   3.440      0.108433
   3.444      0.107599
   3.448      0.106768
   3.452      0.105939
   3.456      0.105113
   3.460      0.104289
   3.464      0.103468
   3.469      0.102649
   3.473      0.101833
   3.477      0.101020
   3.481      0.100209
   3.485      0.099400
   3.489      0.098595
   3.493      0.097791
   3.497      0.096990
   3.501      0.096192
   3.505      0.095396
   3.510      0.094602
   3.514      0.093811
   3.518      0.093022
   3.522      0.092236
   3.526      0.091452
   3.530      0.090670
   3.534      0.089891
   3.538      0.089114
   3.542      0.088339
   3.546      0.087567
   3.551      0.086797
   3.555      0.086030
   3.559      0.085265
   3.563      0.084502
   3.567      0.083741
   3.571      0.082983
   3.575      0.082226
   3.579      0.081472
   3.583      0.080721
   3.587      0.079971
   3.592      0.079224
   3.596      0.078479
   3.600      0.077736
   3.604      0.076996
   3.608      0.076257
   3.612      0.075521
   3.616      0.074787
   3.620      0.074055
   3.624      0.073325
   3.628      0.072597
   3.633      0.071871
   3.637      0.071148
   3.641      0.070426
   3.645      0.069707
   3.649      0.068990
   3.653      0.068274
   3.657      0.067561
   3.661      0.066850
   3.665      0.066141
   3.669      0.065434
   3.674      0.064729
   3.678      0.064025
   3.682      0.063324
   3.686      0.062625
   3.690      0.061928
   3.694      0.061233
   3.698      0.060539
   3.702      0.059848
   3.706      0.059158
   3.710      0.058471
   3.715      0.057785
   3.719      0.057101
   3.723      0.056419
   3.727      0.055740
   3.731      0.055061
   3.735      0.054385
   3.739      0.053711
   3.743      0.053038
   3.747      0.052367
   3.751      0.051698
   3.756      0.051031
   3.760      0.050366
   3.764      0.049702
   3.768      0.049041
   3.772      0.048381
   3.776      0.047723
   3.780      0.047066
   3.784      0.046411
   3.788      0.045758
   3.792      0.045107
   3.797      0.044458
   3.801      0.043810
   3.805      0.043164
   3.809      0.042519
   3.813      0.041876
   3.817      0.041235
   3.821      0.040596
   3.825      0.039958
   3.829      0.039322
   3.833      0.038687
   3.838      0.038054
   3.842      0.037423
   3.846      0.036794
   3.850      0.036166
   3.854      0.035539
   3.858      0.034914
   3.862      0.034291
   3.866      0.033669
   3.870      0.033049
   3.874      0.032430
   3.879      0.031813
   3.883      0.031198
   3.887      0.030584
   3.891      0.029971
   3.895      0.029360
   3.899      0.028750
   3.903      0.028142
   3.907      0.027536
   3.911      0.026931
   3.915      0.026327
   3.920      0.025725
   3.924      0.025124
   3.928      0.024525
   3.932      0.023927
   3.936      0.023331
   3.940      0.022736
   3.944      0.022142
   3.948      0.021550
   3.952      0.020959
   3.956      0.020369
   3.961      0.019781
   3.965      0.019195
   3.969      0.018609
   3.973      0.018025
   3.977      0.017442
   3.981      0.016861
   3.985      0.016281
   3.989      0.015702
   3.993      0.015125
   3.997      0.014549
   4.002      0.013974
   4.006      0.013400
   4.010      0.012828
   4.014      0.012257
   4.018      0.011687
   4.022      0.011119
   4.026      0.010552
   4.030      0.009986
   4.034      0.009421
   4.038      0.008857
   4.043      0.008295
   4.047      0.007734
   4.051      0.007174
   4.055      0.006615
   4.059      0.006058
   4.063      0.005501
   4.067      0.004946
   4.071      0.004392
   4.075      0.003839
   4.079      0.003287
   4.084      0.002737
   4.088      0.002187
   4.092      0.001639
   4.096      0.001091
   4.100      0.000545
   4.104      0.000000
