   0.004      2.010103
   0.008      2.010234
   0.012      2.010366
   0.016      2.010585
   0.020      2.010892
   0.025      2.011287
   0.029      2.011770
   0.033      2.012342
   0.037      2.013002
   0.041      2.013752
   0.045      2.014591
   0.049      2.015519
   0.053      2.016537
   0.057      2.017645
   0.061      2.018844
   0.066      2.020132
   0.070      2.021512
   0.074      2.022982
   0.078      2.024544
   0.082      2.026197
   0.086      2.027942
   0.090      2.029778
   0.094      2.031707
   0.098      2.033728
   0.102      2.035841
   0.107      2.038046
   0.111      2.040345
   0.115      2.042736
   0.119      2.045220
   0.123      2.047797
   0.127      2.050466
   0.131      2.053229
   0.135      2.056086
   0.139      2.059035
   0.143      2.062077
   0.148      2.065213
   0.152      2.068441
   0.156      2.071763
   0.160      2.075177
   0.164      2.078685
   0.168      2.082284
   0.172      2.085977
   0.176      2.089761
   0.180      2.093638
   0.184      2.097606
   0.189      2.101665
   0.193      2.105816
   0.197      2.110058
   0.201      2.114389
   0.205      2.118811
   0.209      2.123322
   0.213      2.127922
   0.217      2.132611
   0.221      2.137387
   0.225      2.142251
   0.230      2.147201
   0.234      2.152237
   0.238      2.157358
   0.242      2.162564
   0.246      2.167852
   0.250      2.173224
   0.254      2.178677
   0.258      2.184212
   0.262      2.189825
   0.266      2.195518
   0.271      2.201288
   0.275      2.207135
   0.279      2.213057
   0.283      2.219052
   0.287      2.225121
   0.291      2.231261
   0.295      2.237470
   0.299      2.243748
   0.303      2.250093
   0.307      2.256503
   0.312      2.262977
   0.316      2.269513
   0.320      2.276109
   0.324      2.282763
   0.328      2.289474
   0.332      2.296239
   0.336      2.303057
   0.340      2.309926
   0.344      2.316843
   0.348      2.323807
   0.353      2.330814
   0.357      2.337864
   0.361      2.344952
   0.365      2.352078
   0.369      2.359239
   0.373      2.366431
   0.377      2.373653
   0.381      2.380903
   0.385      2.388176
   0.389      2.395470
   0.394      2.402784
   0.398      2.410113
   0.402      2.417455
   0.406      2.424807
   0.410      2.432166
   0.414      2.439529
   0.418      2.446892
   0.422      2.454253
   0.426      2.461609
   0.430      2.468955
   0.435      2.476290
   0.439      2.483608
   0.443      2.490908
   0.447      2.498185
   0.451      2.505437
   0.455      2.512659
   0.459      2.519848
   0.463      2.527001
   0.467      2.534113
   0.471      2.541182
   0.476      2.548204
   0.480      2.555174
   0.484      2.562090
   0.488      2.568948
   0.492      2.575743
   0.496      2.582473
   0.500      2.589133
   0.504      2.595720
   0.508      2.602230
   0.512      2.608659
   0.517      2.615004
   0.521      2.621261
   0.525      2.627427
   0.529      2.633496
   0.533      2.639467
   0.537      2.645335
   0.541      2.651097
   0.545      2.656749
   0.549      2.662288
   0.553      2.667711
   0.558      2.673013
   0.562      2.678191
   0.566      2.683243
   0.570      2.688165
   0.574      2.692953
   0.578      2.697605
   0.582      2.702118
   0.586      2.706488
   0.590      2.710713
   0.594      2.714789
   0.599      2.718715
   0.603      2.722487
   0.607      2.726102
   0.611      2.729560
   0.615      2.732855
   0.619      2.735988
   0.623      2.738955
   0.627      2.741754
   0.631      2.744384
   0.635      2.746842
   0.640      2.749126
   0.644      2.751236
   0.648      2.753169
   0.652      2.754924
   0.656      2.756500
   0.660      2.757895
   0.664      2.759109
   0.668      2.760140
   0.672      2.760988
   0.676      2.761651
   0.681      2.762130
   0.685      2.762424
   0.689      2.762532
   0.693      2.762455
   0.697      2.762191
   0.701      2.761742
   0.705      2.761107
   0.709      2.760286
   0.713      2.759281
   0.717      2.758090
   0.722      2.756716
   0.726      2.755158
   0.730      2.753418
   0.734      2.751496
   0.738      2.749394
   0.742      2.747112
   0.746      2.744653
   0.750      2.742016
   0.754      2.739204
   0.758      2.736218
   0.763      2.733060
   0.767      2.729732
   0.771      2.726235
   0.775      2.722572
   0.779      2.718743
   0.783      2.714752
   0.787      2.710600
   0.791      2.706290
   0.795      2.701824
   0.799      2.697203
   0.804      2.692432
   0.808      2.687511
   0.812      2.682444
   0.816      2.677232
   0.820      2.671879
   0.824      2.666388
   0.828      2.660760
   0.832      2.654998
   0.836      2.649106
   0.840      2.643085
   0.845      2.636939
   0.849      2.630671
   0.853      2.624282
   0.857      2.617777
   0.861      2.611157
   0.865      2.604426
   0.869      2.597586
   0.873      2.590640
   0.877      2.583591
   0.881      2.576442
   0.886      2.569195
   0.890      2.561854
   0.894      2.554420
   0.898      2.546898
   0.902      2.539288
   0.906      2.531595
   0.910      2.523821
   0.914      2.515968
   0.918      2.508039
   0.922      2.500036
   0.927      2.491963
   0.931      2.483822
   0.935      2.475614
   0.939      2.467344
   0.943      2.459012
   0.947      2.450622
   0.951      2.442175
   0.955      2.433675
   0.959      2.425122
   0.963      2.416521
   0.968      2.407871
   0.972      2.399177
   0.976      2.390440
   0.980      2.381661
   0.984      2.372844
   0.988      2.363989
   0.992      2.355099
   0.996      2.346176
   1.000      2.337221
   1.004      2.328237
   1.009      2.319225
   1.013      2.310187
   1.017      2.301124
   1.021      2.292038
   1.025      2.282931
   1.029      2.273805
   1.033      2.264660
   1.037      2.255498
   1.041      2.246322
   1.045      2.237131
   1.050      2.227928
   1.054      2.218713
   1.058      2.209489
   1.062      2.200256
   1.066      2.191016
   1.070      2.181770
   1.074      2.172518
   1.078      2.163263
   1.082      2.154005
   1.086      2.144745
   1.091      2.135484
   1.095      2.126224
   1.099      2.116965
   1.103      2.107709
   1.107      2.098455
   1.111      2.089206
   1.115      2.079962
   1.119      2.070723
   1.123      2.061492
   1.127      2.052268
   1.132      2.043052
   1.136      2.033845
   1.140      2.024648
   1.144      2.015461
   1.148      2.006286
   1.152      1.997123
   1.156      1.987972
   1.160      1.978834
   1.164      1.969710
   1.168      1.960601
   1.173      1.951507
   1.177      1.942428
   1.181      1.933365
   1.185      1.924320
   1.189      1.915291
   1.193      1.906280
   1.197      1.897287
   1.201      1.888313
   1.205      1.879359
   1.209      1.870424
   1.214      1.861509
   1.218      1.852614
   1.222      1.843741
   1.226      1.834888
   1.230      1.826058
   1.234      1.817249
   1.238      1.808463
   1.242      1.799700
   1.246      1.790960
   1.250      1.782243
   1.255      1.773551
   1.259      1.764882
   1.263      1.756238
   1.267      1.747618
   1.271      1.739024
   1.275      1.730454
   1.279      1.721911
   1.283      1.713393
   1.287      1.704901
   1.291      1.696435
   1.296      1.687996
   1.300      1.679584
   1.304      1.671199
   1.308      1.662840
   1.312      1.654509
   1.316      1.646206
   1.320      1.637930
   1.324      1.629683
   1.328      1.621463
   1.332      1.613272
   1.337      1.605108
   1.341      1.596974
   1.345      1.588868
   1.349      1.580791
   1.353      1.572743
   1.357      1.564724
   1.361      1.556734
   1.365      1.548773
   1.369      1.540842
   1.373      1.532940
   1.378      1.525068
   1.382      1.517226
   1.386      1.509413
   1.390      1.501631
   1.394      1.493878
   1.398      1.486155
   1.402      1.478462
   1.406      1.470800
   1.410      1.463167
   1.414      1.455565
   1.419      1.447993
   1.423      1.440451
   1.427      1.432940
   1.431      1.425459
   1.435      1.418009
   1.439      1.410589
   1.443      1.403200
   1.447      1.395841
   1.451      1.388512
   1.455      1.381215
   1.460      1.373947
   1.464      1.366711
   1.468      1.359504
   1.472      1.352329
   1.476      1.345184
   1.480      1.338069
   1.484      1.330985
   1.488      1.323932
   1.492      1.316909
   1.496      1.309916
   1.501      1.302954
   1.505      1.296023
   1.509      1.289122
   1.513      1.282251
   1.517      1.275411
   1.521      1.268601
   1.525      1.261821
   1.529      1.255072
   1.533      1.248353
   1.537      1.241664
   1.542      1.235005
   1.546      1.228376
   1.550      1.221778
   1.554      1.215209
   1.558      1.208670
   1.562      1.202162
   1.566      1.195683
   1.570      1.189233
   1.574      1.182814
   1.578      1.176424
   1.583      1.170064
   1.587      1.163733
   1.591      1.157432
   1.595      1.151160
   1.599      1.144918
   1.603      1.138705
   1.607      1.132521
   1.611      1.126366
   1.615      1.120240
   1.619      1.114143
   1.624      1.108075
   1.628      1.102036
   1.632      1.096026
   1.636      1.090044
   1.640      1.084091
   1.644      1.078167
   1.648      1.072271
   1.652      1.066403
   1.656      1.060563
   1.660      1.054752
   1.665      1.048969
   1.669      1.043213
   1.673      1.037486
   1.677      1.031787
   1.681      1.026115
   1.685      1.020471
   1.689      1.014854
   1.693      1.009265
   1.697      1.003704
   1.701      0.998169
   1.706      0.992662
   1.710      0.987182
   1.714      0.981729
   1.718      0.976302
   1.722      0.970903
   1.726      0.965530
   1.730      0.960184
   1.734      0.954865
   1.738      0.949572
   1.742      0.944305
   1.747      0.939064
   1.751      0.933850
   1.755      0.928662
   1.759      0.923499
   1.763      0.918363
   1.767      0.913252
   1.771      0.908167
   1.775      0.903107
   1.779      0.898073
   1.783      0.893064
   1.788      0.888080
   1.792      0.883122
   1.796      0.878188
   1.800      0.873280
   1.804      0.868396
   1.808      0.863537
   1.812      0.858703
   1.816      0.853893
   1.820      0.849108
   1.824      0.844347
   1.829      0.839610
   1.833      0.834897
   1.837      0.830208
   1.841      0.825543
   1.845      0.820902
   1.849      0.816285
   1.853      0.811691
   1.857      0.807121
   1.861      0.802574
   1.865      0.798051
   1.870      0.793550
   1.874      0.789073
   1.878      0.784619
   1.882      0.780187
   1.886      0.775778
   1.890      0.771393
   1.894      0.767029
   1.898      0.762688
   1.902      0.758370
   1.906      0.754074
   1.911      0.749799
   1.915      0.745548
   1.919      0.741318
   1.923      0.737109
   1.927      0.732923
   1.931      0.728758
   1.935      0.724615
   1.939      0.720494
   1.943      0.716393
   1.947      0.712314
   1.952      0.708256
   1.956      0.704220
   1.960      0.700204
   1.964      0.696209
   1.968      0.692235
   1.972      0.688281
   1.976      0.684348
   1.980      0.680436
   1.984      0.676544
   1.988      0.672672
   1.993      0.668820
   1.997      0.664989
   2.001      0.661177
   2.005      0.657385
   2.009      0.653613
   2.013      0.649861
   2.017      0.646129
   2.021      0.642416
   2.025      0.638722
   2.029      0.635047
   2.034      0.631392
   2.038      0.627756
   2.042      0.624139
   2.046      0.620541
   2.050      0.616962
   2.054      0.613401
   2.058      0.609859
   2.062      0.606336
   2.066      0.602831
   2.070      0.599344
   2.075      0.595876
   2.079      0.592426
   2.083      0.588994
   2.087      0.585580
   2.091      0.582184
   2.095      0.578805
   2.099      0.575445
   2.103      0.572102
   2.107      0.568777
   2.111      0.565469
   2.116      0.562178
   2.120      0.558905
   2.124      0.555649
   2.128      0.552410
   2.132      0.549188
   2.136      0.545982
   2.140      0.542794
   2.144      0.539623
   2.148      0.536468
   2.152      0.533330
   2.157      0.530208
   2.161      0.527102
   2.165      0.524013
   2.169      0.520940
   2.173      0.517884
   2.177      0.514843
   2.181      0.511818
   2.185      0.508810
   2.189      0.505817
   2.193      0.502839
   2.198      0.499878
   2.202      0.496932
   2.206      0.494001
   2.210      0.491086
   2.214      0.488186
   2.218      0.485301
   2.222      0.482432
   2.226      0.479578
   2.230      0.476738
   2.234      0.473914
   2.239      0.471104
   2.243      0.468309
   2.247      0.465529
   2.251      0.462763
   2.255      0.460012
   2.259      0.457275
   2.263      0.454553
   2.267      0.451845
   2.271      0.449151
   2.275      0.446471
   2.280      0.443806
   2.284      0.441154
   2.288      0.438516
   2.292      0.435892
   2.296      0.433282
   2.300      0.430685
   2.304      0.428103
   2.308      0.425533
   2.312      0.422977
   2.316      0.420435
   2.321      0.417905
   2.325      0.415389
   2.329      0.412887
   2.333      0.410397
   2.337      0.407920
   2.341      0.405456
   2.345      0.403006
   2.349      0.400568
   2.353      0.398142
   2.357      0.395730
   2.362      0.393330
   2.366      0.390942
   2.370      0.388567
   2.374      0.386204
   2.378      0.383854
   2.382      0.381516
   2.386      0.379190
   2.390      0.376876
   2.394      0.374575
   2.398      0.372285
   2.403      0.370007
   2.407      0.367741
   2.411      0.365487
   2.415      0.363245
   2.419      0.361014
   2.423      0.358795
   2.427      0.356587
   2.431      0.354391
   2.435      0.352206
   2.439      0.350033
   2.444      0.347871
   2.448      0.345720
   2.452      0.343580
   2.456      0.341451
   2.460      0.339334
   2.464      0.337227
   2.468      0.335131
   2.472      0.333046
   2.476      0.330972
   2.480      0.328909
   2.485      0.326856
   2.489      0.324814
   2.493      0.322782
   2.497      0.320761
   2.501      0.318751
   2.505      0.316750
   2.509      0.314760
   2.513      0.312781
   2.517      0.310811
   2.521      0.308851
   2.526      0.306902
   2.530      0.304963
   2.534      0.303033
   2.538      0.301114
   2.542      0.299204
   2.546      0.297305
   2.550      0.295414
   2.554      0.293534
   2.558      0.291663
   2.562      0.289802
   2.567      0.287950
   2.571      0.286108
   2.575      0.284275
   2.579      0.282452
   2.583      0.280638
   2.587      0.278833
   2.591      0.277037
   2.595      0.275251
   2.599      0.273473
   2.603      0.271705
   2.608      0.269945
   2.612      0.268195
   2.616      0.266453
   2.620      0.264721
   2.624      0.262997
   2.628      0.261281
   2.632      0.259575
   2.636      0.257877
   2.640      0.256188
   2.644      0.254507
   2.649      0.252835
   2.653      0.251171
   2.657      0.249515
   2.661      0.247868
   2.665      0.246229
   2.669      0.244599
   2.673      0.242976
   2.677      0.241362
   2.681      0.239756
   2.685      0.238158
   2.690      0.236568
   2.694      0.234986
   2.698      0.233411
   2.702      0.231845
   2.706      0.230286
   2.710      0.228736
   2.714      0.227193
   2.718      0.225657
   2.722      0.224130
   2.726      0.222610
   2.731      0.221097
   2.735      0.219592
   2.739      0.218094
   2.743      0.216604
   2.747      0.215122
   2.751      0.213646
   2.755      0.212178
   2.759      0.210717
   2.763      0.209263
   2.767      0.207817
   2.772      0.206378
   2.776      0.204945
   2.780      0.203520
   2.784      0.202102
   2.788      0.200690
   2.792      0.199286
   2.796      0.197888
   2.800      0.196498
   2.804      0.195114
   2.808      0.193737
   2.813      0.192366
   2.817      0.191002
   2.821      0.189645
   2.825      0.188295
   2.829      0.186951
   2.833      0.185613
   2.837      0.184282
   2.841      0.182958
   2.845      0.181639
   2.849      0.180328
   2.854      0.179022
   2.858      0.177723
   2.862      0.176430
   2.866      0.175143
   2.870      0.173862
   2.874      0.172588
   2.878      0.171320
   2.882      0.170057
   2.886      0.168801
   2.890      0.167551
   2.895      0.166306
   2.899      0.165068
   2.903      0.163835
   2.907      0.162608
   2.911      0.161388
   2.915      0.160172
   2.919      0.158963
   2.923      0.157759
   2.927      0.156561
   2.931      0.155369
   2.936      0.154182
   2.940      0.153001
   2.944      0.151825
   2.948      0.150655
   2.952      0.149490
   2.956      0.148331
   2.960      0.147177
   2.964      0.146028
   2.968      0.144885
   2.972      0.143747
   2.977      0.142614
   2.981      0.141487
   2.985      0.140365
   2.989      0.139248
   2.993      0.138136
   2.997      0.137029
   3.001      0.135927
   3.005      0.134830
   3.009      0.133738
   3.013      0.132652
   3.018      0.131570
   3.022      0.130493
   3.026      0.129421
   3.030      0.128354
   3.034      0.127291
   3.038      0.126234
   3.042      0.125181
   3.046      0.124133
   3.050      0.123090
   3.054      0.122051
   3.059      0.121017
   3.063      0.119987
   3.067      0.118963
   3.071      0.117942
   3.075      0.116927
   3.079      0.115915
   3.083      0.114908
   3.087      0.113906
   3.091      0.112908
   3.095      0.111915
   3.100      0.110925
   3.104      0.109940
   3.108      0.108960
   3.112      0.107983
   3.116      0.107011
   3.120      0.106044
   3.124      0.105080
   3.128      0.104120
   3.132      0.103165
   3.136      0.102214
   3.141      0.101266
   3.145      0.100323
   3.149      0.099384
   3.153      0.098449
   3.157      0.097518
   3.161      0.096591
   3.165      0.095667
   3.169      0.094748
   3.173      0.093832
   3.177      0.092921
   3.182      0.092013
   3.186      0.091109
   3.190      0.090209
   3.194      0.089312
   3.198      0.088419
   3.202      0.087530
   3.206      0.086645
   3.210      0.085763
   3.214      0.084885
   3.218      0.084010
   3.223      0.083139
   3.227      0.082271
   3.231      0.081407
   3.235      0.080547
   3.239      0.079690
   3.243      0.078836
   3.247      0.077986
   3.251      0.077139
   3.255      0.076296
   3.259      0.075456
   3.264      0.074619
   3.268      0.073786
   3.272      0.072956
   3.276      0.072129
   3.280      0.071306
   3.284      0.070485
   3.288      0.069668
   3.292      0.068854
   3.296      0.068043
   3.300      0.067235
   3.305      0.066431
   3.309      0.065629
   3.313      0.064831
   3.317      0.064035
   3.321      0.063243
   3.325      0.062454
   3.329      0.061667
   3.333      0.060884
   3.337      0.060103
   3.341      0.059325
   3.346      0.058551
   3.350      0.057779
   3.354      0.057010
   3.358      0.056243
   3.362      0.055480
   3.366      0.054719
   3.370      0.053961
   3.374      0.053206
   3.378      0.052454
   3.382      0.051704
   3.387      0.050957
   3.391      0.050213
   3.395      0.049471
   3.399      0.048732
   3.403      0.047995
   3.407      0.047261
   3.411      0.046530
   3.415      0.045801
   3.419      0.045075
   3.423      0.044351
   3.428      0.043630
   3.432      0.042911
   3.436      0.042194
   3.440      0.041480
   3.444      0.040769
   3.448      0.040060
   3.452      0.039353
   3.456      0.038648
   3.460      0.037946
   3.464      0.037246
   3.469      0.036549
   3.473      0.035853
   3.477      0.035160
   3.481      0.034469
   3.485      0.033781
   3.489      0.033094
   3.493      0.032410
   3.497      0.031728
   3.501      0.031048
   3.505      0.030370
   3.510      0.029695
   3.514      0.029021
   3.518      0.028350
   3.522      0.027680
   3.526      0.027013
   3.530      0.026347
   3.534      0.025684
   3.538      0.025023
   3.542      0.024363
   3.546      0.023706
   3.551      0.023050
   3.555      0.022396
   3.559      0.021745
   3.563      0.021095
   3.567      0.020447
   3.571      0.019801
   3.575      0.019156
   3.579      0.018514
   3.583      0.017873
   3.587      0.017234
   3.592      0.016597
   3.596      0.015961
   3.600      0.015328
   3.604      0.014696
   3.608      0.014065
   3.612      0.013437
   3.616      0.012810
   3.620      0.012185
   3.624      0.011561
   3.628      0.010939
   3.633      0.010318
   3.637      0.009699
   3.641      0.009082
   3.645      0.008466
   3.649      0.007852
   3.653      0.007239
   3.657      0.006628
   3.661      0.006019
   3.665      0.005410
   3.669      0.004804
   3.674      0.004198
   3.678      0.003594
   3.682      0.002992
   3.686      0.002391
   3.690      0.001791
   3.694      0.001193
   3.698      0.000596
   3.702      0.000000
