   0.004     -4.439472
   0.009     -4.439377
   0.013     -4.439283
   0.018     -4.439123
   0.022     -4.438882
   0.027     -4.438548
   0.032     -4.438127
   0.036     -4.437620
   0.040     -4.437033
   0.045     -4.436369
   0.049     -4.435630
   0.054     -4.434821
   0.058     -4.433943
   0.063     -4.432999
   0.067     -4.431992
   0.072     -4.430924
   0.076     -4.429796
   0.081     -4.428611
   0.085     -4.427369
   0.090     -4.426072
   0.094     -4.424720
   0.099     -4.423313
   0.103     -4.421852
   0.108     -4.420336
   0.112     -4.418765
   0.117     -4.417139
   0.121     -4.415457
   0.126     -4.413718
   0.130     -4.411921
   0.135     -4.410064
   0.139     -4.408146
   0.144     -4.406166
   0.148     -4.404123
   0.153     -4.402013
   0.158     -4.399837
   0.162     -4.397592
   0.166     -4.395276
   0.171     -4.392887
   0.175     -4.390424
   0.180     -4.387884
   0.184     -4.385266
   0.189     -4.382568
   0.193     -4.379786
   0.198     -4.376921
   0.202     -4.373968
   0.207     -4.370927
   0.211     -4.367795
   0.216     -4.364570
   0.220     -4.361250
   0.225     -4.357833
   0.229     -4.354316
   0.234     -4.350698
   0.238     -4.346976
   0.243     -4.343148
   0.247     -4.339211
   0.252     -4.335164
   0.257     -4.331005
   0.261     -4.326730
   0.265     -4.322338
   0.270     -4.317826
   0.274     -4.313193
   0.279     -4.308435
   0.283     -4.303550
   0.288     -4.298536
   0.292     -4.293391
   0.297     -4.288113
   0.301     -4.282698
   0.306     -4.277145
   0.310     -4.271451
   0.315     -4.265615
   0.319     -4.259633
   0.324     -4.253503
   0.328     -4.247224
   0.333     -4.240792
   0.337     -4.234207
   0.342     -4.227465
   0.346     -4.220566
   0.351     -4.213506
   0.355     -4.206284
   0.360     -4.198898
   0.364     -4.191347
   0.369     -4.183629
   0.373     -4.175743
   0.378     -4.167687
   0.382     -4.159460
   0.387     -4.151061
   0.391     -4.142489
   0.396     -4.133744
   0.400     -4.124824
   0.405     -4.115729
   0.409     -4.106460
   0.414     -4.097015
   0.418     -4.087395
   0.423     -4.077599
   0.427     -4.067629
   0.432     -4.057485
   0.436     -4.047167
   0.441     -4.036675
   0.445     -4.026012
   0.450     -4.015177
   0.454     -4.004172
   0.459     -3.992997
   0.463     -3.981655
   0.468     -3.970147
   0.472     -3.958473
   0.477     -3.946636
   0.481     -3.934637
   0.486     -3.922478
   0.490     -3.910159
   0.495     -3.897683
   0.499     -3.885052
   0.504     -3.872267
   0.508     -3.859330
   0.513     -3.846242
   0.517     -3.833005
   0.522     -3.819622
   0.526     -3.806092
   0.531     -3.792418
   0.535     -3.778603
   0.540     -3.764646
   0.544     -3.750550
   0.549     -3.736317
   0.553     -3.721947
   0.558     -3.707444
   0.562     -3.692807
   0.567     -3.678039
   0.572     -3.663141
   0.576     -3.648115
   0.580     -3.632962
   0.585     -3.617684
   0.589     -3.602283
   0.594     -3.586759
   0.598     -3.571116
   0.603     -3.555353
   0.607     -3.539472
   0.612     -3.523476
   0.616     -3.507365
   0.621     -3.491142
   0.625     -3.474807
   0.630     -3.458362
   0.634     -3.441808
   0.639     -3.425148
   0.643     -3.408381
   0.648     -3.391510
   0.652     -3.374537
   0.657     -3.357461
   0.661     -3.340285
   0.666     -3.323009
   0.670     -3.305635
   0.675     -3.288164
   0.679     -3.270597
   0.684     -3.252934
   0.689     -3.235178
   0.693     -3.217328
   0.697     -3.199386
   0.702     -3.181352
   0.706     -3.163228
   0.711     -3.145014
   0.715     -3.126710
   0.720     -3.108319
   0.724     -3.089839
   0.729     -3.071272
   0.733     -3.052619
   0.738     -3.033881
   0.742     -3.015057
   0.747     -2.996148
   0.751     -2.977156
   0.756     -2.958081
   0.760     -2.938923
   0.765     -2.919684
   0.769     -2.900363
   0.774     -2.880962
   0.778     -2.861482
   0.783     -2.841923
   0.787     -2.822285
   0.792     -2.802570
   0.796     -2.782779
   0.801     -2.762913
   0.805     -2.742971
   0.810     -2.722956
   0.814     -2.702868
   0.819     -2.682709
   0.823     -2.662479
   0.828     -2.642179
   0.832     -2.621810
   0.837     -2.601375
   0.841     -2.580873
   0.846     -2.560305
   0.850     -2.539675
   0.855     -2.518981
   0.859     -2.498227
   0.864     -2.477413
   0.868     -2.456540
   0.873     -2.435610
   0.877     -2.414625
   0.882     -2.393586
   0.886     -2.372494
   0.891     -2.351351
   0.895     -2.330159
   0.900     -2.308918
   0.904     -2.287632
   0.909     -2.266301
   0.913     -2.244927
   0.918     -2.223512
   0.922     -2.202057
   0.927     -2.180565
   0.931     -2.159036
   0.936     -2.137472
   0.940     -2.115876
   0.945     -2.094249
   0.949     -2.072592
   0.954     -2.050907
   0.958     -2.029197
   0.963     -2.007462
   0.967     -1.985705
   0.972     -1.963927
   0.976     -1.942130
   0.981     -1.920316
   0.985     -1.898487
   0.990     -1.876644
   0.994     -1.854791
   0.999     -1.832928
   1.003     -1.811058
   1.008     -1.789183
   1.012     -1.767305
   1.017     -1.745427
   1.021     -1.723550
   1.026     -1.701677
   1.030     -1.679810
   1.035     -1.657952
   1.039     -1.636105
   1.044     -1.614271
   1.048     -1.592454
   1.053     -1.570655
   1.057     -1.548877
   1.062     -1.527123
   1.067     -1.505395
   1.071     -1.483696
   1.075     -1.462029
   1.080     -1.440396
   1.085     -1.418800
   1.089     -1.397243
   1.093     -1.375729
   1.098     -1.354259
   1.102     -1.332837
   1.107     -1.311466
   1.111     -1.290147
   1.116     -1.268883
   1.120     -1.247677
   1.125     -1.226532
   1.129     -1.205451
   1.134     -1.184434
   1.138     -1.163486
   1.143     -1.142609
   1.147     -1.121805
   1.152     -1.101076
   1.156     -1.080424
   1.161     -1.059853
   1.165     -1.039364
   1.170     -1.018960
   1.174     -0.998642
   1.179     -0.978413
   1.183     -0.958275
   1.188     -0.938230
   1.192     -0.918280
   1.197     -0.898426
   1.202     -0.878671
   1.206     -0.859017
   1.210     -0.839465
   1.215     -0.820016
   1.219     -0.800673
   1.224     -0.781437
   1.228     -0.762310
   1.233     -0.743293
   1.237     -0.724387
   1.242     -0.705594
   1.246     -0.686916
   1.251     -0.668352
   1.255     -0.649905
   1.260     -0.631577
   1.264     -0.613366
   1.269     -0.595276
   1.273     -0.577307
   1.278     -0.559459
   1.282     -0.541734
   1.287     -0.524133
   1.291     -0.506656
   1.296     -0.489303
   1.300     -0.472077
   1.305     -0.454977
   1.309     -0.438004
   1.314     -0.421159
   1.319     -0.404442
   1.323     -0.387853
   1.327     -0.371393
   1.332     -0.355063
   1.336     -0.338862
   1.341     -0.322792
   1.345     -0.306852
   1.350     -0.291043
   1.354     -0.275364
   1.359     -0.259817
   1.363     -0.244401
   1.368     -0.229116
   1.372     -0.213963
   1.377     -0.198941
   1.381     -0.184051
   1.386     -0.169293
   1.390     -0.154666
   1.395     -0.140171
   1.399     -0.125808
   1.404     -0.111576
   1.408     -0.097475
   1.413     -0.083505
   1.417     -0.069667
   1.422     -0.055960
   1.426     -0.042383
   1.431     -0.028937
   1.435     -0.015621
   1.440     -0.002436
   1.444      0.010620
   1.449      0.023546
   1.453      0.036343
   1.458      0.049011
   1.462      0.061550
   1.467      0.073961
   1.471      0.086244
   1.476      0.098399
   1.480      0.110427
   1.485      0.122328
   1.489      0.134102
   1.494      0.145751
   1.498      0.157273
   1.503      0.168671
   1.507      0.179943
   1.512      0.191091
   1.516      0.202115
   1.521      0.213016
   1.525      0.223794
   1.530      0.234449
   1.534      0.244982
   1.539      0.255394
   1.543      0.265685
   1.548      0.275855
   1.552      0.285905
   1.557      0.295836
   1.561      0.305647
   1.566      0.315341
   1.570      0.324916
   1.575      0.334375
   1.579      0.343716
   1.584      0.352942
   1.588      0.362051
   1.593      0.371046
   1.597      0.379926
   1.602      0.388693
   1.606      0.397346
   1.611      0.405887
   1.615      0.414315
   1.620      0.422632
   1.624      0.430838
   1.629      0.438934
   1.633      0.446920
   1.638      0.454797
   1.642      0.462565
   1.647      0.470226
   1.651      0.477780
   1.656      0.485227
   1.660      0.492568
   1.665      0.499803
   1.669      0.506934
   1.674      0.513961
   1.678      0.520885
   1.683      0.527706
   1.687      0.534424
   1.692      0.541041
   1.696      0.547557
   1.701      0.553973
   1.705      0.560290
   1.710      0.566507
   1.714      0.572626
   1.719      0.578648
   1.723      0.584572
   1.728      0.590400
   1.732      0.596132
   1.737      0.601770
   1.741      0.607312
   1.746      0.612761
   1.750      0.618117
   1.755      0.623381
   1.759      0.628552
   1.764      0.633633
   1.768      0.638622
   1.773      0.643522
   1.777      0.648333
   1.782      0.653055
   1.786      0.657689
   1.791      0.662236
   1.795      0.666696
   1.800      0.671070
   1.804      0.675359
   1.809      0.679563
   1.813      0.683682
   1.818      0.687719
   1.822      0.691672
   1.827      0.695544
   1.831      0.699333
   1.836      0.703042
   1.840      0.706671
   1.845      0.710220
   1.849      0.713689
   1.854      0.717081
   1.858      0.720395
   1.863      0.723631
   1.867      0.726791
   1.872      0.729875
   1.876      0.732884
   1.881      0.735818
   1.885      0.738678
   1.890      0.741465
   1.894      0.744179
   1.899      0.746820
   1.903      0.749390
   1.908      0.751889
   1.912      0.754318
   1.917      0.756677
   1.921      0.758966
   1.926      0.761187
   1.930      0.763340
   1.935      0.765426
   1.939      0.767445
   1.944      0.769398
   1.948      0.771285
   1.953      0.773107
   1.957      0.774864
   1.962      0.776558
   1.966      0.778188
   1.971      0.779756
   1.975      0.781261
   1.980      0.782705
   1.984      0.784088
   1.989      0.785411
   1.993      0.786673
   1.998      0.787877
   2.002      0.789021
   2.007      0.790107
   2.011      0.791136
   2.016      0.792107
   2.020      0.793022
   2.025      0.793881
   2.029      0.794684
   2.034      0.795433
   2.038      0.796127
   2.043      0.796767
   2.047      0.797354
   2.052      0.797888
   2.056      0.798370
   2.061      0.798800
   2.065      0.799179
   2.070      0.799507
   2.075      0.799785
   2.079      0.800014
   2.083      0.800193
   2.088      0.800324
   2.092      0.800406
   2.097      0.800441
   2.101      0.800429
   2.106      0.800370
   2.111      0.800265
   2.115      0.800114
   2.119      0.799918
   2.124      0.799678
   2.128      0.799393
   2.133      0.799065
   2.137      0.798693
   2.142      0.798278
   2.146      0.797822
   2.151      0.797323
   2.155      0.796783
   2.160      0.796203
   2.164      0.795582
   2.169      0.794920
   2.173      0.794220
   2.178      0.793480
   2.182      0.792702
   2.187      0.791886
   2.192      0.791032
   2.196      0.790140
   2.200      0.789212
   2.205      0.788247
   2.209      0.787247
   2.214      0.786211
   2.218      0.785140
   2.223      0.784034
   2.228      0.782894
   2.232      0.781720
   2.236      0.780513
   2.241      0.779273
   2.245      0.778000
   2.250      0.776695
   2.254      0.775358
   2.259      0.773990
   2.263      0.772591
   2.268      0.771161
   2.272      0.769702
   2.277      0.768212
   2.281      0.766693
   2.286      0.765146
   2.290      0.763569
   2.295      0.761965
   2.299      0.760332
   2.304      0.758672
   2.308      0.756985
   2.313      0.755272
   2.317      0.753532
   2.322      0.751766
   2.326      0.749974
   2.331      0.748157
   2.335      0.746316
   2.340      0.744450
   2.345      0.742559
   2.349      0.740645
   2.353      0.738708
   2.358      0.736747
   2.362      0.734763
   2.367      0.732758
   2.371      0.730730
   2.376      0.728680
   2.380      0.726609
   2.385      0.724517
   2.389      0.722404
   2.394      0.720271
   2.398      0.718117
   2.403      0.715944
   2.407      0.713752
   2.412      0.711540
   2.416      0.709309
   2.421      0.707060
   2.425      0.704793
   2.430      0.702508
   2.434      0.700206
   2.439      0.697886
   2.443      0.695549
   2.448      0.693196
   2.452      0.690826
   2.457      0.688440
   2.462      0.686038
   2.466      0.683621
   2.470      0.681189
   2.475      0.678742
   2.479      0.676280
   2.484      0.673804
   2.488      0.671314
   2.493      0.668810
   2.497      0.666293
   2.502      0.663762
   2.506      0.661218
   2.511      0.658662
   2.515      0.656093
   2.520      0.653512
   2.524      0.650920
   2.529      0.648315
   2.533      0.645699
   2.538      0.643073
   2.542      0.640435
   2.547      0.637787
   2.551      0.635128
   2.556      0.632459
   2.560      0.629780
   2.565      0.627092
   2.569      0.624395
   2.574      0.621688
   2.579      0.618972
   2.583      0.616248
   2.587      0.613515
   2.592      0.610774
   2.596      0.608025
   2.601      0.605269
   2.605      0.602504
   2.610      0.599733
   2.614      0.596954
   2.619      0.594169
   2.623      0.591377
   2.628      0.588579
   2.632      0.585774
   2.637      0.582964
   2.641      0.580148
   2.646      0.577326
   2.650      0.574499
   2.655      0.571666
   2.659      0.568829
   2.664      0.565987
   2.668      0.563141
   2.673      0.560290
   2.677      0.557435
   2.682      0.554576
   2.686      0.551714
   2.691      0.548847
   2.696      0.545978
   2.700      0.543105
   2.704      0.540230
   2.709      0.537351
   2.713      0.534470
   2.718      0.531586
   2.722      0.528701
   2.727      0.525813
   2.731      0.522923
   2.736      0.520032
   2.740      0.517139
   2.745      0.514244
   2.749      0.511349
   2.754      0.508452
   2.758      0.505555
   2.763      0.502657
   2.767      0.499758
   2.772      0.496859
   2.776      0.493960
   2.781      0.491061
   2.785      0.488161
   2.790      0.485263
   2.794      0.482364
   2.799      0.479466
   2.803      0.476569
   2.808      0.473673
   2.812      0.470777
   2.817      0.467883
   2.821      0.464991
   2.826      0.462099
   2.830      0.459210
   2.835      0.456322
   2.839      0.453436
   2.844      0.450552
   2.848      0.447670
   2.853      0.444791
   2.857      0.441914
   2.862      0.439040
   2.866      0.436168
   2.871      0.433299
   2.875      0.430433
   2.880      0.427571
   2.884      0.424711
   2.889      0.421855
   2.893      0.419003
   2.898      0.416154
   2.902      0.413309
   2.907      0.410467
   2.911      0.407630
   2.916      0.404797
   2.920      0.401968
   2.925      0.399143
   2.929      0.396323
   2.934      0.393507
   2.938      0.390696
   2.943      0.387890
   2.947      0.385089
   2.952      0.382293
   2.956      0.379502
   2.961      0.376716
   2.965      0.373935
   2.970      0.371160
   2.974      0.368391
   2.979      0.365627
   2.983      0.362869
   2.988      0.360117
   2.992      0.357370
   2.997      0.354630
   3.001      0.351896
   3.006      0.349168
   3.010      0.346447
   3.015      0.343732
   3.019      0.341023
   3.024      0.338322
   3.028      0.335627
   3.033      0.332938
   3.037      0.330257
   3.042      0.327582
   3.046      0.324915
   3.051      0.322255
   3.055      0.319602
   3.060      0.316957
   3.064      0.314319
   3.069      0.311688
   3.073      0.309065
   3.078      0.306449
   3.082      0.303842
   3.087      0.301242
   3.091      0.298650
   3.096      0.296066
   3.100      0.293490
   3.105      0.290923
   3.109      0.288363
   3.114      0.285812
   3.118      0.283269
   3.123      0.280735
   3.127      0.278209
   3.132      0.275692
   3.136      0.273183
   3.141      0.270683
   3.145      0.268192
   3.150      0.265709
   3.154      0.263236
   3.159      0.260771
   3.163      0.258316
   3.168      0.255870
   3.172      0.253433
   3.177      0.251005
   3.181      0.248586
   3.186      0.246177
   3.190      0.243777
   3.195      0.241387
   3.199      0.239006
   3.204      0.236635
   3.208      0.234273
   3.213      0.231921
   3.217      0.229579
   3.222      0.227247
   3.226      0.224924
   3.231      0.222612
   3.235      0.220310
   3.240      0.218017
   3.244      0.215735
   3.249      0.213463
   3.253      0.211201
   3.258      0.208949
   3.262      0.206707
   3.267      0.204476
   3.271      0.202256
   3.276      0.200045
   3.280      0.197846
   3.285      0.195656
   3.289      0.193478
   3.294      0.191310
   3.298      0.189152
   3.303      0.187005
   3.307      0.184869
   3.312      0.182744
   3.316      0.180630
   3.321      0.178527
   3.325      0.176434
   3.330      0.174353
   3.334      0.172282
   3.339      0.170223
   3.343      0.168174
   3.348      0.166137
   3.352      0.164111
   3.357      0.162096
   3.361      0.160092
   3.366      0.158100
   3.370      0.156119
   3.375      0.154149
   3.379      0.152191
   3.384      0.150244
   3.388      0.148308
   3.393      0.146384
   3.397      0.144472
   3.402      0.142571
   3.406      0.140681
   3.411      0.138803
   3.415      0.136937
   3.420      0.135083
   3.424      0.133240
   3.429      0.131409
   3.433      0.129590
   3.438      0.127782
   3.442      0.125987
   3.447      0.124203
   3.451      0.122431
   3.456      0.120671
   3.460      0.118923
   3.465      0.117186
   3.469      0.115462
   3.474      0.113750
   3.478      0.112050
   3.483      0.110362
   3.487      0.108686
   3.492      0.107022
   3.496      0.105370
   3.501      0.103731
   3.505      0.102103
   3.510      0.100488
   3.514      0.098885
   3.519      0.097294
   3.523      0.095716
   3.528      0.094150
   3.532      0.092596
   3.537      0.091054
   3.541      0.089525
   3.546      0.088008
   3.550      0.086504
   3.555      0.085012
   3.559      0.083532
   3.564      0.082065
   3.568      0.080610
   3.573      0.079168
   3.577      0.077738
   3.582      0.076321
   3.586      0.074917
   3.591      0.073525
   3.595      0.072145
   3.600      0.070778
   3.604      0.069424
   3.609      0.068082
   3.613      0.066753
   3.618      0.065436
   3.622      0.064133
   3.627      0.062841
   3.631      0.061563
   3.636      0.060297
   3.640      0.059044
   3.645      0.057804
   3.649      0.056576
   3.654      0.055361
   3.658      0.054159
   3.663      0.052970
   3.667      0.051793
   3.672      0.050629
   3.676      0.049478
   3.681      0.048340
   3.685      0.047215
   3.690      0.046102
   3.694      0.045003
   3.699      0.043916
   3.703      0.042842
   3.708      0.041781
   3.712      0.040732
   3.717      0.039697
   3.721      0.038675
   3.726      0.037665
   3.730      0.036668
   3.735      0.035684
   3.739      0.034713
   3.744      0.033755
   3.748      0.032810
   3.753      0.031878
   3.757      0.030958
   3.762      0.030052
   3.766      0.029159
   3.771      0.028278
   3.775      0.027410
   3.780      0.026555
   3.784      0.025714
   3.789      0.024885
   3.793      0.024068
   3.798      0.023265
   3.802      0.022475
   3.807      0.021698
   3.811      0.020933
   3.816      0.020181
   3.820      0.019443
   3.825      0.018717
   3.829      0.018004
   3.834      0.017303
   3.838      0.016616
   3.843      0.015941
   3.847      0.015279
   3.852      0.014630
   3.856      0.013994
   3.861      0.013371
   3.865      0.012760
   3.870      0.012161
   3.874      0.011576
   3.879      0.011003
   3.883      0.010443
   3.888      0.009895
   3.892      0.009360
   3.897      0.008837
   3.901      0.008327
   3.906      0.007829
   3.910      0.007343
   3.915      0.006869
   3.919      0.006408
   3.924      0.005959
   3.928      0.005522
   3.933      0.005096
   3.937      0.004683
   3.942      0.004281
   3.946      0.003891
   3.951      0.003512
   3.955      0.003144
   3.960      0.002787
   3.964      0.002441
   3.969      0.002106
   3.973      0.001780
   3.978      0.001464
   3.982      0.001157
   3.987      0.000858
   3.991      0.000567
   3.996      0.000282
   4.000      0.000000
