   0.004      1.590133
   0.009      1.590215
   0.013      1.590298
   0.018      1.590441
   0.022      1.590639
   0.027      1.590894
   0.032      1.591203
   0.036      1.591568
   0.040      1.591988
   0.045      1.592463
   0.049      1.592994
   0.054      1.593580
   0.058      1.594223
   0.063      1.594922
   0.067      1.595677
   0.072      1.596490
   0.076      1.597359
   0.081      1.598285
   0.085      1.599268
   0.090      1.600310
   0.094      1.601409
   0.099      1.602566
   0.103      1.603781
   0.108      1.605054
   0.112      1.606386
   0.117      1.607776
   0.121      1.609225
   0.126      1.610733
   0.130      1.612299
   0.135      1.613925
   0.139      1.615610
   0.144      1.617354
   0.148      1.619157
   0.153      1.621019
   0.158      1.622941
   0.162      1.624922
   0.166      1.626963
   0.171      1.629062
   0.175      1.631221
   0.180      1.633440
   0.184      1.635717
   0.189      1.638054
   0.193      1.640450
   0.198      1.642905
   0.202      1.645419
   0.207      1.647992
   0.211      1.650623
   0.216      1.653314
   0.220      1.656062
   0.225      1.658869
   0.229      1.661734
   0.234      1.664656
   0.238      1.667636
   0.243      1.670674
   0.247      1.673768
   0.252      1.676920
   0.257      1.680128
   0.261      1.683392
   0.265      1.686712
   0.270      1.690087
   0.274      1.693517
   0.279      1.697002
   0.283      1.700541
   0.288      1.704134
   0.292      1.707781
   0.297      1.711480
   0.301      1.715231
   0.306      1.719034
   0.310      1.722888
   0.315      1.726792
   0.319      1.730746
   0.324      1.734750
   0.328      1.738802
   0.333      1.742902
   0.337      1.747049
   0.342      1.751242
   0.346      1.755481
   0.351      1.759764
   0.355      1.764091
   0.360      1.768462
   0.364      1.772874
   0.369      1.777327
   0.373      1.781821
   0.378      1.786354
   0.382      1.790924
   0.387      1.795532
   0.391      1.800176
   0.396      1.804855
   0.400      1.809567
   0.405      1.814311
   0.409      1.819087
   0.414      1.823893
   0.418      1.828728
   0.423      1.833590
   0.427      1.838478
   0.432      1.843390
   0.436      1.848326
   0.441      1.853283
   0.445      1.858261
   0.450      1.863258
   0.454      1.868271
   0.459      1.873300
   0.463      1.878344
   0.468      1.883399
   0.472      1.888465
   0.477      1.893541
   0.481      1.898623
   0.486      1.903711
   0.490      1.908802
   0.495      1.913895
   0.499      1.918989
   0.504      1.924080
   0.508      1.929168
   0.513      1.934249
   0.517      1.939323
   0.522      1.944388
   0.526      1.949441
   0.531      1.954480
   0.535      1.959504
   0.540      1.964510
   0.544      1.969496
   0.549      1.974460
   0.553      1.979400
   0.558      1.984315
   0.562      1.989201
   0.567      1.994057
   0.572      1.998881
   0.576      2.003671
   0.580      2.008424
   0.585      2.013138
   0.589      2.017811
   0.594      2.022442
   0.598      2.027028
   0.603      2.031566
   0.607      2.036056
   0.612      2.040494
   0.616      2.044878
   0.621      2.049208
   0.625      2.053479
   0.630      2.057691
   0.634      2.061842
   0.639      2.065929
   0.643      2.069950
   0.648      2.073903
   0.652      2.077786
   0.657      2.081598
   0.661      2.085336
   0.666      2.088998
   0.670      2.092582
   0.675      2.096087
   0.679      2.099511
   0.684      2.102851
   0.689      2.106105
   0.693      2.109273
   0.697      2.112352
   0.702      2.115340
   0.706      2.118235
   0.711      2.121037
   0.715      2.123742
   0.720      2.126350
   0.724      2.128858
   0.729      2.131266
   0.733      2.133571
   0.738      2.135773
   0.742      2.137869
   0.747      2.139859
   0.751      2.141741
   0.756      2.143513
   0.760      2.145175
   0.765      2.146725
   0.769      2.148162
   0.774      2.149485
   0.778      2.150693
   0.783      2.151786
   0.787      2.152761
   0.792      2.153619
   0.796      2.154359
   0.801      2.154979
   0.805      2.155480
   0.810      2.155861
   0.814      2.156122
   0.819      2.156261
   0.823      2.156279
   0.828      2.156175
   0.832      2.155950
   0.837      2.155603
   0.841      2.155134
   0.846      2.154543
   0.850      2.153830
   0.855      2.152995
   0.859      2.152040
   0.864      2.150963
   0.868      2.149766
   0.873      2.148448
   0.877      2.147010
   0.882      2.145454
   0.886      2.143779
   0.891      2.141986
   0.895      2.140076
   0.900      2.138050
   0.904      2.135908
   0.909      2.133652
   0.913      2.131283
   0.918      2.128801
   0.922      2.126208
   0.927      2.123504
   0.931      2.120692
   0.936      2.117771
   0.940      2.114744
   0.945      2.111612
   0.949      2.108376
   0.954      2.105038
   0.958      2.101598
   0.963      2.098059
   0.967      2.094422
   0.972      2.090688
   0.976      2.086859
   0.981      2.082936
   0.985      2.078922
   0.990      2.074817
   0.994      2.070623
   0.999      2.066343
   1.003      2.061977
   1.008      2.057527
   1.012      2.052995
   1.017      2.048383
   1.021      2.043693
   1.026      2.038925
   1.030      2.034082
   1.035      2.029166
   1.039      2.024177
   1.044      2.019119
   1.048      2.013992
   1.053      2.008799
   1.057      2.003541
   1.062      1.998219
   1.067      1.992836
   1.071      1.987393
   1.075      1.981892
   1.080      1.976334
   1.085      1.970721
   1.089      1.965054
   1.093      1.959336
   1.098      1.953568
   1.102      1.947752
   1.107      1.941888
   1.111      1.935979
   1.116      1.930026
   1.120      1.924031
   1.125      1.917994
   1.129      1.911919
   1.134      1.905805
   1.138      1.899654
   1.143      1.893469
   1.147      1.887249
   1.152      1.880997
   1.156      1.874714
   1.161      1.868401
   1.165      1.862059
   1.170      1.855690
   1.174      1.849295
   1.179      1.842875
   1.183      1.836431
   1.188      1.829965
   1.192      1.823478
   1.197      1.816970
   1.202      1.810443
   1.206      1.803897
   1.210      1.797335
   1.215      1.790756
   1.219      1.784163
   1.224      1.777555
   1.228      1.770935
   1.233      1.764302
   1.237      1.757657
   1.242      1.751003
   1.246      1.744338
   1.251      1.737665
   1.255      1.730984
   1.260      1.724297
   1.264      1.717602
   1.269      1.710903
   1.273      1.704198
   1.278      1.697489
   1.282      1.690777
   1.287      1.684063
   1.291      1.677346
   1.296      1.670629
   1.300      1.663910
   1.305      1.657191
   1.309      1.650474
   1.314      1.643757
   1.319      1.637042
   1.323      1.630329
   1.327      1.623619
   1.332      1.616912
   1.336      1.610210
   1.341      1.603512
   1.345      1.596818
   1.350      1.590130
   1.354      1.583448
   1.359      1.576773
   1.363      1.570104
   1.368      1.563442
   1.372      1.556788
   1.377      1.550142
   1.381      1.543504
   1.386      1.536876
   1.390      1.530256
   1.395      1.523646
   1.399      1.517046
   1.404      1.510456
   1.408      1.503877
   1.413      1.497309
   1.417      1.490752
   1.422      1.484207
   1.426      1.477674
   1.431      1.471153
   1.435      1.464644
   1.440      1.458148
   1.444      1.451666
   1.449      1.445196
   1.453      1.438740
   1.458      1.432298
   1.462      1.425870
   1.467      1.419457
   1.471      1.413058
   1.476      1.406674
   1.480      1.400304
   1.485      1.393950
   1.489      1.387612
   1.494      1.381289
   1.498      1.374982
   1.503      1.368691
   1.507      1.362416
   1.512      1.356157
   1.516      1.349915
   1.521      1.343690
   1.525      1.337482
   1.530      1.331290
   1.534      1.325116
   1.539      1.318959
   1.543      1.312820
   1.548      1.306698
   1.552      1.300595
   1.557      1.294508
   1.561      1.288440
   1.566      1.282391
   1.570      1.276359
   1.575      1.270346
   1.579      1.264351
   1.584      1.258375
   1.588      1.252417
   1.593      1.246478
   1.597      1.240558
   1.602      1.234657
   1.606      1.228775
   1.611      1.222913
   1.615      1.217069
   1.620      1.211245
   1.624      1.205440
   1.629      1.199654
   1.633      1.193888
   1.638      1.188142
   1.642      1.182415
   1.647      1.176708
   1.651      1.171020
   1.656      1.165352
   1.660      1.159704
   1.665      1.154076
   1.669      1.148468
   1.674      1.142880
   1.678      1.137312
   1.683      1.131764
   1.687      1.126236
   1.692      1.120728
   1.696      1.115240
   1.701      1.109772
   1.705      1.104325
   1.710      1.098897
   1.714      1.093490
   1.719      1.088103
   1.723      1.082736
   1.728      1.077390
   1.732      1.072064
   1.737      1.066758
   1.741      1.061472
   1.746      1.056206
   1.750      1.050961
   1.755      1.045737
   1.759      1.040532
   1.764      1.035348
   1.768      1.030184
   1.773      1.025040
   1.777      1.019916
   1.782      1.014813
   1.786      1.009730
   1.791      1.004668
   1.795      0.999625
   1.800      0.994603
   1.804      0.989601
   1.809      0.984619
   1.813      0.979657
   1.818      0.974715
   1.822      0.969794
   1.827      0.964892
   1.831      0.960011
   1.836      0.955149
   1.840      0.950308
   1.845      0.945487
   1.849      0.940685
   1.854      0.935904
   1.858      0.931142
   1.863      0.926400
   1.867      0.921678
   1.872      0.916976
   1.876      0.912294
   1.881      0.907631
   1.885      0.902988
   1.890      0.898365
   1.894      0.893761
   1.899      0.889177
   1.903      0.884612
   1.908      0.880067
   1.912      0.875541
   1.917      0.871035
   1.921      0.866548
   1.926      0.862081
   1.930      0.857632
   1.935      0.853203
   1.939      0.848793
   1.944      0.844402
   1.948      0.840031
   1.953      0.835678
   1.957      0.831344
   1.962      0.827029
   1.966      0.822734
   1.971      0.818456
   1.975      0.814198
   1.980      0.809959
   1.984      0.805738
   1.989      0.801536
   1.993      0.797352
   1.998      0.793187
   2.002      0.789040
   2.007      0.784912
   2.011      0.780802
   2.016      0.776710
   2.020      0.772637
   2.025      0.768581
   2.029      0.764544
   2.034      0.760525
   2.038      0.756524
   2.043      0.752541
   2.047      0.748576
   2.052      0.744629
   2.056      0.740699
   2.061      0.736787
   2.065      0.732893
   2.070      0.729017
   2.075      0.725158
   2.079      0.721316
   2.083      0.717492
   2.088      0.713686
   2.092      0.709896
   2.097      0.706124
   2.101      0.702369
   2.106      0.698632
   2.111      0.694911
   2.115      0.691207
   2.119      0.687521
   2.124      0.683851
   2.128      0.680198
   2.133      0.676562
   2.137      0.672942
   2.142      0.669339
   2.146      0.665753
   2.151      0.662183
   2.155      0.658630
   2.160      0.655093
   2.164      0.651572
   2.169      0.648068
   2.173      0.644580
   2.178      0.641108
   2.182      0.637652
   2.187      0.634212
   2.192      0.630788
   2.196      0.627380
   2.200      0.623988
   2.205      0.620612
   2.209      0.617251
   2.214      0.613906
   2.218      0.610576
   2.223      0.607262
   2.228      0.603964
   2.232      0.600680
   2.236      0.597413
   2.241      0.594160
   2.245      0.590923
   2.250      0.587700
   2.254      0.584493
   2.259      0.581301
   2.263      0.578124
   2.268      0.574961
   2.272      0.571814
   2.277      0.568681
   2.281      0.565563
   2.286      0.562460
   2.290      0.559371
   2.295      0.556296
   2.299      0.553237
   2.304      0.550191
   2.308      0.547160
   2.313      0.544143
   2.317      0.541140
   2.322      0.538152
   2.326      0.535177
   2.331      0.532217
   2.335      0.529270
   2.340      0.526337
   2.345      0.523419
   2.349      0.520513
   2.353      0.517622
   2.358      0.514744
   2.362      0.511880
   2.367      0.509030
   2.371      0.506193
   2.376      0.503369
   2.380      0.500558
   2.385      0.497761
   2.389      0.494977
   2.394      0.492207
   2.398      0.489449
   2.403      0.486705
   2.407      0.483973
   2.412      0.481254
   2.416      0.478549
   2.421      0.475856
   2.425      0.473175
   2.430      0.470508
   2.434      0.467853
   2.439      0.465211
   2.443      0.462581
   2.448      0.459963
   2.452      0.457358
   2.457      0.454766
   2.462      0.452186
   2.466      0.449617
   2.470      0.447061
   2.475      0.444518
   2.479      0.441986
   2.484      0.439466
   2.488      0.436958
   2.493      0.434462
   2.497      0.431978
   2.502      0.429506
   2.506      0.427045
   2.511      0.424596
   2.515      0.422158
   2.520      0.419733
   2.524      0.417318
   2.529      0.414915
   2.533      0.412524
   2.538      0.410143
   2.542      0.407775
   2.547      0.405417
   2.551      0.403070
   2.556      0.400735
   2.560      0.398410
   2.565      0.396097
   2.569      0.393794
   2.574      0.391503
   2.579      0.389222
   2.583      0.386952
   2.587      0.384693
   2.592      0.382444
   2.596      0.380206
   2.601      0.377979
   2.605      0.375762
   2.610      0.373556
   2.614      0.371360
   2.619      0.369174
   2.623      0.366999
   2.628      0.364834
   2.632      0.362679
   2.637      0.360535
   2.641      0.358400
   2.646      0.356276
   2.650      0.354161
   2.655      0.352057
   2.659      0.349962
   2.664      0.347878
   2.668      0.345803
   2.673      0.343738
   2.677      0.341682
   2.682      0.339637
   2.686      0.337601
   2.691      0.335574
   2.696      0.333557
   2.700      0.331549
   2.704      0.329551
   2.709      0.327563
   2.713      0.325583
   2.718      0.323613
   2.722      0.321652
   2.727      0.319700
   2.731      0.317758
   2.736      0.315824
   2.740      0.313900
   2.745      0.311984
   2.749      0.310078
   2.754      0.308180
   2.758      0.306291
   2.763      0.304412
   2.767      0.302540
   2.772      0.300678
   2.776      0.298824
   2.781      0.296979
   2.785      0.295143
   2.790      0.293315
   2.794      0.291495
   2.799      0.289684
   2.803      0.287881
   2.808      0.286087
   2.812      0.284301
   2.817      0.282524
   2.821      0.280754
   2.826      0.278993
   2.830      0.277240
   2.835      0.275495
   2.839      0.273758
   2.844      0.272029
   2.848      0.270308
   2.853      0.268595
   2.857      0.266890
   2.862      0.265193
   2.866      0.263504
   2.871      0.261822
   2.875      0.260148
   2.880      0.258482
   2.884      0.256824
   2.889      0.255173
   2.893      0.253529
   2.898      0.251893
   2.902      0.250265
   2.907      0.248644
   2.911      0.247031
   2.916      0.245425
   2.920      0.243826
   2.925      0.242234
   2.929      0.240650
   2.934      0.239073
   2.938      0.237503
   2.943      0.235940
   2.947      0.234385
   2.952      0.232836
   2.956      0.231295
   2.961      0.229760
   2.965      0.228232
   2.970      0.226712
   2.974      0.225198
   2.979      0.223691
   2.983      0.222190
   2.988      0.220697
   2.992      0.219210
   2.997      0.217730
   3.001      0.216257
   3.006      0.214790
   3.010      0.213329
   3.015      0.211876
   3.019      0.210428
   3.024      0.208988
   3.028      0.207553
   3.033      0.206125
   3.037      0.204704
   3.042      0.203289
   3.046      0.201880
   3.051      0.200477
   3.055      0.199080
   3.060      0.197690
   3.064      0.196306
   3.069      0.194928
   3.073      0.193556
   3.078      0.192190
   3.082      0.190830
   3.087      0.189476
   3.091      0.188128
   3.096      0.186786
   3.100      0.185450
   3.105      0.184120
   3.109      0.182795
   3.114      0.181476
   3.118      0.180163
   3.123      0.178856
   3.127      0.177554
   3.132      0.176258
   3.136      0.174968
   3.141      0.173683
   3.145      0.172404
   3.150      0.171131
   3.154      0.169862
   3.159      0.168600
   3.163      0.167342
   3.168      0.166091
   3.172      0.164844
   3.177      0.163603
   3.181      0.162367
   3.186      0.161137
   3.190      0.159911
   3.195      0.158691
   3.199      0.157476
   3.204      0.156266
   3.208      0.155062
   3.213      0.153862
   3.217      0.152668
   3.222      0.151478
   3.226      0.150294
   3.231      0.149114
   3.235      0.147940
   3.240      0.146770
   3.244      0.145606
   3.249      0.144446
   3.253      0.143291
   3.258      0.142141
   3.262      0.140995
   3.267      0.139854
   3.271      0.138719
   3.276      0.137587
   3.280      0.136461
   3.285      0.135339
   3.289      0.134221
   3.294      0.133109
   3.298      0.132000
   3.303      0.130897
   3.307      0.129798
   3.312      0.128703
   3.316      0.127613
   3.321      0.126527
   3.325      0.125445
   3.330      0.124368
   3.334      0.123296
   3.339      0.122227
   3.343      0.121163
   3.348      0.120103
   3.352      0.119048
   3.357      0.117996
   3.361      0.116949
   3.366      0.115906
   3.370      0.114867
   3.375      0.113832
   3.379      0.112801
   3.384      0.111775
   3.388      0.110752
   3.393      0.109733
   3.397      0.108719
   3.402      0.107708
   3.406      0.106701
   3.411      0.105698
   3.415      0.104699
   3.420      0.103704
   3.424      0.102713
   3.429      0.101726
   3.433      0.100742
   3.438      0.099762
   3.442      0.098786
   3.447      0.097813
   3.451      0.096845
   3.456      0.095880
   3.460      0.094918
   3.465      0.093960
   3.469      0.093006
   3.474      0.092055
   3.478      0.091108
   3.483      0.090165
   3.487      0.089225
   3.492      0.088288
   3.496      0.087355
   3.501      0.086425
   3.505      0.085499
   3.510      0.084576
   3.514      0.083657
   3.519      0.082741
   3.523      0.081828
   3.528      0.080919
   3.532      0.080012
   3.537      0.079110
   3.541      0.078210
   3.546      0.077313
   3.550      0.076420
   3.555      0.075530
   3.559      0.074643
   3.564      0.073760
   3.568      0.072879
   3.573      0.072001
   3.577      0.071127
   3.582      0.070255
   3.586      0.069387
   3.591      0.068522
   3.595      0.067659
   3.600      0.066800
   3.604      0.065943
   3.609      0.065090
   3.613      0.064239
   3.618      0.063392
   3.622      0.062547
   3.627      0.061705
   3.631      0.060866
   3.636      0.060029
   3.640      0.059196
   3.645      0.058365
   3.649      0.057537
   3.654      0.056712
   3.658      0.055889
   3.663      0.055069
   3.667      0.054252
   3.672      0.053438
   3.676      0.052626
   3.681      0.051816
   3.685      0.051010
   3.690      0.050206
   3.694      0.049404
   3.699      0.048605
   3.703      0.047809
   3.708      0.047015
   3.712      0.046224
   3.717      0.045435
   3.721      0.044648
   3.726      0.043864
   3.730      0.043082
   3.735      0.042303
   3.739      0.041526
   3.744      0.040752
   3.748      0.039980
   3.753      0.039210
   3.757      0.038443
   3.762      0.037678
   3.766      0.036915
   3.771      0.036154
   3.775      0.035396
   3.780      0.034640
   3.784      0.033886
   3.789      0.033134
   3.793      0.032385
   3.798      0.031637
   3.802      0.030892
   3.807      0.030149
   3.811      0.029408
   3.816      0.028669
   3.820      0.027932
   3.825      0.027198
   3.829      0.026465
   3.834      0.025735
   3.838      0.025006
   3.843      0.024280
   3.847      0.023555
   3.852      0.022832
   3.856      0.022112
   3.861      0.021393
   3.865      0.020676
   3.870      0.019962
   3.874      0.019249
   3.879      0.018538
   3.883      0.017828
   3.888      0.017121
   3.892      0.016416
   3.897      0.015712
   3.901      0.015010
   3.906      0.014310
   3.910      0.013612
   3.915      0.012915
   3.919      0.012221
   3.924      0.011528
   3.928      0.010836
   3.933      0.010147
   3.937      0.009459
   3.942      0.008773
   3.946      0.008088
   3.951      0.007406
   3.955      0.006724
   3.960      0.006045
   3.964      0.005367
   3.969      0.004691
   3.973      0.004016
   3.978      0.003343
   3.982      0.002671
   3.987      0.002001
   3.991      0.001332
   3.996      0.000665
   4.000      0.000000
