   0.000      1.167288
   0.006      1.167288
   0.013      1.167288
   0.019      1.167288
   0.026      1.167288
   0.032      1.167288
   0.038      1.167287
   0.045      1.167287
   0.051      1.167287
   0.057      1.167287
   0.064      1.167287
   0.070      1.167287
   0.077      1.167287
   0.083      1.167287
   0.089      1.167286
   0.096      1.167285
   0.102      1.167284
   0.108      1.167283
   0.115      1.167281
   0.121      1.167279
   0.128      1.167276
   0.134      1.167272
   0.140      1.167267
   0.147      1.167261
   0.153      1.167254
   0.160      1.167245
   0.166      1.167234
   0.172      1.167221
   0.179      1.167205
   0.185      1.167186
   0.191      1.167164
   0.198      1.167138
   0.204      1.167109
   0.211      1.167074
   0.217      1.167034
   0.223      1.166989
   0.230      1.166937
   0.236      1.166878
   0.243      1.166812
   0.249      1.166737
   0.255      1.166654
   0.262      1.166560
   0.268      1.166456
   0.274      1.166341
   0.281      1.166213
   0.287      1.166073
   0.294      1.165918
   0.300      1.165749
   0.306      1.165564
   0.313      1.165363
   0.319      1.165144
   0.325      1.164906
   0.332      1.164649
   0.338      1.164371
   0.345      1.164072
   0.351      1.163751
   0.357      1.163407
   0.364      1.163038
   0.370      1.162644
   0.377      1.162224
   0.383      1.161776
   0.389      1.161301
   0.396      1.160797
   0.402      1.160263
   0.408      1.159698
   0.415      1.159102
   0.421      1.158473
   0.428      1.157811
   0.434      1.157115
   0.440      1.156384
   0.447      1.155618
   0.453      1.154815
   0.460      1.153976
   0.466      1.153098
   0.472      1.152182
   0.479      1.151228
   0.485      1.150233
   0.491      1.149199
   0.498      1.148123
   0.504      1.147007
   0.511      1.145848
   0.517      1.144648
   0.523      1.143404
   0.530      1.142118
   0.536      1.140788
   0.542      1.139414
   0.549      1.137995
   0.555      1.136532
   0.562      1.135024
   0.568      1.133471
   0.574      1.131873
   0.581      1.130229
   0.587      1.128539
   0.594      1.126803
   0.600      1.125021
   0.606      1.123193
   0.613      1.121319
   0.619      1.119398
   0.625      1.117431
   0.632      1.115419
   0.638      1.113359
   0.645      1.111254
   0.651      1.109103
   0.657      1.106907
   0.664      1.104664
   0.670      1.102376
   0.676      1.100043
   0.683      1.097666
   0.689      1.095243
   0.696      1.092776
   0.702      1.090266
   0.708      1.087712
   0.715      1.085115
   0.721      1.082475
   0.728      1.079793
   0.734      1.077070
   0.740      1.074305
   0.747      1.071499
   0.753      1.068654
   0.759      1.065769
   0.766      1.062845
   0.772      1.059883
   0.779      1.056884
   0.785      1.053847
   0.791      1.050775
   0.798      1.047667
   0.804      1.044524
   0.811      1.041347
   0.817      1.038137
   0.823      1.034895
   0.830      1.031621
   0.836      1.028316
   0.842      1.024982
   0.849      1.021618
   0.855      1.018226
   0.862      1.014806
   0.868      1.011360
   0.874      1.007888
   0.881      1.004392
   0.887      1.000871
   0.893      0.997328
   0.900      0.993763
   0.906      0.990176
   0.913      0.986569
   0.919      0.982943
   0.925      0.979298
   0.932      0.975636
   0.938      0.971957
   0.945      0.968263
   0.951      0.964554
   0.957      0.960831
   0.964      0.957095
   0.970      0.953347
   0.976      0.949588
   0.983      0.945818
   0.989      0.942040
   0.996      0.938253
   1.002      0.934458
   1.008      0.930656
   1.015      0.926849
   1.021      0.923037
   1.028      0.919220
   1.034      0.915401
   1.040      0.911578
   1.047      0.907755
   1.053      0.903930
   1.059      0.900105
   1.066      0.896280
   1.072      0.892457
   1.079      0.888637
   1.085      0.884819
   1.091      0.881005
   1.098      0.877195
   1.104      0.873390
   1.110      0.869591
   1.117      0.865798
   1.123      0.862012
   1.130      0.858234
   1.136      0.854463
   1.142      0.850702
   1.149      0.846950
   1.155      0.843209
   1.162      0.839477
   1.168      0.835757
   1.174      0.832048
   1.181      0.828352
   1.187      0.824668
   1.193      0.820997
   1.200      0.817339
   1.206      0.813695
   1.213      0.810066
   1.219      0.806452
   1.225      0.802852
   1.232      0.799268
   1.238      0.795700
   1.244      0.792148
   1.251      0.788613
   1.257      0.785095
   1.264      0.781593
   1.270      0.778109
   1.276      0.774643
   1.283      0.771195
   1.289      0.767765
   1.296      0.764353
   1.302      0.760960
   1.308      0.757586
   1.315      0.754231
   1.321      0.750895
   1.327      0.747578
   1.334      0.744281
   1.340      0.741003
   1.347      0.737745
   1.353      0.734507
   1.359      0.731289
   1.366      0.728091
   1.372      0.724913
   1.379      0.721755
   1.385      0.718618
   1.391      0.715501
   1.398      0.712404
   1.404      0.709327
   1.410      0.706271
   1.417      0.703235
   1.423      0.700220
   1.430      0.697225
   1.436      0.694251
   1.442      0.691296
   1.449      0.688363
   1.455      0.685449
   1.461      0.682556
   1.468      0.679683
   1.474      0.676830
   1.481      0.673997
   1.487      0.671184
   1.493      0.668391
   1.500      0.665618
   1.506      0.662865
   1.513      0.660131
   1.519      0.657418
   1.525      0.654723
   1.532      0.652048
   1.538      0.649393
   1.544      0.646757
   1.551      0.644139
   1.557      0.641541
   1.564      0.638962
   1.570      0.636401
   1.576      0.633860
   1.583      0.631336
   1.589      0.628831
   1.596      0.626345
   1.602      0.623876
   1.608      0.621426
   1.615      0.618993
   1.621      0.616578
   1.627      0.614181
   1.634      0.611801
   1.640      0.609439
   1.647      0.607094
   1.653      0.604765
   1.659      0.602454
   1.666      0.600160
   1.672      0.597882
   1.678      0.595621
   1.685      0.593376
   1.691      0.591147
   1.698      0.588934
   1.704      0.586738
   1.710      0.584557
   1.717      0.582391
   1.723      0.580242
   1.730      0.578107
   1.736      0.575988
   1.742      0.573884
   1.749      0.571795
   1.755      0.569721
   1.761      0.567661
   1.768      0.565616
   1.774      0.563586
   1.781      0.561569
   1.787      0.559567
   1.793      0.557579
   1.800      0.555605
   1.806      0.553644
   1.812      0.551697
   1.819      0.549763
   1.825      0.547843
   1.832      0.545936
   1.838      0.544043
   1.844      0.542162
   1.851      0.540294
   1.857      0.538438
   1.864      0.536596
   1.870      0.534765
   1.876      0.532947
   1.883      0.531142
   1.889      0.529348
   1.895      0.527567
   1.902      0.525797
   1.908      0.524039
   1.915      0.522293
   1.921      0.520559
   1.927      0.518835
   1.934      0.517124
   1.940      0.515423
   1.947      0.513733
   1.953      0.512055
   1.959      0.510387
   1.966      0.508730
   1.972      0.507084
   1.978      0.505449
   1.985      0.503824
   1.991      0.502209
   1.998      0.500605
   2.004      0.499011
   2.010      0.497427
   2.017      0.495853
   2.023      0.494289
   2.029      0.492734
   2.036      0.491190
   2.042      0.489655
   2.049      0.488130
   2.055      0.486614
   2.061      0.485107
   2.068      0.483610
   2.074      0.482122
   2.081      0.480643
   2.087      0.479173
   2.093      0.477712
   2.100      0.476261
   2.106      0.474817
   2.112      0.473383
   2.119      0.471957
   2.125      0.470540
   2.132      0.469131
   2.138      0.467731
   2.144      0.466339
   2.151      0.464955
   2.157      0.463579
   2.164      0.462212
   2.170      0.460852
   2.176      0.459501
   2.183      0.458157
   2.189      0.456821
   2.195      0.455494
   2.202      0.454173
   2.208      0.452861
   2.215      0.451556
   2.221      0.450258
   2.227      0.448968
   2.234      0.447685
   2.240      0.446410
   2.246      0.445141
   2.253      0.443880
   2.259      0.442626
   2.266      0.441380
   2.272      0.440140
   2.278      0.438907
   2.285      0.437681
   2.291      0.436462
   2.298      0.435249
   2.304      0.434044
   2.310      0.432845
   2.317      0.431652
   2.323      0.430466
   2.329      0.429287
   2.336      0.428114
   2.342      0.426948
   2.349      0.425787
   2.355      0.424634
   2.361      0.423486
   2.368      0.422344
   2.374      0.421209
   2.380      0.420080
   2.387      0.418957
   2.393      0.417839
   2.400      0.416728
   2.406      0.415623
   2.412      0.414523
   2.419      0.413429
   2.425      0.412342
   2.432      0.411259
   2.438      0.410183
   2.444      0.409112
   2.451      0.408046
   2.457      0.406986
   2.463      0.405932
   2.470      0.404883
   2.476      0.403840
   2.483      0.402801
   2.489      0.401769
   2.495      0.400741
   2.502      0.399719
   2.508      0.398702
   2.515      0.397690
   2.521      0.396683
   2.527      0.395681
   2.534      0.394685
   2.540      0.393693
