   0.000      1.505475
   0.006      1.505475
   0.013      1.505474
   0.019      1.505473
   0.026      1.505469
   0.032      1.505462
   0.038      1.505448
   0.045      1.505425
   0.051      1.505390
   0.057      1.505339
   0.064      1.505269
   0.070      1.505175
   0.077      1.505053
   0.083      1.504897
   0.089      1.504703
   0.096      1.504465
   0.102      1.504177
   0.108      1.503835
   0.115      1.503432
   0.121      1.502962
   0.128      1.502421
   0.134      1.501801
   0.140      1.501099
   0.147      1.500309
   0.153      1.499425
   0.160      1.498444
   0.166      1.497361
   0.172      1.496172
   0.179      1.494873
   0.185      1.493462
   0.191      1.491937
   0.198      1.490294
   0.204      1.488533
   0.211      1.486653
   0.217      1.484652
   0.223      1.482531
   0.230      1.480291
   0.236      1.477931
   0.243      1.475454
   0.249      1.472861
   0.255      1.470153
   0.262      1.467334
   0.268      1.464405
   0.274      1.461369
   0.281      1.458230
   0.287      1.454989
   0.294      1.451650
   0.300      1.448217
   0.306      1.444692
   0.313      1.441079
   0.319      1.437380
   0.325      1.433599
   0.332      1.429738
   0.338      1.425802
   0.345      1.421791
   0.351      1.417711
   0.357      1.413562
   0.364      1.409348
   0.370      1.405071
   0.377      1.400734
   0.383      1.396339
   0.389      1.391888
   0.396      1.387384
   0.402      1.382829
   0.408      1.378224
   0.415      1.373573
   0.421      1.368876
   0.428      1.364136
   0.434      1.359355
   0.440      1.354535
   0.447      1.349678
   0.453      1.344785
   0.460      1.339858
   0.466      1.334899
   0.472      1.329910
   0.479      1.324893
   0.485      1.319848
   0.491      1.314779
   0.498      1.309686
   0.504      1.304571
   0.511      1.299435
   0.517      1.294281
   0.523      1.289109
   0.530      1.283921
   0.536      1.278719
   0.542      1.273503
   0.549      1.268276
   0.555      1.263038
   0.562      1.257791
   0.568      1.252536
   0.574      1.247274
   0.581      1.242007
   0.587      1.236736
   0.594      1.231461
   0.600      1.226184
   0.606      1.220907
   0.613      1.215629
   0.619      1.210352
   0.625      1.205078
   0.632      1.199806
   0.638      1.194538
   0.645      1.189275
   0.651      1.184018
   0.657      1.178767
   0.664      1.173524
   0.670      1.168289
   0.676      1.163062
   0.683      1.157846
   0.689      1.152639
   0.696      1.147444
   0.702      1.142260
   0.708      1.137089
   0.715      1.131930
   0.721      1.126785
   0.728      1.121655
   0.734      1.116538
   0.740      1.111437
   0.747      1.106352
   0.753      1.101283
   0.759      1.096230
   0.766      1.091195
   0.772      1.086177
   0.779      1.081177
   0.785      1.076195
   0.791      1.071232
   0.798      1.066288
   0.804      1.061364
   0.811      1.056459
   0.817      1.051574
   0.823      1.046710
   0.830      1.041866
   0.836      1.037043
   0.842      1.032241
   0.849      1.027460
   0.855      1.022701
   0.862      1.017964
   0.868      1.013249
   0.874      1.008556
   0.881      1.003886
   0.887      0.999238
   0.893      0.994612
   0.900      0.990010
   0.906      0.985430
   0.913      0.980874
   0.919      0.976340
   0.925      0.971830
   0.932      0.967344
   0.938      0.962881
   0.945      0.958441
   0.951      0.954025
   0.957      0.949633
   0.964      0.945265
   0.970      0.940920
   0.976      0.936599
   0.983      0.932302
   0.989      0.928029
   0.996      0.923780
   1.002      0.919555
   1.008      0.915353
   1.015      0.911176
   1.021      0.907023
   1.028      0.902893
   1.034      0.898788
   1.040      0.894706
   1.047      0.890648
   1.053      0.886614
   1.059      0.882604
   1.066      0.878617
   1.072      0.874654
   1.079      0.870715
   1.085      0.866800
   1.091      0.862908
   1.098      0.859040
   1.104      0.855195
   1.110      0.851373
   1.117      0.847575
   1.123      0.843800
   1.130      0.840048
   1.136      0.836319
   1.142      0.832614
   1.149      0.828931
   1.155      0.825271
   1.162      0.821634
   1.168      0.818019
   1.174      0.814427
   1.181      0.810858
   1.187      0.807311
   1.193      0.803786
   1.200      0.800284
   1.206      0.796803
   1.213      0.793345
   1.219      0.789908
   1.225      0.786494
   1.232      0.783101
   1.238      0.779729
   1.244      0.776379
   1.251      0.773051
   1.257      0.769743
   1.264      0.766457
   1.270      0.763192
   1.276      0.759948
   1.283      0.756725
   1.289      0.753522
   1.296      0.750340
   1.302      0.747178
   1.308      0.744037
   1.315      0.740916
   1.321      0.737815
   1.327      0.734735
   1.334      0.731674
   1.340      0.728633
   1.347      0.725611
   1.353      0.722609
   1.359      0.719627
   1.366      0.716663
   1.372      0.713719
   1.379      0.710794
   1.385      0.707888
   1.391      0.705001
   1.398      0.702133
   1.404      0.699283
   1.410      0.696451
   1.417      0.693638
   1.423      0.690843
   1.430      0.688067
   1.436      0.685308
   1.442      0.682567
   1.449      0.679844
   1.455      0.677138
   1.461      0.674451
   1.468      0.671780
   1.474      0.669127
   1.481      0.666491
   1.487      0.663872
   1.493      0.661270
   1.500      0.658685
   1.506      0.656116
   1.513      0.653564
   1.519      0.651029
   1.525      0.648510
   1.532      0.646007
   1.538      0.643521
   1.544      0.641050
   1.551      0.638595
   1.557      0.636157
   1.564      0.633733
   1.570      0.631326
   1.576      0.628934
   1.583      0.626557
   1.589      0.624196
   1.596      0.621849
   1.602      0.619518
   1.608      0.617202
   1.615      0.614900
   1.621      0.612614
   1.627      0.610342
   1.634      0.608084
   1.640      0.605841
   1.647      0.603612
   1.653      0.601397
   1.659      0.599196
   1.666      0.597010
   1.672      0.594837
   1.678      0.592678
   1.685      0.590533
   1.691      0.588401
   1.698      0.586283
   1.704      0.584178
   1.710      0.582087
   1.717      0.580008
   1.723      0.577943
   1.730      0.575891
   1.736      0.573852
   1.742      0.571825
   1.749      0.569811
   1.755      0.567810
   1.761      0.565821
   1.768      0.563845
   1.774      0.561881
   1.781      0.559930
   1.787      0.557990
   1.793      0.556063
   1.800      0.554148
   1.806      0.552244
   1.812      0.550352
   1.819      0.548472
   1.825      0.546604
   1.832      0.544747
   1.838      0.542902
   1.844      0.541068
   1.851      0.539245
   1.857      0.537433
   1.864      0.535633
   1.870      0.533844
   1.876      0.532065
   1.883      0.530298
   1.889      0.528541
   1.895      0.526795
   1.902      0.525059
   1.908      0.523335
   1.915      0.521620
   1.921      0.519916
   1.927      0.518222
   1.934      0.516539
   1.940      0.514865
   1.947      0.513202
   1.953      0.511549
   1.959      0.509906
   1.966      0.508272
   1.972      0.506648
   1.978      0.505034
   1.985      0.503430
   1.991      0.501835
   1.998      0.500250
   2.004      0.498674
   2.010      0.497108
   2.017      0.495550
   2.023      0.494002
   2.029      0.492463
   2.036      0.490933
   2.042      0.489413
   2.049      0.487901
   2.055      0.486398
   2.061      0.484903
   2.068      0.483418
   2.074      0.481941
   2.081      0.480473
   2.087      0.479013
   2.093      0.477562
   2.100      0.476119
   2.106      0.474685
   2.112      0.473258
   2.119      0.471840
   2.125      0.470431
   2.132      0.469029
   2.138      0.467635
   2.144      0.466250
   2.151      0.464872
   2.157      0.463502
   2.164      0.462140
   2.170      0.460786
   2.176      0.459439
   2.183      0.458100
   2.189      0.456768
   2.195      0.455444
   2.202      0.454128
   2.208      0.452819
   2.215      0.451517
   2.221      0.450223
   2.227      0.448935
   2.234      0.447655
   2.240      0.446382
   2.246      0.445117
   2.253      0.443858
   2.259      0.442606
   2.266      0.441361
   2.272      0.440123
   2.278      0.438892
   2.285      0.437667
   2.291      0.436449
   2.298      0.435238
   2.304      0.434034
   2.310      0.432836
   2.317      0.431644
   2.323      0.430459
   2.329      0.429281
   2.336      0.428109
   2.342      0.426943
   2.349      0.425783
   2.355      0.424630
   2.361      0.423483
   2.368      0.422342
   2.374      0.421207
   2.380      0.420078
   2.387      0.418955
   2.393      0.417838
   2.400      0.416727
   2.406      0.415622
   2.412      0.414522
   2.419      0.413429
   2.425      0.412341
   2.432      0.411259
   2.438      0.410182
   2.444      0.409111
   2.451      0.408046
   2.457      0.406986
   2.463      0.405932
   2.470      0.404883
   2.476      0.403840
   2.483      0.402801
   2.489      0.401769
   2.495      0.400741
   2.502      0.399719
   2.508      0.398702
   2.515      0.397690
   2.521      0.396683
   2.527      0.395681
   2.534      0.394685
   2.540      0.393693
