   0.000      1.711954
   0.006      1.711954
   0.013      1.711953
   0.019      1.711950
   0.026      1.711941
   0.032      1.711921
   0.038      1.711886
   0.045      1.711829
   0.051      1.711741
   0.057      1.711614
   0.064      1.711438
   0.070      1.711202
   0.077      1.710895
   0.083      1.710504
   0.089      1.710016
   0.096      1.709418
   0.102      1.708695
   0.108      1.707834
   0.115      1.706819
   0.121      1.705636
   0.128      1.704270
   0.134      1.702706
   0.140      1.700932
   0.147      1.698932
   0.153      1.696694
   0.160      1.694206
   0.166      1.691456
   0.172      1.688433
   0.179      1.685129
   0.185      1.681535
   0.191      1.677644
   0.198      1.673452
   0.204      1.668954
   0.211      1.664148
   0.217      1.659035
   0.223      1.653614
   0.230      1.647890
   0.236      1.641866
   0.243      1.635548
   0.249      1.628944
   0.255      1.622063
   0.262      1.614915
   0.268      1.607511
   0.274      1.599863
   0.281      1.591984
   0.287      1.583888
   0.294      1.575588
   0.300      1.567098
   0.306      1.558433
   0.313      1.549607
   0.319      1.540635
   0.325      1.531529
   0.332      1.522304
   0.338      1.512972
   0.345      1.503547
   0.351      1.494039
   0.357      1.484461
   0.364      1.474824
   0.370      1.465138
   0.377      1.455413
   0.383      1.445658
   0.389      1.435883
   0.396      1.426095
   0.402      1.416303
   0.408      1.406514
   0.415      1.396736
   0.421      1.386976
   0.428      1.377239
   0.434      1.367533
   0.440      1.357862
   0.447      1.348233
   0.453      1.338651
   0.460      1.329121
   0.466      1.319648
   0.472      1.310235
   0.479      1.300888
   0.485      1.291610
   0.491      1.282405
   0.498      1.273277
   0.504      1.264228
   0.511      1.255262
   0.517      1.246381
   0.523      1.237587
   0.530      1.228884
   0.536      1.220273
   0.542      1.211757
   0.549      1.203336
   0.555      1.195013
   0.562      1.186789
   0.568      1.178664
   0.574      1.170641
   0.581      1.162719
   0.587      1.154900
   0.594      1.147184
   0.600      1.139572
   0.606      1.132063
   0.613      1.124658
   0.619      1.117358
   0.625      1.110161
   0.632      1.103068
   0.638      1.096078
   0.645      1.089191
   0.651      1.082407
   0.657      1.075725
   0.664      1.069144
   0.670      1.062664
   0.676      1.056283
   0.683      1.050001
   0.689      1.043817
   0.696      1.037730
   0.702      1.031739
   0.708      1.025842
   0.715      1.020038
   0.721      1.014327
   0.728      1.008707
   0.734      1.003177
   0.740      0.997735
   0.747      0.992380
   0.753      0.987111
   0.759      0.981926
   0.766      0.976824
   0.772      0.971803
   0.779      0.966863
   0.785      0.962000
   0.791      0.957215
   0.798      0.952505
   0.804      0.947869
   0.811      0.943305
   0.817      0.938813
   0.823      0.934390
   0.830      0.930035
   0.836      0.925746
   0.842      0.921522
   0.849      0.917362
   0.855      0.913264
   0.862      0.909227
   0.868      0.905248
   0.874      0.901327
   0.881      0.897463
   0.887      0.893653
   0.893      0.889896
   0.900      0.886192
   0.906      0.882538
   0.913      0.878934
   0.919      0.875377
   0.925      0.871868
   0.932      0.868403
   0.938      0.864983
   0.945      0.861605
   0.951      0.858270
   0.957      0.854974
   0.964      0.851718
   0.970      0.848500
   0.976      0.845319
   0.983      0.842174
   0.989      0.839064
   0.996      0.835987
   1.002      0.832943
   1.008      0.829930
   1.015      0.826948
   1.021      0.823996
   1.028      0.821072
   1.034      0.818176
   1.040      0.815307
   1.047      0.812464
   1.053      0.809646
   1.059      0.806852
   1.066      0.804082
   1.072      0.801334
   1.079      0.798608
   1.085      0.795904
   1.091      0.793220
   1.098      0.790555
   1.104      0.787910
   1.110      0.785283
   1.117      0.782673
   1.123      0.780081
   1.130      0.777505
   1.136      0.774946
   1.142      0.772401
   1.149      0.769872
   1.155      0.767357
   1.162      0.764855
   1.168      0.762367
   1.174      0.759892
   1.181      0.757430
   1.187      0.754979
   1.193      0.752540
   1.200      0.750112
   1.206      0.747695
   1.213      0.745289
   1.219      0.742892
   1.225      0.740506
   1.232      0.738129
   1.238      0.735761
   1.244      0.733402
   1.251      0.731051
   1.257      0.728709
   1.264      0.726375
   1.270      0.724049
   1.276      0.721731
   1.283      0.719420
   1.289      0.717116
   1.296      0.714820
   1.302      0.712530
   1.308      0.710247
   1.315      0.707970
   1.321      0.705700
   1.327      0.703437
   1.334      0.701179
   1.340      0.698928
   1.347      0.696682
   1.353      0.694443
   1.359      0.692209
   1.366      0.689981
   1.372      0.687758
   1.379      0.685541
   1.385      0.683330
   1.391      0.681124
   1.398      0.678923
   1.404      0.676728
   1.410      0.674538
   1.417      0.672354
   1.423      0.670175
   1.430      0.668001
   1.436      0.665832
   1.442      0.663669
   1.449      0.661511
   1.455      0.659358
   1.461      0.657210
   1.468      0.655068
   1.474      0.652931
   1.481      0.650799
   1.487      0.648673
   1.493      0.646552
   1.500      0.644436
   1.506      0.642326
   1.513      0.640222
   1.519      0.638123
   1.525      0.636029
   1.532      0.633941
   1.538      0.631859
   1.544      0.629782
   1.551      0.627711
   1.557      0.625646
   1.564      0.623587
   1.570      0.621533
   1.576      0.619486
   1.583      0.617444
   1.589      0.615409
   1.596      0.613380
   1.602      0.611356
   1.608      0.609339
   1.615      0.607328
   1.621      0.605324
   1.627      0.603326
   1.634      0.601334
   1.640      0.599349
   1.647      0.597370
   1.653      0.595398
   1.659      0.593433
   1.666      0.591474
   1.672      0.589522
   1.678      0.587577
   1.685      0.585638
   1.691      0.583707
   1.698      0.581782
   1.704      0.579865
   1.710      0.577955
   1.717      0.576051
   1.723      0.574155
   1.730      0.572266
   1.736      0.570385
   1.742      0.568511
   1.749      0.566644
   1.755      0.564784
   1.761      0.562932
   1.768      0.561087
   1.774      0.559250
   1.781      0.557421
   1.787      0.555599
   1.793      0.553784
   1.800      0.551978
   1.806      0.550179
   1.812      0.548388
   1.819      0.546604
   1.825      0.544828
   1.832      0.543061
   1.838      0.541300
   1.844      0.539548
   1.851      0.537804
   1.857      0.536068
   1.864      0.534339
   1.870      0.532619
   1.876      0.530906
   1.883      0.529202
   1.889      0.527505
   1.895      0.525817
   1.902      0.524136
   1.908      0.522464
   1.915      0.520799
   1.921      0.519143
   1.927      0.517494
   1.934      0.515854
   1.940      0.514222
   1.947      0.512598
   1.953      0.510982
   1.959      0.509374
   1.966      0.507774
   1.972      0.506182
   1.978      0.504598
   1.985      0.503022
   1.991      0.501454
   1.998      0.499895
   2.004      0.498343
   2.010      0.496799
   2.017      0.495263
   2.023      0.493736
   2.029      0.492216
   2.036      0.490704
   2.042      0.489200
   2.049      0.487704
   2.055      0.486216
   2.061      0.484736
   2.068      0.483263
   2.074      0.481799
   2.081      0.480342
   2.087      0.478893
   2.093      0.477452
   2.100      0.476018
   2.106      0.474593
   2.112      0.473174
   2.119      0.471764
   2.125      0.470361
   2.132      0.468966
   2.138      0.467578
   2.144      0.466198
   2.151      0.464825
   2.157      0.463460
   2.164      0.462102
   2.170      0.460752
   2.176      0.459409
   2.183      0.458073
   2.189      0.456745
   2.195      0.455423
   2.202      0.454109
   2.208      0.452802
   2.215      0.451503
   2.221      0.450210
   2.227      0.448924
   2.234      0.447646
   2.240      0.446374
   2.246      0.445110
   2.253      0.443852
   2.259      0.442601
   2.266      0.441357
   2.272      0.440119
   2.278      0.438889
   2.285      0.437665
   2.291      0.436448
   2.298      0.435237
   2.304      0.434033
   2.310      0.432835
   2.317      0.431644
   2.323      0.430459
   2.329      0.429281
   2.336      0.428109
   2.342      0.426943
   2.349      0.425783
   2.355      0.424630
   2.361      0.423483
   2.368      0.422342
   2.374      0.421207
   2.380      0.420078
   2.387      0.418955
   2.393      0.417838
   2.400      0.416727
   2.406      0.415622
   2.412      0.414523
   2.419      0.413429
   2.425      0.412341
   2.432      0.411259
   2.438      0.410182
   2.444      0.409112
   2.451      0.408046
   2.457      0.406986
   2.463      0.405932
   2.470      0.404883
   2.476      0.403840
   2.483      0.402801
   2.489      0.401769
   2.495      0.400741
   2.502      0.399719
   2.508      0.398702
   2.515      0.397690
   2.521      0.396683
   2.527      0.395681
   2.534      0.394685
   2.540      0.393693
