   0.000      1.839608
   0.006      1.839499
   0.013      1.839173
   0.019      1.838629
   0.026      1.837868
   0.032      1.836891
   0.038      1.835697
   0.045      1.834286
   0.051      1.832660
   0.057      1.830819
   0.064      1.828764
   0.070      1.826494
   0.077      1.824011
   0.083      1.821315
   0.089      1.818407
   0.096      1.815289
   0.102      1.811961
   0.108      1.808423
   0.115      1.804678
   0.121      1.800726
   0.128      1.796569
   0.134      1.792208
   0.140      1.787645
   0.147      1.782882
   0.153      1.777920
   0.160      1.772762
   0.166      1.767409
   0.172      1.761865
   0.179      1.756131
   0.185      1.750210
   0.191      1.744106
   0.198      1.737821
   0.204      1.731358
   0.211      1.724722
   0.217      1.717915
   0.223      1.710942
   0.230      1.703807
   0.236      1.696513
   0.243      1.689065
   0.249      1.681468
   0.255      1.673727
   0.262      1.665845
   0.268      1.657829
   0.274      1.649683
   0.281      1.641412
   0.287      1.633022
   0.294      1.624518
   0.300      1.615905
   0.306      1.607189
   0.313      1.598376
   0.319      1.589470
   0.325      1.580479
   0.332      1.571407
   0.338      1.562260
   0.345      1.553044
   0.351      1.543764
   0.357      1.534427
   0.364      1.525038
   0.370      1.515603
   0.377      1.506127
   0.383      1.496617
   0.389      1.487078
   0.396      1.477515
   0.402      1.467935
   0.408      1.458342
   0.415      1.448743
   0.421      1.439142
   0.428      1.429546
   0.434      1.419959
   0.440      1.410387
   0.447      1.400835
   0.453      1.391309
   0.460      1.381812
   0.466      1.372350
   0.472      1.362929
   0.479      1.353552
   0.485      1.344224
   0.491      1.334949
   0.498      1.325733
   0.504      1.316578
   0.511      1.307489
   0.517      1.298471
   0.523      1.289525
   0.530      1.280657
   0.536      1.271869
   0.542      1.263164
   0.549      1.254546
   0.555      1.246017
   0.562      1.237580
   0.568      1.229237
   0.574      1.220991
   0.581      1.212843
   0.587      1.204795
   0.594      1.196849
   0.600      1.189007
   0.606      1.181269
   0.613      1.173636
   0.619      1.166110
   0.625      1.158692
   0.632      1.151380
   0.638      1.144177
   0.645      1.137082
   0.651      1.130094
   0.657      1.123215
   0.664      1.116443
   0.670      1.109778
   0.676      1.103219
   0.683      1.096766
   0.689      1.090418
   0.696      1.084173
   0.702      1.078032
   0.708      1.071991
   0.715      1.066051
   0.721      1.060210
   0.728      1.054466
   0.734      1.048818
   0.740      1.043263
   0.747      1.037802
   0.753      1.032431
   0.759      1.027149
   0.766      1.021955
   0.772      1.016846
   0.779      1.011820
   0.785      1.006877
   0.791      1.002012
   0.798      0.997226
   0.804      0.992516
   0.811      0.987879
   0.817      0.983314
   0.823      0.978820
   0.830      0.974393
   0.836      0.970033
   0.842      0.965737
   0.849      0.961503
   0.855      0.957330
   0.862      0.953215
   0.868      0.949157
   0.874      0.945154
   0.881      0.941205
   0.887      0.937306
   0.893      0.933457
   0.900      0.929656
   0.906      0.925901
   0.913      0.922191
   0.919      0.918524
   0.925      0.914899
   0.932      0.911313
   0.938      0.907766
   0.945      0.904255
   0.951      0.900780
   0.957      0.897340
   0.964      0.893932
   0.970      0.890556
   0.976      0.887210
   0.983      0.883893
   0.989      0.880604
   0.996      0.877342
   1.002      0.874105
   1.008      0.870893
   1.015      0.867704
   1.021      0.864539
   1.028      0.861394
   1.034      0.858271
   1.040      0.855167
   1.047      0.852082
   1.053      0.849015
   1.059      0.845966
   1.066      0.842933
   1.072      0.839917
   1.079      0.836915
   1.085      0.833929
   1.091      0.830956
   1.098      0.827997
   1.104      0.825051
   1.110      0.822117
   1.117      0.819195
   1.123      0.816285
   1.130      0.813385
   1.136      0.810497
   1.142      0.807618
   1.149      0.804750
   1.155      0.801891
   1.162      0.799041
   1.168      0.796200
   1.174      0.793368
   1.181      0.790545
   1.187      0.787729
   1.193      0.784922
   1.200      0.782122
   1.206      0.779331
   1.213      0.776546
   1.219      0.773770
   1.225      0.771000
   1.232      0.768238
   1.238      0.765482
   1.244      0.762734
   1.251      0.759993
   1.257      0.757258
   1.264      0.754531
   1.270      0.751810
   1.276      0.749096
   1.283      0.746389
   1.289      0.743688
   1.296      0.740995
   1.302      0.738308
   1.308      0.735628
   1.315      0.732955
   1.321      0.730289
   1.327      0.727631
   1.334      0.724979
   1.340      0.722334
   1.347      0.719696
   1.353      0.717066
   1.359      0.714443
   1.366      0.711827
   1.372      0.709219
   1.379      0.706619
   1.385      0.704026
   1.391      0.701441
   1.398      0.698864
   1.404      0.696294
   1.410      0.693733
   1.417      0.691180
   1.423      0.688635
   1.430      0.686099
   1.436      0.683571
   1.442      0.681051
   1.449      0.678540
   1.455      0.676038
   1.461      0.673545
   1.468      0.671061
   1.474      0.668585
   1.481      0.666119
   1.487      0.663662
   1.493      0.661215
   1.500      0.658777
   1.506      0.656348
   1.513      0.653930
   1.519      0.651520
   1.525      0.649121
   1.532      0.646732
   1.538      0.644352
   1.544      0.641983
   1.551      0.639624
   1.557      0.637275
   1.564      0.634936
   1.570      0.632607
   1.576      0.630289
   1.583      0.627982
   1.589      0.625685
   1.596      0.623399
   1.602      0.621123
   1.608      0.618859
   1.615      0.616605
   1.621      0.614362
   1.627      0.612129
   1.634      0.609908
   1.640      0.607698
   1.647      0.605499
   1.653      0.603310
   1.659      0.601133
   1.666      0.598967
   1.672      0.596813
   1.678      0.594669
   1.685      0.592537
   1.691      0.590416
   1.698      0.588306
   1.704      0.586207
   1.710      0.584120
   1.717      0.582044
   1.723      0.579979
   1.730      0.577926
   1.736      0.575884
   1.742      0.573853
   1.749      0.571834
   1.755      0.569826
   1.761      0.567829
   1.768      0.565843
   1.774      0.563869
   1.781      0.561906
   1.787      0.559954
   1.793      0.558014
   1.800      0.556085
   1.806      0.554167
   1.812      0.552260
   1.819      0.550364
   1.825      0.548479
   1.832      0.546605
   1.838      0.544743
   1.844      0.542891
   1.851      0.541050
   1.857      0.539221
   1.864      0.537402
   1.870      0.535594
   1.876      0.533797
   1.883      0.532010
   1.889      0.530235
   1.895      0.528470
   1.902      0.526715
   1.908      0.524971
   1.915      0.523238
   1.921      0.521515
   1.927      0.519803
   1.934      0.518101
   1.940      0.516409
   1.947      0.514728
   1.953      0.513057
   1.959      0.511395
   1.966      0.509744
   1.972      0.508103
   1.978      0.506472
   1.985      0.504851
   1.991      0.503240
   1.998      0.501638
   2.004      0.500047
   2.010      0.498465
   2.017      0.496892
   2.023      0.495329
   2.029      0.493775
   2.036      0.492231
   2.042      0.490696
   2.049      0.489171
   2.055      0.487655
   2.061      0.486147
   2.068      0.484649
   2.074      0.483160
   2.081      0.481680
   2.087      0.480208
   2.093      0.478746
   2.100      0.477292
   2.106      0.475847
   2.112      0.474410
   2.119      0.472982
   2.125      0.471563
   2.132      0.470152
   2.138      0.468749
   2.144      0.467354
   2.151      0.465968
   2.157      0.464590
   2.164      0.463220
   2.170      0.461858
   2.176      0.460504
   2.183      0.459157
   2.189      0.457819
   2.195      0.456488
   2.202      0.455165
   2.208      0.453850
   2.215      0.452542
   2.221      0.451242
   2.227      0.449949
   2.234      0.448663
   2.240      0.447385
   2.246      0.446114
   2.253      0.444850
   2.259      0.443594
   2.266      0.442344
   2.272      0.441102
   2.278      0.439866
   2.285      0.438637
   2.291      0.437415
   2.298      0.436200
   2.304      0.434992
   2.310      0.433790
   2.317      0.432595
   2.323      0.431407
   2.329      0.430225
   2.336      0.429050
   2.342      0.427881
   2.349      0.426718
   2.355      0.425561
   2.361      0.424411
   2.368      0.423267
   2.374      0.422129
   2.380      0.420998
   2.387      0.419872
   2.393      0.418752
   2.400      0.417639
   2.406      0.416531
   2.412      0.415429
   2.419      0.414333
   2.425      0.413242
   2.432      0.412158
   2.438      0.411079
   2.444      0.410006
   2.451      0.408938
   2.457      0.407876
   2.463      0.406819
   2.470      0.405768
   2.476      0.404722
   2.483      0.403682
   2.489      0.402647
   2.495      0.401617
   2.502      0.400592
   2.508      0.399573
   2.515      0.398559
   2.521      0.397550
   2.527      0.396546
   2.534      0.395547
   2.540      0.394553
