   0.005      0.003710
   0.010      0.042556
   0.014      0.081403
   0.019      0.121557
   0.024      0.161864
   0.029      0.202186
   0.034      0.242482
   0.038      0.282732
   0.043      0.322922
   0.048      0.363040
   0.053      0.403076
   0.058      0.443019
   0.062      0.482860
   0.067      0.522588
   0.072      0.562193
   0.077      0.601665
   0.082      0.640995
   0.086      0.680172
   0.091      0.719187
   0.096      0.758028
   0.101      0.796685
   0.106      0.835149
   0.110      0.873409
   0.115      0.911453
   0.120      0.949272
   0.125      0.986855
   0.130      1.024191
   0.134      1.061269
   0.139      1.098078
   0.144      1.134608
   0.149      1.170846
   0.154      1.206783
   0.158      1.242407
   0.163      1.277706
   0.168      1.312670
   0.173      1.347288
   0.178      1.381547
   0.182      1.415437
   0.187      1.448947
   0.192      1.482065
   0.197      1.514781
   0.202      1.547083
   0.206      1.578960
   0.211      1.610401
   0.216      1.641396
   0.221      1.671933
   0.226      1.702003
   0.230      1.731594
   0.235      1.760697
   0.240      1.789301
   0.245      1.817397
   0.250      1.844975
   0.254      1.872026
   0.259      1.898540
   0.264      1.924510
   0.269      1.949925
   0.274      1.974779
   0.278      1.999064
   0.283      2.022772
   0.288      2.045896
   0.293      2.068430
   0.298      2.090367
   0.302      2.111702
   0.307      2.132430
   0.312      2.152547
   0.317      2.172047
   0.322      2.190928
   0.326      2.209187
   0.331      2.226821
   0.336      2.243827
   0.341      2.260206
   0.346      2.275956
   0.350      2.291077
   0.355      2.305570
   0.360      2.319435
   0.365      2.332676
   0.370      2.345294
   0.374      2.357292
   0.379      2.368675
   0.384      2.379446
   0.389      2.389611
   0.394      2.399176
   0.398      2.408146
   0.403      2.416529
   0.408      2.424332
   0.413      2.431564
   0.418      2.438232
   0.422      2.444347
   0.427      2.449918
   0.432      2.454956
   0.437      2.459470
   0.442      2.463473
   0.446      2.466976
   0.451      2.469991
   0.456      2.472531
   0.461      2.474608
   0.466      2.476235
   0.470      2.477426
   0.475      2.478194
   0.480      2.478554
   0.485      2.478519
   0.490      2.478103
   0.494      2.477321
   0.499      2.476186
   0.504      2.474714
   0.509      2.472917
   0.514      2.470812
   0.518      2.468411
   0.523      2.465730
   0.528      2.462781
   0.533      2.459578
   0.538      2.456135
   0.542      2.452466
   0.547      2.448583
   0.552      2.444499
   0.557      2.440226
   0.562      2.435777
   0.566      2.431163
   0.571      2.426395
   0.576      2.421485
   0.581      2.416443
   0.586      2.411278
   0.590      2.406001
   0.595      2.400621
   0.600      2.395146
   0.605      2.389585
   0.610      2.383945
   0.614      2.378234
   0.619      2.372459
   0.624      2.366627
   0.629      2.360742
   0.634      2.354811
   0.638      2.348838
   0.643      2.342829
   0.648      2.336788
   0.653      2.330718
   0.658      2.324623
   0.662      2.318505
   0.667      2.312369
   0.672      2.306215
   0.677      2.300046
   0.682      2.293863
   0.686      2.287669
   0.691      2.281464
   0.696      2.275250
   0.701      2.269026
   0.706      2.262794
   0.710      2.256554
   0.715      2.250305
   0.720      2.244049
   0.725      2.237785
   0.730      2.231513
   0.734      2.225232
   0.739      2.218943
   0.744      2.212644
   0.749      2.206336
   0.754      2.200018
   0.758      2.193690
   0.763      2.187351
   0.768      2.181000
   0.773      2.174638
   0.778      2.168263
   0.782      2.161876
   0.787      2.155476
   0.792      2.149063
   0.797      2.142636
   0.802      2.136196
   0.806      2.129741
   0.811      2.123273
   0.816      2.116790
   0.821      2.110294
   0.826      2.103783
   0.830      2.097258
   0.835      2.090719
   0.840      2.084166
   0.845      2.077599
   0.850      2.071019
   0.854      2.064426
   0.859      2.057820
   0.864      2.051201
   0.869      2.044570
   0.874      2.037928
   0.878      2.031274
   0.883      2.024609
   0.888      2.017933
   0.893      2.011248
   0.898      2.004553
   0.902      1.997849
   0.907      1.991137
   0.912      1.984417
   0.917      1.977689
   0.922      1.970955
   0.926      1.964214
   0.931      1.957467
   0.936      1.950715
   0.941      1.943959
   0.946      1.937198
   0.950      1.930434
   0.955      1.923667
   0.960      1.916897
   0.965      1.910125
   0.970      1.903352
   0.974      1.896578
   0.979      1.889803
   0.984      1.883029
   0.989      1.876255
   0.994      1.869483
   0.998      1.862712
   1.003      1.855943
   1.008      1.849176
   1.013      1.842413
   1.018      1.835653
   1.022      1.828897
   1.027      1.822146
   1.032      1.815399
   1.037      1.808658
   1.042      1.801922
   1.046      1.795192
   1.051      1.788469
   1.056      1.781752
   1.061      1.775043
   1.066      1.768342
   1.070      1.761648
   1.075      1.754963
   1.080      1.748287
   1.085      1.741619
   1.090      1.734961
   1.094      1.728313
   1.099      1.721674
   1.104      1.715047
   1.109      1.708429
   1.114      1.701823
   1.118      1.695228
   1.123      1.688644
   1.128      1.682073
   1.133      1.675513
   1.138      1.668966
   1.142      1.662431
   1.147      1.655910
   1.152      1.649401
   1.157      1.642906
   1.162      1.636424
   1.166      1.629957
   1.171      1.623503
   1.176      1.617063
   1.181      1.610638
   1.186      1.604228
   1.190      1.597833
   1.195      1.591452
   1.200      1.585087
   1.205      1.578738
   1.210      1.572404
   1.214      1.566085
   1.219      1.559783
   1.224      1.553497
   1.229      1.547227
   1.234      1.540974
   1.238      1.534737
   1.243      1.528517
   1.248      1.522313
   1.253      1.516127
   1.258      1.509958
   1.262      1.503806
   1.267      1.497671
   1.272      1.491554
   1.277      1.485455
   1.282      1.479373
   1.286      1.473309
   1.291      1.467263
   1.296      1.461235
   1.301      1.455225
   1.306      1.449234
   1.310      1.443260
   1.315      1.437305
   1.320      1.431368
   1.325      1.425450
   1.330      1.419551
   1.334      1.413670
   1.339      1.407808
   1.344      1.401965
   1.349      1.396140
   1.354      1.390335
   1.358      1.384548
   1.363      1.378780
   1.368      1.373032
   1.373      1.367302
   1.378      1.361592
   1.382      1.355901
   1.387      1.350229
   1.392      1.344577
   1.397      1.338943
   1.402      1.333329
   1.406      1.327735
   1.411      1.322159
   1.416      1.316603
   1.421      1.311067
   1.426      1.305550
   1.430      1.300053
   1.435      1.294574
   1.440      1.289116
   1.445      1.283677
   1.450      1.278257
   1.454      1.272857
   1.459      1.267476
   1.464      1.262115
   1.469      1.256774
   1.474      1.251452
   1.478      1.246149
   1.483      1.240866
   1.488      1.235603
   1.493      1.230359
   1.498      1.225134
   1.502      1.219929
   1.507      1.214743
   1.512      1.209577
   1.517      1.204430
   1.522      1.199303
   1.526      1.194195
   1.531      1.189107
   1.536      1.184037
   1.541      1.178988
   1.546      1.173957
   1.550      1.168946
   1.555      1.163954
   1.560      1.158981
   1.565      1.154027
   1.570      1.149093
   1.574      1.144178
   1.579      1.139282
   1.584      1.134405
   1.589      1.129547
   1.594      1.124708
   1.598      1.119888
   1.603      1.115087
   1.608      1.110305
   1.613      1.105541
   1.618      1.100797
   1.622      1.096071
   1.627      1.091365
   1.632      1.086676
   1.637      1.082007
   1.642      1.077356
   1.646      1.072724
   1.651      1.068110
   1.656      1.063515
   1.661      1.058939
   1.666      1.054380
   1.670      1.049840
   1.675      1.045319
   1.680      1.040815
   1.685      1.036330
   1.690      1.031863
   1.694      1.027415
   1.699      1.022984
   1.704      1.018571
   1.709      1.014176
   1.714      1.009800
   1.718      1.005441
   1.723      1.001100
   1.728      0.996776
   1.733      0.992471
   1.738      0.988183
   1.742      0.983912
   1.747      0.979660
   1.752      0.975424
   1.757      0.971206
   1.762      0.967006
   1.766      0.962823
   1.771      0.958657
   1.776      0.954509
   1.781      0.950377
   1.786      0.946263
   1.790      0.942166
   1.795      0.938085
   1.800      0.934022
   1.805      0.929976
   1.810      0.925946
   1.814      0.921933
   1.819      0.917937
   1.824      0.913958
   1.829      0.909995
   1.834      0.906049
   1.838      0.902119
   1.843      0.898206
   1.848      0.894309
   1.853      0.890428
   1.858      0.886564
   1.862      0.882715
   1.867      0.878883
   1.872      0.875067
   1.877      0.871267
   1.882      0.867483
   1.886      0.863715
   1.891      0.859963
   1.896      0.856226
   1.901      0.852505
   1.906      0.848800
   1.910      0.845111
   1.915      0.841437
   1.920      0.837778
   1.925      0.834135
   1.930      0.830507
   1.934      0.826895
   1.939      0.823297
   1.944      0.819715
   1.949      0.816148
   1.954      0.812596
   1.958      0.809060
   1.963      0.805538
   1.968      0.802031
   1.973      0.798538
   1.978      0.795061
   1.982      0.791598
   1.987      0.788150
   1.992      0.784716
   1.997      0.781297
   2.002      0.777893
   2.006      0.774503
   2.011      0.771127
   2.016      0.767765
   2.021      0.764418
   2.026      0.761085
   2.030      0.757766
   2.035      0.754461
   2.040      0.751170
   2.045      0.747893
   2.050      0.744630
   2.054      0.741381
   2.059      0.738145
   2.064      0.734923
   2.069      0.731715
   2.074      0.728521
   2.078      0.725340
   2.083      0.722172
   2.088      0.719018
   2.093      0.715877
   2.098      0.712750
   2.102      0.709635
   2.107      0.706534
   2.112      0.703446
   2.117      0.700371
   2.122      0.697310
   2.126      0.694261
   2.131      0.691225
   2.136      0.688202
   2.141      0.685191
   2.146      0.682194
   2.150      0.679209
   2.155      0.676237
   2.160      0.673277
   2.165      0.670330
   2.170      0.667395
   2.174      0.664473
   2.179      0.661563
   2.184      0.658665
   2.189      0.655780
   2.194      0.652906
   2.198      0.650045
   2.203      0.647196
   2.208      0.644359
   2.213      0.641535
   2.218      0.638721
   2.222      0.635920
   2.227      0.633131
   2.232      0.630353
   2.237      0.627587
   2.242      0.624833
   2.246      0.622091
   2.251      0.619360
   2.256      0.616640
   2.261      0.613932
   2.266      0.611235
   2.270      0.608550
   2.275      0.605876
   2.280      0.603213
   2.285      0.600561
   2.290      0.597921
   2.294      0.595292
   2.299      0.592673
   2.304      0.590066
   2.309      0.587470
   2.314      0.584884
   2.318      0.582310
   2.323      0.579746
   2.328      0.577193
   2.333      0.574650
   2.338      0.572119
   2.342      0.569597
   2.347      0.567087
   2.352      0.564587
   2.357      0.562097
   2.362      0.559618
   2.366      0.557149
   2.371      0.554691
   2.376      0.552242
   2.381      0.549804
   2.386      0.547377
   2.390      0.544959
   2.395      0.542551
   2.400      0.540154
   2.405      0.537766
   2.410      0.535388
   2.414      0.533021
   2.419      0.530663
   2.424      0.528315
   2.429      0.525976
   2.434      0.523648
   2.438      0.521329
   2.443      0.519019
   2.448      0.516720
   2.453      0.514429
   2.458      0.512149
   2.462      0.509877
   2.467      0.507615
   2.472      0.505363
   2.477      0.503120
   2.482      0.500886
   2.486      0.498661
   2.491      0.496446
   2.496      0.494240
   2.501      0.492042
   2.506      0.489854
   2.510      0.487675
   2.515      0.485505
   2.520      0.483344
   2.525      0.481192
   2.530      0.479048
   2.534      0.476913
   2.539      0.474788
   2.544      0.472671
   2.549      0.470562
   2.554      0.468462
   2.558      0.466371
   2.563      0.464289
   2.568      0.462215
   2.573      0.460149
   2.578      0.458092
   2.582      0.456044
   2.587      0.454003
   2.592      0.451971
   2.597      0.449948
   2.602      0.447932
   2.606      0.445925
   2.611      0.443926
   2.616      0.441935
   2.621      0.439953
   2.626      0.437978
   2.630      0.436011
   2.635      0.434053
   2.640      0.432102
   2.645      0.430160
   2.650      0.428225
   2.654      0.426298
   2.659      0.424379
   2.664      0.422467
   2.669      0.420563
   2.674      0.418668
   2.678      0.416779
   2.683      0.414899
   2.688      0.413026
   2.693      0.411160
   2.698      0.409302
   2.702      0.407452
   2.707      0.405609
   2.712      0.403773
   2.717      0.401945
   2.722      0.400124
   2.726      0.398310
   2.731      0.396504
   2.736      0.394705
   2.741      0.392913
   2.746      0.391129
   2.750      0.389351
   2.755      0.387581
   2.760      0.385818
   2.765      0.384061
   2.770      0.382312
   2.774      0.380570
   2.779      0.378835
   2.784      0.377106
   2.789      0.375385
   2.794      0.373670
   2.798      0.371962
   2.803      0.370261
   2.808      0.368567
   2.813      0.366880
   2.818      0.365199
   2.822      0.363525
   2.827      0.361857
   2.832      0.360196
   2.837      0.358542
   2.842      0.356894
   2.846      0.355253
   2.851      0.353618
   2.856      0.351990
   2.861      0.350368
   2.866      0.348752
   2.870      0.347143
   2.875      0.345540
   2.880      0.343944
   2.885      0.342354
   2.890      0.340770
   2.894      0.339192
   2.899      0.337620
   2.904      0.336055
   2.909      0.334495
   2.914      0.332942
   2.918      0.331395
   2.923      0.329854
   2.928      0.328319
   2.933      0.326790
   2.938      0.325267
   2.942      0.323749
   2.947      0.322238
   2.952      0.320733
   2.957      0.319233
   2.962      0.317739
   2.966      0.316251
   2.971      0.314769
   2.976      0.313293
   2.981      0.311822
   2.986      0.310357
   2.990      0.308897
   2.995      0.307444
   3.000      0.305995
   3.005      0.304553
   3.010      0.303116
   3.014      0.301684
   3.019      0.300258
   3.024      0.298838
   3.029      0.297423
   3.034      0.296013
   3.038      0.294609
   3.043      0.293210
   3.048      0.291817
   3.053      0.290429
   3.058      0.289046
   3.062      0.287668
   3.067      0.286296
   3.072      0.284929
   3.077      0.283567
   3.082      0.282210
   3.086      0.280859
   3.091      0.279512
   3.096      0.278171
   3.101      0.276835
   3.106      0.275504
   3.110      0.274177
   3.115      0.272856
   3.120      0.271540
   3.125      0.270229
   3.130      0.268923
   3.134      0.267622
   3.139      0.266325
   3.144      0.265034
   3.149      0.263747
   3.154      0.262465
   3.158      0.261189
   3.163      0.259916
   3.168      0.258649
   3.173      0.257386
   3.178      0.256128
   3.182      0.254875
   3.187      0.253626
   3.192      0.252382
   3.197      0.251143
   3.202      0.249908
   3.206      0.248678
   3.211      0.247453
   3.216      0.246232
   3.221      0.245015
   3.226      0.243804
   3.230      0.242596
   3.235      0.241393
   3.240      0.240195
   3.245      0.239000
   3.250      0.237811
   3.254      0.236625
   3.259      0.235444
   3.264      0.234268
   3.269      0.233095
   3.274      0.231927
   3.278      0.230764
   3.283      0.229604
   3.288      0.228449
   3.293      0.227298
   3.298      0.226151
   3.302      0.225009
   3.307      0.223870
   3.312      0.222736
   3.317      0.221606
   3.322      0.220480
   3.326      0.219358
   3.331      0.218240
   3.336      0.217126
   3.341      0.216016
   3.346      0.214910
   3.350      0.213808
   3.355      0.212710
   3.360      0.211617
   3.365      0.210527
   3.370      0.209441
   3.374      0.208358
   3.379      0.207280
   3.384      0.206206
   3.389      0.205135
   3.394      0.204068
   3.398      0.203005
   3.403      0.201946
   3.408      0.200891
   3.413      0.199839
   3.418      0.198792
   3.422      0.197747
   3.427      0.196707
   3.432      0.195670
   3.437      0.194637
   3.442      0.193608
   3.446      0.192582
   3.451      0.191560
   3.456      0.190541
   3.461      0.189526
   3.466      0.188515
   3.470      0.187507
   3.475      0.186503
   3.480      0.185502
   3.485      0.184505
   3.490      0.183511
   3.494      0.182521
   3.499      0.181534
   3.504      0.180550
   3.509      0.179570
   3.514      0.178594
   3.518      0.177620
   3.523      0.176651
   3.528      0.175684
   3.533      0.174721
   3.538      0.173761
   3.542      0.172805
   3.547      0.171851
   3.552      0.170902
   3.557      0.169955
   3.562      0.169011
   3.566      0.168071
   3.571      0.167134
   3.576      0.166201
   3.581      0.165270
   3.586      0.164343
   3.590      0.163418
   3.595      0.162497
   3.600      0.161579
   3.605      0.160664
   3.610      0.159753
   3.614      0.158844
   3.619      0.157938
   3.624      0.157036
   3.629      0.156136
   3.634      0.155240
   3.638      0.154347
   3.643      0.153456
   3.648      0.152569
   3.653      0.151684
   3.658      0.150803
   3.662      0.149924
   3.667      0.149048
   3.672      0.148176
   3.677      0.147306
   3.682      0.146439
   3.686      0.145575
   3.691      0.144713
   3.696      0.143855
   3.701      0.143000
   3.706      0.142147
   3.710      0.141297
   3.715      0.140450
   3.720      0.139605
   3.725      0.138764
   3.730      0.137925
   3.734      0.137089
   3.739      0.136256
   3.744      0.135425
   3.749      0.134597
   3.754      0.133772
   3.758      0.132949
   3.763      0.132129
   3.768      0.131312
   3.773      0.130497
   3.778      0.129685
   3.782      0.128876
   3.787      0.128069
   3.792      0.127265
   3.797      0.126463
   3.802      0.125664
   3.806      0.124868
   3.811      0.124074
   3.816      0.123282
   3.821      0.122493
   3.826      0.121707
   3.830      0.120923
   3.835      0.120142
   3.840      0.119363
   3.845      0.118586
   3.850      0.117812
   3.854      0.117040
   3.859      0.116271
   3.864      0.115504
   3.869      0.114740
   3.874      0.113978
   3.878      0.113218
   3.883      0.112461
   3.888      0.111706
   3.893      0.110953
   3.898      0.110203
   3.902      0.109455
   3.907      0.108709
   3.912      0.107966
   3.917      0.107224
   3.922      0.106486
   3.926      0.105749
   3.931      0.105015
   3.936      0.104283
   3.941      0.103553
   3.946      0.102825
   3.950      0.102100
   3.955      0.101376
   3.960      0.100655
   3.965      0.099936
   3.970      0.099220
   3.974      0.098505
   3.979      0.097793
   3.984      0.097083
   3.989      0.096374
   3.994      0.095668
   3.998      0.094964
   4.003      0.094262
   4.008      0.093563
   4.013      0.092865
   4.018      0.092169
   4.022      0.091476
   4.027      0.090784
   4.032      0.090095
   4.037      0.089407
   4.042      0.088722
   4.046      0.088038
   4.051      0.087357
   4.056      0.086677
   4.061      0.086000
   4.066      0.085324
   4.070      0.084651
   4.075      0.083979
   4.080      0.083309
   4.085      0.082641
   4.090      0.081976
   4.094      0.081312
   4.099      0.080650
   4.104      0.079989
   4.109      0.079331
   4.114      0.078675
   4.118      0.078020
   4.123      0.077367
   4.128      0.076717
   4.133      0.076068
   4.138      0.075420
   4.142      0.074775
   4.147      0.074131
   4.152      0.073490
   4.157      0.072850
   4.162      0.072212
   4.166      0.071575
   4.171      0.070941
   4.176      0.070308
   4.181      0.069677
   4.186      0.069047
   4.190      0.068419
   4.195      0.067794
   4.200      0.067169
   4.205      0.066547
   4.210      0.065926
   4.214      0.065307
   4.219      0.064690
   4.224      0.064074
   4.229      0.063460
   4.234      0.062848
   4.238      0.062237
   4.243      0.061628
   4.248      0.061020
   4.253      0.060414
   4.258      0.059810
   4.262      0.059208
   4.267      0.058607
   4.272      0.058007
   4.277      0.057410
   4.282      0.056814
   4.286      0.056219
   4.291      0.055626
   4.296      0.055035
   4.301      0.054445
   4.306      0.053856
   4.310      0.053270
   4.315      0.052685
   4.320      0.052101
   4.325      0.051519
   4.330      0.050938
   4.334      0.050359
   4.339      0.049781
   4.344      0.049205
   4.349      0.048631
   4.354      0.048057
   4.358      0.047486
   4.363      0.046916
   4.368      0.046347
   4.373      0.045780
   4.378      0.045214
   4.382      0.044650
   4.387      0.044087
   4.392      0.043525
   4.397      0.042966
   4.402      0.042410
   4.406      0.041853
   4.411      0.041298
   4.416      0.040743
   4.421      0.040191
   4.426      0.039639
   4.430      0.039089
   4.435      0.038541
   4.440      0.037994
   4.445      0.037448
   4.450      0.036904
   4.454      0.036361
   4.459      0.035819
   4.464      0.035279
   4.469      0.034740
   4.474      0.034202
   4.478      0.033666
   4.483      0.033131
   4.488      0.032597
   4.493      0.032065
   4.498      0.031534
   4.502      0.031004
   4.507      0.030476
   4.512      0.029949
   4.517      0.029423
   4.522      0.028899
   4.526      0.028376
   4.531      0.027854
   4.536      0.027333
   4.541      0.026814
   4.546      0.026295
   4.550      0.025779
   4.555      0.025263
   4.560      0.024748
   4.565      0.024235
   4.570      0.023723
   4.574      0.023212
   4.579      0.022703
   4.584      0.022195
   4.589      0.021687
   4.594      0.021181
   4.598      0.020677
   4.603      0.020173
   4.608      0.019670
   4.613      0.019169
   4.618      0.018669
   4.622      0.018170
   4.627      0.017672
   4.632      0.017176
   4.637      0.016680
   4.642      0.016186
   4.646      0.015692
   4.651      0.015200
   4.656      0.014709
   4.661      0.014219
   4.666      0.013730
   4.670      0.013242
   4.675      0.012755
   4.680      0.012270
   4.685      0.011785
   4.690      0.011302
   4.694      0.010819
   4.699      0.010338
   4.704      0.009857
   4.709      0.009378
   4.714      0.008900
   4.718      0.008422
   4.723      0.007946
   4.728      0.007471
   4.733      0.006997
   4.738      0.006523
   4.742      0.006051
   4.747      0.005580
   4.752      0.005110
   4.757      0.004640
   4.762      0.004172
   4.766      0.003705
   4.771      0.003238
   4.776      0.002773
   4.781      0.002308
   4.786      0.001845
   4.790      0.001382
   4.795      0.000921
   4.800      0.000460
   4.805      0.000000
