   0.005      1.576670
   0.010      1.576763
   0.014      1.576856
   0.019      1.577016
   0.024      1.577240
   0.029      1.577526
   0.034      1.577874
   0.038      1.578284
   0.043      1.578756
   0.048      1.579291
   0.053      1.579888
   0.058      1.580547
   0.062      1.581270
   0.067      1.582056
   0.072      1.582905
   0.077      1.583819
   0.082      1.584797
   0.086      1.585839
   0.091      1.586946
   0.096      1.588117
   0.101      1.589354
   0.106      1.590657
   0.110      1.592025
   0.115      1.593458
   0.120      1.594958
   0.125      1.596524
   0.130      1.598156
   0.134      1.599854
   0.139      1.601619
   0.144      1.603450
   0.149      1.605348
   0.154      1.607313
   0.158      1.609345
   0.163      1.611443
   0.168      1.613608
   0.173      1.615840
   0.178      1.618139
   0.182      1.620504
   0.187      1.622936
   0.192      1.625435
   0.197      1.628000
   0.202      1.630632
   0.206      1.633330
   0.211      1.636094
   0.216      1.638925
   0.221      1.641821
   0.226      1.644782
   0.230      1.647809
   0.235      1.650901
   0.240      1.654058
   0.245      1.657279
   0.250      1.660565
   0.254      1.663914
   0.259      1.667327
   0.264      1.670803
   0.269      1.674341
   0.274      1.677941
   0.278      1.681604
   0.283      1.685327
   0.288      1.689111
   0.293      1.692955
   0.298      1.696858
   0.302      1.700820
   0.307      1.704840
   0.312      1.708918
   0.317      1.713052
   0.322      1.717242
   0.326      1.721487
   0.331      1.725786
   0.336      1.730139
   0.341      1.734544
   0.346      1.739001
   0.350      1.743508
   0.355      1.748064
   0.360      1.752669
   0.365      1.757322
   0.370      1.762020
   0.374      1.766764
   0.379      1.771551
   0.384      1.776381
   0.389      1.781252
   0.394      1.786163
   0.398      1.791113
   0.403      1.796100
   0.408      1.801122
   0.413      1.806179
   0.418      1.811268
   0.422      1.816388
   0.427      1.821538
   0.432      1.826715
   0.437      1.831919
   0.442      1.837146
   0.446      1.842396
   0.451      1.847667
   0.456      1.852957
   0.461      1.858263
   0.466      1.863585
   0.470      1.868919
   0.475      1.874264
   0.480      1.879618
   0.485      1.884978
   0.490      1.890344
   0.494      1.895711
   0.499      1.901079
   0.504      1.906444
   0.509      1.911806
   0.514      1.917160
   0.518      1.922506
   0.523      1.927840
   0.528      1.933160
   0.533      1.938464
   0.538      1.943750
   0.542      1.949014
   0.547      1.954255
   0.552      1.959470
   0.557      1.964656
   0.562      1.969812
   0.566      1.974934
   0.571      1.980019
   0.576      1.985066
   0.581      1.990072
   0.586      1.995034
   0.590      1.999950
   0.595      2.004817
   0.600      2.009633
   0.605      2.014395
   0.610      2.019101
   0.614      2.023747
   0.619      2.028333
   0.624      2.032854
   0.629      2.037309
   0.634      2.041695
   0.638      2.046010
   0.643      2.050251
   0.648      2.054416
   0.653      2.058503
   0.658      2.062508
   0.662      2.066430
   0.667      2.070266
   0.672      2.074014
   0.677      2.077672
   0.682      2.081237
   0.686      2.084708
   0.691      2.088081
   0.696      2.091354
   0.701      2.094527
   0.706      2.097595
   0.710      2.100558
   0.715      2.103413
   0.720      2.106159
   0.725      2.108792
   0.730      2.111312
   0.734      2.113717
   0.739      2.116004
   0.744      2.118172
   0.749      2.120220
   0.754      2.122145
   0.758      2.123947
   0.763      2.125623
   0.768      2.127173
   0.773      2.128595
   0.778      2.129888
   0.782      2.131050
   0.787      2.132081
   0.792      2.132979
   0.797      2.133745
   0.802      2.134376
   0.806      2.134872
   0.811      2.135234
   0.816      2.135459
   0.821      2.135547
   0.826      2.135499
   0.830      2.135314
   0.835      2.134992
   0.840      2.134533
   0.845      2.133936
   0.850      2.133202
   0.854      2.132331
   0.859      2.131323
   0.864      2.130179
   0.869      2.128899
   0.874      2.127484
   0.878      2.125934
   0.883      2.124250
   0.888      2.122433
   0.893      2.120483
   0.898      2.118402
   0.902      2.116190
   0.907      2.113849
   0.912      2.111380
   0.917      2.108784
   0.922      2.106062
   0.926      2.103216
   0.931      2.100246
   0.936      2.097156
   0.941      2.093945
   0.946      2.090616
   0.950      2.087170
   0.955      2.083609
   0.960      2.079935
   0.965      2.076149
   0.970      2.072254
   0.974      2.068250
   0.979      2.064140
   0.984      2.059926
   0.989      2.055610
   0.994      2.051194
   0.998      2.046679
   1.003      2.042068
   1.008      2.037362
   1.013      2.032565
   1.018      2.027677
   1.022      2.022700
   1.027      2.017638
   1.032      2.012491
   1.037      2.007263
   1.042      2.001954
   1.046      1.996568
   1.051      1.991105
   1.056      1.985569
   1.061      1.979961
   1.066      1.974284
   1.070      1.968538
   1.075      1.962727
   1.080      1.956852
   1.085      1.950916
   1.090      1.944920
   1.094      1.938865
   1.099      1.932755
   1.104      1.926591
   1.109      1.920375
   1.114      1.914109
   1.118      1.907793
   1.123      1.901432
   1.128      1.895025
   1.133      1.888575
   1.138      1.882084
   1.142      1.875553
   1.147      1.868984
   1.152      1.862378
   1.157      1.855738
   1.162      1.849064
   1.166      1.842359
   1.171      1.835623
   1.176      1.828858
   1.181      1.822066
   1.186      1.815249
   1.190      1.808406
   1.195      1.801541
   1.200      1.794653
   1.205      1.787745
   1.210      1.780818
   1.214      1.773873
   1.219      1.766911
   1.224      1.759933
   1.229      1.752941
   1.234      1.745935
   1.238      1.738917
   1.243      1.731888
   1.248      1.724848
   1.253      1.717800
   1.258      1.710743
   1.262      1.703679
   1.267      1.696608
   1.272      1.689533
   1.277      1.682452
   1.282      1.675369
   1.286      1.668282
   1.291      1.661193
   1.296      1.654103
   1.301      1.647013
   1.306      1.639923
   1.310      1.632834
   1.315      1.625747
   1.320      1.618662
   1.325      1.611581
   1.330      1.604503
   1.334      1.597430
   1.339      1.590362
   1.344      1.583299
   1.349      1.576243
   1.354      1.569193
   1.358      1.562151
   1.363      1.555117
   1.368      1.548091
   1.373      1.541075
   1.378      1.534067
   1.382      1.527070
   1.387      1.520083
   1.392      1.513107
   1.397      1.506142
   1.402      1.499189
   1.406      1.492248
   1.411      1.485320
   1.416      1.478404
   1.421      1.471502
   1.426      1.464614
   1.430      1.457739
   1.435      1.450879
   1.440      1.444034
   1.445      1.437204
   1.450      1.430389
   1.454      1.423590
   1.459      1.416807
   1.464      1.410041
   1.469      1.403291
   1.474      1.396557
   1.478      1.389841
   1.483      1.383143
   1.488      1.376462
   1.493      1.369799
   1.498      1.363154
   1.502      1.356527
   1.507      1.349919
   1.512      1.343330
   1.517      1.336760
   1.522      1.330209
   1.526      1.323677
   1.531      1.317165
   1.536      1.310673
   1.541      1.304201
   1.546      1.297749
   1.550      1.291317
   1.555      1.284906
   1.560      1.278515
   1.565      1.272145
   1.570      1.265796
   1.574      1.259468
   1.579      1.253161
   1.584      1.246875
   1.589      1.240611
   1.594      1.234368
   1.598      1.228147
   1.603      1.221948
   1.608      1.215771
   1.613      1.209615
   1.618      1.203481
   1.622      1.197370
   1.627      1.191281
   1.632      1.185214
   1.637      1.179169
   1.642      1.173147
   1.646      1.167147
   1.651      1.161170
   1.656      1.155216
   1.661      1.149284
   1.666      1.143375
   1.670      1.137489
   1.675      1.131625
   1.680      1.125785
   1.685      1.119967
   1.690      1.114172
   1.694      1.108401
   1.699      1.102652
   1.704      1.096926
   1.709      1.091224
   1.714      1.085544
   1.718      1.079888
   1.723      1.074254
   1.728      1.068644
   1.733      1.063057
   1.738      1.057494
   1.742      1.051953
   1.747      1.046435
   1.752      1.040941
   1.757      1.035470
   1.762      1.030022
   1.766      1.024597
   1.771      1.019196
   1.776      1.013817
   1.781      1.008462
   1.786      1.003130
   1.790      0.997821
   1.795      0.992535
   1.800      0.987272
   1.805      0.982032
   1.810      0.976815
   1.814      0.971621
   1.819      0.966451
   1.824      0.961303
   1.829      0.956178
   1.834      0.951076
   1.838      0.945997
   1.843      0.940940
   1.848      0.935907
   1.853      0.930896
   1.858      0.925908
   1.862      0.920942
   1.867      0.915999
   1.872      0.911079
   1.877      0.906181
   1.882      0.901306
   1.886      0.896454
   1.891      0.891623
   1.896      0.886815
   1.901      0.882030
   1.906      0.877266
   1.910      0.872525
   1.915      0.867806
   1.920      0.863109
   1.925      0.858435
   1.930      0.853782
   1.934      0.849151
   1.939      0.844542
   1.944      0.839955
   1.949      0.835389
   1.954      0.830845
   1.958      0.826323
   1.963      0.821823
   1.968      0.817344
   1.973      0.812886
   1.978      0.808450
   1.982      0.804036
   1.987      0.799642
   1.992      0.795270
   1.997      0.790919
   2.002      0.786589
   2.006      0.782280
   2.011      0.777991
   2.016      0.773724
   2.021      0.769478
   2.026      0.765252
   2.030      0.761047
   2.035      0.756863
   2.040      0.752699
   2.045      0.748555
   2.050      0.744432
   2.054      0.740329
   2.059      0.736247
   2.064      0.732184
   2.069      0.728142
   2.074      0.724120
   2.078      0.720118
   2.083      0.716135
   2.088      0.712173
   2.093      0.708230
   2.098      0.704307
   2.102      0.700403
   2.107      0.696519
   2.112      0.692654
   2.117      0.688809
   2.122      0.684983
   2.126      0.681176
   2.131      0.677388
   2.136      0.673620
   2.141      0.669870
   2.146      0.666139
   2.150      0.662427
   2.155      0.658734
   2.160      0.655060
   2.165      0.651404
   2.170      0.647766
   2.174      0.644147
   2.179      0.640547
   2.184      0.636964
   2.189      0.633400
   2.194      0.629854
   2.198      0.626327
   2.203      0.622817
   2.208      0.619325
   2.213      0.615850
   2.218      0.612394
   2.222      0.608955
   2.227      0.605534
   2.232      0.602130
   2.237      0.598744
   2.242      0.595375
   2.246      0.592024
   2.251      0.588689
   2.256      0.585372
   2.261      0.582072
   2.266      0.578789
   2.270      0.575523
   2.275      0.572274
   2.280      0.569041
   2.285      0.565825
   2.290      0.562626
   2.294      0.559443
   2.299      0.556277
   2.304      0.553127
   2.309      0.549993
   2.314      0.546876
   2.318      0.543774
   2.323      0.540689
   2.328      0.537620
   2.333      0.534567
   2.338      0.531529
   2.342      0.528508
   2.347      0.525502
   2.352      0.522512
   2.357      0.519537
   2.362      0.516578
   2.366      0.513634
   2.371      0.510705
   2.376      0.507792
   2.381      0.504894
   2.386      0.502011
   2.390      0.499143
   2.395      0.496290
   2.400      0.493452
   2.405      0.490629
   2.410      0.487821
   2.414      0.485027
   2.419      0.482248
   2.424      0.479483
   2.429      0.476733
   2.434      0.473997
   2.438      0.471276
   2.443      0.468569
   2.448      0.465876
   2.453      0.463197
   2.458      0.460532
   2.462      0.457881
   2.467      0.455244
   2.472      0.452621
   2.477      0.450011
   2.482      0.447416
   2.486      0.444834
   2.491      0.442265
   2.496      0.439710
   2.501      0.437168
   2.506      0.434640
   2.510      0.432125
   2.515      0.429623
   2.520      0.427134
   2.525      0.424659
   2.530      0.422196
   2.534      0.419747
   2.539      0.417310
   2.544      0.414886
   2.549      0.412475
   2.554      0.410076
   2.558      0.407690
   2.563      0.405317
   2.568      0.402956
   2.573      0.400607
   2.578      0.398271
   2.582      0.395948
   2.587      0.393636
   2.592      0.391337
   2.597      0.389049
   2.602      0.386774
   2.606      0.384511
   2.611      0.382259
   2.616      0.380020
   2.621      0.377792
   2.626      0.375576
   2.630      0.373371
   2.635      0.371178
   2.640      0.368997
   2.645      0.366827
   2.650      0.364669
   2.654      0.362522
   2.659      0.360386
   2.664      0.358262
   2.669      0.356149
   2.674      0.354046
   2.678      0.351955
   2.683      0.349875
   2.688      0.347806
   2.693      0.345747
   2.698      0.343700
   2.702      0.341663
   2.707      0.339637
   2.712      0.337622
   2.717      0.335617
   2.722      0.333623
   2.726      0.331639
   2.731      0.329666
   2.736      0.327703
   2.741      0.325750
   2.746      0.323807
   2.750      0.321875
   2.755      0.319953
   2.760      0.318041
   2.765      0.316139
   2.770      0.314247
   2.774      0.312365
   2.779      0.310493
   2.784      0.308630
   2.789      0.306778
   2.794      0.304935
   2.798      0.303101
   2.803      0.301278
   2.808      0.299464
   2.813      0.297659
   2.818      0.295864
   2.822      0.294078
   2.827      0.292301
   2.832      0.290534
   2.837      0.288776
   2.842      0.287028
   2.846      0.285288
   2.851      0.283557
   2.856      0.281836
   2.861      0.280123
   2.866      0.278420
   2.870      0.276725
   2.875      0.275039
   2.880      0.273362
   2.885      0.271694
   2.890      0.270034
   2.894      0.268383
   2.899      0.266741
   2.904      0.265107
   2.909      0.263482
   2.914      0.261865
   2.918      0.260256
   2.923      0.258656
   2.928      0.257064
   2.933      0.255480
   2.938      0.253905
   2.942      0.252338
   2.947      0.250779
   2.952      0.249228
   2.957      0.247685
   2.962      0.246150
   2.966      0.244623
   2.971      0.243104
   2.976      0.241592
   2.981      0.240089
   2.986      0.238593
   2.990      0.237105
   2.995      0.235625
   3.000      0.234152
   3.005      0.232687
   3.010      0.231229
   3.014      0.229779
   3.019      0.228337
   3.024      0.226902
   3.029      0.225474
   3.034      0.224053
   3.038      0.222640
   3.043      0.221234
   3.048      0.219836
   3.053      0.218444
   3.058      0.217060
   3.062      0.215682
   3.067      0.214312
   3.072      0.212949
   3.077      0.211592
   3.082      0.210243
   3.086      0.208901
   3.091      0.207565
   3.096      0.206236
   3.101      0.204914
   3.106      0.203599
   3.110      0.202290
   3.115      0.200988
   3.120      0.199693
   3.125      0.198404
   3.130      0.197121
   3.134      0.195846
   3.139      0.194576
   3.144      0.193313
   3.149      0.192057
   3.154      0.190807
   3.158      0.189563
   3.163      0.188325
   3.168      0.187094
   3.173      0.185869
   3.178      0.184650
   3.182      0.183437
   3.187      0.182230
   3.192      0.181030
   3.197      0.179835
   3.202      0.178646
   3.206      0.177463
   3.211      0.176287
   3.216      0.175116
   3.221      0.173951
   3.226      0.172791
   3.230      0.171638
   3.235      0.170490
   3.240      0.169348
   3.245      0.168212
   3.250      0.167081
   3.254      0.165956
   3.259      0.164837
   3.264      0.163723
   3.269      0.162614
   3.274      0.161511
   3.278      0.160414
   3.283      0.159322
   3.288      0.158235
   3.293      0.157153
   3.298      0.156077
   3.302      0.155007
   3.307      0.153941
   3.312      0.152881
   3.317      0.151826
   3.322      0.150776
   3.326      0.149731
   3.331      0.148691
   3.336      0.147657
   3.341      0.146627
   3.346      0.145603
   3.350      0.144583
   3.355      0.143568
   3.360      0.142559
   3.365      0.141554
   3.370      0.140554
   3.374      0.139559
   3.379      0.138568
   3.384      0.137583
   3.389      0.136602
   3.394      0.135626
   3.398      0.134654
   3.403      0.133688
   3.408      0.132725
   3.413      0.131768
   3.418      0.130815
   3.422      0.129867
   3.427      0.128923
   3.432      0.127983
   3.437      0.127048
   3.442      0.126118
   3.446      0.125192
   3.451      0.124270
   3.456      0.123353
   3.461      0.122440
   3.466      0.121531
   3.470      0.120626
   3.475      0.119726
   3.480      0.118830
   3.485      0.117938
   3.490      0.117051
   3.494      0.116167
   3.499      0.115288
   3.504      0.114413
   3.509      0.113542
   3.514      0.112674
   3.518      0.111811
   3.523      0.110952
   3.528      0.110097
   3.533      0.109246
   3.538      0.108398
   3.542      0.107555
   3.547      0.106715
   3.552      0.105880
   3.557      0.105048
   3.562      0.104220
   3.566      0.103395
   3.571      0.102575
   3.576      0.101758
   3.581      0.100945
   3.586      0.100135
   3.590      0.099329
   3.595      0.098527
   3.600      0.097729
   3.605      0.096934
   3.610      0.096142
   3.614      0.095354
   3.619      0.094570
   3.624      0.093789
   3.629      0.093012
   3.634      0.092238
   3.638      0.091467
   3.643      0.090700
   3.648      0.089936
   3.653      0.089176
   3.658      0.088419
   3.662      0.087665
   3.667      0.086914
   3.672      0.086167
   3.677      0.085423
   3.682      0.084683
   3.686      0.083945
   3.691      0.083211
   3.696      0.082480
   3.701      0.081752
   3.706      0.081027
   3.710      0.080305
   3.715      0.079586
   3.720      0.078871
   3.725      0.078158
   3.730      0.077449
   3.734      0.076742
   3.739      0.076039
   3.744      0.075338
   3.749      0.074641
   3.754      0.073946
   3.758      0.073254
   3.763      0.072565
   3.768      0.071879
   3.773      0.071196
   3.778      0.070516
   3.782      0.069838
   3.787      0.069163
   3.792      0.068491
   3.797      0.067822
   3.802      0.067156
   3.806      0.066492
   3.811      0.065831
   3.816      0.065172
   3.821      0.064516
   3.826      0.063863
   3.830      0.063213
   3.835      0.062565
   3.840      0.061920
   3.845      0.061277
   3.850      0.060637
   3.854      0.059999
   3.859      0.059364
   3.864      0.058731
   3.869      0.058101
   3.874      0.057474
   3.878      0.056848
   3.883      0.056225
   3.888      0.055605
   3.893      0.054987
   3.898      0.054371
   3.902      0.053758
   3.907      0.053147
   3.912      0.052539
   3.917      0.051932
   3.922      0.051328
   3.926      0.050727
   3.931      0.050127
   3.936      0.049530
   3.941      0.048935
   3.946      0.048342
   3.950      0.047752
   3.955      0.047163
   3.960      0.046577
   3.965      0.045993
   3.970      0.045411
   3.974      0.044831
   3.979      0.044254
   3.984      0.043678
   3.989      0.043104
   3.994      0.042533
   3.998      0.041963
   4.003      0.041396
   4.008      0.040830
   4.013      0.040267
   4.018      0.039706
   4.022      0.039146
   4.027      0.038588
   4.032      0.038033
   4.037      0.037479
   4.042      0.036927
   4.046      0.036378
   4.051      0.035829
   4.056      0.035283
   4.061      0.034739
   4.066      0.034197
   4.070      0.033656
   4.075      0.033117
   4.080      0.032580
   4.085      0.032045
   4.090      0.031511
   4.094      0.030979
   4.099      0.030449
   4.104      0.029921
   4.109      0.029394
   4.114      0.028870
   4.118      0.028346
   4.123      0.027825
   4.128      0.027305
   4.133      0.026787
   4.138      0.026270
   4.142      0.025755
   4.147      0.025242
   4.152      0.024730
   4.157      0.024220
   4.162      0.023711
   4.166      0.023204
   4.171      0.022698
   4.176      0.022194
   4.181      0.021691
   4.186      0.021190
   4.190      0.020691
   4.195      0.020193
   4.200      0.019696
   4.205      0.019201
   4.210      0.018707
   4.214      0.018215
   4.219      0.017724
   4.224      0.017234
   4.229      0.016746
   4.234      0.016259
   4.238      0.015774
   4.243      0.015290
   4.248      0.014807
   4.253      0.014326
   4.258      0.013846
   4.262      0.013367
   4.267      0.012890
   4.272      0.012413
   4.277      0.011939
   4.282      0.011465
   4.286      0.010993
   4.291      0.010521
   4.296      0.010051
   4.301      0.009583
   4.306      0.009115
   4.310      0.008649
   4.315      0.008184
   4.320      0.007720
   4.325      0.007257
   4.330      0.006795
   4.334      0.006335
   4.339      0.005875
   4.344      0.005417
   4.349      0.004960
   4.354      0.004504
   4.358      0.004049
   4.363      0.003595
   4.368      0.003142
   4.373      0.002690
   4.378      0.002239
   4.382      0.001789
   4.387      0.001340
   4.392      0.000893
   4.397      0.000446
   4.402      0.000000
