   0.000      1.519262
   0.008      1.519262
   0.015      1.519262
   0.023      1.519262
   0.030      1.519262
   0.038      1.519262
   0.045      1.519262
   0.053      1.519261
   0.061      1.519261
   0.068      1.519260
   0.076      1.519258
   0.083      1.519256
   0.091      1.519252
   0.099      1.519245
   0.106      1.519237
   0.114      1.519224
   0.121      1.519207
   0.129      1.519183
   0.136      1.519152
   0.144      1.519111
   0.152      1.519059
   0.159      1.518994
   0.167      1.518911
   0.174      1.518810
   0.182      1.518686
   0.189      1.518536
   0.197      1.518356
   0.205      1.518143
   0.212      1.517890
   0.220      1.517595
   0.227      1.517252
   0.235      1.516855
   0.243      1.516400
   0.250      1.515880
   0.258      1.515290
   0.265      1.514623
   0.273      1.513874
   0.280      1.513035
   0.288      1.512102
   0.296      1.511066
   0.303      1.509923
   0.311      1.508665
   0.318      1.507287
   0.326      1.505782
   0.333      1.504144
   0.341      1.502368
   0.349      1.500449
   0.356      1.498380
   0.364      1.496157
   0.371      1.493776
   0.379      1.491233
   0.387      1.488523
   0.394      1.485644
   0.402      1.482592
   0.409      1.479365
   0.417      1.475962
   0.424      1.472380
   0.432      1.468619
   0.440      1.464679
   0.447      1.460559
   0.455      1.456261
   0.462      1.451785
   0.470      1.447133
   0.477      1.442307
   0.485      1.437309
   0.493      1.432143
   0.500      1.426812
   0.508      1.421320
   0.515      1.415670
   0.523      1.409867
   0.531      1.403917
   0.538      1.397823
   0.546      1.391593
   0.553      1.385230
   0.561      1.378741
   0.568      1.372132
   0.576      1.365410
   0.584      1.358579
   0.591      1.351647
   0.599      1.344620
   0.606      1.337503
   0.614      1.330305
   0.621      1.323031
   0.629      1.315687
   0.637      1.308279
   0.644      1.300814
   0.652      1.293299
   0.659      1.285738
   0.667      1.278137
   0.675      1.270504
   0.682      1.262842
   0.690      1.255157
   0.697      1.247455
   0.705      1.239740
   0.712      1.232018
   0.720      1.224293
   0.728      1.216569
   0.735      1.208851
   0.743      1.201142
   0.750      1.193448
   0.758      1.185770
   0.765      1.178113
   0.773      1.170481
   0.781      1.162875
   0.788      1.155299
   0.796      1.147756
   0.803      1.140249
   0.811      1.132778
   0.818      1.125348
   0.826      1.117959
   0.834      1.110615
   0.841      1.103315
   0.849      1.096063
   0.856      1.088859
   0.864      1.081705
   0.872      1.074602
   0.879      1.067551
   0.887      1.060553
   0.894      1.053609
   0.902      1.046720
   0.909      1.039885
   0.917      1.033107
   0.925      1.026385
   0.932      1.019720
   0.940      1.013112
   0.947      1.006561
   0.955      1.000068
   0.962      0.993633
   0.970      0.987255
   0.978      0.980935
   0.985      0.974672
   0.993      0.968467
   1.000      0.962320
   1.008      0.956230
   1.016      0.950197
   1.023      0.944221
   1.031      0.938302
   1.038      0.932439
   1.046      0.926632
   1.053      0.920881
   1.061      0.915185
   1.069      0.909544
   1.076      0.903957
   1.084      0.898425
   1.091      0.892947
   1.099      0.887522
   1.106      0.882149
   1.114      0.876829
   1.122      0.871561
   1.129      0.866345
   1.137      0.861179
   1.144      0.856064
   1.152      0.851000
   1.160      0.845984
   1.167      0.841018
   1.175      0.836100
   1.182      0.831230
   1.190      0.826408
   1.197      0.821633
   1.205      0.816905
   1.213      0.812222
   1.220      0.807585
   1.228      0.802994
   1.235      0.798447
   1.243      0.793944
   1.250      0.789485
   1.258      0.785068
   1.266      0.780695
   1.273      0.776364
   1.281      0.772075
   1.288      0.767826
   1.296      0.763619
   1.304      0.759452
   1.311      0.755325
   1.319      0.751238
   1.326      0.747189
   1.334      0.743179
   1.341      0.739207
   1.349      0.735273
   1.357      0.731376
   1.364      0.727516
   1.372      0.723692
   1.379      0.719904
   1.387      0.716152
   1.394      0.712435
   1.402      0.708752
   1.410      0.705104
   1.417      0.701490
   1.425      0.697909
   1.432      0.694361
   1.440      0.690847
   1.448      0.687364
   1.455      0.683914
   1.463      0.680495
   1.470      0.677107
   1.478      0.673750
   1.485      0.670424
   1.493      0.667128
   1.501      0.663861
   1.508      0.660624
   1.516      0.657417
   1.523      0.654238
   1.531      0.651087
   1.538      0.647965
   1.546      0.644870
   1.554      0.641803
   1.561      0.638762
   1.569      0.635749
   1.576      0.632762
   1.584      0.629802
   1.592      0.626867
   1.599      0.623958
   1.607      0.621074
   1.614      0.618215
   1.622      0.615381
   1.629      0.612571
   1.637      0.609786
   1.645      0.607024
   1.652      0.604286
   1.660      0.601571
   1.667      0.598880
   1.675      0.596211
   1.682      0.593564
   1.690      0.590940
   1.698      0.588338
   1.705      0.585758
   1.713      0.583199
   1.720      0.580662
   1.728      0.578145
   1.736      0.575650
   1.743      0.573175
   1.751      0.570720
   1.758      0.568286
   1.766      0.565871
   1.773      0.563476
   1.781      0.561100
   1.789      0.558744
   1.796      0.556407
   1.804      0.554088
   1.811      0.551788
   1.819      0.549507
   1.826      0.547243
   1.834      0.544998
   1.842      0.542770
   1.849      0.540560
   1.857      0.538368
   1.864      0.536192
   1.872      0.534034
   1.880      0.531892
   1.887      0.529768
   1.895      0.527659
   1.902      0.525567
   1.910      0.523491
   1.917      0.521431
   1.925      0.519387
   1.933      0.517358
   1.940      0.515345
   1.948      0.513347
   1.955      0.511365
   1.963      0.509397
   1.970      0.507444
   1.978      0.505505
   1.986      0.503581
   1.993      0.501672
   2.001      0.499776
   2.008      0.497895
   2.016      0.496028
   2.024      0.494174
   2.031      0.492334
   2.039      0.490507
   2.046      0.488694
   2.054      0.486893
   2.061      0.485106
   2.069      0.483332
   2.077      0.481571
   2.084      0.479822
   2.092      0.478085
   2.099      0.476362
   2.107      0.474650
   2.114      0.472950
   2.122      0.471263
   2.130      0.469587
   2.137      0.467923
   2.145      0.466271
   2.152      0.464631
   2.160      0.463001
   2.167      0.461383
   2.175      0.459777
   2.183      0.458181
   2.190      0.456596
   2.198      0.455022
   2.205      0.453459
   2.213      0.451907
   2.221      0.450365
   2.228      0.448834
   2.236      0.447313
   2.243      0.445802
   2.251      0.444301
   2.258      0.442810
   2.266      0.441330
   2.274      0.439859
   2.281      0.438398
   2.289      0.436946
   2.296      0.435504
   2.304      0.434072
   2.311      0.432649
   2.319      0.431235
   2.327      0.429830
   2.334      0.428435
   2.342      0.427048
   2.349      0.425671
   2.357      0.424302
   2.365      0.422942
   2.372      0.421591
   2.380      0.420248
   2.387      0.418914
   2.395      0.417588
   2.402      0.416271
   2.410      0.414962
   2.418      0.413661
   2.425      0.412368
   2.433      0.411084
   2.440      0.409807
   2.448      0.408538
   2.455      0.407277
   2.463      0.406024
   2.471      0.404779
   2.478      0.403541
   2.486      0.402311
   2.493      0.401088
   2.501      0.399872
   2.509      0.398664
   2.516      0.397464
   2.524      0.396270
   2.531      0.395084
   2.539      0.393904
   2.546      0.392732
   2.554      0.391566
   2.562      0.390408
   2.569      0.389256
   2.577      0.388111
   2.584      0.386973
   2.592      0.385842
   2.599      0.384717
   2.607      0.383599
   2.615      0.382487
   2.622      0.381381
   2.630      0.380282
   2.637      0.379189
   2.645      0.378103
   2.653      0.377023
   2.660      0.375948
   2.668      0.374880
   2.675      0.373818
   2.683      0.372762
   2.690      0.371712
   2.698      0.370668
   2.706      0.369630
   2.713      0.368597
   2.721      0.367571
   2.728      0.366550
   2.736      0.365534
   2.743      0.364525
   2.751      0.363520
   2.759      0.362522
   2.766      0.361528
   2.774      0.360541
   2.781      0.359558
   2.789      0.358581
   2.797      0.357609
   2.804      0.356643
   2.812      0.355682
   2.819      0.354726
   2.827      0.353775
   2.834      0.352829
   2.842      0.351888
   2.850      0.350952
   2.857      0.350021
   2.865      0.349095
   2.872      0.348174
   2.880      0.347258
   2.887      0.346346
   2.895      0.345440
   2.903      0.344538
   2.910      0.343640
   2.918      0.342748
   2.925      0.341860
   2.933      0.340976
   2.941      0.340098
   2.948      0.339223
   2.956      0.338354
   2.963      0.337488
   2.971      0.336627
   2.978      0.335771
   2.986      0.334919
   2.994      0.334071
   3.001      0.333227
   3.009      0.332388
   3.016      0.331552
