   0.000      0.786478
   0.008      0.786478
   0.015      0.786478
   0.023      0.786478
   0.030      0.786478
   0.038      0.786478
   0.045      0.786478
   0.053      0.786478
   0.061      0.786478
   0.068      0.786478
   0.076      0.786477
   0.083      0.786477
   0.091      0.786476
   0.099      0.786475
   0.106      0.786474
   0.114      0.786473
   0.121      0.786471
   0.129      0.786469
   0.136      0.786467
   0.144      0.786464
   0.152      0.786461
   0.159      0.786457
   0.167      0.786452
   0.174      0.786447
   0.182      0.786441
   0.189      0.786435
   0.197      0.786427
   0.205      0.786419
   0.212      0.786410
   0.220      0.786399
   0.227      0.786388
   0.235      0.786375
   0.243      0.786361
   0.250      0.786345
   0.258      0.786328
   0.265      0.786309
   0.273      0.786289
   0.280      0.786267
   0.288      0.786243
   0.296      0.786217
   0.303      0.786188
   0.311      0.786158
   0.318      0.786125
   0.326      0.786090
   0.333      0.786052
   0.341      0.786011
   0.349      0.785967
   0.356      0.785921
   0.364      0.785871
   0.371      0.785818
   0.379      0.785761
   0.387      0.785701
   0.394      0.785637
   0.402      0.785569
   0.409      0.785497
   0.417      0.785420
   0.424      0.785340
   0.432      0.785254
   0.440      0.785164
   0.447      0.785069
   0.455      0.784968
   0.462      0.784862
   0.470      0.784751
   0.477      0.784633
   0.485      0.784510
   0.493      0.784381
   0.500      0.784245
   0.508      0.784102
   0.515      0.783952
   0.523      0.783796
   0.531      0.783632
   0.538      0.783460
   0.546      0.783281
   0.553      0.783093
   0.561      0.782897
   0.568      0.782693
   0.576      0.782480
   0.584      0.782257
   0.591      0.782026
   0.599      0.781784
   0.606      0.781533
   0.614      0.781272
   0.621      0.781000
   0.629      0.780717
   0.637      0.780423
   0.644      0.780118
   0.652      0.779801
   0.659      0.779473
   0.667      0.779132
   0.675      0.778779
   0.682      0.778412
   0.690      0.778033
   0.697      0.777641
   0.705      0.777234
   0.712      0.776814
   0.720      0.776379
   0.728      0.775930
   0.735      0.775466
   0.743      0.774986
   0.750      0.774491
   0.758      0.773980
   0.765      0.773453
   0.773      0.772910
   0.781      0.772349
   0.788      0.771772
   0.796      0.771178
   0.803      0.770566
   0.811      0.769936
   0.818      0.769287
   0.826      0.768621
   0.834      0.767936
   0.841      0.767231
   0.849      0.766508
   0.856      0.765765
   0.864      0.765002
   0.872      0.764220
   0.879      0.763417
   0.887      0.762594
   0.894      0.761750
   0.902      0.760885
   0.909      0.760000
   0.917      0.759093
   0.925      0.758165
   0.932      0.757216
   0.940      0.756244
   0.947      0.755251
   0.955      0.754237
   0.962      0.753200
   0.970      0.752141
   0.978      0.751060
   0.985      0.749956
   0.993      0.748830
   1.000      0.747682
   1.008      0.746511
   1.016      0.745318
   1.023      0.744103
   1.031      0.742865
   1.038      0.741605
   1.046      0.740322
   1.053      0.739017
   1.061      0.737690
   1.069      0.736340
   1.076      0.734969
   1.084      0.733576
   1.091      0.732160
   1.099      0.730723
   1.106      0.729265
   1.114      0.727785
   1.122      0.726284
   1.129      0.724762
   1.137      0.723219
   1.144      0.721656
   1.152      0.720072
   1.160      0.718469
   1.167      0.716845
   1.175      0.715202
   1.182      0.713540
   1.190      0.711858
   1.197      0.710158
   1.205      0.708440
   1.213      0.706703
   1.220      0.704949
   1.228      0.703178
   1.235      0.701389
   1.243      0.699584
   1.250      0.697763
   1.258      0.695925
   1.266      0.694072
   1.273      0.692204
   1.281      0.690321
   1.288      0.688424
   1.296      0.686513
   1.304      0.684588
   1.311      0.682650
   1.319      0.680699
   1.326      0.678736
   1.334      0.676761
   1.341      0.674774
   1.349      0.672776
   1.357      0.670768
   1.364      0.668749
   1.372      0.666720
   1.379      0.664682
   1.387      0.662635
   1.394      0.660580
   1.402      0.658516
   1.410      0.656444
   1.417      0.654365
   1.425      0.652279
   1.432      0.650187
   1.440      0.648088
   1.448      0.645984
   1.455      0.643874
   1.463      0.641759
   1.470      0.639640
   1.478      0.637517
   1.485      0.635390
   1.493      0.633259
   1.501      0.631126
   1.508      0.628989
   1.516      0.626851
   1.523      0.624711
   1.531      0.622568
   1.538      0.620425
   1.546      0.618281
   1.554      0.616136
   1.561      0.613992
   1.569      0.611847
   1.576      0.609702
   1.584      0.607559
   1.592      0.605416
   1.599      0.603275
   1.607      0.601136
   1.614      0.598998
   1.622      0.596863
   1.629      0.594731
   1.637      0.592601
   1.645      0.590474
   1.652      0.588351
   1.660      0.586231
   1.667      0.584115
   1.675      0.582003
   1.682      0.579895
   1.690      0.577792
   1.698      0.575694
   1.705      0.573601
   1.713      0.571513
   1.720      0.569431
   1.728      0.567354
   1.736      0.565283
   1.743      0.563218
   1.751      0.561159
   1.758      0.559106
   1.766      0.557061
   1.773      0.555021
   1.781      0.552989
   1.789      0.550964
   1.796      0.548946
   1.804      0.546935
   1.811      0.544932
   1.819      0.542936
   1.826      0.540948
   1.834      0.538968
   1.842      0.536996
   1.849      0.535032
   1.857      0.533076
   1.864      0.531129
   1.872      0.529189
   1.880      0.527259
   1.887      0.525337
   1.895      0.523423
   1.902      0.521518
   1.910      0.519623
   1.917      0.517736
   1.925      0.515857
   1.933      0.513988
   1.940      0.512128
   1.948      0.510277
   1.955      0.508436
   1.963      0.506603
   1.970      0.504780
   1.978      0.502966
   1.986      0.501161
   1.993      0.499366
   2.001      0.497580
   2.008      0.495803
   2.016      0.494036
   2.024      0.492279
   2.031      0.490531
   2.039      0.488792
   2.046      0.487063
   2.054      0.485343
   2.061      0.483633
   2.069      0.481932
   2.077      0.480241
   2.084      0.478559
   2.092      0.476887
   2.099      0.475224
   2.107      0.473571
   2.114      0.471927
   2.122      0.470292
   2.130      0.468667
   2.137      0.467052
   2.145      0.465445
   2.152      0.463848
   2.160      0.462261
   2.167      0.460682
   2.175      0.459113
   2.183      0.457554
   2.190      0.456003
   2.198      0.454461
   2.205      0.452929
   2.213      0.451406
   2.221      0.449892
   2.228      0.448387
   2.236      0.446891
   2.243      0.445403
   2.251      0.443925
   2.258      0.442456
   2.266      0.440995
   2.274      0.439543
   2.281      0.438100
   2.289      0.436665
   2.296      0.435240
   2.304      0.433822
   2.311      0.432414
   2.319      0.431013
   2.327      0.429621
   2.334      0.428238
   2.342      0.426863
   2.349      0.425496
   2.357      0.424137
   2.365      0.422787
   2.372      0.421445
   2.380      0.420110
   2.387      0.418784
   2.395      0.417466
   2.402      0.416155
   2.410      0.414853
   2.418      0.413558
   2.425      0.412271
   2.433      0.410992
   2.440      0.409720
   2.448      0.408456
   2.455      0.407199
   2.463      0.405950
   2.471      0.404709
   2.478      0.403474
   2.486      0.402247
   2.493      0.401028
   2.501      0.399815
   2.509      0.398610
   2.516      0.397411
   2.524      0.396220
   2.531      0.395036
   2.539      0.393858
   2.546      0.392688
   2.554      0.391524
   2.562      0.390367
   2.569      0.389217
   2.577      0.388074
   2.584      0.386937
   2.592      0.385806
   2.599      0.384682
   2.607      0.383565
   2.615      0.382454
   2.622      0.381349
   2.630      0.380251
   2.637      0.379159
   2.645      0.378073
   2.653      0.376994
   2.660      0.375920
   2.668      0.374852
   2.675      0.373791
   2.683      0.372735
   2.690      0.371686
   2.698      0.370642
   2.706      0.369604
   2.713      0.368572
   2.721      0.367545
   2.728      0.366524
   2.736      0.365509
   2.743      0.364500
   2.751      0.363496
   2.759      0.362497
   2.766      0.361504
   2.774      0.360517
   2.781      0.359534
   2.789      0.358557
   2.797      0.357586
   2.804      0.356619
   2.812      0.355658
   2.819      0.354702
   2.827      0.353751
   2.834      0.352805
   2.842      0.351865
   2.850      0.350929
   2.857      0.349998
   2.865      0.349072
   2.872      0.348151
   2.880      0.347235
   2.887      0.346324
   2.895      0.345417
   2.903      0.344515
   2.910      0.343618
   2.918      0.342725
   2.925      0.341838
   2.933      0.340954
   2.941      0.340075
   2.948      0.339201
   2.956      0.338332
   2.963      0.337466
   2.971      0.336605
   2.978      0.335749
   2.986      0.334897
   2.994      0.334049
   3.001      0.333205
   3.009      0.332366
   3.016      0.331531
