   0.000      0.781704
   0.008      0.781703
   0.015      0.781701
   0.023      0.781698
   0.030      0.781693
   0.038      0.781687
   0.045      0.781680
   0.053      0.781672
   0.061      0.781662
   0.068      0.781651
   0.076      0.781638
   0.083      0.781624
   0.091      0.781609
   0.099      0.781592
   0.106      0.781574
   0.114      0.781555
   0.121      0.781534
   0.129      0.781511
   0.136      0.781488
   0.144      0.781462
   0.152      0.781435
   0.159      0.781406
   0.167      0.781376
   0.174      0.781344
   0.182      0.781311
   0.189      0.781275
   0.197      0.781238
   0.205      0.781199
   0.212      0.781158
   0.220      0.781116
   0.227      0.781071
   0.235      0.781024
   0.243      0.780976
   0.250      0.780925
   0.258      0.780872
   0.265      0.780817
   0.273      0.780759
   0.280      0.780699
   0.288      0.780637
   0.296      0.780572
   0.303      0.780504
   0.311      0.780434
   0.318      0.780361
   0.326      0.780286
   0.333      0.780207
   0.341      0.780125
   0.349      0.780040
   0.356      0.779952
   0.364      0.779861
   0.371      0.779766
   0.379      0.779667
   0.387      0.779565
   0.394      0.779459
   0.402      0.779349
   0.409      0.779235
   0.417      0.779116
   0.424      0.778993
   0.432      0.778866
   0.440      0.778734
   0.447      0.778597
   0.455      0.778455
   0.462      0.778308
   0.470      0.778155
   0.477      0.777997
   0.485      0.777833
   0.493      0.777663
   0.500      0.777487
   0.508      0.777304
   0.515      0.777115
   0.523      0.776919
   0.531      0.776716
   0.538      0.776506
   0.546      0.776288
   0.553      0.776062
   0.561      0.775828
   0.568      0.775585
   0.576      0.775334
   0.584      0.775074
   0.591      0.774805
   0.599      0.774526
   0.606      0.774238
   0.614      0.773939
   0.621      0.773630
   0.629      0.773311
   0.637      0.772980
   0.644      0.772638
   0.652      0.772284
   0.659      0.771917
   0.667      0.771539
   0.675      0.771148
   0.682      0.770743
   0.690      0.770326
   0.697      0.769894
   0.705      0.769448
   0.712      0.768988
   0.720      0.768513
   0.728      0.768023
   0.735      0.767517
   0.743      0.766995
   0.750      0.766457
   0.758      0.765902
   0.765      0.765330
   0.773      0.764741
   0.781      0.764134
   0.788      0.763509
   0.796      0.762866
   0.803      0.762205
   0.811      0.761524
   0.818      0.760824
   0.826      0.760105
   0.834      0.759366
   0.841      0.758607
   0.849      0.757827
   0.856      0.757027
   0.864      0.756207
   0.872      0.755365
   0.879      0.754502
   0.887      0.753618
   0.894      0.752712
   0.902      0.751785
   0.909      0.750836
   0.917      0.749865
   0.925      0.748872
   0.932      0.747856
   0.940      0.746819
   0.947      0.745760
   0.955      0.744678
   0.962      0.743574
   0.970      0.742448
   0.978      0.741300
   0.985      0.740130
   0.993      0.738937
   1.000      0.737723
   1.008      0.736487
   1.016      0.735229
   1.023      0.733949
   1.031      0.732648
   1.038      0.731326
   1.046      0.729983
   1.053      0.728618
   1.061      0.727233
   1.069      0.725828
   1.076      0.724403
   1.084      0.722957
   1.091      0.721492
   1.099      0.720008
   1.106      0.718504
   1.114      0.716982
   1.122      0.715441
   1.129      0.713882
   1.137      0.712305
   1.144      0.710710
   1.152      0.709099
   1.160      0.707471
   1.167      0.705826
   1.175      0.704165
   1.182      0.702488
   1.190      0.700796
   1.197      0.699089
   1.205      0.697368
   1.213      0.695632
   1.220      0.693882
   1.228      0.692119
   1.235      0.690343
   1.243      0.688554
   1.250      0.686752
   1.258      0.684939
   1.266      0.683114
   1.273      0.681277
   1.281      0.679430
   1.288      0.677573
   1.296      0.675705
   1.304      0.673828
   1.311      0.671941
   1.319      0.670045
   1.326      0.668141
   1.334      0.666228
   1.341      0.664307
   1.349      0.662379
   1.357      0.660444
   1.364      0.658501
   1.372      0.656553
   1.379      0.654598
   1.387      0.652637
   1.394      0.650670
   1.402      0.648699
   1.410      0.646722
   1.417      0.644741
   1.425      0.642756
   1.432      0.640767
   1.440      0.638774
   1.448      0.636778
   1.455      0.634779
   1.463      0.632777
   1.470      0.630773
   1.478      0.628766
   1.485      0.626758
   1.493      0.624748
   1.501      0.622737
   1.508      0.620725
   1.516      0.618712
   1.523      0.616698
   1.531      0.614684
   1.538      0.612670
   1.546      0.610656
   1.554      0.608643
   1.561      0.606630
   1.569      0.604619
   1.576      0.602608
   1.584      0.600599
   1.592      0.598591
   1.599      0.596585
   1.607      0.594581
   1.614      0.592579
   1.622      0.590580
   1.629      0.588583
   1.637      0.586589
   1.645      0.584598
   1.652      0.582610
   1.660      0.580625
   1.667      0.578644
   1.675      0.576666
   1.682      0.574692
   1.690      0.572722
   1.698      0.570756
   1.705      0.568795
   1.713      0.566838
   1.720      0.564885
   1.728      0.562937
   1.736      0.560994
   1.743      0.559056
   1.751      0.557123
   1.758      0.555195
   1.766      0.553273
   1.773      0.551356
   1.781      0.549445
   1.789      0.547539
   1.796      0.545639
   1.804      0.543745
   1.811      0.541857
   1.819      0.539975
   1.826      0.538099
   1.834      0.536230
   1.842      0.534366
   1.849      0.532510
   1.857      0.530660
   1.864      0.528816
   1.872      0.526979
   1.880      0.525149
   1.887      0.523326
   1.895      0.521510
   1.902      0.519700
   1.910      0.517898
   1.917      0.516103
   1.925      0.514315
   1.933      0.512534
   1.940      0.510760
   1.948      0.508994
   1.955      0.507235
   1.963      0.505483
   1.970      0.503739
   1.978      0.502002
   1.986      0.500273
   1.993      0.498552
   2.001      0.496838
   2.008      0.495132
   2.016      0.493433
   2.024      0.491742
   2.031      0.490059
   2.039      0.488383
   2.046      0.486715
   2.054      0.485055
   2.061      0.483403
   2.069      0.481759
   2.077      0.480122
   2.084      0.478494
   2.092      0.476873
   2.099      0.475260
   2.107      0.473655
   2.114      0.472058
   2.122      0.470468
   2.130      0.468887
   2.137      0.467314
   2.145      0.465748
   2.152      0.464190
   2.160      0.462641
   2.167      0.461099
   2.175      0.459565
   2.183      0.458039
   2.190      0.456520
   2.198      0.455010
   2.205      0.453508
   2.213      0.452013
   2.221      0.450526
   2.228      0.449047
   2.236      0.447576
   2.243      0.446113
   2.251      0.444657
   2.258      0.443210
   2.266      0.441770
   2.274      0.440338
   2.281      0.438913
   2.289      0.437496
   2.296      0.436087
   2.304      0.434686
   2.311      0.433292
   2.319      0.431906
   2.327      0.430527
   2.334      0.429156
   2.342      0.427793
   2.349      0.426437
   2.357      0.425088
   2.365      0.423747
   2.372      0.422414
   2.380      0.421088
   2.387      0.419769
   2.395      0.418457
   2.402      0.417153
   2.410      0.415856
   2.418      0.414567
   2.425      0.413285
   2.433      0.412009
   2.440      0.410741
   2.448      0.409481
   2.455      0.408227
   2.463      0.406980
   2.471      0.405740
   2.478      0.404508
   2.486      0.403282
   2.493      0.402063
   2.501      0.400851
   2.509      0.399646
   2.516      0.398448
   2.524      0.397256
   2.531      0.396072
   2.539      0.394893
   2.546      0.393722
   2.554      0.392557
   2.562      0.391399
   2.569      0.390247
   2.577      0.389102
   2.584      0.387963
   2.592      0.386831
   2.599      0.385705
   2.607      0.384586
   2.615      0.383472
   2.622      0.382365
   2.630      0.381265
   2.637      0.380170
   2.645      0.379082
   2.653      0.377999
   2.660      0.376923
   2.668      0.375853
   2.675      0.374788
   2.683      0.373730
   2.690      0.372678
   2.698      0.371631
   2.706      0.370590
   2.713      0.369555
   2.721      0.368526
   2.728      0.367502
   2.736      0.366484
   2.743      0.365472
   2.751      0.364465
   2.759      0.363464
   2.766      0.362468
   2.774      0.361478
   2.781      0.360493
   2.789      0.359513
   2.797      0.358539
   2.804      0.357570
   2.812      0.356606
   2.819      0.355648
   2.827      0.354694
   2.834      0.353746
   2.842      0.352803
   2.850      0.351864
   2.857      0.350931
   2.865      0.350003
   2.872      0.349079
   2.880      0.348160
   2.887      0.347247
   2.895      0.346338
   2.903      0.345433
   2.910      0.344534
   2.918      0.343639
   2.925      0.342749
   2.933      0.341863
   2.941      0.340982
   2.948      0.340105
   2.956      0.339233
   2.963      0.338366
   2.971      0.337502
   2.978      0.336644
   2.986      0.335789
   2.994      0.334939
   3.001      0.334093
   3.009      0.333252
   3.016      0.332414
