   0.006      0.000226
   0.011      0.002599
   0.017      0.004971
   0.023      0.007425
   0.029      0.009890
   0.034      0.012358
   0.040      0.014827
   0.046      0.017297
   0.051      0.019768
   0.057      0.022240
   0.063      0.024711
   0.068      0.027184
   0.074      0.029656
   0.080      0.032130
   0.086      0.034603
   0.091      0.037078
   0.097      0.039552
   0.103      0.042028
   0.108      0.044504
   0.114      0.046981
   0.120      0.049458
   0.125      0.051936
   0.131      0.054415
   0.137      0.056895
   0.143      0.059376
   0.148      0.061857
   0.154      0.064340
   0.160      0.066823
   0.165      0.069308
   0.171      0.071793
   0.177      0.074280
   0.182      0.076767
   0.188      0.079256
   0.194      0.081746
   0.200      0.084237
   0.205      0.086729
   0.211      0.089223
   0.217      0.091718
   0.222      0.094214
   0.228      0.096712
   0.234      0.099211
   0.239      0.101712
   0.245      0.104214
   0.251      0.106717
   0.257      0.109223
   0.262      0.111729
   0.268      0.114238
   0.274      0.116748
   0.279      0.119260
   0.285      0.121773
   0.291      0.124289
   0.296      0.126806
   0.302      0.129325
   0.308      0.131846
   0.314      0.134369
   0.319      0.136894
   0.325      0.139421
   0.331      0.141949
   0.336      0.144480
   0.342      0.147013
   0.348      0.149549
   0.353      0.152086
   0.359      0.154626
   0.365      0.157168
   0.370      0.159712
   0.376      0.162258
   0.382      0.164807
   0.388      0.167358
   0.393      0.169912
   0.399      0.172468
   0.405      0.175026
   0.410      0.177587
   0.416      0.180151
   0.422      0.182717
   0.427      0.185286
   0.433      0.187857
   0.439      0.190431
   0.445      0.193008
   0.450      0.195588
   0.456      0.198170
   0.462      0.200756
   0.467      0.203344
   0.473      0.205934
   0.479      0.208528
   0.485      0.211125
   0.490      0.213725
   0.496      0.216328
   0.502      0.218933
   0.507      0.221542
   0.513      0.224154
   0.519      0.226769
   0.524      0.229387
   0.530      0.232008
   0.536      0.234633
   0.541      0.237261
   0.547      0.239892
   0.553      0.242526
   0.559      0.245163
   0.564      0.247804
   0.570      0.250448
   0.576      0.253096
   0.581      0.255747
   0.587      0.258401
   0.593      0.261059
   0.599      0.263720
   0.604      0.266385
   0.610      0.269053
   0.616      0.271725
   0.621      0.274400
   0.627      0.277079
   0.633      0.279762
   0.638      0.282448
   0.644      0.285137
   0.650      0.287830
   0.655      0.290527
   0.661      0.293228
   0.667      0.295932
   0.673      0.298640
   0.678      0.301351
   0.684      0.304066
   0.690      0.306785
   0.695      0.309508
   0.701      0.312234
   0.707      0.314964
   0.713      0.317698
   0.718      0.320435
   0.724      0.323176
   0.730      0.325921
   0.735      0.328670
   0.741      0.331422
   0.747      0.334178
   0.752      0.336938
   0.758      0.339702
   0.764      0.342469
   0.770      0.345240
   0.775      0.348015
   0.781      0.350793
   0.787      0.353576
   0.792      0.356361
   0.798      0.359151
   0.804      0.361944
   0.809      0.364741
   0.815      0.367541
   0.821      0.370345
   0.827      0.373153
   0.832      0.375964
   0.838      0.378778
   0.844      0.381596
   0.849      0.384418
   0.855      0.387243
   0.861      0.390072
   0.866      0.392904
   0.872      0.395739
   0.878      0.398577
   0.884      0.401419
   0.889      0.404265
   0.895      0.407113
   0.901      0.409965
   0.906      0.412819
   0.912      0.415677
   0.918      0.418538
   0.923      0.421402
   0.929      0.424268
   0.935      0.427138
   0.941      0.430010
   0.946      0.432886
   0.952      0.435764
   0.958      0.438644
   0.963      0.441528
   0.969      0.444413
   0.975      0.447302
   0.980      0.450192
   0.986      0.453085
   0.992      0.455980
   0.998      0.458878
   1.003      0.461777
   1.009      0.464679
   1.015      0.467582
   1.020      0.470487
   1.026      0.473394
   1.032      0.476303
   1.037      0.479214
   1.043      0.482125
   1.049      0.485039
   1.054      0.487953
   1.060      0.490869
   1.066      0.493786
   1.072      0.496703
   1.077      0.499622
   1.083      0.502541
   1.089      0.505461
   1.094      0.508382
   1.100      0.511303
   1.106      0.514224
   1.111      0.517146
   1.117      0.520068
   1.123      0.522989
   1.129      0.525910
   1.134      0.528831
   1.140      0.531752
   1.146      0.534672
   1.151      0.537591
   1.157      0.540509
   1.163      0.543427
   1.169      0.546343
   1.174      0.549258
   1.180      0.552171
   1.186      0.555082
   1.191      0.557992
   1.197      0.560900
   1.203      0.563806
   1.208      0.566709
   1.214      0.569610
   1.220      0.572509
   1.226      0.575404
   1.231      0.578297
   1.237      0.581187
   1.243      0.584073
   1.248      0.586955
   1.254      0.589834
   1.260      0.592709
   1.265      0.595580
   1.271      0.598447
   1.277      0.601309
   1.282      0.604167
   1.288      0.607020
   1.294      0.609867
   1.300      0.612710
   1.305      0.615547
   1.311      0.618378
   1.317      0.621204
   1.322      0.624023
   1.328      0.626836
   1.334      0.629643
   1.340      0.632442
   1.345      0.635235
   1.351      0.638021
   1.357      0.640799
   1.362      0.643570
   1.368      0.646332
   1.374      0.649087
   1.379      0.651833
   1.385      0.654571
   1.391      0.657300
   1.397      0.660020
   1.402      0.662730
   1.408      0.665431
   1.414      0.668123
   1.419      0.670804
   1.425      0.673475
   1.431      0.676136
   1.436      0.678786
   1.442      0.681424
   1.448      0.684052
   1.454      0.686668
   1.459      0.689273
   1.465      0.691865
   1.471      0.694445
   1.476      0.697013
   1.482      0.699568
   1.488      0.702110
   1.493      0.704638
   1.499      0.707153
   1.505      0.709655
   1.510      0.712142
   1.516      0.714615
   1.522      0.717073
   1.528      0.719517
   1.533      0.721945
   1.539      0.724358
   1.545      0.726756
   1.550      0.729138
   1.556      0.731503
   1.562      0.733852
   1.568      0.736185
   1.573      0.738500
   1.579      0.740799
   1.585      0.743079
   1.590      0.745343
   1.596      0.747588
   1.602      0.749815
   1.607      0.752024
   1.613      0.754213
   1.619      0.756384
   1.625      0.758536
   1.630      0.760668
   1.636      0.762781
   1.642      0.764873
   1.647      0.766945
   1.653      0.768997
   1.659      0.771028
   1.664      0.773038
   1.670      0.775026
   1.676      0.776994
   1.681      0.778939
   1.687      0.780863
   1.693      0.782764
   1.699      0.784643
   1.704      0.786499
   1.710      0.788333
   1.716      0.790143
   1.721      0.791930
   1.727      0.793694
   1.733      0.795433
   1.739      0.797149
   1.744      0.798840
   1.750      0.800507
   1.756      0.802150
   1.761      0.803767
   1.767      0.805360
   1.773      0.806927
   1.778      0.808469
   1.784      0.809985
   1.790      0.811476
   1.796      0.812940
   1.801      0.814378
   1.807      0.815790
   1.813      0.817175
   1.818      0.818534
   1.824      0.819865
   1.830      0.821170
   1.835      0.822447
   1.841      0.823697
   1.847      0.824920
   1.853      0.826114
   1.858      0.827281
   1.864      0.828420
   1.870      0.829531
   1.875      0.830614
   1.881      0.831668
   1.887      0.832694
   1.892      0.833691
   1.898      0.834660
   1.904      0.835599
   1.909      0.836510
   1.915      0.837392
   1.921      0.838244
   1.927      0.839068
   1.932      0.839862
   1.938      0.840626
   1.944      0.841362
   1.949      0.842067
   1.955      0.842743
   1.961      0.843390
   1.967      0.844007
   1.972      0.844594
   1.978      0.845151
   1.984      0.845678
   1.989      0.846175
   1.995      0.846643
   2.001      0.847080
   2.006      0.847488
   2.012      0.847865
   2.018      0.848213
   2.023      0.848530
   2.029      0.848818
   2.035      0.849075
   2.041      0.849303
   2.046      0.849500
   2.052      0.849668
   2.058      0.849805
   2.063      0.849913
   2.069      0.849991
   2.075      0.850038
   2.081      0.850057
   2.086      0.850045
   2.092      0.850004
   2.098      0.849933
   2.103      0.849832
   2.109      0.849702
   2.115      0.849543
   2.120      0.849354
   2.126      0.849136
   2.132      0.848888
   2.138      0.848612
   2.143      0.848307
   2.149      0.847972
   2.155      0.847609
   2.160      0.847218
   2.166      0.846797
   2.172      0.846348
   2.177      0.845871
   2.183      0.845366
   2.189      0.844833
   2.195      0.844272
   2.200      0.843682
   2.206      0.843066
   2.212      0.842422
   2.217      0.841750
   2.223      0.841051
   2.229      0.840326
   2.234      0.839573
   2.240      0.838794
   2.246      0.837988
   2.252      0.837156
   2.257      0.836297
   2.263      0.835413
   2.269      0.834503
   2.274      0.833567
   2.280      0.832605
   2.286      0.831619
   2.291      0.830607
   2.297      0.829571
   2.303      0.828510
   2.308      0.827424
   2.314      0.826314
   2.320      0.825180
   2.326      0.824023
   2.331      0.822841
   2.337      0.821637
   2.343      0.820409
   2.348      0.819158
   2.354      0.817884
   2.360      0.816588
   2.365      0.815269
   2.371      0.813929
   2.377      0.812566
   2.383      0.811182
   2.388      0.809777
   2.394      0.808350
   2.400      0.806903
   2.405      0.805434
   2.411      0.803945
   2.417      0.802436
   2.422      0.800907
   2.428      0.799359
   2.434      0.797790
   2.440      0.796203
   2.445      0.794596
   2.451      0.792970
   2.457      0.791326
   2.462      0.789664
   2.468      0.787983
   2.474      0.786285
   2.480      0.784569
   2.485      0.782835
   2.491      0.781085
   2.497      0.779317
   2.502      0.777533
   2.508      0.775732
   2.514      0.773916
   2.519      0.772083
   2.525      0.770234
   2.531      0.768370
   2.537      0.766490
   2.542      0.764596
   2.548      0.762687
   2.554      0.760763
   2.559      0.758824
   2.565      0.756872
   2.571      0.754906
   2.576      0.752926
   2.582      0.750932
   2.588      0.748925
   2.594      0.746906
   2.599      0.744873
   2.605      0.742828
   2.611      0.740770
   2.616      0.738700
   2.622      0.736619
   2.628      0.734525
   2.633      0.732420
   2.639      0.730304
   2.645      0.728176
   2.651      0.726038
   2.656      0.723889
   2.662      0.721729
   2.668      0.719559
   2.673      0.717379
   2.679      0.715189
   2.685      0.712989
   2.690      0.710780
   2.696      0.708561
   2.702      0.706333
   2.708      0.704096
   2.713      0.701850
   2.719      0.699596
   2.725      0.697333
   2.730      0.695062
   2.736      0.692783
   2.742      0.690496
   2.747      0.688201
   2.753      0.685899
   2.759      0.683589
   2.764      0.681272
   2.770      0.678948
   2.776      0.676618
   2.782      0.674280
   2.787      0.671936
   2.793      0.669586
   2.799      0.667229
   2.804      0.664867
   2.810      0.662498
   2.816      0.660124
   2.821      0.657744
   2.827      0.655359
   2.833      0.652969
   2.839      0.650573
   2.844      0.648173
   2.850      0.645768
   2.856      0.643358
   2.861      0.640943
   2.867      0.638524
   2.873      0.636101
   2.879      0.633674
   2.884      0.631243
   2.890      0.628808
   2.896      0.626370
   2.901      0.623928
   2.907      0.621483
   2.913      0.619035
   2.918      0.616583
   2.924      0.614129
   2.930      0.611672
   2.936      0.609212
   2.941      0.606750
   2.947      0.604285
   2.953      0.601818
   2.958      0.599349
   2.964      0.596878
   2.970      0.594405
   2.975      0.591930
   2.981      0.589454
   2.987      0.586976
   2.993      0.584497
   2.998      0.582016
   3.004      0.579534
   3.010      0.577052
   3.015      0.574568
   3.021      0.572084
   3.027      0.569599
   3.032      0.567113
   3.038      0.564627
   3.044      0.562141
   3.050      0.559655
   3.055      0.557168
   3.061      0.554681
   3.067      0.552195
   3.072      0.549709
   3.078      0.547223
   3.084      0.544737
   3.089      0.542252
   3.095      0.539768
   3.101      0.537284
   3.107      0.534802
   3.112      0.532320
   3.118      0.529839
   3.124      0.527360
   3.129      0.524881
   3.135      0.522404
   3.141      0.519929
   3.146      0.517455
   3.152      0.514982
   3.158      0.512512
   3.163      0.510043
   3.169      0.507576
   3.175      0.505111
   3.181      0.502648
   3.186      0.500187
   3.192      0.497729
   3.198      0.495273
   3.203      0.492819
   3.209      0.490368
   3.215      0.487920
   3.220      0.485474
   3.226      0.483031
   3.232      0.480591
   3.238      0.478153
   3.243      0.475719
   3.249      0.473288
   3.255      0.470860
   3.260      0.468435
   3.266      0.466014
   3.272      0.463596
   3.278      0.461182
   3.283      0.458771
   3.289      0.456363
   3.295      0.453960
   3.300      0.451560
   3.306      0.449164
   3.312      0.446772
   3.317      0.444384
   3.323      0.442000
   3.329      0.439620
   3.335      0.437244
   3.340      0.434872
   3.346      0.432505
   3.352      0.430142
   3.357      0.427784
   3.363      0.425430
   3.369      0.423081
   3.374      0.420736
   3.380      0.418396
   3.386      0.416061
   3.392      0.413731
   3.397      0.411405
   3.403      0.409085
   3.409      0.406769
   3.414      0.404458
   3.420      0.402153
   3.426      0.399853
   3.431      0.397558
   3.437      0.395268
   3.443      0.392983
   3.449      0.390704
   3.454      0.388431
   3.460      0.386162
   3.466      0.383900
   3.471      0.381643
   3.477      0.379391
   3.483      0.377145
   3.488      0.374905
   3.494      0.372671
   3.500      0.370442
   3.506      0.368220
   3.511      0.366003
   3.517      0.363792
   3.523      0.361587
   3.528      0.359388
   3.534      0.357196
   3.540      0.355009
   3.545      0.352829
   3.551      0.350654
   3.557      0.348486
   3.562      0.346325
   3.568      0.344169
   3.574      0.342020
   3.580      0.339878
   3.585      0.337741
   3.591      0.335612
   3.597      0.333488
   3.602      0.331372
   3.608      0.329262
   3.614      0.327158
   3.619      0.325061
   3.625      0.322971
   3.631      0.320887
   3.637      0.318811
   3.642      0.316741
   3.648      0.314677
   3.654      0.312621
   3.659      0.310572
   3.665      0.308529
   3.671      0.306493
   3.677      0.304464
   3.682      0.302443
   3.688      0.300428
   3.694      0.298420
   3.699      0.296419
   3.705      0.294426
   3.711      0.292439
   3.716      0.290460
   3.722      0.288487
   3.728      0.286522
   3.734      0.284564
   3.739      0.282614
   3.745      0.280670
   3.751      0.278734
   3.756      0.276805
   3.762      0.274883
   3.768      0.272969
   3.773      0.271062
   3.779      0.269162
   3.785      0.267270
   3.791      0.265385
   3.796      0.263508
   3.802      0.261638
   3.808      0.259775
   3.813      0.257920
   3.819      0.256072
   3.825      0.254232
   3.830      0.252399
   3.836      0.250574
   3.842      0.248756
   3.848      0.246946
   3.853      0.245143
   3.859      0.243348
   3.865      0.241561
   3.870      0.239781
   3.876      0.238008
   3.882      0.236244
   3.887      0.234486
   3.893      0.232737
   3.899      0.230995
   3.905      0.229261
   3.910      0.227534
   3.916      0.225815
   3.922      0.224104
   3.927      0.222400
   3.933      0.220704
   3.939      0.219016
   3.944      0.217336
   3.950      0.215663
   3.956      0.213998
   3.962      0.212340
   3.967      0.210690
   3.973      0.209048
   3.979      0.207414
   3.984      0.205787
   3.990      0.204168
   3.996      0.202557
   4.001      0.200953
   4.007      0.199358
   4.013      0.197770
   4.019      0.196189
   4.024      0.194617
   4.030      0.193052
   4.036      0.191494
   4.041      0.189945
   4.047      0.188403
   4.053      0.186869
   4.058      0.185343
   4.064      0.183824
   4.070      0.182313
   4.075      0.180810
   4.081      0.179315
   4.087      0.177827
   4.093      0.176347
   4.098      0.174874
   4.104      0.173410
   4.110      0.171953
   4.115      0.170503
   4.121      0.169062
   4.127      0.167628
   4.133      0.166201
   4.138      0.164783
   4.144      0.163371
   4.150      0.161968
   4.155      0.160572
   4.161      0.159184
   4.167      0.157804
   4.172      0.156431
   4.178      0.155065
   4.184      0.153708
   4.189      0.152357
   4.195      0.151015
   4.201      0.149680
   4.207      0.148352
   4.212      0.147032
   4.218      0.145720
   4.224      0.144415
   4.229      0.143118
   4.235      0.141828
   4.241      0.140546
   4.247      0.139271
   4.252      0.138003
   4.258      0.136743
   4.264      0.135491
   4.269      0.134246
   4.275      0.133008
   4.281      0.131778
   4.286      0.130555
   4.292      0.129339
   4.298      0.128131
   4.304      0.126930
   4.309      0.125737
   4.315      0.124551
   4.321      0.123372
   4.326      0.122200
   4.332      0.121036
   4.338      0.119879
   4.343      0.118729
   4.349      0.117587
   4.355      0.116451
   4.361      0.115323
   4.366      0.114202
   4.372      0.113088
   4.378      0.111982
   4.383      0.110882
   4.389      0.109790
   4.395      0.108704
   4.400      0.107626
   4.406      0.106555
   4.412      0.105491
   4.418      0.104433
   4.423      0.103383
   4.429      0.102340
   4.435      0.101304
   4.440      0.100274
   4.446      0.099252
   4.452      0.098237
   4.457      0.097228
   4.463      0.096226
   4.469      0.095232
   4.474      0.094244
   4.480      0.093262
   4.486      0.092288
   4.492      0.091320
   4.497      0.090359
   4.503      0.089405
   4.509      0.088458
   4.514      0.087517
   4.520      0.086583
   4.526      0.085655
   4.532      0.084734
   4.537      0.083820
   4.543      0.082912
   4.549      0.082011
   4.554      0.081117
   4.560      0.080229
   4.566      0.079347
   4.571      0.078472
   4.577      0.077603
   4.583      0.076741
   4.588      0.075885
   4.594      0.075036
   4.600      0.074192
   4.606      0.073356
   4.611      0.072525
   4.617      0.071701
   4.623      0.070883
   4.628      0.070071
   4.634      0.069266
   4.640      0.068466
   4.646      0.067673
   4.651      0.066886
   4.657      0.066105
   4.663      0.065330
   4.668      0.064562
   4.674      0.063799
   4.680      0.063042
   4.685      0.062292
   4.691      0.061547
   4.697      0.060808
   4.703      0.060076
   4.708      0.059349
   4.714      0.058628
   4.720      0.057912
   4.725      0.057203
   4.731      0.056500
   4.737      0.055802
   4.742      0.055110
   4.748      0.054424
   4.754      0.053743
   4.760      0.053068
   4.765      0.052399
   4.771      0.051735
   4.777      0.051077
   4.782      0.050425
   4.788      0.049778
   4.794      0.049136
   4.799      0.048501
   4.805      0.047870
   4.811      0.047245
   4.817      0.046626
   4.822      0.046012
   4.828      0.045403
   4.834      0.044799
   4.839      0.044201
   4.845      0.043608
   4.851      0.043021
   4.856      0.042439
   4.862      0.041862
   4.868      0.041290
   4.873      0.040723
   4.879      0.040162
   4.885      0.039605
   4.891      0.039054
   4.896      0.038507
   4.902      0.037966
   4.908      0.037430
   4.913      0.036899
   4.919      0.036372
   4.925      0.035851
   4.931      0.035335
   4.936      0.034823
   4.942      0.034316
   4.948      0.033814
   4.953      0.033317
   4.959      0.032825
   4.965      0.032338
   4.970      0.031855
   4.976      0.031377
   4.982      0.030903
   4.987      0.030434
   4.993      0.029970
   4.999      0.029511
   5.005      0.029056
   5.010      0.028605
   5.016      0.028159
   5.022      0.027718
   5.027      0.027281
   5.033      0.026848
   5.039      0.026420
   5.045      0.025997
   5.050      0.025577
   5.056      0.025162
   5.062      0.024752
   5.067      0.024345
   5.073      0.023943
   5.079      0.023545
   5.084      0.023151
   5.090      0.022762
   5.096      0.022377
   5.102      0.021995
   5.107      0.021618
   5.113      0.021245
   5.119      0.020876
   5.124      0.020511
   5.130      0.020150
   5.136      0.019793
   5.141      0.019440
   5.147      0.019091
   5.153      0.018746
   5.159      0.018405
   5.164      0.018067
   5.170      0.017734
   5.176      0.017404
   5.181      0.017078
   5.187      0.016756
   5.193      0.016437
   5.198      0.016122
   5.204      0.015811
   5.210      0.015504
   5.216      0.015200
   5.221      0.014900
   5.227      0.014603
   5.233      0.014310
   5.238      0.014020
   5.244      0.013734
   5.250      0.013451
   5.255      0.013172
   5.261      0.012897
   5.267      0.012624
   5.272      0.012355
   5.278      0.012090
   5.284      0.011828
   5.290      0.011569
   5.295      0.011313
   5.301      0.011061
   5.307      0.010811
   5.312      0.010565
   5.318      0.010323
   5.324      0.010083
   5.330      0.009847
   5.335      0.009613
   5.341      0.009383
   5.347      0.009156
   5.352      0.008932
   5.358      0.008711
   5.364      0.008493
   5.369      0.008278
   5.375      0.008066
   5.381      0.007856
   5.386      0.007650
   5.392      0.007447
   5.398      0.007246
   5.404      0.007048
   5.409      0.006853
   5.415      0.006661
   5.421      0.006472
   5.426      0.006285
   5.432      0.006101
   5.438      0.005920
   5.444      0.005741
   5.449      0.005565
   5.455      0.005392
   5.461      0.005221
   5.466      0.005053
   5.472      0.004888
   5.478      0.004724
   5.483      0.004564
   5.489      0.004406
   5.495      0.004250
   5.501      0.004097
   5.506      0.003946
   5.512      0.003798
   5.518      0.003652
   5.523      0.003508
   5.529      0.003367
   5.535      0.003228
   5.540      0.003091
   5.546      0.002957
   5.552      0.002824
   5.558      0.002694
   5.563      0.002566
   5.569      0.002441
   5.575      0.002317
   5.580      0.002196
   5.586      0.002076
   5.592      0.001959
   5.597      0.001844
   5.603      0.001730
   5.609      0.001619
   5.615      0.001510
   5.620      0.001402
   5.626      0.001297
   5.632      0.001193
   5.637      0.001092
   5.643      0.000992
   5.649      0.000894
   5.654      0.000798
   5.660      0.000703
   5.666      0.000610
   5.671      0.000519
   5.677      0.000429
   5.683      0.000341
   5.689      0.000254
   5.694      0.000168
   5.700      0.000084
   5.706      0.000000
