   0.006      0.260140
   0.011      0.260159
   0.017      0.260177
   0.023      0.260208
   0.029      0.260252
   0.034      0.260307
   0.040      0.260375
   0.046      0.260456
   0.051      0.260548
   0.057      0.260654
   0.063      0.260771
   0.068      0.260901
   0.074      0.261044
   0.080      0.261199
   0.086      0.261366
   0.091      0.261546
   0.097      0.261738
   0.103      0.261943
   0.108      0.262160
   0.114      0.262390
   0.120      0.262632
   0.125      0.262887
   0.131      0.263154
   0.137      0.263434
   0.143      0.263726
   0.148      0.264031
   0.154      0.264349
   0.160      0.264679
   0.165      0.265022
   0.171      0.265378
   0.177      0.265746
   0.182      0.266127
   0.188      0.266521
   0.194      0.266928
   0.200      0.267348
   0.205      0.267780
   0.211      0.268226
   0.217      0.268684
   0.222      0.269156
   0.228      0.269640
   0.234      0.270138
   0.239      0.270648
   0.245      0.271172
   0.251      0.271709
   0.257      0.272259
   0.262      0.272823
   0.268      0.273400
   0.274      0.273990
   0.279      0.274593
   0.285      0.275210
   0.291      0.275841
   0.296      0.276485
   0.302      0.277143
   0.308      0.277814
   0.314      0.278499
   0.319      0.279198
   0.325      0.279910
   0.331      0.280637
   0.336      0.281377
   0.342      0.282131
   0.348      0.282899
   0.353      0.283682
   0.359      0.284478
   0.365      0.285289
   0.370      0.286114
   0.376      0.286953
   0.382      0.287806
   0.388      0.288674
   0.393      0.289557
   0.399      0.290453
   0.405      0.291365
   0.410      0.292291
   0.416      0.293232
   0.422      0.294187
   0.427      0.295158
   0.433      0.296143
   0.439      0.297143
   0.445      0.298159
   0.450      0.299189
   0.456      0.300234
   0.462      0.301295
   0.467      0.302371
   0.473      0.303462
   0.479      0.304569
   0.485      0.305691
   0.490      0.306828
   0.496      0.307981
   0.502      0.309150
   0.507      0.310335
   0.513      0.311535
   0.519      0.312751
   0.524      0.313983
   0.530      0.315231
   0.536      0.316495
   0.541      0.317775
   0.547      0.319071
   0.553      0.320383
   0.559      0.321712
   0.564      0.323057
   0.570      0.324418
   0.576      0.325796
   0.581      0.327190
   0.587      0.328601
   0.593      0.330028
   0.599      0.331472
   0.604      0.332933
   0.610      0.334410
   0.616      0.335905
   0.621      0.337416
   0.627      0.338944
   0.633      0.340489
   0.638      0.342052
   0.644      0.343631
   0.650      0.345227
   0.655      0.346841
   0.661      0.348472
   0.667      0.350120
   0.673      0.351785
   0.678      0.353468
   0.684      0.355168
   0.690      0.356886
   0.695      0.358621
   0.701      0.360374
   0.707      0.362144
   0.713      0.363932
   0.718      0.365737
   0.724      0.367560
   0.730      0.369400
   0.735      0.371259
   0.741      0.373134
   0.747      0.375028
   0.752      0.376939
   0.758      0.378868
   0.764      0.380815
   0.770      0.382780
   0.775      0.384762
   0.781      0.386762
   0.787      0.388780
   0.792      0.390815
   0.798      0.392868
   0.804      0.394939
   0.809      0.397028
   0.815      0.399134
   0.821      0.401258
   0.827      0.403400
   0.832      0.405560
   0.838      0.407736
   0.844      0.409931
   0.849      0.412143
   0.855      0.414373
   0.861      0.416620
   0.866      0.418884
   0.872      0.421166
   0.878      0.423465
   0.884      0.425781
   0.889      0.428114
   0.895      0.430464
   0.901      0.432832
   0.906      0.435216
   0.912      0.437617
   0.918      0.440035
   0.923      0.442470
   0.929      0.444921
   0.935      0.447389
   0.941      0.449873
   0.946      0.452373
   0.952      0.454889
   0.958      0.457421
   0.963      0.459970
   0.969      0.462533
   0.975      0.465113
   0.980      0.467708
   0.986      0.470318
   0.992      0.472943
   0.998      0.475584
   1.003      0.478239
   1.009      0.480908
   1.015      0.483593
   1.020      0.486291
   1.026      0.489004
   1.032      0.491730
   1.037      0.494470
   1.043      0.497223
   1.049      0.499990
   1.054      0.502770
   1.060      0.505562
   1.066      0.508367
   1.072      0.511185
   1.077      0.514014
   1.083      0.516855
   1.089      0.519708
   1.094      0.522572
   1.100      0.525447
   1.106      0.528333
   1.111      0.531229
   1.117      0.534135
   1.123      0.537051
   1.129      0.539976
   1.134      0.542911
   1.140      0.545855
   1.146      0.548807
   1.151      0.551768
   1.157      0.554736
   1.163      0.557712
   1.169      0.560695
   1.174      0.563685
   1.180      0.566681
   1.186      0.569683
   1.191      0.572692
   1.197      0.575705
   1.203      0.578723
   1.208      0.581746
   1.214      0.584773
   1.220      0.587804
   1.226      0.590838
   1.231      0.593875
   1.237      0.596914
   1.243      0.599956
   1.248      0.602999
   1.254      0.606043
   1.260      0.609088
   1.265      0.612133
   1.271      0.615177
   1.277      0.618222
   1.282      0.621264
   1.288      0.624306
   1.294      0.627345
   1.300      0.630382
   1.305      0.633415
   1.311      0.636445
   1.317      0.639471
   1.322      0.642492
   1.328      0.645509
   1.334      0.648519
   1.340      0.651524
   1.345      0.654522
   1.351      0.657513
   1.357      0.660496
   1.362      0.663471
   1.368      0.666437
   1.374      0.669394
   1.379      0.672342
   1.385      0.675279
   1.391      0.678205
   1.397      0.681120
   1.402      0.684023
   1.408      0.686914
   1.414      0.689792
   1.419      0.692656
   1.425      0.695506
   1.431      0.698342
   1.436      0.701163
   1.442      0.703968
   1.448      0.706756
   1.454      0.709529
   1.459      0.712283
   1.465      0.715021
   1.471      0.717740
   1.476      0.720440
   1.482      0.723120
   1.488      0.725781
   1.493      0.728422
   1.499      0.731042
   1.505      0.733640
   1.510      0.736216
   1.516      0.738770
   1.522      0.741301
   1.528      0.743809
   1.533      0.746293
   1.539      0.748752
   1.545      0.751187
   1.550      0.753596
   1.556      0.755979
   1.562      0.758337
   1.568      0.760667
   1.573      0.762970
   1.579      0.765246
   1.585      0.767494
   1.590      0.769713
   1.596      0.771903
   1.602      0.774064
   1.607      0.776195
   1.613      0.778296
   1.619      0.780367
   1.625      0.782407
   1.630      0.784415
   1.636      0.786392
   1.642      0.788337
   1.647      0.790249
   1.653      0.792129
   1.659      0.793976
   1.664      0.795790
   1.670      0.797570
   1.676      0.799316
   1.681      0.801028
   1.687      0.802706
   1.693      0.804349
   1.699      0.805957
   1.704      0.807530
   1.710      0.809067
   1.716      0.810569
   1.721      0.812035
   1.727      0.813465
   1.733      0.814858
   1.739      0.816216
   1.744      0.817536
   1.750      0.818820
   1.756      0.820068
   1.761      0.821278
   1.767      0.822451
   1.773      0.823587
   1.778      0.824686
   1.784      0.825748
   1.790      0.826772
   1.796      0.827758
   1.801      0.828708
   1.807      0.829619
   1.813      0.830493
   1.818      0.831330
   1.824      0.832129
   1.830      0.832891
   1.835      0.833615
   1.841      0.834302
   1.847      0.834951
   1.853      0.835563
   1.858      0.836138
   1.864      0.836675
   1.870      0.837176
   1.875      0.837639
   1.881      0.838066
   1.887      0.838456
   1.892      0.838810
   1.898      0.839127
   1.904      0.839408
   1.909      0.839653
   1.915      0.839862
   1.921      0.840035
   1.927      0.840172
   1.932      0.840275
   1.938      0.840342
   1.944      0.840375
   1.949      0.840373
   1.955      0.840336
   1.961      0.840265
   1.967      0.840161
   1.972      0.840023
   1.978      0.839851
   1.984      0.839647
   1.989      0.839410
   1.995      0.839140
   2.001      0.838838
   2.006      0.838505
   2.012      0.838139
   2.018      0.837743
   2.023      0.837315
   2.029      0.836858
   2.035      0.836369
   2.041      0.835851
   2.046      0.835304
   2.052      0.834727
   2.058      0.834121
   2.063      0.833487
   2.069      0.832824
   2.075      0.832134
   2.081      0.831417
   2.086      0.830672
   2.092      0.829900
   2.098      0.829103
   2.103      0.828279
   2.109      0.827430
   2.115      0.826555
   2.120      0.825656
   2.126      0.824732
   2.132      0.823784
   2.138      0.822812
   2.143      0.821817
   2.149      0.820798
   2.155      0.819758
   2.160      0.818695
   2.166      0.817610
   2.172      0.816503
   2.177      0.815375
   2.183      0.814227
   2.189      0.813058
   2.195      0.811869
   2.200      0.810660
   2.206      0.809432
   2.212      0.808185
   2.217      0.806919
   2.223      0.805635
   2.229      0.804333
   2.234      0.803013
   2.240      0.801676
   2.246      0.800321
   2.252      0.798950
   2.257      0.797563
   2.263      0.796160
   2.269      0.794741
   2.274      0.793307
   2.280      0.791857
   2.286      0.790393
   2.291      0.788914
   2.297      0.787421
   2.303      0.785914
   2.308      0.784393
   2.314      0.782859
   2.320      0.781312
   2.326      0.779752
   2.331      0.778179
   2.337      0.776594
   2.343      0.774997
   2.348      0.773388
   2.354      0.771768
   2.360      0.770136
   2.365      0.768493
   2.371      0.766839
   2.377      0.765175
   2.383      0.763500
   2.388      0.761814
   2.394      0.760119
   2.400      0.758414
   2.405      0.756699
   2.411      0.754975
   2.417      0.753242
   2.422      0.751500
   2.428      0.749749
   2.434      0.747989
   2.440      0.746221
   2.445      0.744444
   2.451      0.742659
   2.457      0.740867
   2.462      0.739067
   2.468      0.737259
   2.474      0.735444
   2.480      0.733621
   2.485      0.731792
   2.491      0.729955
   2.497      0.728112
   2.502      0.726263
   2.508      0.724407
   2.514      0.722544
   2.519      0.720676
   2.525      0.718801
   2.531      0.716921
   2.537      0.715035
   2.542      0.713144
   2.548      0.711248
   2.554      0.709346
   2.559      0.707439
   2.565      0.705527
   2.571      0.703610
   2.576      0.701689
   2.582      0.699763
   2.588      0.697832
   2.594      0.695898
   2.599      0.693959
   2.605      0.692016
   2.611      0.690070
   2.616      0.688119
   2.622      0.686165
   2.628      0.684207
   2.633      0.682246
   2.639      0.680282
   2.645      0.678314
   2.651      0.676343
   2.656      0.674370
   2.662      0.672393
   2.668      0.670413
   2.673      0.668431
   2.679      0.666446
   2.685      0.664459
   2.690      0.662470
   2.696      0.660478
   2.702      0.658484
   2.708      0.656488
   2.713      0.654490
   2.719      0.652491
   2.725      0.650489
   2.730      0.648486
   2.736      0.646481
   2.742      0.644475
   2.747      0.642467
   2.753      0.640458
   2.759      0.638448
   2.764      0.636436
   2.770      0.634424
   2.776      0.632410
   2.782      0.630396
   2.787      0.628381
   2.793      0.626365
   2.799      0.624348
   2.804      0.622331
   2.810      0.620313
   2.816      0.618295
   2.821      0.616277
   2.827      0.614258
   2.833      0.612239
   2.839      0.610219
   2.844      0.608200
   2.850      0.606181
   2.856      0.604161
   2.861      0.602142
   2.867      0.600123
   2.873      0.598104
   2.879      0.596086
   2.884      0.594068
   2.890      0.592050
   2.896      0.590033
   2.901      0.588016
   2.907      0.586000
   2.913      0.583984
   2.918      0.581970
   2.924      0.579956
   2.930      0.577942
   2.936      0.575930
   2.941      0.573919
   2.947      0.571909
   2.953      0.569899
   2.958      0.567891
   2.964      0.565884
   2.970      0.563878
   2.975      0.561874
   2.981      0.559870
   2.987      0.557868
   2.993      0.555868
   2.998      0.553868
   3.004      0.551871
   3.010      0.549874
   3.015      0.547880
   3.021      0.545887
   3.027      0.543895
   3.032      0.541906
   3.038      0.539918
   3.044      0.537931
   3.050      0.535947
   3.055      0.533965
   3.061      0.531984
   3.067      0.530005
   3.072      0.528028
   3.078      0.526054
   3.084      0.524081
   3.089      0.522110
   3.095      0.520142
   3.101      0.518175
   3.107      0.516211
   3.112      0.514249
   3.118      0.512289
   3.124      0.510332
   3.129      0.508376
   3.135      0.506423
   3.141      0.504473
   3.146      0.502525
   3.152      0.500579
   3.158      0.498636
   3.163      0.496695
   3.169      0.494757
   3.175      0.492821
   3.181      0.490888
   3.186      0.488958
   3.192      0.487030
   3.198      0.485104
   3.203      0.483182
   3.209      0.481262
   3.215      0.479345
   3.220      0.477430
   3.226      0.475519
   3.232      0.473610
   3.238      0.471704
   3.243      0.469801
   3.249      0.467901
   3.255      0.466003
   3.260      0.464109
   3.266      0.462217
   3.272      0.460328
   3.278      0.458443
   3.283      0.456560
   3.289      0.454680
   3.295      0.452804
   3.300      0.450930
   3.306      0.449059
   3.312      0.447192
   3.317      0.445328
   3.323      0.443466
   3.329      0.441608
   3.335      0.439753
   3.340      0.437901
   3.346      0.436053
   3.352      0.434207
   3.357      0.432365
   3.363      0.430526
   3.369      0.428690
   3.374      0.426858
   3.380      0.425029
   3.386      0.423203
   3.392      0.421380
   3.397      0.419561
   3.403      0.417745
   3.409      0.415932
   3.414      0.414123
   3.420      0.412317
   3.426      0.410514
   3.431      0.408715
   3.437      0.406919
   3.443      0.405127
   3.449      0.403338
   3.454      0.401553
   3.460      0.399770
   3.466      0.397992
   3.471      0.396217
   3.477      0.394445
   3.483      0.392677
   3.488      0.390912
   3.494      0.389151
   3.500      0.387393
   3.506      0.385639
   3.511      0.383888
   3.517      0.382141
   3.523      0.380397
   3.528      0.378657
   3.534      0.376920
   3.540      0.375187
   3.545      0.373458
   3.551      0.371732
   3.557      0.370010
   3.562      0.368291
   3.568      0.366576
   3.574      0.364864
   3.580      0.363156
   3.585      0.361452
   3.591      0.359751
   3.597      0.358054
   3.602      0.356361
   3.608      0.354671
   3.614      0.352985
   3.619      0.351302
   3.625      0.349623
   3.631      0.347948
   3.637      0.346276
   3.642      0.344608
   3.648      0.342944
   3.654      0.341283
   3.659      0.339626
   3.665      0.337973
   3.671      0.336323
   3.677      0.334677
   3.682      0.333035
   3.688      0.331396
   3.694      0.329761
   3.699      0.328130
   3.705      0.326502
   3.711      0.324878
   3.716      0.323258
   3.722      0.321641
   3.728      0.320028
   3.734      0.318419
   3.739      0.316813
   3.745      0.315211
   3.751      0.313613
   3.756      0.312019
   3.762      0.310428
   3.768      0.308841
   3.773      0.307257
   3.779      0.305678
   3.785      0.304102
   3.791      0.302529
   3.796      0.300961
   3.802      0.299396
   3.808      0.297834
   3.813      0.296277
   3.819      0.294723
   3.825      0.293173
   3.830      0.291626
   3.836      0.290083
   3.842      0.288544
   3.848      0.287008
   3.853      0.285477
   3.859      0.283949
   3.865      0.282424
   3.870      0.280903
   3.876      0.279386
   3.882      0.277873
   3.887      0.276363
   3.893      0.274857
   3.899      0.273354
   3.905      0.271856
   3.910      0.270361
   3.916      0.268869
   3.922      0.267381
   3.927      0.265897
   3.933      0.264417
   3.939      0.262940
   3.944      0.261467
   3.950      0.259997
   3.956      0.258531
   3.962      0.257069
   3.967      0.255610
   3.973      0.254155
   3.979      0.252704
   3.984      0.251256
   3.990      0.249812
   3.996      0.248371
   4.001      0.246934
   4.007      0.245501
   4.013      0.244071
   4.019      0.242645
   4.024      0.241223
   4.030      0.239804
   4.036      0.238388
   4.041      0.236977
   4.047      0.235568
   4.053      0.234164
   4.058      0.232763
   4.064      0.231365
   4.070      0.229971
   4.075      0.228581
   4.081      0.227194
   4.087      0.225811
   4.093      0.224431
   4.098      0.223055
   4.104      0.221682
   4.110      0.220313
   4.115      0.218947
   4.121      0.217585
   4.127      0.216226
   4.133      0.214871
   4.138      0.213520
   4.144      0.212171
   4.150      0.210827
   4.155      0.209486
   4.161      0.208148
   4.167      0.206814
   4.172      0.205483
   4.178      0.204155
   4.184      0.202832
   4.189      0.201511
   4.195      0.200194
   4.201      0.198881
   4.207      0.197570
   4.212      0.196264
   4.218      0.194960
   4.224      0.193660
   4.229      0.192364
   4.235      0.191071
   4.241      0.189781
   4.247      0.188495
   4.252      0.187212
   4.258      0.185932
   4.264      0.184656
   4.269      0.183383
   4.275      0.182114
   4.281      0.180847
   4.286      0.179585
   4.292      0.178325
   4.298      0.177069
   4.304      0.175816
   4.309      0.174566
   4.315      0.173320
   4.321      0.172077
   4.326      0.170837
   4.332      0.169601
   4.338      0.168368
   4.343      0.167138
   4.349      0.165911
   4.355      0.164688
   4.361      0.163468
   4.366      0.162251
   4.372      0.161037
   4.378      0.159827
   4.383      0.158619
   4.389      0.157415
   4.395      0.156215
   4.400      0.155017
   4.406      0.153822
   4.412      0.152631
   4.418      0.151443
   4.423      0.150258
   4.429      0.149076
   4.435      0.147897
   4.440      0.146722
   4.446      0.145549
   4.452      0.144380
   4.457      0.143214
   4.463      0.142051
   4.469      0.140891
   4.474      0.139734
   4.480      0.138580
   4.486      0.137429
   4.492      0.136281
   4.497      0.135137
   4.503      0.133995
   4.509      0.132856
   4.514      0.131721
   4.520      0.130588
   4.526      0.129459
   4.532      0.128332
   4.537      0.127209
   4.543      0.126088
   4.549      0.124970
   4.554      0.123856
   4.560      0.122744
   4.566      0.121635
   4.571      0.120530
   4.577      0.119427
   4.583      0.118327
   4.588      0.117230
   4.594      0.116136
   4.600      0.115044
   4.606      0.113956
   4.611      0.112871
   4.617      0.111788
   4.623      0.110708
   4.628      0.109631
   4.634      0.108557
   4.640      0.107486
   4.646      0.106418
   4.651      0.105352
   4.657      0.104290
   4.663      0.103230
   4.668      0.102172
   4.674      0.101118
   4.680      0.100066
   4.685      0.099018
   4.691      0.097972
   4.697      0.096928
   4.703      0.095888
   4.708      0.094850
   4.714      0.093815
   4.720      0.092782
   4.725      0.091752
   4.731      0.090725
   4.737      0.089701
   4.742      0.088679
   4.748      0.087660
   4.754      0.086644
   4.760      0.085630
   4.765      0.084619
   4.771      0.083610
   4.777      0.082604
   4.782      0.081601
   4.788      0.080600
   4.794      0.079602
   4.799      0.078607
   4.805      0.077614
   4.811      0.076623
   4.817      0.075635
   4.822      0.074650
   4.828      0.073667
   4.834      0.072687
   4.839      0.071709
   4.845      0.070734
   4.851      0.069761
   4.856      0.068791
   4.862      0.067823
   4.868      0.066858
   4.873      0.065895
   4.879      0.064935
   4.885      0.063977
   4.891      0.063021
   4.896      0.062068
   4.902      0.061117
   4.908      0.060169
   4.913      0.059223
   4.919      0.058279
   4.925      0.057338
   4.931      0.056399
   4.936      0.055463
   4.942      0.054529
   4.948      0.053597
   4.953      0.052668
   4.959      0.051740
   4.965      0.050816
   4.970      0.049893
   4.976      0.048973
   4.982      0.048055
   4.987      0.047139
   4.993      0.046226
   4.999      0.045315
   5.005      0.044406
   5.010      0.043499
   5.016      0.042595
   5.022      0.041692
   5.027      0.040792
   5.033      0.039895
   5.039      0.038999
   5.045      0.038106
   5.050      0.037214
   5.056      0.036325
   5.062      0.035438
   5.067      0.034553
   5.073      0.033671
   5.079      0.032790
   5.084      0.031911
   5.090      0.031035
   5.096      0.030161
   5.102      0.029289
   5.107      0.028418
   5.113      0.027550
   5.119      0.026684
   5.124      0.025820
   5.130      0.024959
   5.136      0.024099
   5.141      0.023241
   5.147      0.022385
   5.153      0.021531
   5.159      0.020679
   5.164      0.019829
   5.170      0.018981
   5.176      0.018135
   5.181      0.017291
   5.187      0.016449
   5.193      0.015609
   5.198      0.014771
   5.204      0.013934
   5.210      0.013100
   5.216      0.012268
   5.221      0.011437
   5.227      0.010608
   5.233      0.009781
   5.238      0.008956
   5.244      0.008133
   5.250      0.007312
   5.255      0.006492
   5.261      0.005674
   5.267      0.004858
   5.272      0.004044
   5.278      0.003232
   5.284      0.002421
   5.290      0.001612
   5.295      0.000805
   5.301      0.000000
