   0.005     -0.000139
   0.010      0.000070
   0.014      0.000278
   0.019      0.000626
   0.024      0.001112
   0.029      0.001738
   0.034      0.002502
   0.038      0.003405
   0.043      0.004446
   0.048      0.005626
   0.053      0.006943
   0.058      0.008399
   0.062      0.009992
   0.067      0.011722
   0.072      0.013589
   0.077      0.015593
   0.082      0.017733
   0.086      0.020009
   0.091      0.022420
   0.096      0.024966
   0.101      0.027646
   0.106      0.030461
   0.110      0.033409
   0.115      0.036490
   0.120      0.039703
   0.125      0.043048
   0.130      0.046524
   0.134      0.050130
   0.139      0.053866
   0.144      0.057731
   0.149      0.061724
   0.154      0.065845
   0.158      0.070092
   0.163      0.074464
   0.168      0.078962
   0.173      0.083584
   0.178      0.088329
   0.182      0.093196
   0.187      0.098184
   0.192      0.103292
   0.197      0.108519
   0.202      0.113864
   0.206      0.119326
   0.211      0.124904
   0.216      0.130596
   0.221      0.136402
   0.226      0.142319
   0.230      0.148348
   0.235      0.154486
   0.240      0.160733
   0.245      0.167086
   0.250      0.173545
   0.254      0.180108
   0.259      0.186774
   0.264      0.193541
   0.269      0.200407
   0.274      0.207372
   0.278      0.214434
   0.283      0.221590
   0.288      0.228840
   0.293      0.236182
   0.298      0.243613
   0.302      0.251133
   0.307      0.258740
   0.312      0.266432
   0.317      0.274206
   0.322      0.282062
   0.326      0.289998
   0.331      0.298010
   0.336      0.306099
   0.341      0.314261
   0.346      0.322496
   0.350      0.330800
   0.355      0.339172
   0.360      0.347609
   0.365      0.356111
   0.370      0.364674
   0.374      0.373297
   0.379      0.381978
   0.384      0.390714
   0.389      0.399504
   0.394      0.408345
   0.398      0.417235
   0.403      0.426172
   0.408      0.435153
   0.413      0.444178
   0.418      0.453242
   0.422      0.462345
   0.427      0.471484
   0.432      0.480657
   0.437      0.489860
   0.442      0.499094
   0.446      0.508354
   0.451      0.517639
   0.456      0.526947
   0.461      0.536274
   0.466      0.545620
   0.470      0.554982
   0.475      0.564357
   0.480      0.573744
   0.485      0.583140
   0.490      0.592543
   0.494      0.601950
   0.499      0.611360
   0.504      0.620771
   0.509      0.630179
   0.514      0.639584
   0.518      0.648983
   0.523      0.658374
   0.528      0.667754
   0.533      0.677122
   0.538      0.686476
   0.542      0.695814
   0.547      0.705133
   0.552      0.714432
   0.557      0.723708
   0.562      0.732961
   0.566      0.742188
   0.571      0.751387
   0.576      0.760556
   0.581      0.769694
   0.586      0.778798
   0.590      0.787868
   0.595      0.796901
   0.600      0.805896
   0.605      0.814852
   0.610      0.823766
   0.614      0.832637
   0.619      0.841465
   0.624      0.850246
   0.629      0.858980
   0.634      0.867667
   0.638      0.876303
   0.643      0.884888
   0.648      0.893422
   0.653      0.901902
   0.658      0.910328
   0.662      0.918698
   0.667      0.927012
   0.672      0.935268
   0.677      0.943466
   0.682      0.951605
   0.686      0.959683
   0.691      0.967701
   0.696      0.975657
   0.701      0.983551
   0.706      0.991382
   0.710      0.999149
   0.715      1.006852
   0.720      1.014491
   0.725      1.022064
   0.730      1.029571
   0.734      1.037013
   0.739      1.044388
   0.744      1.051697
   0.749      1.058939
   0.754      1.066113
   0.758      1.073220
   0.763      1.080259
   0.768      1.087231
   0.773      1.094135
   0.778      1.100971
   0.782      1.107739
   0.787      1.114439
   0.792      1.121072
   0.797      1.127636
   0.802      1.134132
   0.806      1.140561
   0.811      1.146922
   0.816      1.153216
   0.821      1.159443
   0.826      1.165602
   0.830      1.171694
   0.835      1.177720
   0.840      1.183679
   0.845      1.189572
   0.850      1.195399
   0.854      1.201160
   0.859      1.206856
   0.864      1.212486
   0.869      1.218052
   0.874      1.223553
   0.878      1.228990
   0.883      1.234363
   0.888      1.239672
   0.893      1.244917
   0.898      1.250100
   0.902      1.255219
   0.907      1.260277
   0.912      1.265272
   0.917      1.270205
   0.922      1.275076
   0.926      1.279887
   0.931      1.284636
   0.936      1.289324
   0.941      1.293952
   0.946      1.298520
   0.950      1.303028
   0.955      1.307476
   0.960      1.311864
   0.965      1.316193
   0.970      1.320464
   0.974      1.324675
   0.979      1.328827
   0.984      1.332922
   0.989      1.336957
   0.994      1.340935
   0.998      1.344855
   1.003      1.348717
   1.008      1.352521
   1.013      1.356267
   1.018      1.359956
   1.022      1.363588
   1.027      1.367163
   1.032      1.370680
   1.037      1.374140
   1.042      1.377543
   1.046      1.380890
   1.051      1.384179
   1.056      1.387412
   1.061      1.390587
   1.066      1.393706
   1.070      1.396768
   1.075      1.399773
   1.080      1.402722
   1.085      1.405614
   1.090      1.408449
   1.094      1.411228
   1.099      1.413949
   1.104      1.416614
   1.109      1.419223
   1.114      1.421774
   1.118      1.424269
   1.123      1.426707
   1.128      1.429089
   1.133      1.431413
   1.138      1.433681
   1.142      1.435892
   1.147      1.438046
   1.152      1.440143
   1.157      1.442184
   1.162      1.444167
   1.166      1.446094
   1.171      1.447964
   1.176      1.449777
   1.181      1.451533
   1.186      1.453232
   1.190      1.454874
   1.195      1.456460
   1.200      1.457989
   1.205      1.459461
   1.210      1.460876
   1.214      1.462234
   1.219      1.463536
   1.224      1.464781
   1.229      1.465969
   1.234      1.467101
   1.238      1.468176
   1.243      1.469195
   1.248      1.470157
   1.253      1.471063
   1.258      1.471912
   1.262      1.472706
   1.267      1.473443
   1.272      1.474124
   1.277      1.474749
   1.282      1.475319
   1.286      1.475832
   1.291      1.476290
   1.296      1.476693
   1.301      1.477040
   1.306      1.477331
   1.310      1.477568
   1.315      1.477749
   1.320      1.477876
   1.325      1.477948
   1.330      1.477965
   1.334      1.477928
   1.339      1.477836
   1.344      1.477691
   1.349      1.477491
   1.354      1.477237
   1.358      1.476930
   1.363      1.476570
   1.368      1.476156
   1.373      1.475689
   1.378      1.475169
   1.382      1.474597
   1.387      1.473972
   1.392      1.473294
   1.397      1.472565
   1.402      1.471783
   1.406      1.470950
   1.411      1.470066
   1.416      1.469130
   1.421      1.468144
   1.426      1.467106
   1.430      1.466018
   1.435      1.464880
   1.440      1.463692
   1.445      1.462454
   1.450      1.461166
   1.454      1.459829
   1.459      1.458443
   1.464      1.457008
   1.469      1.455524
   1.474      1.453992
   1.478      1.452412
   1.483      1.450785
   1.488      1.449110
   1.493      1.447387
   1.498      1.445618
   1.502      1.443802
   1.507      1.441939
   1.512      1.440031
   1.517      1.438076
   1.522      1.436076
   1.526      1.434031
   1.531      1.431941
   1.536      1.429806
   1.541      1.427627
   1.546      1.425404
   1.550      1.423137
   1.555      1.420826
   1.560      1.418473
   1.565      1.416076
   1.570      1.413637
   1.574      1.411156
   1.579      1.408633
   1.584      1.406068
   1.589      1.403462
   1.594      1.400815
   1.598      1.398128
   1.603      1.395400
   1.608      1.392632
   1.613      1.389825
   1.618      1.386978
   1.622      1.384093
   1.627      1.381168
   1.632      1.378206
   1.637      1.375205
   1.642      1.372167
   1.646      1.369092
   1.651      1.365979
   1.656      1.362830
   1.661      1.359645
   1.666      1.356424
   1.670      1.353167
   1.675      1.349876
   1.680      1.346549
   1.685      1.343188
   1.690      1.339792
   1.694      1.336363
   1.699      1.332901
   1.704      1.329405
   1.709      1.325877
   1.714      1.322316
   1.718      1.318724
   1.723      1.315099
   1.728      1.311444
   1.733      1.307757
   1.738      1.304040
   1.742      1.300293
   1.747      1.296516
   1.752      1.292709
   1.757      1.288874
   1.762      1.285009
   1.766      1.281117
   1.771      1.277196
   1.776      1.273248
   1.781      1.269272
   1.786      1.265270
   1.790      1.261241
   1.795      1.257186
   1.800      1.253106
   1.805      1.248999
   1.810      1.244868
   1.814      1.240712
   1.819      1.236532
   1.824      1.232328
   1.829      1.228101
   1.834      1.223850
   1.838      1.219576
   1.843      1.215281
   1.848      1.210963
   1.853      1.206623
   1.858      1.202262
   1.862      1.197880
   1.867      1.193478
   1.872      1.189055
   1.877      1.184612
   1.882      1.180151
   1.886      1.175669
   1.891      1.171170
   1.896      1.166652
   1.901      1.162116
   1.906      1.157562
   1.910      1.152991
   1.915      1.148403
   1.920      1.143799
   1.925      1.139179
   1.930      1.134542
   1.934      1.129891
   1.939      1.125224
   1.944      1.120543
   1.949      1.115847
   1.954      1.111137
   1.958      1.106414
   1.963      1.101678
   1.968      1.096928
   1.973      1.092166
   1.978      1.087392
   1.982      1.082606
   1.987      1.077809
   1.992      1.073000
   1.997      1.068181
   2.002      1.063352
   2.006      1.058512
   2.011      1.053662
   2.016      1.048804
   2.021      1.043936
   2.026      1.039059
   2.030      1.034175
   2.035      1.029282
   2.040      1.024381
   2.045      1.019474
   2.050      1.014559
   2.054      1.009637
   2.059      1.004710
   2.064      0.999776
   2.069      0.994837
   2.074      0.989892
   2.078      0.984943
   2.083      0.979989
   2.088      0.975030
   2.093      0.970068
   2.098      0.965101
   2.102      0.960132
   2.107      0.955159
   2.112      0.950184
   2.117      0.945206
   2.122      0.940226
   2.126      0.935245
   2.131      0.930262
   2.136      0.925278
   2.141      0.920292
   2.146      0.915307
   2.150      0.910321
   2.155      0.905335
   2.160      0.900349
   2.165      0.895365
   2.170      0.890381
   2.174      0.885398
   2.179      0.880417
   2.184      0.875437
   2.189      0.870460
   2.194      0.865485
   2.198      0.860513
   2.203      0.855543
   2.208      0.850577
   2.213      0.845615
   2.218      0.840656
   2.222      0.835701
   2.227      0.830750
   2.232      0.825804
   2.237      0.820863
   2.242      0.815927
   2.246      0.810997
   2.251      0.806072
   2.256      0.801152
   2.261      0.796239
   2.266      0.791333
   2.270      0.786433
   2.275      0.781539
   2.280      0.776653
   2.285      0.771775
   2.290      0.766903
   2.294      0.762040
   2.299      0.757185
   2.304      0.752338
   2.309      0.747500
   2.314      0.742670
   2.318      0.737849
   2.323      0.733038
   2.328      0.728236
   2.333      0.723444
   2.338      0.718661
   2.342      0.713889
   2.347      0.709127
   2.352      0.704375
   2.357      0.699634
   2.362      0.694904
   2.366      0.690186
   2.371      0.685478
   2.376      0.680782
   2.381      0.676098
   2.386      0.671425
   2.390      0.666765
   2.395      0.662117
   2.400      0.657481
   2.405      0.652858
   2.410      0.648247
   2.414      0.643650
   2.419      0.639065
   2.424      0.634494
   2.429      0.629937
   2.434      0.625393
   2.438      0.620863
   2.443      0.616347
   2.448      0.611845
   2.453      0.607358
   2.458      0.602885
   2.462      0.598426
   2.467      0.593983
   2.472      0.589554
   2.477      0.585141
   2.482      0.580742
   2.486      0.576360
   2.491      0.571992
   2.496      0.567640
   2.501      0.563304
   2.506      0.558984
   2.510      0.554680
   2.515      0.550393
   2.520      0.546121
   2.525      0.541866
   2.530      0.537627
   2.534      0.533405
   2.539      0.529200
   2.544      0.525012
   2.549      0.520841
   2.554      0.516686
   2.558      0.512550
   2.563      0.508430
   2.568      0.504328
   2.573      0.500243
   2.578      0.496176
   2.582      0.492126
   2.587      0.488095
   2.592      0.484081
   2.597      0.480085
   2.602      0.476108
   2.606      0.472148
   2.611      0.468207
   2.616      0.464284
   2.621      0.460379
   2.626      0.456493
   2.630      0.452625
   2.635      0.448776
   2.640      0.444946
   2.645      0.441134
   2.650      0.437341
   2.654      0.433567
   2.659      0.429812
   2.664      0.426076
   2.669      0.422359
   2.674      0.418661
   2.678      0.414982
   2.683      0.411323
   2.688      0.407682
   2.693      0.404061
   2.698      0.400459
   2.702      0.396877
   2.707      0.393314
   2.712      0.389770
   2.717      0.386246
   2.722      0.382742
   2.726      0.379257
   2.731      0.375791
   2.736      0.372345
   2.741      0.368919
   2.746      0.365512
   2.750      0.362126
   2.755      0.358758
   2.760      0.355411
   2.765      0.352083
   2.770      0.348775
   2.774      0.345487
   2.779      0.342218
   2.784      0.338970
   2.789      0.335741
   2.794      0.332531
   2.798      0.329342
   2.803      0.326173
   2.808      0.323023
   2.813      0.319893
   2.818      0.316783
   2.822      0.313693
   2.827      0.310622
   2.832      0.307571
   2.837      0.304540
   2.842      0.301529
   2.846      0.298538
   2.851      0.295566
   2.856      0.292614
   2.861      0.289682
   2.866      0.286769
   2.870      0.283877
   2.875      0.281003
   2.880      0.278150
   2.885      0.275316
   2.890      0.272501
   2.894      0.269707
   2.899      0.266931
   2.904      0.264176
   2.909      0.261439
   2.914      0.258723
   2.918      0.256025
   2.923      0.253347
   2.928      0.250688
   2.933      0.248049
   2.938      0.245429
   2.942      0.242828
   2.947      0.240246
   2.952      0.237684
   2.957      0.235140
   2.962      0.232616
   2.966      0.230111
   2.971      0.227624
   2.976      0.225157
   2.981      0.222708
   2.986      0.220278
   2.990      0.217867
   2.995      0.215475
   3.000      0.213102
   3.005      0.210747
   3.010      0.208410
   3.014      0.206092
   3.019      0.203793
   3.024      0.201512
   3.029      0.199249
   3.034      0.197005
   3.038      0.194778
   3.043      0.192570
   3.048      0.190380
   3.053      0.188208
   3.058      0.186054
   3.062      0.183918
   3.067      0.181800
   3.072      0.179700
   3.077      0.177617
   3.082      0.175552
   3.086      0.173504
   3.091      0.171474
   3.096      0.169462
   3.101      0.167466
   3.106      0.165488
   3.110      0.163528
   3.115      0.161584
   3.120      0.159657
   3.125      0.157748
   3.130      0.155855
   3.134      0.153979
   3.139      0.152120
   3.144      0.150278
   3.149      0.148452
   3.154      0.146643
   3.158      0.144850
   3.163      0.143074
   3.168      0.141314
   3.173      0.139570
   3.178      0.137843
   3.182      0.136131
   3.187      0.134436
   3.192      0.132756
   3.197      0.131092
   3.202      0.129444
   3.206      0.127811
   3.211      0.126194
   3.216      0.124593
   3.221      0.123007
   3.226      0.121436
   3.230      0.119881
   3.235      0.118340
   3.240      0.116815
   3.245      0.115305
   3.250      0.113809
   3.254      0.112329
   3.259      0.110863
   3.264      0.109412
   3.269      0.107975
   3.274      0.106553
   3.278      0.105145
   3.283      0.103752
   3.288      0.102372
   3.293      0.101007
   3.298      0.099656
   3.302      0.098318
   3.307      0.096995
   3.312      0.095685
   3.317      0.094389
   3.322      0.093107
   3.326      0.091838
   3.331      0.090582
   3.336      0.089340
   3.341      0.088111
   3.346      0.086895
   3.350      0.085693
   3.355      0.084503
   3.360      0.083326
   3.365      0.082162
   3.370      0.081010
   3.374      0.079871
   3.379      0.078745
   3.384      0.077631
   3.389      0.076529
   3.394      0.075440
   3.398      0.074362
   3.403      0.073297
   3.408      0.072244
   3.413      0.071203
   3.418      0.070173
   3.422      0.069155
   3.427      0.068149
   3.432      0.067154
   3.437      0.066171
   3.442      0.065199
   3.446      0.064239
   3.451      0.063289
   3.456      0.062351
   3.461      0.061424
   3.466      0.060507
   3.470      0.059602
   3.475      0.058707
   3.480      0.057823
   3.485      0.056949
   3.490      0.056086
   3.494      0.055233
   3.499      0.054391
   3.504      0.053558
   3.509      0.052736
   3.514      0.051924
   3.518      0.051122
   3.523      0.050330
   3.528      0.049547
   3.533      0.048775
   3.538      0.048012
   3.542      0.047258
   3.547      0.046514
   3.552      0.045779
   3.557      0.045054
   3.562      0.044337
   3.566      0.043630
   3.571      0.042932
   3.576      0.042243
   3.581      0.041563
   3.586      0.040891
   3.590      0.040228
   3.595      0.039574
   3.600      0.038929
   3.605      0.038292
   3.610      0.037663
   3.614      0.037042
   3.619      0.036430
   3.624      0.035826
   3.629      0.035230
   3.634      0.034642
   3.638      0.034062
   3.643      0.033490
   3.648      0.032925
   3.653      0.032369
   3.658      0.031819
   3.662      0.031278
   3.667      0.030743
   3.672      0.030217
   3.677      0.029697
   3.682      0.029185
   3.686      0.028680
   3.691      0.028182
   3.696      0.027691
   3.701      0.027206
   3.706      0.026729
   3.710      0.026259
   3.715      0.025795
   3.720      0.025338
   3.725      0.024887
   3.730      0.024443
   3.734      0.024006
   3.739      0.023575
   3.744      0.023150
   3.749      0.022731
   3.754      0.022318
   3.758      0.021912
   3.763      0.021512
   3.768      0.021117
   3.773      0.020729
   3.778      0.020346
   3.782      0.019969
   3.787      0.019598
   3.792      0.019232
   3.797      0.018872
   3.802      0.018517
   3.806      0.018168
   3.811      0.017824
   3.816      0.017486
   3.821      0.017153
   3.826      0.016824
   3.830      0.016502
   3.835      0.016184
   3.840      0.015871
   3.845      0.015563
   3.850      0.015260
   3.854      0.014962
   3.859      0.014668
   3.864      0.014379
   3.869      0.014095
   3.874      0.013816
   3.878      0.013541
   3.883      0.013270
   3.888      0.013004
   3.893      0.012743
   3.898      0.012485
   3.902      0.012232
   3.907      0.011983
   3.912      0.011738
   3.917      0.011498
   3.922      0.011261
   3.926      0.011028
   3.931      0.010800
   3.936      0.010575
   3.941      0.010354
   3.946      0.010137
   3.950      0.009923
   3.955      0.009714
   3.960      0.009507
   3.965      0.009305
   3.970      0.009106
   3.974      0.008910
   3.979      0.008718
   3.984      0.008529
   3.989      0.008344
   3.994      0.008162
   3.998      0.007983
   4.003      0.007808
   4.008      0.007635
   4.013      0.007466
   4.018      0.007300
   4.022      0.007137
   4.027      0.006977
   4.032      0.006819
   4.037      0.006665
   4.042      0.006514
   4.046      0.006365
   4.051      0.006219
   4.056      0.006076
   4.061      0.005936
   4.066      0.005798
   4.070      0.005663
   4.075      0.005530
   4.080      0.005400
   4.085      0.005273
   4.090      0.005148
   4.094      0.005025
   4.099      0.004905
   4.104      0.004787
   4.109      0.004671
   4.114      0.004558
   4.118      0.004447
   4.123      0.004338
   4.128      0.004232
   4.133      0.004127
   4.138      0.004025
   4.142      0.003925
   4.147      0.003827
   4.152      0.003730
   4.157      0.003636
   4.162      0.003544
   4.166      0.003453
   4.171      0.003365
   4.176      0.003278
   4.181      0.003194
   4.186      0.003111
   4.190      0.003029
   4.195      0.002950
   4.200      0.002872
   4.205      0.002796
   4.210      0.002721
   4.214      0.002648
   4.219      0.002577
   4.224      0.002507
   4.229      0.002439
   4.234      0.002373
   4.238      0.002307
   4.243      0.002244
   4.248      0.002181
   4.253      0.002120
   4.258      0.002061
   4.262      0.002003
   4.267      0.001946
   4.272      0.001891
   4.277      0.001836
   4.282      0.001783
   4.286      0.001732
   4.291      0.001681
   4.296      0.001632
   4.301      0.001584
   4.306      0.001537
   4.310      0.001491
   4.315      0.001446
   4.320      0.001402
   4.325      0.001360
   4.330      0.001318
   4.334      0.001278
   4.339      0.001238
   4.344      0.001200
   4.349      0.001162
   4.354      0.001125
   4.358      0.001090
   4.363      0.001055
   4.368      0.001021
   4.373      0.000988
   4.378      0.000956
   4.382      0.000925
   4.387      0.000894
   4.392      0.000864
   4.397      0.000835
   4.402      0.000807
   4.406      0.000780
   4.411      0.000753
   4.416      0.000727
   4.421      0.000702
   4.426      0.000678
   4.430      0.000654
   4.435      0.000631
   4.440      0.000608
   4.445      0.000586
   4.450      0.000565
   4.454      0.000544
   4.459      0.000524
   4.464      0.000505
   4.469      0.000486
   4.474      0.000468
   4.478      0.000450
   4.483      0.000433
   4.488      0.000416
   4.493      0.000400
   4.498      0.000384
   4.502      0.000369
   4.507      0.000354
   4.512      0.000339
   4.517      0.000325
   4.522      0.000312
   4.526      0.000299
   4.531      0.000286
   4.536      0.000274
   4.541      0.000262
   4.546      0.000251
   4.550      0.000240
   4.555      0.000229
   4.560      0.000219
   4.565      0.000209
   4.570      0.000200
   4.574      0.000190
   4.579      0.000181
   4.584      0.000173
   4.589      0.000164
   4.594      0.000156
   4.598      0.000149
   4.603      0.000141
   4.608      0.000134
   4.613      0.000127
   4.618      0.000120
   4.622      0.000114
   4.627      0.000108
   4.632      0.000102
   4.637      0.000096
   4.642      0.000091
   4.646      0.000086
   4.651      0.000081
   4.656      0.000076
   4.661      0.000071
   4.666      0.000067
   4.670      0.000063
   4.675      0.000059
   4.680      0.000055
   4.685      0.000051
   4.690      0.000048
   4.694      0.000044
   4.699      0.000041
   4.704      0.000038
   4.709      0.000035
   4.714      0.000032
   4.718      0.000030
   4.723      0.000027
   4.728      0.000025
   4.733      0.000022
   4.738      0.000020
   4.742      0.000018
   4.747      0.000016
   4.752      0.000015
   4.757      0.000013
   4.762      0.000011
   4.766      0.000010
   4.771      0.000008
   4.776      0.000007
   4.781      0.000006
   4.786      0.000004
   4.790      0.000003
   4.795      0.000002
   4.800      0.000001
   4.805      0.000000
