   0.000      1.165157
   0.006      1.165157
   0.013      1.165157
   0.019      1.165157
   0.026      1.165157
   0.032      1.165157
   0.038      1.165157
   0.045      1.165157
   0.051      1.165157
   0.057      1.165157
   0.064      1.165157
   0.070      1.165156
   0.077      1.165156
   0.083      1.165156
   0.089      1.165155
   0.096      1.165155
   0.102      1.165154
   0.108      1.165152
   0.115      1.165151
   0.121      1.165148
   0.128      1.165145
   0.134      1.165141
   0.140      1.165137
   0.147      1.165131
   0.153      1.165123
   0.160      1.165114
   0.166      1.165103
   0.172      1.165090
   0.179      1.165075
   0.185      1.165056
   0.191      1.165034
   0.198      1.165009
   0.204      1.164979
   0.211      1.164945
   0.217      1.164905
   0.223      1.164860
   0.230      1.164809
   0.236      1.164751
   0.243      1.164685
   0.249      1.164611
   0.255      1.164528
   0.262      1.164435
   0.268      1.164332
   0.274      1.164217
   0.281      1.164091
   0.287      1.163951
   0.294      1.163798
   0.300      1.163630
   0.306      1.163447
   0.313      1.163247
   0.319      1.163029
   0.325      1.162794
   0.332      1.162538
   0.338      1.162263
   0.345      1.161967
   0.351      1.161648
   0.357      1.161306
   0.364      1.160940
   0.370      1.160549
   0.377      1.160132
   0.383      1.159689
   0.389      1.159217
   0.396      1.158717
   0.402      1.158187
   0.408      1.157627
   0.415      1.157036
   0.421      1.156413
   0.428      1.155756
   0.434      1.155066
   0.440      1.154342
   0.447      1.153582
   0.453      1.152786
   0.460      1.151954
   0.466      1.151085
   0.472      1.150177
   0.479      1.149231
   0.485      1.148246
   0.491      1.147221
   0.498      1.146156
   0.504      1.145050
   0.511      1.143902
   0.517      1.142713
   0.523      1.141482
   0.530      1.140207
   0.536      1.138890
   0.542      1.137529
   0.549      1.136125
   0.555      1.134676
   0.562      1.133183
   0.568      1.131645
   0.574      1.130062
   0.581      1.128434
   0.587      1.126761
   0.594      1.125042
   0.600      1.123278
   0.606      1.121467
   0.613      1.119611
   0.619      1.117710
   0.625      1.115762
   0.632      1.113768
   0.638      1.111729
   0.645      1.109644
   0.651      1.107513
   0.657      1.105337
   0.664      1.103116
   0.670      1.100849
   0.676      1.098538
   0.683      1.096181
   0.689      1.093781
   0.696      1.091336
   0.702      1.088848
   0.708      1.086317
   0.715      1.083742
   0.721      1.081125
   0.728      1.078466
   0.734      1.075765
   0.740      1.073024
   0.747      1.070241
   0.753      1.067419
   0.759      1.064557
   0.766      1.061657
   0.772      1.058718
   0.779      1.055742
   0.785      1.052728
   0.791      1.049679
   0.798      1.046594
   0.804      1.043474
   0.811      1.040320
   0.817      1.037133
   0.823      1.033913
   0.830      1.030662
   0.836      1.027379
   0.842      1.024067
   0.849      1.020725
   0.855      1.017355
   0.862      1.013957
   0.868      1.010532
   0.874      1.007081
   0.881      1.003606
   0.887      1.000106
   0.893      0.996583
   0.900      0.993038
   0.906      0.989471
   0.913      0.985884
   0.919      0.982277
   0.925      0.978651
   0.932      0.975008
   0.938      0.971347
   0.945      0.967671
   0.951      0.963980
   0.957      0.960274
   0.964      0.956555
   0.970      0.952824
   0.976      0.949082
   0.983      0.945329
   0.989      0.941566
   0.996      0.937794
   1.002      0.934015
   1.008      0.930228
   1.015      0.926435
   1.021      0.922637
   1.028      0.918835
   1.034      0.915029
   1.040      0.911220
   1.047      0.907409
   1.053      0.903596
   1.059      0.899784
   1.066      0.895971
   1.072      0.892160
   1.079      0.888351
   1.085      0.884544
   1.091      0.880740
   1.098      0.876941
   1.104      0.873146
   1.110      0.869356
   1.117      0.865573
   1.123      0.861796
   1.130      0.858027
   1.136      0.854265
   1.142      0.850512
   1.149      0.846769
   1.155      0.843035
   1.162      0.839311
   1.168      0.835598
   1.174      0.831896
   1.181      0.828206
   1.187      0.824529
   1.193      0.820864
   1.200      0.817213
   1.206      0.813575
   1.213      0.809951
   1.219      0.806342
   1.225      0.802748
   1.232      0.799169
   1.238      0.795606
   1.244      0.792059
   1.251      0.788528
   1.257      0.785014
   1.264      0.781516
   1.270      0.778036
   1.276      0.774574
   1.283      0.771129
   1.289      0.767703
   1.296      0.764294
   1.302      0.760904
   1.308      0.757533
   1.315      0.754181
   1.321      0.750847
   1.327      0.747533
   1.334      0.744238
   1.340      0.740963
   1.347      0.737708
   1.353      0.734472
   1.359      0.731256
   1.366      0.728060
   1.372      0.724883
   1.379      0.721727
   1.385      0.718592
   1.391      0.715476
   1.398      0.712381
   1.404      0.709306
   1.410      0.706251
   1.417      0.703216
   1.423      0.700202
   1.430      0.697208
   1.436      0.694235
   1.442      0.691282
   1.449      0.688349
   1.455      0.685436
   1.461      0.682544
   1.468      0.679671
   1.474      0.676819
   1.481      0.673987
   1.487      0.671175
   1.493      0.668383
   1.500      0.665610
   1.506      0.662858
   1.513      0.660125
   1.519      0.657411
   1.525      0.654718
   1.532      0.652043
   1.538      0.649388
   1.544      0.646752
   1.551      0.644135
   1.557      0.641537
   1.564      0.638958
   1.570      0.636398
   1.576      0.633856
   1.583      0.631333
   1.589      0.628829
   1.596      0.626342
   1.602      0.623874
   1.608      0.621424
   1.615      0.618991
   1.621      0.616576
   1.627      0.614179
   1.634      0.611800
   1.640      0.609437
   1.647      0.607092
   1.653      0.604764
   1.659      0.602453
   1.666      0.600159
   1.672      0.597881
   1.678      0.595620
   1.685      0.593375
   1.691      0.591146
   1.698      0.588934
   1.704      0.586737
   1.710      0.584556
   1.717      0.582391
   1.723      0.580241
   1.730      0.578107
   1.736      0.575988
   1.742      0.573884
   1.749      0.571795
   1.755      0.569721
   1.761      0.567661
   1.768      0.565616
   1.774      0.563586
   1.781      0.561569
   1.787      0.559567
   1.793      0.557579
   1.800      0.555604
   1.806      0.553644
   1.812      0.551697
   1.819      0.549763
   1.825      0.547843
   1.832      0.545936
   1.838      0.544042
   1.844      0.542162
   1.851      0.540294
   1.857      0.538438
   1.864      0.536596
   1.870      0.534765
   1.876      0.532947
   1.883      0.531142
   1.889      0.529348
   1.895      0.527567
   1.902      0.525797
   1.908      0.524039
   1.915      0.522293
   1.921      0.520559
   1.927      0.518835
   1.934      0.517124
   1.940      0.515423
   1.947      0.513733
   1.953      0.512055
   1.959      0.510387
   1.966      0.508730
   1.972      0.507084
   1.978      0.505449
   1.985      0.503824
   1.991      0.502209
   1.998      0.500605
   2.004      0.499011
   2.010      0.497427
   2.017      0.495853
   2.023      0.494289
   2.029      0.492734
   2.036      0.491190
   2.042      0.489655
   2.049      0.488130
   2.055      0.486614
   2.061      0.485107
   2.068      0.483610
   2.074      0.482122
   2.081      0.480643
   2.087      0.479173
   2.093      0.477712
   2.100      0.476261
   2.106      0.474817
   2.112      0.473383
   2.119      0.471957
   2.125      0.470540
   2.132      0.469131
   2.138      0.467731
   2.144      0.466339
   2.151      0.464955
   2.157      0.463579
   2.164      0.462212
   2.170      0.460852
   2.176      0.459501
   2.183      0.458157
   2.189      0.456821
   2.195      0.455494
   2.202      0.454173
   2.208      0.452861
   2.215      0.451556
   2.221      0.450258
   2.227      0.448968
   2.234      0.447685
   2.240      0.446410
   2.246      0.445141
   2.253      0.443880
   2.259      0.442626
   2.266      0.441380
   2.272      0.440140
   2.278      0.438907
   2.285      0.437681
   2.291      0.436462
   2.298      0.435249
   2.304      0.434044
   2.310      0.432845
   2.317      0.431652
   2.323      0.430466
   2.329      0.429287
   2.336      0.428114
   2.342      0.426948
   2.349      0.425787
   2.355      0.424634
   2.361      0.423486
   2.368      0.422344
   2.374      0.421209
   2.380      0.420080
   2.387      0.418957
   2.393      0.417839
   2.400      0.416728
   2.406      0.415623
   2.412      0.414523
   2.419      0.413429
   2.425      0.412342
   2.432      0.411259
   2.438      0.410183
   2.444      0.409112
   2.451      0.408046
   2.457      0.406986
   2.463      0.405932
   2.470      0.404883
   2.476      0.403840
   2.483      0.402801
   2.489      0.401769
   2.495      0.400741
   2.502      0.399719
   2.508      0.398702
   2.515      0.397690
   2.521      0.396683
   2.527      0.395681
   2.534      0.394685
   2.540      0.393693
