   0.000      1.502478
   0.006      1.502478
   0.013      1.502477
   0.019      1.502476
   0.026      1.502472
   0.032      1.502465
   0.038      1.502451
   0.045      1.502428
   0.051      1.502393
   0.057      1.502343
   0.064      1.502274
   0.070      1.502181
   0.077      1.502059
   0.083      1.501905
   0.089      1.501712
   0.096      1.501476
   0.102      1.501191
   0.108      1.500851
   0.115      1.500451
   0.121      1.499985
   0.128      1.499448
   0.134      1.498833
   0.140      1.498136
   0.147      1.497352
   0.153      1.496475
   0.160      1.495502
   0.166      1.494427
   0.172      1.493246
   0.179      1.491957
   0.185      1.490557
   0.191      1.489043
   0.198      1.487412
   0.204      1.485663
   0.211      1.483796
   0.217      1.481809
   0.223      1.479703
   0.230      1.477478
   0.236      1.475135
   0.243      1.472674
   0.249      1.470098
   0.255      1.467408
   0.262      1.464606
   0.268      1.461696
   0.274      1.458679
   0.281      1.455558
   0.287      1.452337
   0.294      1.449018
   0.300      1.445605
   0.306      1.442100
   0.313      1.438506
   0.319      1.434827
   0.325      1.431066
   0.332      1.427226
   0.338      1.423310
   0.345      1.419320
   0.351      1.415259
   0.357      1.411130
   0.364      1.406936
   0.370      1.402680
   0.377      1.398362
   0.383      1.393987
   0.389      1.389556
   0.396      1.385072
   0.402      1.380537
   0.408      1.375952
   0.415      1.371321
   0.421      1.366644
   0.428      1.361925
   0.434      1.357165
   0.440      1.352366
   0.447      1.347529
   0.453      1.342658
   0.460      1.337753
   0.466      1.332816
   0.472      1.327850
   0.479      1.322855
   0.485      1.317834
   0.491      1.312788
   0.498      1.307718
   0.504      1.302627
   0.511      1.297516
   0.517      1.292387
   0.523      1.287240
   0.530      1.282077
   0.536      1.276901
   0.542      1.271711
   0.549      1.266510
   0.555      1.261298
   0.562      1.256078
   0.568      1.250850
   0.574      1.245616
   0.581      1.240376
   0.587      1.235132
   0.594      1.229885
   0.600      1.224636
   0.606      1.219387
   0.613      1.214137
   0.619      1.208888
   0.625      1.203642
   0.632      1.198398
   0.638      1.193159
   0.645      1.187924
   0.651      1.182695
   0.657      1.177473
   0.664      1.172257
   0.670      1.167050
   0.676      1.161852
   0.683      1.156663
   0.689      1.151484
   0.696      1.146316
   0.702      1.141160
   0.708      1.136016
   0.715      1.130884
   0.721      1.125766
   0.728      1.120662
   0.734      1.115572
   0.740      1.110497
   0.747      1.105438
   0.753      1.100395
   0.759      1.095367
   0.766      1.090357
   0.772      1.085364
   0.779      1.080388
   0.785      1.075431
   0.791      1.070492
   0.798      1.065571
   0.804      1.060670
   0.811      1.055788
   0.817      1.050926
   0.823      1.046084
   0.830      1.041262
   0.836      1.036460
   0.842      1.031680
   0.849      1.026920
   0.855      1.022181
   0.862      1.017464
   0.868      1.012769
   0.874      1.008095
   0.881      1.003444
   0.887      0.998814
   0.893      0.994207
   0.900      0.989623
   0.906      0.985060
   0.913      0.980521
   0.919      0.976005
   0.925      0.971511
   0.932      0.967041
   0.938      0.962593
   0.945      0.958169
   0.951      0.953768
   0.957      0.949390
   0.964      0.945036
   0.970      0.940705
   0.976      0.936398
   0.983      0.932114
   0.989      0.927854
   0.996      0.923617
   1.002      0.919404
   1.008      0.915215
   1.015      0.911049
   1.021      0.906907
   1.028      0.902788
   1.034      0.898693
   1.040      0.894622
   1.047      0.890574
   1.053      0.886549
   1.059      0.882548
   1.066      0.878571
   1.072      0.874617
   1.079      0.870686
   1.085      0.866779
   1.091      0.862895
   1.098      0.859034
   1.104      0.855196
   1.110      0.851381
   1.117      0.847590
   1.123      0.843821
   1.130      0.840076
   1.136      0.836353
   1.142      0.832653
   1.149      0.828976
   1.155      0.825321
   1.162      0.821689
   1.168      0.818079
   1.174      0.814492
   1.181      0.810927
   1.187      0.807384
   1.193      0.803863
   1.200      0.800365
   1.206      0.796888
   1.213      0.793433
   1.219      0.789999
   1.225      0.786588
   1.232      0.783198
   1.238      0.779829
   1.244      0.776481
   1.251      0.773155
   1.257      0.769850
   1.264      0.766566
   1.270      0.763303
   1.276      0.760060
   1.283      0.756839
   1.289      0.753637
   1.296      0.750457
   1.302      0.747296
   1.308      0.744156
   1.315      0.741036
   1.321      0.737936
   1.327      0.734856
   1.334      0.731795
   1.340      0.728755
   1.347      0.725733
   1.353      0.722732
   1.359      0.719749
   1.366      0.716786
   1.372      0.713842
   1.379      0.710917
   1.385      0.708011
   1.391      0.705123
   1.398      0.702254
   1.404      0.699404
   1.410      0.696572
   1.417      0.693758
   1.423      0.690963
   1.430      0.688185
   1.436      0.685426
   1.442      0.682684
   1.449      0.679960
   1.455      0.677254
   1.461      0.674565
   1.468      0.671894
   1.474      0.669239
   1.481      0.666602
   1.487      0.663982
   1.493      0.661379
   1.500      0.658793
   1.506      0.656223
   1.513      0.653670
   1.519      0.651133
   1.525      0.648613
   1.532      0.646109
   1.538      0.643621
   1.544      0.641149
   1.551      0.638692
   1.557      0.636252
   1.564      0.633828
   1.570      0.631419
   1.576      0.629025
   1.583      0.626647
   1.589      0.624284
   1.596      0.621936
   1.602      0.619603
   1.608      0.617286
   1.615      0.614983
   1.621      0.612694
   1.627      0.610421
   1.634      0.608161
   1.640      0.605917
   1.647      0.603686
   1.653      0.601470
   1.659      0.599268
   1.666      0.597080
   1.672      0.594905
   1.678      0.592745
   1.685      0.590598
   1.691      0.588465
   1.698      0.586345
   1.704      0.584239
   1.710      0.582146
   1.717      0.580066
   1.723      0.578000
   1.730      0.575946
   1.736      0.573906
   1.742      0.571878
   1.749      0.569863
   1.755      0.567860
   1.761      0.565870
   1.768      0.563893
   1.774      0.561927
   1.781      0.559974
   1.787      0.558034
   1.793      0.556105
   1.800      0.554189
   1.806      0.552284
   1.812      0.550391
   1.819      0.548510
   1.825      0.546640
   1.832      0.544782
   1.838      0.542936
   1.844      0.541101
   1.851      0.539277
   1.857      0.537464
   1.864      0.535663
   1.870      0.533873
   1.876      0.532093
   1.883      0.530325
   1.889      0.528567
   1.895      0.526820
   1.902      0.525084
   1.908      0.523358
   1.915      0.521642
   1.921      0.519938
   1.927      0.518243
   1.934      0.516559
   1.940      0.514885
   1.947      0.513221
   1.953      0.511567
   1.959      0.509923
   1.966      0.508288
   1.972      0.506664
   1.978      0.505049
   1.985      0.503444
   1.991      0.501849
   1.998      0.500263
   2.004      0.498687
   2.010      0.497119
   2.017      0.495562
   2.023      0.494013
   2.029      0.492474
   2.036      0.490943
   2.042      0.489422
   2.049      0.487910
   2.055      0.486406
   2.061      0.484911
   2.068      0.483425
   2.074      0.481948
   2.081      0.480480
   2.087      0.479020
   2.093      0.477568
   2.100      0.476125
   2.106      0.474690
   2.112      0.473264
   2.119      0.471845
   2.125      0.470435
   2.132      0.469033
   2.138      0.467639
   2.144      0.466253
   2.151      0.464875
   2.157      0.463505
   2.164      0.462143
   2.170      0.460788
   2.176      0.459442
   2.183      0.458102
   2.189      0.456771
   2.195      0.455447
   2.202      0.454130
   2.208      0.452821
   2.215      0.451519
   2.221      0.450224
   2.227      0.448937
   2.234      0.447657
   2.240      0.446384
   2.246      0.445118
   2.253      0.443859
   2.259      0.442607
   2.266      0.441362
   2.272      0.440124
   2.278      0.438892
   2.285      0.437668
   2.291      0.436450
   2.298      0.435239
   2.304      0.434034
   2.310      0.432836
   2.317      0.431645
   2.323      0.430460
   2.329      0.429281
   2.336      0.428109
   2.342      0.426943
   2.349      0.425783
   2.355      0.424630
   2.361      0.423483
   2.368      0.422342
   2.374      0.421207
   2.380      0.420078
   2.387      0.418955
   2.393      0.417838
   2.400      0.416727
   2.406      0.415622
   2.412      0.414522
   2.419      0.413429
   2.425      0.412341
   2.432      0.411259
   2.438      0.410182
   2.444      0.409111
   2.451      0.408046
   2.457      0.406986
   2.463      0.405932
   2.470      0.404883
   2.476      0.403840
   2.483      0.402801
   2.489      0.401769
   2.495      0.400741
   2.502      0.399719
   2.508      0.398702
   2.515      0.397690
   2.521      0.396683
   2.527      0.395681
   2.534      0.394685
   2.540      0.393693
