   0.000      1.501617
   0.006      1.501601
   0.013      1.501552
   0.019      1.501469
   0.026      1.501354
   0.032      1.501206
   0.038      1.501024
   0.045      1.500809
   0.051      1.500560
   0.057      1.500278
   0.064      1.499961
   0.070      1.499610
   0.077      1.499224
   0.083      1.498803
   0.089      1.498346
   0.096      1.497853
   0.102      1.497324
   0.108      1.496758
   0.115      1.496155
   0.121      1.495513
   0.128      1.494833
   0.134      1.494114
   0.140      1.493354
   0.147      1.492554
   0.153      1.491712
   0.160      1.490828
   0.166      1.489901
   0.172      1.488929
   0.179      1.487913
   0.185      1.486851
   0.191      1.485742
   0.198      1.484586
   0.204      1.483380
   0.211      1.482125
   0.217      1.480819
   0.223      1.479460
   0.230      1.478049
   0.236      1.476583
   0.243      1.475061
   0.249      1.473483
   0.255      1.471847
   0.262      1.470152
   0.268      1.468396
   0.274      1.466579
   0.281      1.464700
   0.287      1.462756
   0.294      1.460748
   0.300      1.458673
   0.306      1.456531
   0.313      1.454320
   0.319      1.452040
   0.325      1.449690
   0.332      1.447268
   0.338      1.444774
   0.345      1.442206
   0.351      1.439565
   0.357      1.436849
   0.364      1.434057
   0.370      1.431190
   0.377      1.428246
   0.383      1.425226
   0.389      1.422128
   0.396      1.418953
   0.402      1.415702
   0.408      1.412372
   0.415      1.408966
   0.421      1.405483
   0.428      1.401924
   0.434      1.398289
   0.440      1.394578
   0.447      1.390792
   0.453      1.386933
   0.460      1.383001
   0.466      1.378996
   0.472      1.374921
   0.479      1.370776
   0.485      1.366563
   0.491      1.362283
   0.498      1.357938
   0.504      1.353529
   0.511      1.349057
   0.517      1.344525
   0.523      1.339934
   0.530      1.335286
   0.536      1.330583
   0.542      1.325826
   0.549      1.321018
   0.555      1.316161
   0.562      1.311256
   0.568      1.306306
   0.574      1.301313
   0.581      1.296278
   0.587      1.291203
   0.594      1.286091
   0.600      1.280944
   0.606      1.275764
   0.613      1.270552
   0.619      1.265310
   0.625      1.260041
   0.632      1.254746
   0.638      1.249428
   0.645      1.244088
   0.651      1.238727
   0.657      1.233349
   0.664      1.227954
   0.670      1.222544
   0.676      1.217121
   0.683      1.211686
   0.689      1.206242
   0.696      1.200789
   0.702      1.195330
   0.708      1.189865
   0.715      1.184397
   0.721      1.178926
   0.728      1.173454
   0.734      1.167982
   0.740      1.162512
   0.747      1.157045
   0.753      1.151582
   0.759      1.146124
   0.766      1.140673
   0.772      1.135229
   0.779      1.129794
   0.785      1.124368
   0.791      1.118953
   0.798      1.113549
   0.804      1.108157
   0.811      1.102779
   0.817      1.097415
   0.823      1.092066
   0.830      1.086733
   0.836      1.081417
   0.842      1.076117
   0.849      1.070836
   0.855      1.065573
   0.862      1.060329
   0.868      1.055105
   0.874      1.049902
   0.881      1.044719
   0.887      1.039558
   0.893      1.034419
   0.900      1.029303
   0.906      1.024209
   0.913      1.019139
   0.919      1.014092
   0.925      1.009070
   0.932      1.004072
   0.938      0.999099
   0.945      0.994151
   0.951      0.989229
   0.957      0.984332
   0.964      0.979461
   0.970      0.974617
   0.976      0.969799
   0.983      0.965007
   0.989      0.960243
   0.996      0.955506
   1.002      0.950795
   1.008      0.946113
   1.015      0.941458
   1.021      0.936830
   1.028      0.932230
   1.034      0.927658
   1.040      0.923114
   1.047      0.918598
   1.053      0.914110
   1.059      0.909650
   1.066      0.905218
   1.072      0.900815
   1.079      0.896439
   1.085      0.892092
   1.091      0.887773
   1.098      0.883482
   1.104      0.879220
   1.110      0.874985
   1.117      0.870779
   1.123      0.866601
   1.130      0.862450
   1.136      0.858328
   1.142      0.854234
   1.149      0.850167
   1.155      0.846129
   1.162      0.842118
   1.168      0.838134
   1.174      0.834179
   1.181      0.830250
   1.187      0.826349
   1.193      0.822475
   1.200      0.818629
   1.206      0.814809
   1.213      0.811016
   1.219      0.807250
   1.225      0.803511
   1.232      0.799798
   1.238      0.796112
   1.244      0.792451
   1.251      0.788817
   1.257      0.785209
   1.264      0.781627
   1.270      0.778071
   1.276      0.774540
   1.283      0.771034
   1.289      0.767554
   1.296      0.764099
   1.302      0.760669
   1.308      0.757263
   1.315      0.753883
   1.321      0.750527
   1.327      0.747195
   1.334      0.743887
   1.340      0.740603
   1.347      0.737344
   1.353      0.734108
   1.359      0.730895
   1.366      0.727706
   1.372      0.724540
   1.379      0.721397
   1.385      0.718277
   1.391      0.715180
   1.398      0.712105
   1.404      0.709053
   1.410      0.706023
   1.417      0.703015
   1.423      0.700028
   1.430      0.697064
   1.436      0.694121
   1.442      0.691200
   1.449      0.688299
   1.455      0.685420
   1.461      0.682562
   1.468      0.679724
   1.474      0.676908
   1.481      0.674111
   1.487      0.671335
   1.493      0.668579
   1.500      0.665842
   1.506      0.663126
   1.513      0.660429
   1.519      0.657752
   1.525      0.655093
   1.532      0.652454
   1.538      0.649834
   1.544      0.647233
   1.551      0.644651
   1.557      0.642087
   1.564      0.639541
   1.570      0.637013
   1.576      0.634504
   1.583      0.632013
   1.589      0.629539
   1.596      0.627083
   1.602      0.624644
   1.608      0.622222
   1.615      0.619818
   1.621      0.617431
   1.627      0.615060
   1.634      0.612707
   1.640      0.610370
   1.647      0.608049
   1.653      0.605744
   1.659      0.603456
   1.666      0.601184
   1.672      0.598928
   1.678      0.596687
   1.685      0.594462
   1.691      0.592252
   1.698      0.590058
   1.704      0.587879
   1.710      0.585715
   1.717      0.583566
   1.723      0.581432
   1.730      0.579312
   1.736      0.577207
   1.742      0.575116
   1.749      0.573040
   1.755      0.570978
   1.761      0.568930
   1.768      0.566895
   1.774      0.564875
   1.781      0.562868
   1.787      0.560875
   1.793      0.558895
   1.800      0.556929
   1.806      0.554976
   1.812      0.553036
   1.819      0.551109
   1.825      0.549194
   1.832      0.547293
   1.838      0.545404
   1.844      0.543527
   1.851      0.541664
   1.857      0.539812
   1.864      0.537972
   1.870      0.536145
   1.876      0.534330
   1.883      0.532526
   1.889      0.530735
   1.895      0.528954
   1.902      0.527186
   1.908      0.525429
   1.915      0.523683
   1.921      0.521949
   1.927      0.520226
   1.934      0.518514
   1.940      0.516813
   1.947      0.515123
   1.953      0.513443
   1.959      0.511774
   1.966      0.510116
   1.972      0.508469
   1.978      0.506831
   1.985      0.505205
   1.991      0.503588
   1.998      0.501981
   2.004      0.500385
   2.010      0.498799
   2.017      0.497222
   2.023      0.495655
   2.029      0.494098
   2.036      0.492551
   2.042      0.491013
   2.049      0.489485
   2.055      0.487966
   2.061      0.486456
   2.068      0.484955
   2.074      0.483464
   2.081      0.481982
   2.087      0.480509
   2.093      0.479044
   2.100      0.477589
   2.106      0.476142
   2.112      0.474704
   2.119      0.473274
   2.125      0.471854
   2.132      0.470441
   2.138      0.469037
   2.144      0.467641
   2.151      0.466254
   2.157      0.464875
   2.164      0.463503
   2.170      0.462140
   2.176      0.460785
   2.183      0.459438
   2.189      0.458099
   2.195      0.456767
   2.202      0.455443
   2.208      0.454127
   2.215      0.452818
   2.221      0.451517
   2.227      0.450223
   2.234      0.448937
   2.240      0.447658
   2.246      0.446386
   2.253      0.445121
   2.259      0.443864
   2.266      0.442614
   2.272      0.441370
   2.278      0.440134
   2.285      0.438905
   2.291      0.437682
   2.298      0.436466
   2.304      0.435257
   2.310      0.434055
   2.317      0.432859
   2.323      0.431670
   2.329      0.430487
   2.336      0.429311
   2.342      0.428141
   2.349      0.426978
   2.355      0.425821
   2.361      0.424670
   2.368      0.423525
   2.374      0.422387
   2.380      0.421254
   2.387      0.420128
   2.393      0.419008
   2.400      0.417893
   2.406      0.416785
   2.412      0.415682
   2.419      0.414585
   2.425      0.413494
   2.432      0.412409
   2.438      0.411329
   2.444      0.410256
   2.451      0.409187
   2.457      0.408124
   2.463      0.407067
   2.470      0.406015
   2.476      0.404969
   2.483      0.403928
   2.489      0.402892
   2.495      0.401862
   2.502      0.400836
   2.508      0.399816
   2.515      0.398802
   2.521      0.397792
   2.527      0.396788
   2.534      0.395788
   2.540      0.394794
