   0.000      0.289119
   0.008      0.288723
   0.015      0.288021
   0.023      0.287020
   0.030      0.285676
   0.038      0.283990
   0.045      0.281958
   0.053      0.279647
   0.061      0.277028
   0.068      0.274133
   0.076      0.270980
   0.083      0.267576
   0.091      0.263945
   0.099      0.260098
   0.106      0.256053
   0.114      0.251825
   0.121      0.247434
   0.129      0.242893
   0.136      0.238221
   0.144      0.233434
   0.152      0.228544
   0.159      0.223565
   0.167      0.218511
   0.174      0.213395
   0.182      0.208226
   0.189      0.203022
   0.197      0.197790
   0.205      0.192546
   0.212      0.187306
   0.220      0.182075
   0.227      0.176869
   0.235      0.171694
   0.243      0.166555
   0.250      0.161464
   0.258      0.156423
   0.265      0.151435
   0.273      0.146502
   0.280      0.141626
   0.288      0.136808
   0.296      0.132046
   0.303      0.127339
   0.311      0.122686
   0.318      0.118085
   0.326      0.113532
   0.333      0.109025
   0.341      0.104561
   0.349      0.100134
   0.356      0.095745
   0.364      0.091389
   0.371      0.087061
   0.379      0.082759
   0.387      0.078480
   0.394      0.074221
   0.402      0.069978
   0.409      0.065750
   0.417      0.061532
   0.424      0.057323
   0.432      0.053120
   0.440      0.048922
   0.447      0.044724
   0.455      0.040527
   0.462      0.036328
   0.470      0.032125
   0.477      0.027916
   0.485      0.023700
   0.493      0.019477
   0.500      0.015244
   0.508      0.011000
   0.515      0.006745
   0.523      0.002477
   0.531     -0.001805
   0.538     -0.006101
   0.546     -0.010413
   0.553     -0.014740
   0.561     -0.019084
   0.568     -0.023444
   0.576     -0.027822
   0.584     -0.032217
   0.591     -0.036630
   0.599     -0.041061
   0.606     -0.045509
   0.614     -0.049975
   0.621     -0.054459
   0.629     -0.058960
   0.637     -0.063477
   0.644     -0.068010
   0.652     -0.072558
   0.659     -0.077120
   0.667     -0.081694
   0.675     -0.086280
   0.682     -0.090879
   0.690     -0.095495
   0.697     -0.100120
   0.705     -0.104746
   0.712     -0.109372
   0.720     -0.113999
   0.728     -0.118622
   0.735     -0.123239
   0.743     -0.127847
   0.750     -0.132441
   0.758     -0.137020
   0.765     -0.141578
   0.773     -0.146113
   0.781     -0.150619
   0.788     -0.155092
   0.796     -0.159529
   0.803     -0.163923
   0.811     -0.168272
   0.818     -0.172569
   0.826     -0.176809
   0.834     -0.180988
   0.841     -0.185099
   0.849     -0.189139
   0.856     -0.193101
   0.864     -0.196980
   0.872     -0.200771
   0.879     -0.204468
   0.887     -0.208065
   0.894     -0.211558
   0.902     -0.214941
   0.909     -0.218209
   0.917     -0.221356
   0.925     -0.224378
   0.932     -0.227270
   0.940     -0.230026
   0.947     -0.232643
   0.955     -0.235115
   0.962     -0.237438
   0.970     -0.239610
   0.978     -0.241625
   0.985     -0.243479
   0.993     -0.245171
   1.000     -0.246696
   1.008     -0.248051
   1.016     -0.249235
   1.023     -0.250245
   1.031     -0.251079
   1.038     -0.251735
   1.046     -0.252212
   1.053     -0.252509
   1.061     -0.252625
   1.069     -0.252559
   1.076     -0.252313
   1.084     -0.251885
   1.091     -0.251277
   1.099     -0.250489
   1.106     -0.249523
   1.114     -0.248380
   1.122     -0.247061
   1.129     -0.245570
   1.137     -0.243907
   1.144     -0.242077
   1.152     -0.240082
   1.160     -0.237926
   1.167     -0.235612
   1.175     -0.233143
   1.182     -0.230525
   1.190     -0.227761
   1.197     -0.224855
   1.205     -0.221814
   1.213     -0.218641
   1.220     -0.215343
   1.228     -0.211924
   1.235     -0.208390
   1.243     -0.204747
   1.250     -0.201001
   1.258     -0.197158
   1.266     -0.193224
   1.273     -0.189206
   1.281     -0.185110
   1.288     -0.180943
   1.296     -0.176710
   1.304     -0.172419
   1.311     -0.168077
   1.319     -0.163691
   1.326     -0.159266
   1.334     -0.154810
   1.341     -0.150328
   1.349     -0.145829
   1.357     -0.141319
   1.364     -0.136804
   1.372     -0.132290
   1.379     -0.127784
   1.387     -0.123292
   1.394     -0.118821
   1.402     -0.114376
   1.410     -0.109963
   1.417     -0.105588
   1.425     -0.101257
   1.432     -0.096973
   1.440     -0.092744
   1.448     -0.088573
   1.455     -0.084466
   1.463     -0.080427
   1.470     -0.076459
   1.478     -0.072567
   1.485     -0.068756
   1.493     -0.065027
   1.501     -0.061386
   1.508     -0.057833
   1.516     -0.054372
   1.523     -0.051007
   1.531     -0.047738
   1.538     -0.044568
   1.546     -0.041499
   1.554     -0.038531
   1.561     -0.035665
   1.569     -0.032904
   1.576     -0.030247
   1.584     -0.027695
   1.592     -0.025248
   1.599     -0.022905
   1.607     -0.020666
   1.614     -0.018532
   1.622     -0.016500
   1.629     -0.014571
   1.637     -0.012742
   1.645     -0.011012
   1.652     -0.009380
   1.660     -0.007844
   1.667     -0.006403
   1.675     -0.005053
   1.682     -0.003793
   1.690     -0.002621
   1.698     -0.001533
   1.705     -0.000529
   1.713      0.000395
   1.720      0.001243
   1.728      0.002016
   1.736      0.002717
   1.743      0.003350
   1.751      0.003916
   1.758      0.004420
   1.766      0.004864
   1.773      0.005251
   1.781      0.005583
   1.789      0.005865
   1.796      0.006098
   1.804      0.006286
   1.811      0.006432
   1.819      0.006538
   1.826      0.006607
   1.834      0.006641
   1.842      0.006644
   1.849      0.006618
   1.857      0.006566
   1.864      0.006489
   1.872      0.006390
   1.880      0.006272
   1.887      0.006136
   1.895      0.005984
   1.902      0.005819
   1.910      0.005642
   1.917      0.005456
   1.925      0.005261
   1.933      0.005059
   1.940      0.004852
   1.948      0.004641
   1.955      0.004428
   1.963      0.004213
   1.970      0.003998
   1.978      0.003784
   1.986      0.003571
   1.993      0.003361
   2.001      0.003154
   2.008      0.002950
   2.016      0.002752
   2.024      0.002559
   2.031      0.002371
   2.039      0.002189
   2.046      0.002013
   2.054      0.001843
   2.061      0.001681
   2.069      0.001525
   2.077      0.001377
   2.084      0.001236
   2.092      0.001102
   2.099      0.000974
   2.107      0.000854
   2.114      0.000741
   2.122      0.000635
   2.130      0.000537
   2.137      0.000444
   2.145      0.000359
   2.152      0.000279
   2.160      0.000206
   2.167      0.000138
   2.175      0.000076
   2.183      0.000021
   2.190     -0.000030
   2.198     -0.000076
   2.205     -0.000117
   2.213     -0.000154
   2.221     -0.000186
   2.228     -0.000214
   2.236     -0.000239
   2.243     -0.000259
   2.251     -0.000277
   2.258     -0.000291
   2.266     -0.000303
   2.274     -0.000311
   2.281     -0.000318
   2.289     -0.000322
   2.296     -0.000323
   2.304     -0.000324
   2.311     -0.000322
   2.319     -0.000318
   2.327     -0.000314
   2.334     -0.000308
   2.342     -0.000301
   2.349     -0.000292
   2.357     -0.000283
   2.365     -0.000274
   2.372     -0.000263
   2.380     -0.000252
   2.387     -0.000241
   2.395     -0.000229
   2.402     -0.000217
   2.410     -0.000205
   2.418     -0.000192
   2.425     -0.000180
   2.433     -0.000167
   2.440     -0.000155
   2.448     -0.000142
   2.455     -0.000130
   2.463     -0.000118
   2.471     -0.000106
   2.478     -0.000094
   2.486     -0.000082
   2.493     -0.000071
   2.501     -0.000059
   2.509     -0.000048
   2.516     -0.000038
   2.524     -0.000027
   2.531     -0.000017
   2.539     -0.000007
   2.546      0.000002
   2.554      0.000011
   2.562      0.000020
   2.569      0.000029
   2.577      0.000037
   2.584      0.000045
   2.592      0.000053
   2.599      0.000060
   2.607      0.000067
   2.615      0.000074
   2.622      0.000081
   2.630      0.000087
   2.637      0.000093
   2.645      0.000099
   2.653      0.000104
   2.660      0.000109
   2.668      0.000114
   2.675      0.000119
   2.683      0.000124
   2.690      0.000128
   2.698      0.000133
   2.706      0.000136
   2.713      0.000140
   2.721      0.000144
   2.728      0.000147
   2.736      0.000151
   2.743      0.000154
   2.751      0.000157
   2.759      0.000160
   2.766      0.000163
   2.774      0.000165
   2.781      0.000168
   2.789      0.000170
   2.797      0.000172
   2.804      0.000175
   2.812      0.000177
   2.819      0.000179
   2.827      0.000181
   2.834      0.000182
   2.842      0.000184
   2.850      0.000186
   2.857      0.000187
   2.865      0.000189
   2.872      0.000190
   2.880      0.000192
   2.887      0.000193
   2.895      0.000194
   2.903      0.000195
   2.910      0.000196
   2.918      0.000197
   2.925      0.000198
   2.933      0.000199
   2.941      0.000200
   2.948      0.000201
   2.956      0.000202
   2.963      0.000203
   2.971      0.000204
   2.978      0.000204
   2.986      0.000205
   2.994      0.000206
   3.001      0.000206
   3.009      0.000207
   3.016      0.000207
