   0.000      0.843755
   0.008      0.843755
   0.015      0.843755
   0.023      0.843755
   0.030      0.843755
   0.038      0.843755
   0.045      0.843755
   0.053      0.843754
   0.061      0.843754
   0.068      0.843753
   0.076      0.843751
   0.083      0.843750
   0.091      0.843748
   0.099      0.843745
   0.106      0.843742
   0.114      0.843737
   0.121      0.843732
   0.129      0.843726
   0.136      0.843718
   0.144      0.843710
   0.152      0.843699
   0.159      0.843687
   0.167      0.843673
   0.174      0.843658
   0.182      0.843639
   0.189      0.843619
   0.197      0.843596
   0.205      0.843570
   0.212      0.843541
   0.220      0.843509
   0.227      0.843474
   0.235      0.843434
   0.243      0.843391
   0.250      0.843343
   0.258      0.843291
   0.265      0.843235
   0.273      0.843173
   0.280      0.843106
   0.288      0.843033
   0.296      0.842955
   0.303      0.842870
   0.311      0.842779
   0.318      0.842681
   0.326      0.842576
   0.333      0.842463
   0.341      0.842343
   0.349      0.842215
   0.356      0.842078
   0.364      0.841932
   0.371      0.841778
   0.379      0.841614
   0.387      0.841440
   0.394      0.841256
   0.402      0.841062
   0.409      0.840856
   0.417      0.840640
   0.424      0.840412
   0.432      0.840172
   0.440      0.839920
   0.447      0.839655
   0.455      0.839378
   0.462      0.839087
   0.470      0.838782
   0.477      0.838463
   0.485      0.838130
   0.493      0.837782
   0.500      0.837419
   0.508      0.837040
   0.515      0.836646
   0.523      0.836235
   0.531      0.835808
   0.538      0.835364
   0.546      0.834903
   0.553      0.834425
   0.561      0.833928
   0.568      0.833414
   0.576      0.832881
   0.584      0.832329
   0.591      0.831759
   0.599      0.831169
   0.606      0.830559
   0.614      0.829929
   0.621      0.829280
   0.629      0.828610
   0.637      0.827919
   0.644      0.827207
   0.652      0.826475
   0.659      0.825720
   0.667      0.824945
   0.675      0.824147
   0.682      0.823328
   0.690      0.822487
   0.697      0.821623
   0.705      0.820737
   0.712      0.819828
   0.720      0.818896
   0.728      0.817942
   0.735      0.816965
   0.743      0.815964
   0.750      0.814941
   0.758      0.813894
   0.765      0.812824
   0.773      0.811731
   0.781      0.810615
   0.788      0.809475
   0.796      0.808312
   0.803      0.807125
   0.811      0.805915
   0.818      0.804682
   0.826      0.803426
   0.834      0.802146
   0.841      0.800843
   0.849      0.799518
   0.856      0.798169
   0.864      0.796798
   0.872      0.795404
   0.879      0.793987
   0.887      0.792548
   0.894      0.791087
   0.902      0.789603
   0.909      0.788098
   0.917      0.786571
   0.925      0.785022
   0.932      0.783453
   0.940      0.781862
   0.947      0.780250
   0.955      0.778618
   0.962      0.776966
   0.970      0.775293
   0.978      0.773601
   0.985      0.771889
   0.993      0.770158
   1.000      0.768409
   1.008      0.766640
   1.016      0.764854
   1.023      0.763049
   1.031      0.761227
   1.038      0.759388
   1.046      0.757531
   1.053      0.755658
   1.061      0.753769
   1.069      0.751864
   1.076      0.749944
   1.084      0.748008
   1.091      0.746058
   1.099      0.744093
   1.106      0.742114
   1.114      0.740121
   1.122      0.738115
   1.129      0.736097
   1.137      0.734065
   1.144      0.732022
   1.152      0.729967
   1.160      0.727900
   1.167      0.725823
   1.175      0.723735
   1.182      0.721636
   1.190      0.719528
   1.197      0.717410
   1.205      0.715283
   1.213      0.713148
   1.220      0.711004
   1.228      0.708852
   1.235      0.706693
   1.243      0.704526
   1.250      0.702353
   1.258      0.700173
   1.266      0.697987
   1.273      0.695795
   1.281      0.693597
   1.288      0.691395
   1.296      0.689188
   1.304      0.686976
   1.311      0.684760
   1.319      0.682541
   1.326      0.680318
   1.334      0.678092
   1.341      0.675864
   1.349      0.673633
   1.357      0.671400
   1.364      0.669165
   1.372      0.666928
   1.379      0.664690
   1.387      0.662452
   1.394      0.660212
   1.402      0.657973
   1.410      0.655733
   1.417      0.653494
   1.425      0.651254
   1.432      0.649016
   1.440      0.646779
   1.448      0.644543
   1.455      0.642308
   1.463      0.640075
   1.470      0.637845
   1.478      0.635616
   1.485      0.633390
   1.493      0.631166
   1.501      0.628946
   1.508      0.626728
   1.516      0.624514
   1.523      0.622303
   1.531      0.620096
   1.538      0.617893
   1.546      0.615694
   1.554      0.613500
   1.561      0.611309
   1.569      0.609124
   1.576      0.606943
   1.584      0.604768
   1.592      0.602597
   1.599      0.600432
   1.607      0.598273
   1.614      0.596119
   1.622      0.593971
   1.629      0.591828
   1.637      0.589692
   1.645      0.587562
   1.652      0.585439
   1.660      0.583322
   1.667      0.581211
   1.675      0.579108
   1.682      0.577011
   1.690      0.574921
   1.698      0.572838
   1.705      0.570762
   1.713      0.568694
   1.720      0.566632
   1.728      0.564579
   1.736      0.562533
   1.743      0.560494
   1.751      0.558464
   1.758      0.556441
   1.766      0.554426
   1.773      0.552419
   1.781      0.550420
   1.789      0.548429
   1.796      0.546446
   1.804      0.544472
   1.811      0.542505
   1.819      0.540548
   1.826      0.538598
   1.834      0.536657
   1.842      0.534725
   1.849      0.532801
   1.857      0.530885
   1.864      0.528978
   1.872      0.527080
   1.880      0.525191
   1.887      0.523310
   1.895      0.521439
   1.902      0.519576
   1.910      0.517721
   1.917      0.515876
   1.925      0.514039
   1.933      0.512212
   1.940      0.510393
   1.948      0.508583
   1.955      0.506782
   1.963      0.504990
   1.970      0.503208
   1.978      0.501434
   1.986      0.499668
   1.993      0.497912
   2.001      0.496165
   2.008      0.494427
   2.016      0.492698
   2.024      0.490978
   2.031      0.489267
   2.039      0.487565
   2.046      0.485871
   2.054      0.484187
   2.061      0.482512
   2.069      0.480845
   2.077      0.479188
   2.084      0.477539
   2.092      0.475899
   2.099      0.474268
   2.107      0.472646
   2.114      0.471033
   2.122      0.469428
   2.130      0.467833
   2.137      0.466246
   2.145      0.464668
   2.152      0.463098
   2.160      0.461538
   2.167      0.459985
   2.175      0.458442
   2.183      0.456907
   2.190      0.455381
   2.198      0.453863
   2.205      0.452354
   2.213      0.450853
   2.221      0.449361
   2.228      0.447877
   2.236      0.446401
   2.243      0.444934
   2.251      0.443475
   2.258      0.442025
   2.266      0.440582
   2.274      0.439148
   2.281      0.437722
   2.289      0.436304
   2.296      0.434895
   2.304      0.433493
   2.311      0.432099
   2.319      0.430713
   2.327      0.429336
   2.334      0.427966
   2.342      0.426604
   2.349      0.425249
   2.357      0.423903
   2.365      0.422564
   2.372      0.421233
   2.380      0.419909
   2.387      0.418594
   2.395      0.417285
   2.402      0.415984
   2.410      0.414691
   2.418      0.413405
   2.425      0.412126
   2.433      0.410855
   2.440      0.409591
   2.448      0.408335
   2.455      0.407085
   2.463      0.405843
   2.471      0.404607
   2.478      0.403379
   2.486      0.402158
   2.493      0.400944
   2.501      0.399736
   2.509      0.398536
   2.516      0.397343
   2.524      0.396156
   2.531      0.394976
   2.539      0.393802
   2.546      0.392636
   2.554      0.391476
   2.562      0.390322
   2.569      0.389175
   2.577      0.388035
   2.584      0.386901
   2.592      0.385773
   2.599      0.384652
   2.607      0.383537
   2.615      0.382428
   2.622      0.381326
   2.630      0.380229
   2.637      0.379139
   2.645      0.378055
   2.653      0.376977
   2.660      0.375905
   2.668      0.374838
   2.675      0.373778
   2.683      0.372724
   2.690      0.371675
   2.698      0.370633
   2.706      0.369595
   2.713      0.368564
   2.721      0.367538
   2.728      0.366518
   2.736      0.365504
   2.743      0.364495
   2.751      0.363492
   2.759      0.362494
   2.766      0.361501
   2.774      0.360514
   2.781      0.359532
   2.789      0.358555
   2.797      0.357584
   2.804      0.356618
   2.812      0.355657
   2.819      0.354701
   2.827      0.353750
   2.834      0.352805
   2.842      0.351864
   2.850      0.350928
   2.857      0.349998
   2.865      0.349072
   2.872      0.348151
   2.880      0.347235
   2.887      0.346323
   2.895      0.345417
   2.903      0.344515
   2.910      0.343618
   2.918      0.342725
   2.925      0.341837
   2.933      0.340954
   2.941      0.340075
   2.948      0.339201
   2.956      0.338331
   2.963      0.337466
   2.971      0.336605
   2.978      0.335749
   2.986      0.334897
   2.994      0.334049
   3.001      0.333205
   3.009      0.332366
   3.016      0.331531
