   0.000      1.047847
   0.008      1.047843
   0.015      1.047832
   0.023      1.047812
   0.030      1.047785
   0.038      1.047750
   0.045      1.047707
   0.053      1.047657
   0.061      1.047598
   0.068      1.047531
   0.076      1.047456
   0.083      1.047373
   0.091      1.047282
   0.099      1.047182
   0.106      1.047073
   0.114      1.046956
   0.121      1.046830
   0.129      1.046695
   0.136      1.046551
   0.144      1.046398
   0.152      1.046235
   0.159      1.046062
   0.167      1.045879
   0.174      1.045686
   0.182      1.045483
   0.189      1.045269
   0.197      1.045044
   0.205      1.044808
   0.212      1.044561
   0.220      1.044302
   0.227      1.044030
   0.235      1.043747
   0.243      1.043450
   0.250      1.043141
   0.258      1.042818
   0.265      1.042482
   0.273      1.042131
   0.280      1.041766
   0.288      1.041386
   0.296      1.040990
   0.303      1.040579
   0.311      1.040151
   0.318      1.039707
   0.326      1.039246
   0.333      1.038766
   0.341      1.038269
   0.349      1.037753
   0.356      1.037218
   0.364      1.036664
   0.371      1.036089
   0.379      1.035493
   0.387      1.034876
   0.394      1.034237
   0.402      1.033575
   0.409      1.032890
   0.417      1.032182
   0.424      1.031449
   0.432      1.030692
   0.440      1.029908
   0.447      1.029099
   0.455      1.028262
   0.462      1.027398
   0.470      1.026506
   0.477      1.025585
   0.485      1.024635
   0.493      1.023655
   0.500      1.022644
   0.508      1.021601
   0.515      1.020526
   0.523      1.019419
   0.531      1.018278
   0.538      1.017104
   0.546      1.015895
   0.553      1.014651
   0.561      1.013371
   0.568      1.012054
   0.576      1.010701
   0.584      1.009311
   0.591      1.007882
   0.599      1.006415
   0.606      1.004910
   0.614      1.003365
   0.621      1.001780
   0.629      1.000155
   0.637      0.998490
   0.644      0.996784
   0.652      0.995037
   0.659      0.993249
   0.667      0.991419
   0.675      0.989547
   0.682      0.987633
   0.690      0.985678
   0.697      0.983680
   0.705      0.981640
   0.712      0.979558
   0.720      0.977435
   0.728      0.975269
   0.735      0.973061
   0.743      0.970812
   0.750      0.968522
   0.758      0.966191
   0.765      0.963818
   0.773      0.961406
   0.781      0.958953
   0.788      0.956461
   0.796      0.953930
   0.803      0.951360
   0.811      0.948753
   0.818      0.946108
   0.826      0.943426
   0.834      0.940708
   0.841      0.937954
   0.849      0.935166
   0.856      0.932344
   0.864      0.929489
   0.872      0.926601
   0.879      0.923682
   0.887      0.920732
   0.894      0.917752
   0.902      0.914744
   0.909      0.911707
   0.917      0.908643
   0.925      0.905553
   0.932      0.902438
   0.940      0.899299
   0.947      0.896136
   0.955      0.892951
   0.962      0.889745
   0.970      0.886518
   0.978      0.883272
   0.985      0.880007
   0.993      0.876725
   1.000      0.873426
   1.008      0.870112
   1.016      0.866783
   1.023      0.863440
   1.031      0.860085
   1.038      0.856718
   1.046      0.853340
   1.053      0.849952
   1.061      0.846555
   1.069      0.843150
   1.076      0.839737
   1.084      0.836318
   1.091      0.832894
   1.099      0.829464
   1.106      0.826031
   1.114      0.822594
   1.122      0.819155
   1.129      0.815714
   1.137      0.812273
   1.144      0.808831
   1.152      0.805389
   1.160      0.801949
   1.167      0.798511
   1.175      0.795075
   1.182      0.791642
   1.190      0.788214
   1.197      0.784789
   1.205      0.781370
   1.213      0.777956
   1.220      0.774548
   1.228      0.771147
   1.235      0.767753
   1.243      0.764367
   1.250      0.760989
   1.258      0.757619
   1.266      0.754259
   1.273      0.750908
   1.281      0.747567
   1.288      0.744236
   1.296      0.740916
   1.304      0.737607
   1.311      0.734310
   1.319      0.731025
   1.326      0.727751
   1.334      0.724490
   1.341      0.721242
   1.349      0.718008
   1.357      0.714786
   1.364      0.711578
   1.372      0.708384
   1.379      0.705205
   1.387      0.702039
   1.394      0.698888
   1.402      0.695752
   1.410      0.692632
   1.417      0.689526
   1.425      0.686436
   1.432      0.683361
   1.440      0.680302
   1.448      0.677259
   1.455      0.674231
   1.463      0.671220
   1.470      0.668226
   1.478      0.665247
   1.485      0.662285
   1.493      0.659340
   1.501      0.656412
   1.508      0.653500
   1.516      0.650605
   1.523      0.647726
   1.531      0.644865
   1.538      0.642021
   1.546      0.639194
   1.554      0.636383
   1.561      0.633590
   1.569      0.630814
   1.576      0.628056
   1.584      0.625314
   1.592      0.622589
   1.599      0.619882
   1.607      0.617192
   1.614      0.614519
   1.622      0.611863
   1.629      0.609225
   1.637      0.606603
   1.645      0.603999
   1.652      0.601411
   1.660      0.598841
   1.667      0.596287
   1.675      0.593751
   1.682      0.591231
   1.690      0.588729
   1.698      0.586243
   1.705      0.583773
   1.713      0.581321
   1.720      0.578885
   1.728      0.576466
   1.736      0.574063
   1.743      0.571677
   1.751      0.569307
   1.758      0.566953
   1.766      0.564615
   1.773      0.562294
   1.781      0.559989
   1.789      0.557699
   1.796      0.555426
   1.804      0.553168
   1.811      0.550926
   1.819      0.548700
   1.826      0.546489
   1.834      0.544294
   1.842      0.542114
   1.849      0.539949
   1.857      0.537800
   1.864      0.535665
   1.872      0.533546
   1.880      0.531441
   1.887      0.529351
   1.895      0.527276
   1.902      0.525215
   1.910      0.523169
   1.917      0.521138
   1.925      0.519120
   1.933      0.517117
   1.940      0.515128
   1.948      0.513153
   1.955      0.511191
   1.963      0.509244
   1.970      0.507310
   1.978      0.505389
   1.986      0.503483
   1.993      0.501589
   2.001      0.499709
   2.008      0.497842
   2.016      0.495987
   2.024      0.494146
   2.031      0.492318
   2.039      0.490502
   2.046      0.488699
   2.054      0.486909
   2.061      0.485131
   2.069      0.483365
   2.077      0.481612
   2.084      0.479870
   2.092      0.478141
   2.099      0.476424
   2.107      0.474718
   2.114      0.473024
   2.122      0.471342
   2.130      0.469671
   2.137      0.468012
   2.145      0.466364
   2.152      0.464727
   2.160      0.463101
   2.167      0.461486
   2.175      0.459883
   2.183      0.458290
   2.190      0.456708
   2.198      0.455136
   2.205      0.453575
   2.213      0.452025
   2.221      0.450484
   2.228      0.448954
   2.236      0.447435
   2.243      0.445925
   2.251      0.444426
   2.258      0.442936
   2.266      0.441456
   2.274      0.439986
   2.281      0.438525
   2.289      0.437074
   2.296      0.435633
   2.304      0.434201
   2.311      0.432778
   2.319      0.431364
   2.327      0.429960
   2.334      0.428564
   2.342      0.427178
   2.349      0.425800
   2.357      0.424431
   2.365      0.423071
   2.372      0.421720
   2.380      0.420377
   2.387      0.419043
   2.395      0.417717
   2.402      0.416399
   2.410      0.415090
   2.418      0.413789
   2.425      0.412496
   2.433      0.411211
   2.440      0.409934
   2.448      0.408665
   2.455      0.407404
   2.463      0.406150
   2.471      0.404904
   2.478      0.403666
   2.486      0.402435
   2.493      0.401212
   2.501      0.399996
   2.509      0.398788
   2.516      0.397587
   2.524      0.396393
   2.531      0.395206
   2.539      0.394026
   2.546      0.392854
   2.554      0.391688
   2.562      0.390529
   2.569      0.389377
   2.577      0.388232
   2.584      0.387093
   2.592      0.385961
   2.599      0.384836
   2.607      0.383717
   2.615      0.382605
   2.622      0.381499
   2.630      0.380400
   2.637      0.379307
   2.645      0.378220
   2.653      0.377139
   2.660      0.376065
   2.668      0.374997
   2.675      0.373934
   2.683      0.372878
   2.690      0.371828
   2.698      0.370783
   2.706      0.369744
   2.713      0.368712
   2.721      0.367685
   2.728      0.366663
   2.736      0.365648
   2.743      0.364638
   2.751      0.363633
   2.759      0.362634
   2.766      0.361640
   2.774      0.360652
   2.781      0.359670
   2.789      0.358692
   2.797      0.357720
   2.804      0.356753
   2.812      0.355792
   2.819      0.354835
   2.827      0.353884
   2.834      0.352938
   2.842      0.351997
   2.850      0.351061
   2.857      0.350129
   2.865      0.349203
   2.872      0.348282
   2.880      0.347365
   2.887      0.346453
   2.895      0.345547
   2.903      0.344644
   2.910      0.343747
   2.918      0.342854
   2.925      0.341966
   2.933      0.341082
   2.941      0.340203
   2.948      0.339328
   2.956      0.338458
   2.963      0.337593
   2.971      0.336732
   2.978      0.335875
   2.986      0.335022
   2.994      0.334174
   3.001      0.333330
   3.009      0.332491
   3.016      0.331655
