   0.000      1.208949
   0.008      1.208949
   0.015      1.208949
   0.023      1.208949
   0.030      1.208948
   0.038      1.208947
   0.045      1.208945
   0.053      1.208943
   0.061      1.208938
   0.068      1.208932
   0.076      1.208923
   0.083      1.208911
   0.091      1.208896
   0.099      1.208876
   0.106      1.208850
   0.114      1.208819
   0.121      1.208781
   0.129      1.208734
   0.136      1.208679
   0.144      1.208614
   0.152      1.208538
   0.159      1.208449
   0.167      1.208347
   0.174      1.208230
   0.182      1.208097
   0.189      1.207945
   0.197      1.207775
   0.205      1.207584
   0.212      1.207370
   0.220      1.207132
   0.227      1.206869
   0.235      1.206578
   0.243      1.206258
   0.250      1.205906
   0.258      1.205521
   0.265      1.205102
   0.273      1.204645
   0.280      1.204149
   0.288      1.203612
   0.296      1.203032
   0.303      1.202406
   0.311      1.201733
   0.318      1.201011
   0.326      1.200237
   0.333      1.199409
   0.341      1.198524
   0.349      1.197582
   0.356      1.196579
   0.364      1.195513
   0.371      1.194383
   0.379      1.193185
   0.387      1.191919
   0.394      1.190581
   0.402      1.189170
   0.409      1.187684
   0.417      1.186120
   0.424      1.184478
   0.432      1.182754
   0.440      1.180948
   0.447      1.179058
   0.455      1.177081
   0.462      1.175017
   0.470      1.172863
   0.477      1.170619
   0.485      1.168284
   0.493      1.165855
   0.500      1.163333
   0.508      1.160716
   0.515      1.158003
   0.523      1.155195
   0.531      1.152290
   0.538      1.149287
   0.546      1.146188
   0.553      1.142991
   0.561      1.139697
   0.568      1.136307
   0.576      1.132820
   0.584      1.129237
   0.591      1.125558
   0.599      1.121786
   0.606      1.117921
   0.614      1.113964
   0.621      1.109916
   0.629      1.105779
   0.637      1.101556
   0.644      1.097247
   0.652      1.092855
   0.659      1.088382
   0.667      1.083831
   0.675      1.079203
   0.682      1.074502
   0.690      1.069731
   0.697      1.064891
   0.705      1.059987
   0.712      1.055021
   0.720      1.049997
   0.728      1.044918
   0.735      1.039787
   0.743      1.034607
   0.750      1.029383
   0.758      1.024118
   0.765      1.018815
   0.773      1.013479
   0.781      1.008112
   0.788      1.002718
   0.796      0.997302
   0.803      0.991866
   0.811      0.986415
   0.818      0.980952
   0.826      0.975481
   0.834      0.970005
   0.841      0.964528
   0.849      0.959053
   0.856      0.953584
   0.864      0.948124
   0.872      0.942676
   0.879      0.937242
   0.887      0.931827
   0.894      0.926434
   0.902      0.921064
   0.909      0.915720
   0.917      0.910406
   0.925      0.905123
   0.932      0.899874
   0.940      0.894661
   0.947      0.889486
   0.955      0.884351
   0.962      0.879258
   0.970      0.874209
   0.978      0.869204
   0.985      0.864246
   0.993      0.859336
   1.000      0.854474
   1.008      0.849662
   1.016      0.844901
   1.023      0.840192
   1.031      0.835535
   1.038      0.830930
   1.046      0.826379
   1.053      0.821881
   1.061      0.817437
   1.069      0.813046
   1.076      0.808710
   1.084      0.804427
   1.091      0.800198
   1.099      0.796023
   1.106      0.791901
   1.114      0.787831
   1.122      0.783814
   1.129      0.779849
   1.137      0.775935
   1.144      0.772072
   1.152      0.768258
   1.160      0.764494
   1.167      0.760779
   1.175      0.757112
   1.182      0.753491
   1.190      0.749916
   1.197      0.746387
   1.205      0.742902
   1.213      0.739461
   1.220      0.736062
   1.228      0.732704
   1.235      0.729388
   1.243      0.726110
   1.250      0.722872
   1.258      0.719671
   1.266      0.716507
   1.273      0.713379
   1.281      0.710286
   1.288      0.707227
   1.296      0.704200
   1.304      0.701206
   1.311      0.698243
   1.319      0.695310
   1.326      0.692407
   1.334      0.689532
   1.341      0.686685
   1.349      0.683864
   1.357      0.681070
   1.364      0.678301
   1.372      0.675557
   1.379      0.672836
   1.387      0.670139
   1.394      0.667464
   1.402      0.664811
   1.410      0.662178
   1.417      0.659566
   1.425      0.656974
   1.432      0.654401
   1.440      0.651847
   1.448      0.649311
   1.455      0.646792
   1.463      0.644291
   1.470      0.641806
   1.478      0.639338
   1.485      0.636885
   1.493      0.634447
   1.501      0.632025
   1.508      0.629617
   1.516      0.627223
   1.523      0.624843
   1.531      0.622476
   1.538      0.620123
   1.546      0.617782
   1.554      0.615455
   1.561      0.613139
   1.569      0.610836
   1.576      0.608545
   1.584      0.606265
   1.592      0.603997
   1.599      0.601740
   1.607      0.599495
   1.614      0.597260
   1.622      0.595036
   1.629      0.592823
   1.637      0.590621
   1.645      0.588429
   1.652      0.586247
   1.660      0.584075
   1.667      0.581914
   1.675      0.579762
   1.682      0.577621
   1.690      0.575489
   1.698      0.573368
   1.705      0.571256
   1.713      0.569153
   1.720      0.567060
   1.728      0.564977
   1.736      0.562904
   1.743      0.560840
   1.751      0.558785
   1.758      0.556740
   1.766      0.554704
   1.773      0.552678
   1.781      0.550661
   1.789      0.548653
   1.796      0.546655
   1.804      0.544666
   1.811      0.542686
   1.819      0.540715
   1.826      0.538754
   1.834      0.536802
   1.842      0.534860
   1.849      0.532926
   1.857      0.531002
   1.864      0.529087
   1.872      0.527182
   1.880      0.525286
   1.887      0.523398
   1.895      0.521521
   1.902      0.519652
   1.910      0.517792
   1.917      0.515942
   1.925      0.514101
   1.933      0.512269
   1.940      0.510447
   1.948      0.508633
   1.955      0.506829
   1.963      0.505034
   1.970      0.503248
   1.978      0.501472
   1.986      0.499704
   1.993      0.497946
   2.001      0.496197
   2.008      0.494456
   2.016      0.492726
   2.024      0.491004
   2.031      0.489291
   2.039      0.487587
   2.046      0.485892
   2.054      0.484207
   2.061      0.482530
   2.069      0.480863
   2.077      0.479204
   2.084      0.477554
   2.092      0.475914
   2.099      0.474282
   2.107      0.472659
   2.114      0.471045
   2.122      0.469440
   2.130      0.467843
   2.137      0.466256
   2.145      0.464677
   2.152      0.463107
   2.160      0.461546
   2.167      0.459993
   2.175      0.458449
   2.183      0.456914
   2.190      0.455387
   2.198      0.453869
   2.205      0.452360
   2.213      0.450859
   2.221      0.449366
   2.228      0.447882
   2.236      0.446406
   2.243      0.444939
   2.251      0.443480
   2.258      0.442029
   2.266      0.440586
   2.274      0.439152
   2.281      0.437726
   2.289      0.436308
   2.296      0.434898
   2.304      0.433496
   2.311      0.432102
   2.319      0.430716
   2.327      0.429338
   2.334      0.427968
   2.342      0.426606
   2.349      0.425251
   2.357      0.423905
   2.365      0.422566
   2.372      0.421235
   2.380      0.419911
   2.387      0.418595
   2.395      0.417287
   2.402      0.415986
   2.410      0.414692
   2.418      0.413406
   2.425      0.412128
   2.433      0.410856
   2.440      0.409592
   2.448      0.408335
   2.455      0.407086
   2.463      0.405843
   2.471      0.404608
   2.478      0.403380
   2.486      0.402159
   2.493      0.400944
   2.501      0.399737
   2.509      0.398537
   2.516      0.397343
   2.524      0.396156
   2.531      0.394976
   2.539      0.393803
   2.546      0.392636
   2.554      0.391476
   2.562      0.390322
   2.569      0.389176
   2.577      0.388035
   2.584      0.386901
   2.592      0.385773
   2.599      0.384652
   2.607      0.383537
   2.615      0.382428
   2.622      0.381326
   2.630      0.380229
   2.637      0.379139
   2.645      0.378055
   2.653      0.376977
   2.660      0.375905
   2.668      0.374839
   2.675      0.373778
   2.683      0.372724
   2.690      0.371675
   2.698      0.370633
   2.706      0.369596
   2.713      0.368564
   2.721      0.367539
   2.728      0.366518
   2.736      0.365504
   2.743      0.364495
   2.751      0.363492
   2.759      0.362494
   2.766      0.361501
   2.774      0.360514
   2.781      0.359532
   2.789      0.358555
   2.797      0.357584
   2.804      0.356618
   2.812      0.355657
   2.819      0.354701
   2.827      0.353750
   2.834      0.352805
   2.842      0.351864
   2.850      0.350928
   2.857      0.349998
   2.865      0.349072
   2.872      0.348151
   2.880      0.347235
   2.887      0.346323
   2.895      0.345417
   2.903      0.344515
   2.910      0.343618
   2.918      0.342725
   2.925      0.341837
   2.933      0.340954
   2.941      0.340075
   2.948      0.339201
   2.956      0.338331
   2.963      0.337466
   2.971      0.336605
   2.978      0.335749
   2.986      0.334897
   2.994      0.334049
   3.001      0.333205
   3.009      0.332366
   3.016      0.331531
