   0.006      0.001087
   0.011      0.012503
   0.017      0.023919
   0.023      0.035725
   0.029      0.047584
   0.034      0.059458
   0.040      0.071339
   0.046      0.083223
   0.051      0.095110
   0.057      0.106998
   0.063      0.118888
   0.068      0.130778
   0.074      0.142670
   0.080      0.154564
   0.086      0.166458
   0.091      0.178354
   0.097      0.190251
   0.103      0.202149
   0.108      0.214049
   0.114      0.225950
   0.120      0.237853
   0.125      0.249757
   0.131      0.261663
   0.137      0.273570
   0.143      0.285478
   0.148      0.297388
   0.154      0.309300
   0.160      0.321213
   0.165      0.333127
   0.171      0.345042
   0.177      0.356959
   0.182      0.368876
   0.188      0.380795
   0.194      0.392715
   0.200      0.404635
   0.205      0.416556
   0.211      0.428478
   0.217      0.440400
   0.222      0.452322
   0.228      0.464244
   0.234      0.476166
   0.239      0.488088
   0.245      0.500009
   0.251      0.511929
   0.257      0.523847
   0.262      0.535765
   0.268      0.547680
   0.274      0.559594
   0.279      0.571505
   0.285      0.583413
   0.291      0.595318
   0.296      0.607220
   0.302      0.619118
   0.308      0.631011
   0.314      0.642900
   0.319      0.654784
   0.325      0.666662
   0.331      0.678534
   0.336      0.690400
   0.342      0.702258
   0.348      0.714109
   0.353      0.725951
   0.359      0.737785
   0.365      0.749610
   0.370      0.761424
   0.376      0.773229
   0.382      0.785022
   0.388      0.796803
   0.393      0.808571
   0.399      0.820327
   0.405      0.832069
   0.410      0.843796
   0.416      0.855508
   0.422      0.867203
   0.427      0.878882
   0.433      0.890544
   0.439      0.902187
   0.445      0.913811
   0.450      0.925415
   0.456      0.936998
   0.462      0.948559
   0.467      0.960097
   0.473      0.971613
   0.479      0.983103
   0.485      0.994569
   0.490      1.006008
   0.496      1.017420
   0.502      1.028804
   0.507      1.040158
   0.513      1.051483
   0.519      1.062776
   0.524      1.074038
   0.530      1.085266
   0.536      1.096459
   0.541      1.107618
   0.547      1.118740
   0.553      1.129824
   0.559      1.140870
   0.564      1.151876
   0.570      1.162841
   0.576      1.173764
   0.581      1.184644
   0.587      1.195480
   0.593      1.206270
   0.599      1.217013
   0.604      1.227708
   0.610      1.238354
   0.616      1.248950
   0.621      1.259494
   0.627      1.269985
   0.633      1.280421
   0.638      1.290802
   0.644      1.301127
   0.650      1.311393
   0.655      1.321599
   0.661      1.331745
   0.667      1.341828
   0.673      1.351848
   0.678      1.361803
   0.684      1.371692
   0.690      1.381513
   0.695      1.391265
   0.701      1.400946
   0.707      1.410555
   0.713      1.420091
   0.718      1.429552
   0.724      1.438937
   0.730      1.448244
   0.735      1.457472
   0.741      1.466619
   0.747      1.475684
   0.752      1.484666
   0.758      1.493562
   0.764      1.502371
   0.770      1.511093
   0.775      1.519724
   0.781      1.528264
   0.787      1.536712
   0.792      1.545065
   0.798      1.553323
   0.804      1.561483
   0.809      1.569544
   0.815      1.577505
   0.821      1.585364
   0.827      1.593119
   0.832      1.600769
   0.838      1.608313
   0.844      1.615748
   0.849      1.623074
   0.855      1.630288
   0.861      1.637389
   0.866      1.644377
   0.872      1.651248
   0.878      1.658002
   0.884      1.664637
   0.889      1.671152
   0.895      1.677544
   0.901      1.683813
   0.906      1.689958
   0.912      1.695975
   0.918      1.701865
   0.923      1.707625
   0.929      1.713255
   0.935      1.718752
   0.941      1.724116
   0.946      1.729344
   0.952      1.734435
   0.958      1.739389
   0.963      1.744203
   0.969      1.748877
   0.975      1.753409
   0.980      1.757797
   0.986      1.762040
   0.992      1.766138
   0.998      1.770088
   1.003      1.773889
   1.009      1.777541
   1.015      1.781042
   1.020      1.784391
   1.026      1.787586
   1.032      1.790628
   1.037      1.793513
   1.043      1.796242
   1.049      1.798813
   1.054      1.801226
   1.060      1.803478
   1.066      1.805571
   1.072      1.807501
   1.077      1.809269
   1.083      1.810874
   1.089      1.812314
   1.094      1.813590
   1.100      1.814699
   1.106      1.815642
   1.111      1.816418
   1.117      1.817026
   1.123      1.817465
   1.129      1.817735
   1.134      1.817836
   1.140      1.817766
   1.146      1.817526
   1.151      1.817114
   1.157      1.816531
   1.163      1.815776
   1.169      1.814849
   1.174      1.813749
   1.180      1.812477
   1.186      1.811032
   1.191      1.809413
   1.197      1.807622
   1.203      1.805657
   1.208      1.803519
   1.214      1.801208
   1.220      1.798724
   1.226      1.796067
   1.231      1.793237
   1.237      1.790235
   1.243      1.787060
   1.248      1.783713
   1.254      1.780195
   1.260      1.776505
   1.265      1.772644
   1.271      1.768613
   1.277      1.764412
   1.282      1.760042
   1.288      1.755504
   1.294      1.750797
   1.300      1.745924
   1.305      1.740884
   1.311      1.735678
   1.317      1.730307
   1.322      1.724773
   1.328      1.719076
   1.334      1.713217
   1.340      1.707197
   1.345      1.701018
   1.351      1.694679
   1.357      1.688184
   1.362      1.681532
   1.368      1.674725
   1.374      1.667765
   1.379      1.660652
   1.385      1.653389
   1.391      1.645976
   1.397      1.638415
   1.402      1.630708
   1.408      1.622855
   1.414      1.614860
   1.419      1.606723
   1.425      1.598445
   1.431      1.590030
   1.436      1.581478
   1.442      1.572791
   1.448      1.563971
   1.454      1.555020
   1.459      1.545940
   1.465      1.536732
   1.471      1.527399
   1.476      1.517943
   1.482      1.508365
   1.488      1.498668
   1.493      1.488853
   1.499      1.478923
   1.505      1.468880
   1.510      1.458726
   1.516      1.448464
   1.522      1.438094
   1.528      1.427620
   1.533      1.417044
   1.539      1.406368
   1.545      1.395594
   1.550      1.384725
   1.556      1.373762
   1.562      1.362709
   1.568      1.351567
   1.573      1.340339
   1.579      1.329027
   1.585      1.317634
   1.590      1.306161
   1.596      1.294612
   1.602      1.282989
   1.607      1.271293
   1.613      1.259528
   1.619      1.247696
   1.625      1.235800
   1.630      1.223841
   1.636      1.211822
   1.642      1.199745
   1.647      1.187614
   1.653      1.175430
   1.659      1.163196
   1.664      1.150914
   1.670      1.138586
   1.676      1.126216
   1.681      1.113805
   1.687      1.101356
   1.693      1.088871
   1.699      1.076352
   1.704      1.063802
   1.710      1.051224
   1.716      1.038619
   1.721      1.025991
   1.727      1.013340
   1.733      1.000670
   1.739      0.987983
   1.744      0.975281
   1.750      0.962566
   1.756      0.949841
   1.761      0.937108
   1.767      0.924369
   1.773      0.911626
   1.778      0.898881
   1.784      0.886137
   1.790      0.873396
   1.796      0.860659
   1.801      0.847929
   1.807      0.835208
   1.813      0.822498
   1.818      0.809801
   1.824      0.797119
   1.830      0.784453
   1.835      0.771806
   1.841      0.759180
   1.847      0.746577
   1.853      0.733998
   1.858      0.721446
   1.864      0.708921
   1.870      0.696426
   1.875      0.683963
   1.881      0.671534
   1.887      0.659139
   1.892      0.646781
   1.898      0.634461
   1.904      0.622182
   1.909      0.609944
   1.915      0.597748
   1.921      0.585598
   1.927      0.573494
   1.932      0.561437
   1.938      0.549429
   1.944      0.537472
   1.949      0.525566
   1.955      0.513713
   1.961      0.501915
   1.967      0.490173
   1.972      0.478488
   1.978      0.466860
   1.984      0.455293
   1.989      0.443785
   1.995      0.432340
   2.001      0.420957
   2.006      0.409639
   2.012      0.398385
   2.018      0.387197
   2.023      0.376076
   2.029      0.365023
   2.035      0.354039
   2.041      0.343125
   2.046      0.332282
   2.052      0.321509
   2.058      0.310810
   2.063      0.300183
   2.069      0.289631
   2.075      0.279153
   2.081      0.268750
   2.086      0.258423
   2.092      0.248174
   2.098      0.238001
   2.103      0.227907
   2.109      0.217891
   2.115      0.207954
   2.120      0.198097
   2.126      0.188320
   2.132      0.178624
   2.138      0.169008
   2.143      0.159475
   2.149      0.150023
   2.155      0.140654
   2.160      0.131367
   2.166      0.122164
   2.172      0.113044
   2.177      0.104007
   2.183      0.095055
   2.189      0.086187
   2.195      0.077403
   2.200      0.068704
   2.206      0.060090
   2.212      0.051561
   2.217      0.043117
   2.223      0.034759
   2.229      0.026486
   2.234      0.018298
   2.240      0.010197
   2.246      0.002181
   2.252     -0.005749
   2.257     -0.013594
   2.263     -0.021353
   2.269     -0.029025
   2.274     -0.036612
   2.280     -0.044114
   2.286     -0.051529
   2.291     -0.058860
   2.297     -0.066104
   2.303     -0.073263
   2.308     -0.080337
   2.314     -0.087326
   2.320     -0.094229
   2.326     -0.101048
   2.331     -0.107782
   2.337     -0.114432
   2.343     -0.120998
   2.348     -0.127479
   2.354     -0.133876
   2.360     -0.140190
   2.365     -0.146421
   2.371     -0.152568
   2.377     -0.158632
   2.383     -0.164614
   2.388     -0.170514
   2.394     -0.176332
   2.400     -0.182068
   2.405     -0.187723
   2.411     -0.193296
   2.417     -0.198790
   2.422     -0.204203
   2.428     -0.209535
   2.434     -0.214789
   2.440     -0.219963
   2.445     -0.225059
   2.451     -0.230076
   2.457     -0.235015
   2.462     -0.239876
   2.468     -0.244660
   2.474     -0.249368
   2.480     -0.253999
   2.485     -0.258555
   2.491     -0.263035
   2.497     -0.267440
   2.502     -0.271770
   2.508     -0.276027
   2.514     -0.280210
   2.519     -0.284319
   2.525     -0.288356
   2.531     -0.292321
   2.537     -0.296215
   2.542     -0.300037
   2.548     -0.303788
   2.554     -0.307470
   2.559     -0.311081
   2.565     -0.314624
   2.571     -0.318098
   2.576     -0.321503
   2.582     -0.324841
   2.588     -0.328112
   2.594     -0.331317
   2.599     -0.334455
   2.605     -0.337528
   2.611     -0.340536
   2.616     -0.343480
   2.622     -0.346359
   2.628     -0.349176
   2.633     -0.351929
   2.639     -0.354620
   2.645     -0.357250
   2.651     -0.359818
   2.656     -0.362326
   2.662     -0.364773
   2.668     -0.367161
   2.673     -0.369491
   2.679     -0.371761
   2.685     -0.373974
   2.690     -0.376129
   2.696     -0.378228
   2.702     -0.380270
   2.708     -0.382257
   2.713     -0.384189
   2.719     -0.386066
   2.725     -0.387889
   2.730     -0.389659
   2.736     -0.391376
   2.742     -0.393040
   2.747     -0.394653
   2.753     -0.396214
   2.759     -0.397725
   2.764     -0.399185
   2.770     -0.400596
   2.776     -0.401958
   2.782     -0.403271
   2.787     -0.404536
   2.793     -0.405754
   2.799     -0.406925
   2.804     -0.408050
   2.810     -0.409129
   2.816     -0.410163
   2.821     -0.411151
   2.827     -0.412096
   2.833     -0.412997
   2.839     -0.413855
   2.844     -0.414670
   2.850     -0.415443
   2.856     -0.416175
   2.861     -0.416866
   2.867     -0.417516
   2.873     -0.418126
   2.879     -0.418696
   2.884     -0.419228
   2.890     -0.419721
   2.896     -0.420176
   2.901     -0.420594
   2.907     -0.420974
   2.913     -0.421318
   2.918     -0.421627
   2.924     -0.421899
   2.930     -0.422137
   2.936     -0.422340
   2.941     -0.422509
   2.947     -0.422644
   2.953     -0.422747
   2.958     -0.422816
   2.964     -0.422854
   2.970     -0.422860
   2.975     -0.422834
   2.981     -0.422778
   2.987     -0.422692
   2.993     -0.422575
   2.998     -0.422430
   3.004     -0.422255
   3.010     -0.422052
   3.015     -0.421821
   3.021     -0.421562
   3.027     -0.421276
   3.032     -0.420963
   3.038     -0.420623
   3.044     -0.420258
   3.050     -0.419867
   3.055     -0.419452
   3.061     -0.419011
   3.067     -0.418546
   3.072     -0.418058
   3.078     -0.417546
   3.084     -0.417011
   3.089     -0.416453
   3.095     -0.415873
   3.101     -0.415271
   3.107     -0.414647
   3.112     -0.414002
   3.118     -0.413337
   3.124     -0.412651
   3.129     -0.411945
   3.135     -0.411220
   3.141     -0.410475
   3.146     -0.409711
   3.152     -0.408929
   3.158     -0.408128
   3.163     -0.407310
   3.169     -0.406474
   3.175     -0.405621
   3.181     -0.404750
   3.186     -0.403864
   3.192     -0.402961
   3.198     -0.402042
   3.203     -0.401108
   3.209     -0.400159
   3.215     -0.399194
   3.220     -0.398215
   3.226     -0.397222
   3.232     -0.396214
   3.238     -0.395193
   3.243     -0.394159
   3.249     -0.393111
   3.255     -0.392051
   3.260     -0.390978
   3.266     -0.389893
   3.272     -0.388796
   3.278     -0.387687
   3.283     -0.386566
   3.289     -0.385435
   3.295     -0.384293
   3.300     -0.383140
   3.306     -0.381976
   3.312     -0.380803
   3.317     -0.379620
   3.323     -0.378427
   3.329     -0.377224
   3.335     -0.376013
   3.340     -0.374793
   3.346     -0.373564
   3.352     -0.372327
   3.357     -0.371081
   3.363     -0.369828
   3.369     -0.368567
   3.374     -0.367298
   3.380     -0.366022
   3.386     -0.364739
   3.392     -0.363449
   3.397     -0.362153
   3.403     -0.360850
   3.409     -0.359540
   3.414     -0.358225
   3.420     -0.356904
   3.426     -0.355577
   3.431     -0.354245
   3.437     -0.352908
   3.443     -0.351565
   3.449     -0.350218
   3.454     -0.348866
   3.460     -0.347509
   3.466     -0.346148
   3.471     -0.344783
   3.477     -0.343414
   3.483     -0.342041
   3.488     -0.340664
   3.494     -0.339284
   3.500     -0.337900
   3.506     -0.336513
   3.511     -0.335123
   3.517     -0.333730
   3.523     -0.332335
   3.528     -0.330937
   3.534     -0.329536
   3.540     -0.328133
   3.545     -0.326728
   3.551     -0.325321
   3.557     -0.323912
   3.562     -0.322502
   3.568     -0.321089
   3.574     -0.319675
   3.580     -0.318260
   3.585     -0.316844
   3.591     -0.315426
   3.597     -0.314007
   3.602     -0.312588
   3.608     -0.311168
   3.614     -0.309747
   3.619     -0.308325
   3.625     -0.306903
   3.631     -0.305481
   3.637     -0.304059
   3.642     -0.302636
   3.648     -0.301214
   3.654     -0.299791
   3.659     -0.298369
   3.665     -0.296947
   3.671     -0.295525
   3.677     -0.294104
   3.682     -0.292684
   3.688     -0.291264
   3.694     -0.289845
   3.699     -0.288426
   3.705     -0.287009
   3.711     -0.285593
   3.716     -0.284177
   3.722     -0.282763
   3.728     -0.281350
   3.734     -0.279939
   3.739     -0.278529
   3.745     -0.277120
   3.751     -0.275713
   3.756     -0.274308
   3.762     -0.272904
   3.768     -0.271502
   3.773     -0.270102
   3.779     -0.268703
   3.785     -0.267307
   3.791     -0.265913
   3.796     -0.264520
   3.802     -0.263130
   3.808     -0.261742
   3.813     -0.260357
   3.819     -0.258973
   3.825     -0.257592
   3.830     -0.256214
   3.836     -0.254838
   3.842     -0.253464
   3.848     -0.252093
   3.853     -0.250725
   3.859     -0.249359
   3.865     -0.247996
   3.870     -0.246636
   3.876     -0.245279
   3.882     -0.243924
   3.887     -0.242573
   3.893     -0.241224
   3.899     -0.239879
   3.905     -0.238536
   3.910     -0.237197
   3.916     -0.235860
   3.922     -0.234527
   3.927     -0.233197
   3.933     -0.231870
   3.939     -0.230546
   3.944     -0.229226
   3.950     -0.227909
   3.956     -0.226595
   3.962     -0.225285
   3.967     -0.223978
   3.973     -0.222674
   3.979     -0.221374
   3.984     -0.220078
   3.990     -0.218785
   3.996     -0.217495
   4.001     -0.216210
   4.007     -0.214927
   4.013     -0.213649
   4.019     -0.212374
   4.024     -0.211102
   4.030     -0.209835
   4.036     -0.208571
   4.041     -0.207311
   4.047     -0.206054
   4.053     -0.204802
   4.058     -0.203553
   4.064     -0.202308
   4.070     -0.201066
   4.075     -0.199829
   4.081     -0.198596
   4.087     -0.197366
   4.093     -0.196140
   4.098     -0.194918
   4.104     -0.193701
   4.110     -0.192487
   4.115     -0.191277
   4.121     -0.190071
   4.127     -0.188869
   4.133     -0.187670
   4.138     -0.186476
   4.144     -0.185286
   4.150     -0.184100
   4.155     -0.182918
   4.161     -0.181740
   4.167     -0.180566
   4.172     -0.179397
   4.178     -0.178231
   4.184     -0.177069
   4.189     -0.175912
   4.195     -0.174758
   4.201     -0.173609
   4.207     -0.172463
   4.212     -0.171322
   4.218     -0.170185
   4.224     -0.169052
   4.229     -0.167923
   4.235     -0.166799
   4.241     -0.165678
   4.247     -0.164562
   4.252     -0.163449
   4.258     -0.162341
   4.264     -0.161237
   4.269     -0.160137
   4.275     -0.159042
   4.281     -0.157950
   4.286     -0.156863
   4.292     -0.155780
   4.298     -0.154701
   4.304     -0.153626
   4.309     -0.152555
   4.315     -0.151488
   4.321     -0.150426
   4.326     -0.149368
   4.332     -0.148314
   4.338     -0.147264
   4.343     -0.146218
   4.349     -0.145177
   4.355     -0.144139
   4.361     -0.143106
   4.366     -0.142077
   4.372     -0.141052
   4.378     -0.140031
   4.383     -0.139015
   4.389     -0.138002
   4.395     -0.136994
   4.400     -0.135990
   4.406     -0.134990
   4.412     -0.133994
   4.418     -0.133002
   4.423     -0.132015
   4.429     -0.131031
   4.435     -0.130052
   4.440     -0.129076
   4.446     -0.128105
   4.452     -0.127138
   4.457     -0.126176
   4.463     -0.125217
   4.469     -0.124262
   4.474     -0.123311
   4.480     -0.122365
   4.486     -0.121423
   4.492     -0.120484
   4.497     -0.119550
   4.503     -0.118620
   4.509     -0.117694
   4.514     -0.116772
   4.520     -0.115854
   4.526     -0.114940
   4.532     -0.114030
   4.537     -0.113124
   4.543     -0.112222
   4.549     -0.111324
   4.554     -0.110431
   4.560     -0.109541
   4.566     -0.108655
   4.571     -0.107773
   4.577     -0.106895
   4.583     -0.106022
   4.588     -0.105152
   4.594     -0.104286
   4.600     -0.103424
   4.606     -0.102566
   4.611     -0.101712
   4.617     -0.100862
   4.623     -0.100016
   4.628     -0.099174
   4.634     -0.098335
   4.640     -0.097501
   4.646     -0.096671
   4.651     -0.095844
   4.657     -0.095021
   4.663     -0.094202
   4.668     -0.093388
   4.674     -0.092576
   4.680     -0.091769
   4.685     -0.090966
   4.691     -0.090166
   4.697     -0.089371
   4.703     -0.088579
   4.708     -0.087791
   4.714     -0.087006
   4.720     -0.086226
   4.725     -0.085449
   4.731     -0.084676
   4.737     -0.083907
   4.742     -0.083142
   4.748     -0.082380
   4.754     -0.081622
   4.760     -0.080868
   4.765     -0.080118
   4.771     -0.079371
   4.777     -0.078628
   4.782     -0.077889
   4.788     -0.077153
   4.794     -0.076421
   4.799     -0.075693
   4.805     -0.074969
   4.811     -0.074248
   4.817     -0.073530
   4.822     -0.072817
   4.828     -0.072107
   4.834     -0.071400
   4.839     -0.070697
   4.845     -0.069998
   4.851     -0.069303
   4.856     -0.068611
   4.862     -0.067922
   4.868     -0.067237
   4.873     -0.066556
   4.879     -0.065878
   4.885     -0.065204
   4.891     -0.064533
   4.896     -0.063866
   4.902     -0.063202
   4.908     -0.062542
   4.913     -0.061885
   4.919     -0.061232
   4.925     -0.060582
   4.931     -0.059936
   4.936     -0.059293
   4.942     -0.058654
   4.948     -0.058018
   4.953     -0.057385
   4.959     -0.056756
   4.965     -0.056130
   4.970     -0.055508
   4.976     -0.054889
   4.982     -0.054273
   4.987     -0.053661
   4.993     -0.053052
   4.999     -0.052446
   5.005     -0.051844
   5.010     -0.051245
   5.016     -0.050649
   5.022     -0.050057
   5.027     -0.049468
   5.033     -0.048882
   5.039     -0.048300
   5.045     -0.047721
   5.050     -0.047145
   5.056     -0.046572
   5.062     -0.046002
   5.067     -0.045436
   5.073     -0.044873
   5.079     -0.044313
   5.084     -0.043757
   5.090     -0.043203
   5.096     -0.042653
   5.102     -0.042106
   5.107     -0.041562
   5.113     -0.041021
   5.119     -0.040483
   5.124     -0.039949
   5.130     -0.039417
   5.136     -0.038889
   5.141     -0.038364
   5.147     -0.037842
   5.153     -0.037323
   5.159     -0.036807
   5.164     -0.036294
   5.170     -0.035784
   5.176     -0.035277
   5.181     -0.034773
   5.187     -0.034272
   5.193     -0.033774
   5.198     -0.033280
   5.204     -0.032788
   5.210     -0.032299
   5.216     -0.031813
   5.221     -0.031330
   5.227     -0.030850
   5.233     -0.030373
   5.238     -0.029899
   5.244     -0.029428
   5.250     -0.028960
   5.255     -0.028494
   5.261     -0.028032
   5.267     -0.027572
   5.272     -0.027115
   5.278     -0.026661
   5.284     -0.026210
   5.290     -0.025762
   5.295     -0.025317
   5.301     -0.024874
   5.307     -0.024435
   5.312     -0.023998
   5.318     -0.023564
   5.324     -0.023132
   5.330     -0.022704
   5.335     -0.022278
   5.341     -0.021855
   5.347     -0.021434
   5.352     -0.021017
   5.358     -0.020602
   5.364     -0.020190
   5.369     -0.019780
   5.375     -0.019373
   5.381     -0.018969
   5.386     -0.018568
   5.392     -0.018169
   5.398     -0.017773
   5.404     -0.017379
   5.409     -0.016988
   5.415     -0.016600
   5.421     -0.016214
   5.426     -0.015831
   5.432     -0.015451
   5.438     -0.015073
   5.444     -0.014698
   5.449     -0.014325
   5.455     -0.013955
   5.461     -0.013587
   5.466     -0.013222
   5.472     -0.012859
   5.478     -0.012499
   5.483     -0.012141
   5.489     -0.011786
   5.495     -0.011433
   5.501     -0.011083
   5.506     -0.010735
   5.512     -0.010390
   5.518     -0.010047
   5.523     -0.009707
   5.529     -0.009369
   5.535     -0.009033
   5.540     -0.008700
   5.546     -0.008369
   5.552     -0.008040
   5.558     -0.007714
   5.563     -0.007390
   5.569     -0.007068
   5.575     -0.006749
   5.580     -0.006432
   5.586     -0.006117
   5.592     -0.005805
   5.597     -0.005495
   5.603     -0.005187
   5.609     -0.004881
   5.615     -0.004578
   5.620     -0.004276
   5.626     -0.003977
   5.632     -0.003680
   5.637     -0.003385
   5.643     -0.003092
   5.649     -0.002802
   5.654     -0.002513
   5.660     -0.002227
   5.666     -0.001942
   5.671     -0.001659
   5.677     -0.001379
   5.683     -0.001100
   5.689     -0.000823
   5.694     -0.000547
   5.700     -0.000273
   5.706      0.000000
