   0.006     -0.001202
   0.011      0.000601
   0.017      0.002405
   0.022      0.005409
   0.028      0.009611
   0.034      0.015010
   0.039      0.021600
   0.045      0.029377
   0.050      0.038336
   0.056      0.048471
   0.062      0.059773
   0.067      0.072236
   0.073      0.085850
   0.078      0.100606
   0.084      0.116493
   0.090      0.133500
   0.095      0.151615
   0.101      0.170825
   0.106      0.191116
   0.112      0.212475
   0.118      0.234886
   0.123      0.258333
   0.129      0.282800
   0.134      0.308269
   0.140      0.334723
   0.146      0.362142
   0.151      0.390508
   0.157      0.419799
   0.162      0.449997
   0.168      0.481078
   0.174      0.513022
   0.179      0.545805
   0.185      0.579404
   0.190      0.613797
   0.196      0.648958
   0.202      0.684862
   0.207      0.721485
   0.213      0.758800
   0.218      0.796781
   0.224      0.835402
   0.230      0.874635
   0.235      0.914453
   0.241      0.954827
   0.246      0.995730
   0.252      1.037132
   0.258      1.079005
   0.263      1.121318
   0.269      1.164044
   0.274      1.207151
   0.280      1.250610
   0.286      1.294391
   0.291      1.338462
   0.297      1.382794
   0.302      1.427355
   0.308      1.472116
   0.314      1.517044
   0.319      1.562109
   0.325      1.607280
   0.330      1.652527
   0.336      1.697817
   0.342      1.743121
   0.347      1.788407
   0.353      1.833645
   0.358      1.878804
   0.364      1.923854
   0.370      1.968765
   0.375      2.013507
   0.381      2.058050
   0.386      2.102364
   0.392      2.146421
   0.398      2.190192
   0.403      2.233648
   0.409      2.276761
   0.414      2.319504
   0.420      2.361848
   0.426      2.403768
   0.431      2.445237
   0.437      2.486229
   0.442      2.526719
   0.448      2.566682
   0.454      2.606093
   0.459      2.644929
   0.465      2.683166
   0.470      2.720783
   0.476      2.757757
   0.482      2.794067
   0.487      2.829693
   0.493      2.864614
   0.498      2.898812
   0.504      2.932268
   0.510      2.964964
   0.515      2.996883
   0.521      3.028010
   0.526      3.058327
   0.532      3.087822
   0.538      3.116479
   0.543      3.144286
   0.549      3.171229
   0.554      3.197299
   0.560      3.222483
   0.566      3.246773
   0.571      3.270158
   0.577      3.292630
   0.582      3.314183
   0.588      3.334808
   0.594      3.354501
   0.599      3.373256
   0.605      3.391068
   0.610      3.407936
   0.616      3.423854
   0.622      3.438823
   0.627      3.452841
   0.633      3.465907
   0.638      3.478022
   0.644      3.489187
   0.650      3.499404
   0.655      3.508676
   0.661      3.517007
   0.666      3.524399
   0.672      3.530860
   0.678      3.536393
   0.683      3.541005
   0.689      3.544703
   0.694      3.547495
   0.700      3.549388
   0.706      3.550392
   0.711      3.550516
   0.717      3.549769
   0.722      3.548163
   0.728      3.545708
   0.734      3.542416
   0.739      3.538298
   0.745      3.533368
   0.750      3.527638
   0.756      3.521121
   0.762      3.513832
   0.767      3.505785
   0.773      3.496993
   0.778      3.487473
   0.784      3.477238
   0.790      3.466306
   0.795      3.454691
   0.801      3.442409
   0.806      3.429478
   0.812      3.415913
   0.818      3.401730
   0.823      3.386948
   0.829      3.371583
   0.834      3.355652
   0.840      3.339172
   0.846      3.322161
   0.851      3.304636
   0.857      3.286614
   0.862      3.268114
   0.868      3.249152
   0.874      3.229747
   0.879      3.209915
   0.885      3.189674
   0.890      3.169042
   0.896      3.148036
   0.902      3.126672
   0.907      3.104969
   0.913      3.082943
   0.918      3.060610
   0.924      3.037989
   0.930      3.015095
   0.935      2.991944
   0.941      2.968553
   0.946      2.944938
   0.952      2.921114
   0.958      2.897098
   0.963      2.872903
   0.969      2.848547
   0.974      2.824042
   0.980      2.799404
   0.986      2.774648
   0.991      2.749786
   0.997      2.724834
   1.002      2.699804
   1.008      2.674709
   1.014      2.649563
   1.019      2.624377
   1.025      2.599165
   1.030      2.573938
   1.036      2.548708
   1.042      2.523486
   1.047      2.498283
   1.053      2.473110
   1.058      2.447977
   1.064      2.422894
   1.070      2.397872
   1.075      2.372919
   1.081      2.348045
   1.086      2.323258
   1.092      2.298567
   1.098      2.273980
   1.103      2.249506
   1.109      2.225150
   1.114      2.200922
   1.120      2.176827
   1.126      2.152872
   1.131      2.129065
   1.137      2.105410
   1.142      2.081914
   1.148      2.058582
   1.154      2.035419
   1.159      2.012430
   1.165      1.989620
   1.170      1.966994
   1.176      1.944555
   1.182      1.922308
   1.187      1.900255
   1.193      1.878401
   1.198      1.856749
   1.204      1.835301
   1.210      1.814060
   1.215      1.793030
   1.221      1.772211
   1.226      1.751606
   1.232      1.731217
   1.238      1.711046
   1.243      1.691093
   1.249      1.671361
   1.254      1.651850
   1.260      1.632562
   1.266      1.613497
   1.271      1.594655
   1.277      1.576038
   1.282      1.557644
   1.288      1.539475
   1.294      1.521531
   1.299      1.503811
   1.305      1.486315
   1.310      1.469042
   1.316      1.451992
   1.322      1.435165
   1.327      1.418559
   1.333      1.402174
   1.338      1.386009
   1.344      1.370063
   1.350      1.354334
   1.355      1.338821
   1.361      1.323523
   1.366      1.308439
   1.372      1.293566
   1.378      1.278904
   1.383      1.264451
   1.389      1.250205
   1.394      1.236164
   1.400      1.222327
   1.406      1.208691
   1.411      1.195255
   1.417      1.182017
   1.422      1.168975
   1.428      1.156126
   1.434      1.143469
   1.439      1.131001
   1.445      1.118721
   1.450      1.106626
   1.456      1.094714
   1.462      1.082983
   1.467      1.071430
   1.473      1.060053
   1.478      1.048851
   1.484      1.037820
   1.490      1.026958
   1.495      1.016264
   1.501      1.005734
   1.506      0.995367
   1.512      0.985159
   1.518      0.975110
   1.523      0.965215
   1.529      0.955474
   1.534      0.945884
   1.540      0.936442
   1.546      0.927146
   1.551      0.917993
   1.557      0.908983
   1.562      0.900111
   1.568      0.891376
   1.574      0.882776
   1.579      0.874308
   1.585      0.865970
   1.590      0.857760
   1.596      0.849675
   1.602      0.841714
   1.607      0.833874
   1.613      0.826153
   1.618      0.818549
   1.624      0.811059
   1.630      0.803683
   1.635      0.796416
   1.641      0.789258
   1.646      0.782207
   1.652      0.775259
   1.658      0.768414
   1.663      0.761669
   1.669      0.755023
   1.674      0.748473
   1.680      0.742017
   1.686      0.735654
   1.691      0.729382
   1.697      0.723199
   1.702      0.717102
   1.708      0.711091
   1.714      0.705163
   1.719      0.699317
   1.725      0.693551
   1.730      0.687864
   1.736      0.682253
   1.742      0.676716
   1.747      0.671254
   1.753      0.665863
   1.758      0.660542
   1.764      0.655290
   1.770      0.650106
   1.775      0.644987
   1.781      0.639932
   1.786      0.634940
   1.792      0.630010
   1.798      0.625140
   1.803      0.620329
   1.809      0.615575
   1.814      0.610877
   1.820      0.606235
   1.826      0.601646
   1.831      0.597110
   1.837      0.592625
   1.842      0.588190
   1.848      0.583804
   1.854      0.579467
   1.859      0.575177
   1.865      0.570932
   1.870      0.566733
   1.876      0.562577
   1.882      0.558465
   1.887      0.554395
   1.893      0.550366
   1.898      0.546378
   1.904      0.542429
   1.910      0.538519
   1.915      0.534647
   1.921      0.530812
   1.926      0.527014
   1.932      0.523251
   1.938      0.519524
   1.943      0.515831
   1.949      0.512172
   1.954      0.508546
   1.960      0.504953
   1.966      0.501392
   1.971      0.497863
   1.977      0.494364
   1.982      0.490896
   1.988      0.487458
   1.994      0.484050
   1.999      0.480671
   2.005      0.477321
   2.010      0.473999
   2.016      0.470704
   2.022      0.467438
   2.027      0.464199
   2.033      0.460986
   2.038      0.457800
   2.044      0.454640
   2.050      0.451507
   2.055      0.448398
   2.061      0.445316
   2.066      0.442258
   2.072      0.439225
   2.078      0.436217
   2.083      0.433233
   2.089      0.430272
   2.094      0.427336
   2.100      0.424424
   2.106      0.421534
   2.111      0.418668
   2.117      0.415825
   2.122      0.413004
   2.128      0.410205
   2.134      0.407429
   2.139      0.404675
   2.145      0.401942
   2.150      0.399231
   2.156      0.396542
   2.162      0.393873
   2.167      0.391225
   2.173      0.388598
   2.178      0.385991
   2.184      0.383405
   2.190      0.380839
   2.195      0.378292
   2.201      0.375765
   2.206      0.373258
   2.212      0.370770
   2.218      0.368301
   2.223      0.365851
   2.229      0.363419
   2.234      0.361006
   2.240      0.358612
   2.246      0.356235
   2.251      0.353877
   2.257      0.351537
   2.262      0.349214
   2.268      0.346908
   2.274      0.344620
   2.279      0.342349
   2.285      0.340095
   2.290      0.337858
   2.296      0.335638
   2.302      0.333434
   2.307      0.331246
   2.313      0.329075
   2.318      0.326919
   2.324      0.324780
   2.330      0.322656
   2.335      0.320548
   2.341      0.318455
   2.346      0.316377
   2.352      0.314315
   2.358      0.312268
   2.363      0.310235
   2.369      0.308217
   2.374      0.306214
   2.380      0.304225
   2.386      0.302251
   2.391      0.300291
   2.397      0.298345
   2.402      0.296412
   2.408      0.294494
   2.414      0.292589
   2.419      0.290698
   2.425      0.288820
   2.430      0.286955
   2.436      0.285104
   2.442      0.283266
   2.447      0.281440
   2.453      0.279628
   2.458      0.277828
   2.464      0.276040
   2.470      0.274266
   2.475      0.272503
   2.481      0.270753
   2.486      0.269015
   2.492      0.267289
   2.498      0.265575
   2.503      0.263872
   2.509      0.262182
   2.514      0.260503
   2.520      0.258835
   2.526      0.257179
   2.531      0.255534
   2.537      0.253901
   2.542      0.252278
   2.548      0.250666
   2.554      0.249066
   2.559      0.247476
   2.565      0.245897
   2.570      0.244328
   2.576      0.242770
   2.582      0.241223
   2.587      0.239686
   2.593      0.238159
   2.598      0.236642
   2.604      0.235135
   2.610      0.233638
   2.615      0.232151
   2.621      0.230674
   2.626      0.229207
   2.632      0.227749
   2.638      0.226301
   2.643      0.224863
   2.649      0.223434
   2.654      0.222014
   2.660      0.220603
   2.666      0.219201
   2.671      0.217809
   2.677      0.216426
   2.682      0.215051
   2.688      0.213686
   2.694      0.212329
   2.699      0.210981
   2.705      0.209641
   2.710      0.208310
   2.716      0.206988
   2.722      0.205674
   2.727      0.204368
   2.733      0.203071
   2.738      0.201782
   2.744      0.200500
   2.750      0.199228
   2.755      0.197963
   2.761      0.196706
   2.766      0.195456
   2.772      0.194215
   2.778      0.192981
   2.783      0.191756
   2.789      0.190537
   2.794      0.189326
   2.800      0.188123
   2.806      0.186927
   2.811      0.185739
   2.817      0.184558
   2.822      0.183384
   2.828      0.182217
   2.834      0.181058
   2.839      0.179905
   2.845      0.178760
   2.850      0.177621
   2.856      0.176490
   2.862      0.175365
   2.867      0.174247
   2.873      0.173136
   2.878      0.172032
   2.884      0.170934
   2.890      0.169843
   2.895      0.168758
   2.901      0.167680
   2.906      0.166608
   2.912      0.165542
   2.918      0.164483
   2.923      0.163430
   2.929      0.162384
   2.934      0.161343
   2.940      0.160309
   2.946      0.159281
   2.951      0.158259
   2.957      0.157243
   2.962      0.156232
   2.968      0.155228
   2.974      0.154229
   2.979      0.153237
   2.985      0.152250
   2.990      0.151269
   2.996      0.150293
   3.002      0.149323
   3.007      0.148359
   3.013      0.147400
   3.018      0.146447
   3.024      0.145499
   3.030      0.144556
   3.035      0.143619
   3.041      0.142688
   3.046      0.141761
   3.052      0.140840
   3.058      0.139924
   3.063      0.139013
   3.069      0.138107
   3.074      0.137207
   3.080      0.136311
   3.086      0.135421
   3.091      0.134535
   3.097      0.133655
   3.102      0.132779
   3.108      0.131908
   3.114      0.131042
   3.119      0.130181
   3.125      0.129324
   3.130      0.128473
   3.136      0.127625
   3.142      0.126783
   3.147      0.125945
   3.153      0.125112
   3.158      0.124283
   3.164      0.123459
   3.170      0.122640
   3.175      0.121824
   3.181      0.121014
   3.186      0.120207
   3.192      0.119405
   3.198      0.118607
   3.203      0.117814
   3.209      0.117025
   3.214      0.116240
   3.220      0.115459
   3.226      0.114682
   3.231      0.113910
   3.237      0.113141
   3.242      0.112377
   3.248      0.111617
   3.254      0.110861
   3.259      0.110108
   3.265      0.109360
   3.270      0.108616
   3.276      0.107875
   3.282      0.107139
   3.287      0.106406
   3.293      0.105677
   3.298      0.104952
   3.304      0.104230
   3.310      0.103513
   3.315      0.102799
   3.321      0.102088
   3.326      0.101382
   3.332      0.100679
   3.338      0.099979
   3.343      0.099283
   3.349      0.098591
   3.354      0.097902
   3.360      0.097217
   3.366      0.096535
   3.371      0.095857
   3.377      0.095182
   3.382      0.094511
   3.388      0.093842
   3.394      0.093178
   3.399      0.092516
   3.405      0.091858
   3.410      0.091203
   3.416      0.090552
   3.422      0.089903
   3.427      0.089258
   3.433      0.088616
   3.438      0.087977
   3.444      0.087342
   3.450      0.086709
   3.455      0.086080
   3.461      0.085454
   3.466      0.084830
   3.472      0.084210
   3.478      0.083593
   3.483      0.082979
   3.489      0.082368
   3.494      0.081759
   3.500      0.081154
   3.506      0.080552
   3.511      0.079952
   3.517      0.079356
   3.522      0.078762
   3.528      0.078171
   3.534      0.077583
   3.539      0.076997
   3.545      0.076415
   3.550      0.075835
   3.556      0.075258
   3.562      0.074684
   3.567      0.074112
   3.573      0.073543
   3.578      0.072977
   3.584      0.072413
   3.590      0.071852
   3.595      0.071294
   3.601      0.070738
   3.606      0.070185
   3.612      0.069634
   3.618      0.069086
   3.623      0.068540
   3.629      0.067997
   3.634      0.067456
   3.640      0.066918
   3.646      0.066383
   3.651      0.065849
   3.657      0.065318
   3.662      0.064790
   3.668      0.064264
   3.674      0.063740
   3.679      0.063219
   3.685      0.062700
   3.690      0.062183
   3.696      0.061669
   3.702      0.061157
   3.707      0.060647
   3.713      0.060140
   3.718      0.059634
   3.724      0.059131
   3.730      0.058631
   3.735      0.058132
   3.741      0.057635
   3.746      0.057141
   3.752      0.056649
   3.758      0.056159
   3.763      0.055671
   3.769      0.055186
   3.774      0.054702
   3.780      0.054220
   3.786      0.053741
   3.791      0.053264
   3.797      0.052788
   3.802      0.052315
   3.808      0.051843
   3.814      0.051374
   3.819      0.050907
   3.825      0.050441
   3.830      0.049978
   3.836      0.049517
   3.842      0.049057
   3.847      0.048599
   3.853      0.048144
   3.858      0.047690
   3.864      0.047238
   3.870      0.046788
   3.875      0.046340
   3.881      0.045893
   3.886      0.045449
   3.892      0.045006
   3.898      0.044565
   3.903      0.044126
   3.909      0.043689
   3.914      0.043253
   3.920      0.042820
   3.926      0.042388
   3.931      0.041957
   3.937      0.041529
   3.942      0.041102
   3.948      0.040677
   3.954      0.040253
   3.959      0.039832
   3.965      0.039412
   3.970      0.038993
   3.976      0.038576
   3.982      0.038161
   3.987      0.037748
   3.993      0.037336
   3.998      0.036925
   4.004      0.036516
   4.010      0.036109
   4.015      0.035704
   4.021      0.035300
   4.026      0.034897
   4.032      0.034496
   4.038      0.034097
   4.043      0.033699
   4.049      0.033302
   4.054      0.032907
   4.060      0.032514
   4.066      0.032122
   4.071      0.031731
   4.077      0.031342
   4.082      0.030955
   4.088      0.030569
   4.094      0.030184
   4.099      0.029800
   4.105      0.029419
   4.110      0.029038
   4.116      0.028659
   4.122      0.028281
   4.127      0.027905
   4.133      0.027530
   4.138      0.027156
   4.144      0.026783
   4.150      0.026412
   4.155      0.026043
   4.161      0.025674
   4.166      0.025307
   4.172      0.024941
   4.178      0.024577
   4.183      0.024213
   4.189      0.023851
   4.194      0.023491
   4.200      0.023131
   4.206      0.022773
   4.211      0.022416
   4.217      0.022060
   4.222      0.021705
   4.228      0.021352
   4.234      0.021000
   4.239      0.020649
   4.245      0.020299
   4.250      0.019950
   4.256      0.019603
   4.262      0.019256
   4.267      0.018911
   4.273      0.018567
   4.278      0.018224
   4.284      0.017882
   4.290      0.017541
   4.295      0.017202
   4.301      0.016863
   4.306      0.016526
   4.312      0.016189
   4.318      0.015854
   4.323      0.015520
   4.329      0.015187
   4.334      0.014855
   4.340      0.014523
   4.346      0.014193
   4.351      0.013864
   4.357      0.013536
   4.362      0.013209
   4.368      0.012883
   4.374      0.012558
   4.379      0.012234
   4.385      0.011911
   4.390      0.011589
   4.396      0.011268
   4.402      0.010948
   4.407      0.010629
   4.413      0.010310
   4.418      0.009993
   4.424      0.009677
   4.430      0.009361
   4.435      0.009047
   4.441      0.008733
   4.446      0.008420
   4.452      0.008108
   4.458      0.007797
   4.463      0.007487
   4.469      0.007178
   4.474      0.006870
   4.480      0.006562
   4.486      0.006255
   4.491      0.005950
   4.497      0.005645
   4.502      0.005340
   4.508      0.005037
   4.514      0.004735
   4.519      0.004433
   4.525      0.004132
   4.530      0.003832
   4.536      0.003533
   4.542      0.003234
   4.547      0.002936
   4.553      0.002639
   4.558      0.002343
   4.564      0.002048
   4.570      0.001753
   4.575      0.001459
   4.581      0.001166
   4.586      0.000873
   4.592      0.000581
   4.598      0.000290
   4.603      0.000000
