   0.000      1.958088
   0.007      1.958088
   0.015      1.958088
   0.022      1.958088
   0.030      1.958088
   0.037      1.958088
   0.045      1.958087
   0.052      1.958086
   0.060      1.958083
   0.067      1.958079
   0.074      1.958070
   0.082      1.958056
   0.089      1.958035
   0.097      1.958003
   0.104      1.957957
   0.112      1.957892
   0.119      1.957803
   0.127      1.957684
   0.134      1.957527
   0.141      1.957325
   0.149      1.957067
   0.156      1.956744
   0.164      1.956343
   0.171      1.955854
   0.179      1.955262
   0.186      1.954553
   0.194      1.953712
   0.201      1.952723
   0.208      1.951571
   0.216      1.950237
   0.223      1.948706
   0.231      1.946960
   0.238      1.944982
   0.246      1.942754
   0.253      1.940260
   0.261      1.937485
   0.268      1.934411
   0.275      1.931025
   0.283      1.927314
   0.290      1.923264
   0.298      1.918864
   0.305      1.914105
   0.313      1.908979
   0.320      1.903479
   0.328      1.897600
   0.335      1.891338
   0.343      1.884693
   0.350      1.877664
   0.357      1.870255
   0.365      1.862467
   0.372      1.854308
   0.380      1.845783
   0.387      1.836902
   0.395      1.827675
   0.402      1.818112
   0.410      1.808228
   0.417      1.798034
   0.424      1.787547
   0.432      1.776782
   0.439      1.765754
   0.447      1.754482
   0.454      1.742981
   0.462      1.731270
   0.469      1.719367
   0.477      1.707290
   0.484      1.695056
   0.491      1.682682
   0.499      1.670188
   0.506      1.657589
   0.514      1.644903
   0.521      1.632145
   0.529      1.619332
   0.536      1.606479
   0.544      1.593600
   0.551      1.580709
   0.558      1.567819
   0.566      1.554942
   0.573      1.542092
   0.581      1.529277
   0.588      1.516509
   0.596      1.503798
   0.603      1.491151
   0.611      1.478578
   0.618      1.466086
   0.625      1.453681
   0.633      1.441370
   0.640      1.429158
   0.648      1.417051
   0.655      1.405052
   0.663      1.393166
   0.670      1.381397
   0.678      1.369747
   0.685      1.358218
   0.692      1.346814
   0.700      1.335535
   0.707      1.324384
   0.715      1.313361
   0.722      1.302467
   0.730      1.291702
   0.737      1.281068
   0.745      1.270563
   0.752      1.260189
   0.759      1.249943
   0.767      1.239827
   0.774      1.229839
   0.782      1.219978
   0.789      1.210244
   0.797      1.200635
   0.804      1.191150
   0.812      1.181789
   0.819      1.172549
   0.826      1.163430
   0.834      1.154430
   0.841      1.145547
   0.849      1.136780
   0.856      1.128128
   0.864      1.119588
   0.871      1.111160
   0.879      1.102842
   0.886      1.094631
   0.893      1.086527
   0.901      1.078528
   0.908      1.070632
   0.916      1.062838
   0.923      1.055144
   0.931      1.047549
   0.938      1.040050
   0.946      1.032647
   0.953      1.025337
   0.960      1.018120
   0.968      1.010994
   0.975      1.003956
   0.983      0.997007
   0.990      0.990144
   0.998      0.983367
   1.005      0.976672
   1.013      0.970061
   1.020      0.963530
   1.028      0.957078
   1.035      0.950705
   1.042      0.944409
   1.050      0.938189
   1.057      0.932043
   1.065      0.925970
   1.072      0.919970
   1.080      0.914041
   1.087      0.908181
   1.095      0.902391
   1.102      0.896668
   1.109      0.891011
   1.117      0.885420
   1.124      0.879894
   1.132      0.874431
   1.139      0.869030
   1.147      0.863691
   1.154      0.858413
   1.162      0.853194
   1.169      0.848034
   1.176      0.842932
   1.184      0.837886
   1.191      0.832897
   1.199      0.827962
   1.206      0.823082
   1.214      0.818256
   1.221      0.813482
   1.229      0.808760
   1.236      0.804089
   1.243      0.799469
   1.251      0.794898
   1.258      0.790376
   1.266      0.785902
   1.273      0.781475
   1.281      0.777095
   1.288      0.772761
   1.296      0.768473
   1.303      0.764229
   1.310      0.760030
   1.318      0.755873
   1.325      0.751760
   1.333      0.747688
   1.340      0.743659
   1.348      0.739670
   1.355      0.735722
   1.363      0.731813
   1.370      0.727944
   1.377      0.724113
   1.385      0.720321
   1.392      0.716566
   1.400      0.712848
   1.407      0.709167
   1.415      0.705522
   1.422      0.701913
   1.430      0.698338
   1.437      0.694799
   1.444      0.691293
   1.452      0.687821
   1.459      0.684382
   1.467      0.680977
   1.474      0.677603
   1.482      0.674261
   1.489      0.670951
   1.497      0.667672
   1.504      0.664424
   1.511      0.661206
   1.519      0.658017
   1.526      0.654858
   1.534      0.651729
   1.541      0.648627
   1.549      0.645555
   1.556      0.642510
   1.564      0.639493
   1.571      0.636503
   1.578      0.633540
   1.586      0.630603
   1.593      0.627693
   1.601      0.624808
   1.608      0.621949
   1.616      0.619116
   1.623      0.616307
   1.631      0.613523
   1.638      0.610763
   1.646      0.608027
   1.653      0.605315
   1.660      0.602626
   1.668      0.599961
   1.675      0.597318
   1.683      0.594698
   1.690      0.592100
   1.698      0.589524
   1.705      0.586970
   1.713      0.584437
   1.720      0.581925
   1.727      0.579435
   1.735      0.576965
   1.742      0.574516
   1.750      0.572087
   1.757      0.569678
   1.765      0.567288
   1.772      0.564919
   1.780      0.562568
   1.787      0.560237
   1.794      0.557924
   1.802      0.555630
   1.809      0.553355
   1.817      0.551097
   1.824      0.548858
   1.832      0.546636
   1.839      0.544433
   1.847      0.542246
   1.854      0.540077
   1.861      0.537924
   1.869      0.535789
   1.876      0.533670
   1.884      0.531567
   1.891      0.529481
   1.899      0.527411
   1.906      0.525357
   1.914      0.523318
   1.921      0.521295
   1.928      0.519288
   1.936      0.517295
   1.943      0.515318
   1.951      0.513355
   1.958      0.511407
   1.966      0.509474
   1.973      0.507555
   1.981      0.505650
   1.988      0.503760
   1.995      0.501883
   2.003      0.500020
   2.010      0.498171
   2.018      0.496336
   2.025      0.494513
   2.033      0.492704
   2.040      0.490908
   2.048      0.489125
   2.055      0.487355
   2.062      0.485597
   2.070      0.483852
   2.077      0.482119
   2.085      0.480399
   2.092      0.478690
   2.100      0.476994
   2.107      0.475310
   2.115      0.473637
   2.122      0.471976
   2.129      0.470327
   2.137      0.468689
   2.144      0.467062
   2.152      0.465447
   2.159      0.463843
   2.167      0.462249
   2.174      0.460667
   2.182      0.459095
   2.189      0.457534
   2.196      0.455983
   2.204      0.454443
   2.211      0.452913
   2.219      0.451394
   2.226      0.449884
   2.234      0.448385
   2.241      0.446896
   2.249      0.445416
   2.256      0.443946
   2.263      0.442486
   2.271      0.441035
   2.278      0.439594
   2.286      0.438162
   2.293      0.436740
   2.301      0.435326
   2.308      0.433922
   2.316      0.432527
   2.323      0.431141
   2.331      0.429763
   2.338      0.428395
   2.345      0.427035
   2.353      0.425683
   2.360      0.424341
   2.368      0.423006
   2.375      0.421680
   2.383      0.420362
   2.390      0.419053
   2.398      0.417751
   2.405      0.416458
   2.412      0.415173
   2.420      0.413895
   2.427      0.412626
   2.435      0.411364
   2.442      0.410110
   2.450      0.408863
   2.457      0.407624
   2.465      0.406393
   2.472      0.405169
   2.479      0.403952
   2.487      0.402742
   2.494      0.401540
   2.502      0.400345
   2.509      0.399157
   2.517      0.397976
   2.524      0.396802
   2.532      0.395635
   2.539      0.394475
   2.546      0.393322
   2.554      0.392175
   2.561      0.391035
   2.569      0.389901
   2.576      0.388774
   2.584      0.387654
   2.591      0.386540
   2.599      0.385433
   2.606      0.384331
   2.613      0.383236
   2.621      0.382148
   2.628      0.381065
   2.636      0.379989
   2.643      0.378918
   2.651      0.377854
   2.658      0.376795
   2.666      0.375743
   2.673      0.374696
   2.680      0.373655
   2.688      0.372620
   2.695      0.371591
   2.703      0.370567
   2.710      0.369549
   2.718      0.368537
   2.725      0.367530
   2.733      0.366529
   2.740      0.365533
   2.747      0.364542
   2.755      0.363557
   2.762      0.362577
   2.770      0.361602
   2.777      0.360633
   2.785      0.359668
   2.792      0.358709
   2.800      0.357755
   2.807      0.356806
   2.814      0.355862
   2.822      0.354923
   2.829      0.353989
   2.837      0.353060
   2.844      0.352136
   2.852      0.351217
   2.859      0.350302
   2.867      0.349392
   2.874      0.348487
   2.881      0.347586
   2.889      0.346691
   2.896      0.345799
   2.904      0.344913
   2.911      0.344031
   2.919      0.343153
   2.926      0.342280
   2.934      0.341411
   2.941      0.340547
   2.949      0.339687
   2.956      0.338831
   2.963      0.337980
