   0.000      1.080003
   0.007      1.080003
   0.015      1.080003
   0.022      1.080003
   0.030      1.080003
   0.037      1.080002
   0.045      1.080002
   0.052      1.080001
   0.060      1.079999
   0.067      1.079997
   0.074      1.079994
   0.082      1.079989
   0.089      1.079984
   0.097      1.079977
   0.104      1.079967
   0.112      1.079956
   0.119      1.079943
   0.127      1.079926
   0.134      1.079906
   0.141      1.079883
   0.149      1.079856
   0.156      1.079825
   0.164      1.079789
   0.171      1.079747
   0.179      1.079700
   0.186      1.079647
   0.194      1.079587
   0.201      1.079520
   0.208      1.079445
   0.216      1.079362
   0.223      1.079270
   0.231      1.079168
   0.238      1.079057
   0.246      1.078935
   0.253      1.078801
   0.261      1.078656
   0.268      1.078498
   0.275      1.078327
   0.283      1.078142
   0.290      1.077942
   0.298      1.077727
   0.305      1.077497
   0.313      1.077249
   0.320      1.076984
   0.328      1.076701
   0.335      1.076399
   0.343      1.076077
   0.350      1.075735
   0.357      1.075371
   0.365      1.074986
   0.372      1.074578
   0.380      1.074146
   0.387      1.073691
   0.395      1.073210
   0.402      1.072704
   0.410      1.072171
   0.417      1.071610
   0.424      1.071022
   0.432      1.070404
   0.439      1.069757
   0.447      1.069080
   0.454      1.068371
   0.462      1.067631
   0.469      1.066858
   0.477      1.066051
   0.484      1.065211
   0.491      1.064336
   0.499      1.063425
   0.506      1.062478
   0.514      1.061494
   0.521      1.060473
   0.529      1.059413
   0.536      1.058315
   0.544      1.057177
   0.551      1.055999
   0.558      1.054780
   0.566      1.053521
   0.573      1.052219
   0.581      1.050876
   0.588      1.049489
   0.596      1.048060
   0.603      1.046587
   0.611      1.045069
   0.618      1.043508
   0.625      1.041901
   0.633      1.040249
   0.640      1.038552
   0.648      1.036809
   0.655      1.035020
   0.663      1.033185
   0.670      1.031303
   0.678      1.029375
   0.685      1.027400
   0.692      1.025379
   0.700      1.023310
   0.707      1.021195
   0.715      1.019032
   0.722      1.016823
   0.730      1.014567
   0.737      1.012265
   0.745      1.009916
   0.752      1.007521
   0.759      1.005080
   0.767      1.002593
   0.774      1.000061
   0.782      0.997483
   0.789      0.994861
   0.797      0.992195
   0.804      0.989485
   0.812      0.986731
   0.819      0.983935
   0.826      0.981096
   0.834      0.978216
   0.841      0.975294
   0.849      0.972332
   0.856      0.969331
   0.864      0.966290
   0.871      0.963211
   0.879      0.960095
   0.886      0.956942
   0.893      0.953753
   0.901      0.950529
   0.908      0.947271
   0.916      0.943980
   0.923      0.940657
   0.931      0.937302
   0.938      0.933917
   0.946      0.930503
   0.953      0.927061
   0.960      0.923591
   0.968      0.920095
   0.975      0.916573
   0.983      0.913028
   0.990      0.909460
   0.998      0.905869
   1.005      0.902258
   1.013      0.898627
   1.020      0.894977
   1.028      0.891310
   1.035      0.887626
   1.042      0.883926
   1.050      0.880213
   1.057      0.876486
   1.065      0.872747
   1.072      0.868997
   1.080      0.865237
   1.087      0.861469
   1.095      0.857692
   1.102      0.853909
   1.109      0.850120
   1.117      0.846326
   1.124      0.842528
   1.132      0.838728
   1.139      0.834926
   1.147      0.831124
   1.154      0.827322
   1.162      0.823520
   1.169      0.819721
   1.176      0.815925
   1.184      0.812132
   1.191      0.808345
   1.199      0.804562
   1.206      0.800786
   1.214      0.797017
   1.221      0.793256
   1.229      0.789504
   1.236      0.785761
   1.243      0.782028
   1.251      0.778306
   1.258      0.774595
   1.266      0.770896
   1.273      0.767210
   1.281      0.763537
   1.288      0.759877
   1.296      0.756232
   1.303      0.752602
   1.310      0.748988
   1.318      0.745389
   1.325      0.741806
   1.333      0.738240
   1.340      0.734692
   1.348      0.731161
   1.355      0.727647
   1.363      0.724152
   1.370      0.720676
   1.377      0.717219
   1.385      0.713781
   1.392      0.710362
   1.400      0.706963
   1.407      0.703585
   1.415      0.700226
   1.422      0.696888
   1.430      0.693571
   1.437      0.690274
   1.444      0.686998
   1.452      0.683744
   1.459      0.680511
   1.467      0.677299
   1.474      0.674109
   1.482      0.670940
   1.489      0.667793
   1.497      0.664667
   1.504      0.661564
   1.511      0.658482
   1.519      0.655422
   1.526      0.652384
   1.534      0.649367
   1.541      0.646373
   1.549      0.643400
   1.556      0.640450
   1.564      0.637520
   1.571      0.634613
   1.578      0.631728
   1.586      0.628864
   1.593      0.626021
   1.601      0.623200
   1.608      0.620401
   1.616      0.617623
   1.623      0.614866
   1.631      0.612130
   1.638      0.609415
   1.646      0.606722
   1.653      0.604049
   1.660      0.601396
   1.668      0.598765
   1.675      0.596153
   1.683      0.593563
   1.690      0.590992
   1.698      0.588441
   1.705      0.585911
   1.713      0.583400
   1.720      0.580908
   1.727      0.578437
   1.735      0.575984
   1.742      0.573551
   1.750      0.571137
   1.757      0.568741
   1.765      0.566365
   1.772      0.564007
   1.780      0.561667
   1.787      0.559346
   1.794      0.557043
   1.802      0.554757
   1.809      0.552490
   1.817      0.550240
   1.824      0.548007
   1.832      0.545792
   1.839      0.543594
   1.847      0.541413
   1.854      0.539249
   1.861      0.537101
   1.869      0.534970
   1.876      0.532855
   1.884      0.530757
   1.891      0.528674
   1.899      0.526607
   1.906      0.524556
   1.914      0.522521
   1.921      0.520501
   1.928      0.518496
   1.936      0.516506
   1.943      0.514531
   1.951      0.512571
   1.958      0.510626
   1.966      0.508695
   1.973      0.506778
   1.981      0.504876
   1.988      0.502988
   1.995      0.501113
   2.003      0.499252
   2.010      0.497405
   2.018      0.495572
   2.025      0.493751
   2.033      0.491944
   2.040      0.490150
   2.048      0.488369
   2.055      0.486601
   2.062      0.484846
   2.070      0.483103
   2.077      0.481372
   2.085      0.479654
   2.092      0.477947
   2.100      0.476253
   2.107      0.474571
   2.115      0.472901
   2.122      0.471242
   2.129      0.469595
   2.137      0.467959
   2.144      0.466335
   2.152      0.464721
   2.159      0.463119
   2.167      0.461528
   2.174      0.459948
   2.182      0.458378
   2.189      0.456819
   2.196      0.455271
   2.204      0.453733
   2.211      0.452206
   2.219      0.450688
   2.226      0.449181
   2.234      0.447684
   2.241      0.446197
   2.249      0.444719
   2.256      0.443252
   2.263      0.441794
   2.271      0.440345
   2.278      0.438906
   2.286      0.437477
   2.293      0.436056
   2.301      0.434645
   2.308      0.433243
   2.316      0.431850
   2.323      0.430466
   2.331      0.429091
   2.338      0.427724
   2.345      0.426367
   2.353      0.425017
   2.360      0.423677
   2.368      0.422344
   2.375      0.421020
   2.383      0.419705
   2.390      0.418397
   2.398      0.417098
   2.405      0.415807
   2.412      0.414523
   2.420      0.413248
   2.427      0.411980
   2.435      0.410720
   2.442      0.409468
   2.450      0.408223
   2.457      0.406986
   2.465      0.405757
   2.472      0.404535
   2.479      0.403320
   2.487      0.402112
   2.494      0.400912
   2.502      0.399719
   2.509      0.398533
   2.517      0.397354
   2.524      0.396181
   2.532      0.395016
   2.539      0.393858
   2.546      0.392706
   2.554      0.391561
   2.561      0.390423
   2.569      0.389291
   2.576      0.388166
   2.584      0.387048
   2.591      0.385935
   2.599      0.384830
   2.606      0.383730
   2.613      0.382637
   2.621      0.381550
   2.628      0.380469
   2.636      0.379394
   2.643      0.378325
   2.651      0.377263
   2.658      0.376206
   2.666      0.375155
   2.673      0.374110
   2.680      0.373071
   2.688      0.372037
   2.695      0.371010
   2.703      0.369988
   2.710      0.368971
   2.718      0.367960
   2.725      0.366955
   2.733      0.365955
   2.740      0.364961
   2.747      0.363972
   2.755      0.362988
   2.762      0.362010
   2.770      0.361036
   2.777      0.360068
   2.785      0.359106
   2.792      0.358148
   2.800      0.357196
   2.807      0.356248
   2.814      0.355306
   2.822      0.354368
   2.829      0.353436
   2.837      0.352508
   2.844      0.351585
   2.852      0.350667
   2.859      0.349754
   2.867      0.348846
   2.874      0.347942
   2.881      0.347043
   2.889      0.346148
   2.896      0.345258
   2.904      0.344373
   2.911      0.343492
   2.919      0.342616
   2.926      0.341744
   2.934      0.340877
   2.941      0.340014
   2.949      0.339155
   2.956      0.338301
   2.963      0.337451
