   0.006      0.473302
   0.011      0.473332
   0.017      0.473363
   0.022      0.473413
   0.028      0.473483
   0.034      0.473573
   0.039      0.473684
   0.045      0.473815
   0.050      0.473965
   0.056      0.474136
   0.062      0.474328
   0.067      0.474539
   0.073      0.474771
   0.078      0.475023
   0.084      0.475295
   0.090      0.475588
   0.095      0.475902
   0.101      0.476236
   0.106      0.476590
   0.112      0.476965
   0.118      0.477361
   0.123      0.477778
   0.129      0.478216
   0.134      0.478674
   0.140      0.479153
   0.146      0.479653
   0.151      0.480174
   0.157      0.480716
   0.162      0.481279
   0.168      0.481864
   0.174      0.482469
   0.179      0.483096
   0.185      0.483743
   0.190      0.484412
   0.196      0.485102
   0.202      0.485814
   0.207      0.486547
   0.213      0.487302
   0.218      0.488077
   0.224      0.488875
   0.230      0.489694
   0.235      0.490535
   0.241      0.491397
   0.246      0.492281
   0.252      0.493187
   0.258      0.494115
   0.263      0.495065
   0.269      0.496037
   0.274      0.497031
   0.280      0.498047
   0.286      0.499085
   0.291      0.500145
   0.297      0.501228
   0.302      0.502333
   0.308      0.503460
   0.314      0.504610
   0.319      0.505782
   0.325      0.506977
   0.330      0.508195
   0.336      0.509436
   0.342      0.510699
   0.347      0.511985
   0.353      0.513294
   0.358      0.514626
   0.364      0.515981
   0.370      0.517359
   0.375      0.518761
   0.381      0.520185
   0.386      0.521633
   0.392      0.523105
   0.398      0.524600
   0.403      0.526118
   0.409      0.527660
   0.414      0.529226
   0.420      0.530815
   0.426      0.532428
   0.431      0.534065
   0.437      0.535726
   0.442      0.537410
   0.448      0.539119
   0.454      0.540852
   0.459      0.542609
   0.465      0.544390
   0.470      0.546195
   0.476      0.548024
   0.482      0.549878
   0.487      0.551756
   0.493      0.553659
   0.498      0.555586
   0.504      0.557537
   0.510      0.559513
   0.515      0.561514
   0.521      0.563539
   0.526      0.565588
   0.532      0.567663
   0.538      0.569762
   0.543      0.571885
   0.549      0.574034
   0.554      0.576207
   0.560      0.578405
   0.566      0.580628
   0.571      0.582875
   0.577      0.585147
   0.582      0.587444
   0.588      0.589766
   0.594      0.592112
   0.599      0.594483
   0.605      0.596879
   0.610      0.599300
   0.616      0.601745
   0.622      0.604215
   0.627      0.606709
   0.633      0.609229
   0.638      0.611772
   0.644      0.614340
   0.650      0.616933
   0.655      0.619550
   0.661      0.622191
   0.666      0.624856
   0.672      0.627546
   0.678      0.630259
   0.683      0.632997
   0.689      0.635758
   0.694      0.638544
   0.700      0.641353
   0.706      0.644185
   0.711      0.647041
   0.717      0.649920
   0.722      0.652823
   0.728      0.655748
   0.734      0.658696
   0.739      0.661667
   0.745      0.664661
   0.750      0.667677
   0.756      0.670715
   0.762      0.673775
   0.767      0.676857
   0.773      0.679961
   0.778      0.683086
   0.784      0.686232
   0.790      0.689399
   0.795      0.692587
   0.801      0.695795
   0.806      0.699024
   0.812      0.702272
   0.818      0.705540
   0.823      0.708827
   0.829      0.712134
   0.834      0.715459
   0.840      0.718803
   0.846      0.722164
   0.851      0.725544
   0.857      0.728941
   0.862      0.732355
   0.868      0.735786
   0.874      0.739233
   0.879      0.742696
   0.885      0.746175
   0.890      0.749669
   0.896      0.753178
   0.902      0.756700
   0.907      0.760237
   0.913      0.763788
   0.918      0.767351
   0.924      0.770927
   0.930      0.774514
   0.935      0.778114
   0.941      0.781724
   0.946      0.785345
   0.952      0.788976
   0.958      0.792616
   0.963      0.796266
   0.969      0.799923
   0.974      0.803589
   0.980      0.807261
   0.986      0.810941
   0.991      0.814626
   0.997      0.818317
   1.002      0.822013
   1.008      0.825713
   1.014      0.829416
   1.019      0.833122
   1.025      0.836831
   1.030      0.840541
   1.036      0.844252
   1.042      0.847964
   1.047      0.851675
   1.053      0.855385
   1.058      0.859093
   1.064      0.862798
   1.070      0.866500
   1.075      0.870199
   1.081      0.873892
   1.086      0.877580
   1.092      0.881261
   1.098      0.884936
   1.103      0.888602
   1.109      0.892261
   1.114      0.895909
   1.120      0.899548
   1.126      0.903176
   1.131      0.906792
   1.137      0.910395
   1.142      0.913985
   1.148      0.917561
   1.154      0.921122
   1.159      0.924667
   1.165      0.928195
   1.170      0.931706
   1.176      0.935199
   1.182      0.938672
   1.187      0.942126
   1.193      0.945559
   1.198      0.948970
   1.204      0.952359
   1.210      0.955725
   1.215      0.959066
   1.221      0.962383
   1.226      0.965674
   1.232      0.968938
   1.238      0.972175
   1.243      0.975383
   1.249      0.978563
   1.254      0.981713
   1.260      0.984832
   1.266      0.987920
   1.271      0.990975
   1.277      0.993997
   1.282      0.996986
   1.288      0.999940
   1.294      1.002858
   1.299      1.005741
   1.305      1.008586
   1.310      1.011394
   1.316      1.014164
   1.322      1.016894
   1.327      1.019584
   1.333      1.022235
   1.338      1.024843
   1.344      1.027410
   1.350      1.029935
   1.355      1.032416
   1.361      1.034853
   1.366      1.037246
   1.372      1.039594
   1.378      1.041896
   1.383      1.044152
   1.389      1.046360
   1.394      1.048522
   1.400      1.050635
   1.406      1.052700
   1.411      1.054716
   1.417      1.056683
   1.422      1.058599
   1.428      1.060465
   1.434      1.062281
   1.439      1.064045
   1.445      1.065757
   1.450      1.067417
   1.456      1.069025
   1.462      1.070581
   1.467      1.072083
   1.473      1.073531
   1.478      1.074926
   1.484      1.076268
   1.490      1.077554
   1.495      1.078787
   1.501      1.079965
   1.506      1.081088
   1.512      1.082156
   1.518      1.083170
   1.523      1.084128
   1.529      1.085030
   1.534      1.085877
   1.540      1.086669
   1.546      1.087406
   1.551      1.088086
   1.557      1.088712
   1.562      1.089282
   1.568      1.089796
   1.574      1.090255
   1.579      1.090659
   1.585      1.091008
   1.590      1.091302
   1.596      1.091540
   1.602      1.091724
   1.607      1.091854
   1.613      1.091929
   1.618      1.091950
   1.624      1.091917
   1.630      1.091830
   1.635      1.091690
   1.641      1.091497
   1.646      1.091251
   1.652      1.090953
   1.658      1.090602
   1.663      1.090200
   1.669      1.089746
   1.674      1.089242
   1.680      1.088686
   1.686      1.088081
   1.691      1.087426
   1.697      1.086721
   1.702      1.085968
   1.708      1.085166
   1.714      1.084316
   1.719      1.083419
   1.725      1.082475
   1.730      1.081484
   1.736      1.080448
   1.742      1.079366
   1.747      1.078239
   1.753      1.077068
   1.758      1.075853
   1.764      1.074595
   1.770      1.073294
   1.775      1.071951
   1.781      1.070567
   1.786      1.069142
   1.792      1.067676
   1.798      1.066171
   1.803      1.064627
   1.809      1.063044
   1.814      1.061423
   1.820      1.059765
   1.826      1.058070
   1.831      1.056339
   1.837      1.054573
   1.842      1.052771
   1.848      1.050935
   1.854      1.049066
   1.859      1.047163
   1.865      1.045228
   1.870      1.043261
   1.876      1.041263
   1.882      1.039234
   1.887      1.037174
   1.893      1.035085
   1.898      1.032968
   1.904      1.030821
   1.910      1.028647
   1.915      1.026445
   1.921      1.024217
   1.926      1.021963
   1.932      1.019683
   1.938      1.017377
   1.943      1.015047
   1.949      1.012694
   1.954      1.010316
   1.960      1.007915
   1.966      1.005492
   1.971      1.003047
   1.977      1.000580
   1.982      0.998092
   1.988      0.995584
   1.994      0.993055
   1.999      0.990506
   2.005      0.987938
   2.010      0.985352
   2.016      0.982746
   2.022      0.980123
   2.027      0.977482
   2.033      0.974824
   2.038      0.972149
   2.044      0.969458
   2.050      0.966750
   2.055      0.964027
   2.061      0.961288
   2.066      0.958535
   2.072      0.955767
   2.078      0.952984
   2.083      0.950188
   2.089      0.947378
   2.094      0.944554
   2.100      0.941718
   2.106      0.938869
   2.111      0.936008
   2.117      0.933135
   2.122      0.930250
   2.128      0.927353
   2.134      0.924446
   2.139      0.921527
   2.145      0.918599
   2.150      0.915659
   2.156      0.912710
   2.162      0.909752
   2.167      0.906784
   2.173      0.903807
   2.178      0.900821
   2.184      0.897826
   2.190      0.894823
   2.195      0.891812
   2.201      0.888793
   2.206      0.885767
   2.212      0.882734
   2.218      0.879693
   2.223      0.876646
   2.229      0.873592
   2.234      0.870531
   2.240      0.867465
   2.246      0.864393
   2.251      0.861315
   2.257      0.858231
   2.262      0.855143
   2.268      0.852049
   2.274      0.848951
   2.279      0.845848
   2.285      0.842741
   2.290      0.839630
   2.296      0.836515
   2.302      0.833396
   2.307      0.830274
   2.313      0.827148
   2.318      0.824019
   2.324      0.820887
   2.330      0.817753
   2.335      0.814616
   2.341      0.811476
   2.346      0.808335
   2.352      0.805191
   2.358      0.802045
   2.363      0.798898
   2.369      0.795749
   2.374      0.792599
   2.380      0.789448
   2.386      0.786296
   2.391      0.783143
   2.397      0.779989
   2.402      0.776835
   2.408      0.773680
   2.414      0.770525
   2.419      0.767370
   2.425      0.764216
   2.430      0.761061
   2.436      0.757907
   2.442      0.754753
   2.447      0.751600
   2.453      0.748448
   2.458      0.745297
   2.464      0.742147
   2.470      0.738998
   2.475      0.735850
   2.481      0.732704
   2.486      0.729560
   2.492      0.726417
   2.498      0.723276
   2.503      0.720137
   2.509      0.717000
   2.514      0.713866
   2.520      0.710734
   2.526      0.707604
   2.531      0.704477
   2.537      0.701352
   2.542      0.698231
   2.548      0.695112
   2.554      0.691996
   2.559      0.688883
   2.565      0.685774
   2.570      0.682668
   2.576      0.679565
   2.582      0.676466
   2.587      0.673370
   2.593      0.670278
   2.598      0.667190
   2.604      0.664106
   2.610      0.661026
   2.615      0.657950
   2.621      0.654878
   2.626      0.651811
   2.632      0.648748
   2.638      0.645689
   2.643      0.642635
   2.649      0.639586
   2.654      0.636542
   2.660      0.633502
   2.666      0.630467
   2.671      0.627437
   2.677      0.624412
   2.682      0.621392
   2.688      0.618378
   2.694      0.615369
   2.699      0.612365
   2.705      0.609366
   2.710      0.606374
   2.716      0.603386
   2.722      0.600405
   2.727      0.597429
   2.733      0.594458
   2.738      0.591494
   2.744      0.588535
   2.750      0.585583
   2.755      0.582637
   2.761      0.579696
   2.766      0.576762
   2.772      0.573834
   2.778      0.570912
   2.783      0.567997
   2.789      0.565088
   2.794      0.562186
   2.800      0.559290
   2.806      0.556400
   2.811      0.553517
   2.817      0.550641
   2.822      0.547772
   2.828      0.544909
   2.834      0.542053
   2.839      0.539204
   2.845      0.536362
   2.850      0.533527
   2.856      0.530699
   2.862      0.527878
   2.867      0.525064
   2.873      0.522257
   2.878      0.519457
   2.884      0.516665
   2.890      0.513880
   2.895      0.511102
   2.901      0.508332
   2.906      0.505569
   2.912      0.502813
   2.918      0.500065
   2.923      0.497324
   2.929      0.494591
   2.934      0.491865
   2.940      0.489147
   2.946      0.486437
   2.951      0.483735
   2.957      0.481040
   2.962      0.478352
   2.968      0.475673
   2.974      0.473001
   2.979      0.470338
   2.985      0.467682
   2.990      0.465034
   2.996      0.462394
   3.002      0.459762
   3.007      0.457137
   3.013      0.454521
   3.018      0.451913
   3.024      0.449313
   3.030      0.446721
   3.035      0.444137
   3.041      0.441561
   3.046      0.438994
   3.052      0.436434
   3.058      0.433883
   3.063      0.431340
   3.069      0.428805
   3.074      0.426278
   3.080      0.423760
   3.086      0.421250
   3.091      0.418748
   3.097      0.416254
   3.102      0.413769
   3.108      0.411293
   3.114      0.408824
   3.119      0.406364
   3.125      0.403913
   3.130      0.401469
   3.136      0.399035
   3.142      0.396608
   3.147      0.394190
   3.153      0.391781
   3.158      0.389380
   3.164      0.386988
   3.170      0.384604
   3.175      0.382228
   3.181      0.379862
   3.186      0.377503
   3.192      0.375153
   3.198      0.372812
   3.203      0.370479
   3.209      0.368155
   3.214      0.365840
   3.220      0.363533
   3.226      0.361234
   3.231      0.358945
   3.237      0.356663
   3.242      0.354391
   3.248      0.352127
   3.254      0.349871
   3.259      0.347625
   3.265      0.345387
   3.270      0.343157
   3.276      0.340936
   3.282      0.338724
   3.287      0.336520
   3.293      0.334325
   3.298      0.332139
   3.304      0.329962
   3.310      0.327793
   3.315      0.325632
   3.321      0.323480
   3.326      0.321337
   3.332      0.319203
   3.338      0.317077
   3.343      0.314960
   3.349      0.312851
   3.354      0.310751
   3.360      0.308660
   3.366      0.306578
   3.371      0.304504
   3.377      0.302438
   3.382      0.300381
   3.388      0.298333
   3.394      0.296294
   3.399      0.294263
   3.405      0.292241
   3.410      0.290227
   3.416      0.288222
   3.422      0.286225
   3.427      0.284238
   3.433      0.282258
   3.438      0.280288
   3.444      0.278325
   3.450      0.276372
   3.455      0.274427
   3.461      0.272490
   3.466      0.270562
   3.472      0.268643
   3.478      0.266732
   3.483      0.264830
   3.489      0.262936
   3.494      0.261050
   3.500      0.259174
   3.506      0.257305
   3.511      0.255445
   3.517      0.253594
   3.522      0.251751
   3.528      0.249916
   3.534      0.248090
   3.539      0.246272
   3.545      0.244463
   3.550      0.242662
   3.556      0.240870
   3.562      0.239086
   3.567      0.237310
   3.573      0.235542
   3.578      0.233783
   3.584      0.232033
   3.590      0.230290
   3.595      0.228556
   3.601      0.226830
   3.606      0.225113
   3.612      0.223403
   3.618      0.221702
   3.623      0.220010
   3.629      0.218325
   3.634      0.216649
   3.640      0.214981
   3.646      0.213321
   3.651      0.211669
   3.657      0.210025
   3.662      0.208390
   3.668      0.206762
   3.674      0.205143
   3.679      0.203532
   3.685      0.201929
   3.690      0.200334
   3.696      0.198747
   3.702      0.197168
   3.707      0.195597
   3.713      0.194034
   3.718      0.192479
   3.724      0.190932
   3.730      0.189393
   3.735      0.187862
   3.741      0.186339
   3.746      0.184823
   3.752      0.183316
   3.758      0.181817
   3.763      0.180325
   3.769      0.178841
   3.774      0.177365
   3.780      0.175897
   3.786      0.174436
   3.791      0.172984
   3.797      0.171539
   3.802      0.170101
   3.808      0.168672
   3.814      0.167250
   3.819      0.165836
   3.825      0.164429
   3.830      0.163030
   3.836      0.161639
   3.842      0.160255
   3.847      0.158879
   3.853      0.157511
   3.858      0.156149
   3.864      0.154796
   3.870      0.153450
   3.875      0.152111
   3.881      0.150780
   3.886      0.149457
   3.892      0.148140
   3.898      0.146831
   3.903      0.145530
   3.909      0.144236
   3.914      0.142949
   3.920      0.141670
   3.926      0.140397
   3.931      0.139132
   3.937      0.137875
   3.942      0.136624
   3.948      0.135381
   3.954      0.134145
   3.959      0.132916
   3.965      0.131695
   3.970      0.130480
   3.976      0.129272
   3.982      0.128072
   3.987      0.126879
   3.993      0.125693
   3.998      0.124513
   4.004      0.123341
   4.010      0.122176
   4.015      0.121017
   4.021      0.119866
   4.026      0.118722
   4.032      0.117584
   4.038      0.116453
   4.043      0.115329
   4.049      0.114212
   4.054      0.113102
   4.060      0.111999
   4.066      0.110902
   4.071      0.109812
   4.077      0.108729
   4.082      0.107653
   4.088      0.106583
   4.094      0.105520
   4.099      0.104463
   4.105      0.103413
   4.110      0.102370
   4.116      0.101333
   4.122      0.100303
   4.127      0.099279
   4.133      0.098262
   4.138      0.097251
   4.144      0.096246
   4.150      0.095249
   4.155      0.094257
   4.161      0.093272
   4.166      0.092293
   4.172      0.091321
   4.178      0.090355
   4.183      0.089395
   4.189      0.088441
   4.194      0.087494
   4.200      0.086553
   4.206      0.085618
   4.211      0.084689
   4.217      0.083767
   4.222      0.082851
   4.228      0.081940
   4.234      0.081036
   4.239      0.080138
   4.245      0.079246
   4.250      0.078360
   4.256      0.077480
   4.262      0.076605
   4.267      0.075737
   4.273      0.074875
   4.278      0.074019
   4.284      0.073168
   4.290      0.072324
   4.295      0.071485
   4.301      0.070652
   4.306      0.069825
   4.312      0.069003
   4.318      0.068188
   4.323      0.067378
   4.329      0.066574
   4.334      0.065775
   4.340      0.064982
   4.346      0.064195
   4.351      0.063413
   4.357      0.062637
   4.362      0.061866
   4.368      0.061101
   4.374      0.060342
   4.379      0.059588
   4.385      0.058839
   4.390      0.058096
   4.396      0.057358
   4.402      0.056626
   4.407      0.055899
   4.413      0.055178
   4.418      0.054461
   4.424      0.053750
   4.430      0.053045
   4.435      0.052344
   4.441      0.051649
   4.446      0.050959
   4.452      0.050274
   4.458      0.049595
   4.463      0.048920
   4.469      0.048251
   4.474      0.047587
   4.480      0.046928
   4.486      0.046273
   4.491      0.045624
   4.497      0.044980
   4.502      0.044341
   4.508      0.043707
   4.514      0.043078
   4.519      0.042453
   4.525      0.041834
   4.530      0.041220
   4.536      0.040610
   4.542      0.040005
   4.547      0.039405
   4.553      0.038810
   4.558      0.038219
   4.564      0.037633
   4.570      0.037052
   4.575      0.036476
   4.581      0.035904
   4.586      0.035337
   4.592      0.034774
   4.598      0.034216
   4.603      0.033663
   4.609      0.033114
   4.614      0.032570
   4.620      0.032030
   4.626      0.031495
   4.631      0.030964
   4.637      0.030438
   4.642      0.029916
   4.648      0.029399
   4.654      0.028885
   4.659      0.028377
   4.665      0.027872
   4.670      0.027372
   4.676      0.026876
   4.682      0.026384
   4.687      0.025897
   4.693      0.025414
   4.698      0.024935
   4.704      0.024460
   4.710      0.023989
   4.715      0.023523
   4.721      0.023060
   4.726      0.022602
   4.732      0.022148
   4.738      0.021697
   4.743      0.021251
   4.749      0.020809
   4.754      0.020371
   4.760      0.019936
   4.766      0.019506
   4.771      0.019080
   4.777      0.018657
   4.782      0.018238
   4.788      0.017823
   4.794      0.017412
   4.799      0.017005
   4.805      0.016601
   4.810      0.016202
   4.816      0.015806
   4.822      0.015413
   4.827      0.015025
   4.833      0.014640
   4.838      0.014258
   4.844      0.013881
   4.850      0.013507
   4.855      0.013136
   4.861      0.012769
   4.866      0.012406
   4.872      0.012046
   4.878      0.011689
   4.883      0.011336
   4.889      0.010987
   4.894      0.010641
   4.900      0.010298
   4.906      0.009959
   4.911      0.009623
   4.917      0.009290
   4.922      0.008961
   4.928      0.008635
   4.934      0.008312
   4.939      0.007992
   4.945      0.007676
   4.950      0.007363
   4.956      0.007053
   4.962      0.006746
   4.967      0.006443
   4.973      0.006142
   4.978      0.005844
   4.984      0.005550
   4.990      0.005258
   4.995      0.004970
   5.001      0.004684
   5.006      0.004402
   5.012      0.004122
   5.018      0.003845
   5.023      0.003571
   5.029      0.003300
   5.034      0.003031
   5.040      0.002765
   5.046      0.002502
   5.051      0.002242
   5.057      0.001984
   5.062      0.001728
   5.068      0.001475
   5.074      0.001224
   5.079      0.000976
   5.085      0.000729
   5.090      0.000485
   5.096      0.000242
   5.102      0.000000
