   0.000      0.674722
   0.009      0.674722
   0.017      0.674722
   0.026      0.674722
   0.035      0.674722
   0.043      0.674722
   0.052      0.674722
   0.060      0.674722
   0.069      0.674722
   0.078      0.674721
   0.086      0.674720
   0.095      0.674719
   0.104      0.674718
   0.112      0.674716
   0.121      0.674714
   0.130      0.674711
   0.138      0.674708
   0.147      0.674704
   0.156      0.674699
   0.164      0.674694
   0.173      0.674687
   0.181      0.674680
   0.190      0.674671
   0.199      0.674661
   0.207      0.674649
   0.216      0.674637
   0.225      0.674622
   0.233      0.674606
   0.242      0.674588
   0.251      0.674568
   0.259      0.674545
   0.268      0.674521
   0.277      0.674494
   0.285      0.674464
   0.294      0.674432
   0.302      0.674397
   0.311      0.674358
   0.320      0.674317
   0.328      0.674272
   0.337      0.674223
   0.346      0.674171
   0.354      0.674114
   0.363      0.674054
   0.372      0.673989
   0.380      0.673920
   0.389      0.673846
   0.398      0.673767
   0.406      0.673683
   0.415      0.673594
   0.423      0.673499
   0.432      0.673399
   0.441      0.673293
   0.449      0.673180
   0.458      0.673062
   0.467      0.672937
   0.475      0.672805
   0.484      0.672666
   0.493      0.672520
   0.501      0.672367
   0.510      0.672207
   0.519      0.672038
   0.527      0.671862
   0.536      0.671678
   0.544      0.671485
   0.553      0.671283
   0.562      0.671073
   0.570      0.670854
   0.579      0.670626
   0.588      0.670388
   0.596      0.670141
   0.605      0.669884
   0.614      0.669617
   0.622      0.669340
   0.631      0.669052
   0.640      0.668754
   0.648      0.668445
   0.657      0.668125
   0.665      0.667795
   0.674      0.667452
   0.683      0.667099
   0.691      0.666734
   0.700      0.666356
   0.709      0.665967
   0.717      0.665566
   0.726      0.665153
   0.735      0.664727
   0.743      0.664288
   0.752      0.663837
   0.761      0.663373
   0.769      0.662896
   0.778      0.662406
   0.786      0.661902
   0.795      0.661386
   0.804      0.660855
   0.812      0.660311
   0.821      0.659754
   0.830      0.659182
   0.838      0.658597
   0.847      0.657998
   0.856      0.657385
   0.864      0.656757
   0.873      0.656115
   0.882      0.655460
   0.890      0.654789
   0.899      0.654105
   0.907      0.653406
   0.916      0.652692
   0.925      0.651964
   0.933      0.651222
   0.942      0.650465
   0.951      0.649693
   0.959      0.648907
   0.968      0.648107
   0.977      0.647291
   0.985      0.646462
   0.994      0.645617
   1.003      0.644758
   1.011      0.643885
   1.020      0.642997
   1.028      0.642095
   1.037      0.641178
   1.046      0.640248
   1.054      0.639302
   1.063      0.638343
   1.072      0.637369
   1.080      0.636381
   1.089      0.635380
   1.098      0.634364
   1.106      0.633334
   1.115      0.632291
   1.124      0.631234
   1.132      0.630163
   1.141      0.629079
   1.149      0.627981
   1.158      0.626871
   1.167      0.625747
   1.175      0.624610
   1.184      0.623460
   1.193      0.622297
   1.201      0.621122
   1.210      0.619934
   1.219      0.618734
   1.227      0.617522
   1.236      0.616298
   1.244      0.615061
   1.253      0.613813
   1.262      0.612553
   1.270      0.611282
   1.279      0.610000
   1.288      0.608706
   1.296      0.607402
   1.305      0.606087
   1.314      0.604761
   1.322      0.603425
   1.331      0.602078
   1.340      0.600722
   1.348      0.599355
   1.357      0.597979
   1.365      0.596594
   1.374      0.595199
   1.383      0.593795
   1.391      0.592382
   1.400      0.590960
   1.409      0.589530
   1.417      0.588091
   1.426      0.586644
   1.435      0.585189
   1.443      0.583727
   1.452      0.582257
   1.461      0.580779
   1.469      0.579295
   1.478      0.577803
   1.486      0.576305
   1.495      0.574800
   1.504      0.573288
   1.512      0.571771
   1.521      0.570247
   1.530      0.568718
   1.538      0.567183
   1.547      0.565643
   1.556      0.564097
   1.564      0.562546
   1.573      0.560991
   1.582      0.559431
   1.590      0.557867
   1.599      0.556298
   1.607      0.554725
   1.616      0.553149
   1.625      0.551568
   1.633      0.549984
   1.642      0.548397
   1.651      0.546807
   1.659      0.545214
   1.668      0.543618
   1.677      0.542020
   1.685      0.540419
   1.694      0.538816
   1.703      0.537211
   1.711      0.535604
   1.720      0.533995
   1.728      0.532385
   1.737      0.530774
   1.746      0.529161
   1.754      0.527547
   1.763      0.525933
   1.772      0.524317
   1.780      0.522702
   1.789      0.521085
   1.798      0.519469
   1.806      0.517853
   1.815      0.516236
   1.824      0.514620
   1.832      0.513004
   1.841      0.511389
   1.849      0.509775
   1.858      0.508161
   1.867      0.506548
   1.875      0.504936
   1.884      0.503326
   1.893      0.501717
   1.901      0.500109
   1.910      0.498503
   1.919      0.496899
   1.927      0.495297
   1.936      0.493697
   1.945      0.492099
   1.953      0.490503
   1.962      0.488909
   1.970      0.487318
   1.979      0.485730
   1.988      0.484144
   1.996      0.482562
   2.005      0.480982
   2.014      0.479405
   2.022      0.477831
   2.031      0.476261
   2.040      0.474694
   2.048      0.473130
   2.057      0.471570
   2.066      0.470014
   2.074      0.468461
   2.083      0.466912
   2.091      0.465367
   2.100      0.463826
   2.109      0.462289
   2.117      0.460756
   2.126      0.459228
   2.135      0.457704
   2.143      0.456184
   2.152      0.454669
   2.161      0.453158
   2.169      0.451652
   2.178      0.450150
   2.187      0.448653
   2.195      0.447162
   2.204      0.445675
   2.212      0.444192
   2.221      0.442715
   2.230      0.441243
   2.238      0.439776
   2.247      0.438315
   2.256      0.436858
   2.264      0.435407
   2.273      0.433961
   2.282      0.432520
   2.290      0.431085
   2.299      0.429656
   2.308      0.428231
   2.316      0.426813
   2.325      0.425400
   2.333      0.423992
   2.342      0.422590
   2.351      0.421194
   2.359      0.419804
   2.368      0.418419
   2.377      0.417040
   2.385      0.415667
   2.394      0.414300
   2.403      0.412939
   2.411      0.411583
   2.420      0.410234
   2.428      0.408890
   2.437      0.407552
   2.446      0.406220
   2.454      0.404895
   2.463      0.403575
   2.472      0.402261
   2.480      0.400953
   2.489      0.399652
   2.498      0.398356
   2.506      0.397066
   2.515      0.395783
   2.524      0.394505
   2.532      0.393234
   2.541      0.391969
   2.549      0.390709
   2.558      0.389456
   2.567      0.388209
   2.575      0.386968
   2.584      0.385733
   2.593      0.384505
   2.601      0.383282
   2.610      0.382065
   2.619      0.380855
   2.627      0.379650
   2.636      0.378452
   2.645      0.377260
   2.653      0.376073
   2.662      0.374893
   2.670      0.373719
   2.679      0.372551
   2.688      0.371388
   2.696      0.370232
   2.705      0.369082
   2.714      0.367938
   2.722      0.366799
   2.731      0.365667
   2.740      0.364541
   2.748      0.363420
   2.757      0.362305
   2.766      0.361197
   2.774      0.360094
   2.783      0.358997
   2.791      0.357905
   2.800      0.356820
   2.809      0.355740
   2.817      0.354666
   2.826      0.353598
   2.835      0.352536
   2.843      0.351479
   2.852      0.350428
   2.861      0.349382
   2.869      0.348342
   2.878      0.347308
   2.887      0.346279
   2.895      0.345256
   2.904      0.344239
   2.912      0.343227
   2.921      0.342220
   2.930      0.341219
   2.938      0.340223
   2.947      0.339232
   2.956      0.338247
   2.964      0.337268
   2.973      0.336293
   2.982      0.335324
   2.990      0.334360
   2.999      0.333401
   3.008      0.332448
   3.016      0.331500
   3.025      0.330556
   3.033      0.329618
   3.042      0.328685
   3.051      0.327757
   3.059      0.326834
   3.068      0.325916
   3.077      0.325003
   3.085      0.324095
   3.094      0.323192
   3.103      0.322294
   3.111      0.321400
   3.120      0.320511
   3.129      0.319627
   3.137      0.318748
   3.146      0.317874
   3.154      0.317004
   3.163      0.316139
   3.172      0.315278
   3.180      0.314422
   3.189      0.313571
   3.198      0.312724
   3.206      0.311882
   3.215      0.311044
   3.224      0.310210
   3.232      0.309381
   3.241      0.308557
   3.250      0.307736
   3.258      0.306920
   3.267      0.306109
   3.275      0.305301
   3.284      0.304498
   3.293      0.303699
   3.301      0.302904
   3.310      0.302113
   3.319      0.301326
   3.327      0.300544
   3.336      0.299765
   3.345      0.298991
   3.353      0.298220
   3.362      0.297453
   3.371      0.296691
   3.379      0.295932
   3.388      0.295177
   3.396      0.294426
   3.405      0.293679
   3.414      0.292935
   3.422      0.292195
   3.431      0.291459
   3.440      0.290727
