   0.000     -1.448767
   0.009     -1.446651
   0.017     -1.441849
   0.026     -1.434251
   0.035     -1.424775
   0.043     -1.414168
   0.052     -1.402954
   0.060     -1.391524
   0.069     -1.380143
   0.078     -1.369012
   0.086     -1.358285
   0.095     -1.348075
   0.104     -1.338460
   0.112     -1.329500
   0.121     -1.321228
   0.130     -1.313677
   0.138     -1.306864
   0.147     -1.300805
   0.156     -1.295502
   0.164     -1.290936
   0.173     -1.287081
   0.181     -1.283905
   0.190     -1.281371
   0.199     -1.279443
   0.207     -1.278083
   0.216     -1.277259
   0.225     -1.276934
   0.233     -1.277075
   0.242     -1.277653
   0.251     -1.278634
   0.259     -1.279990
   0.268     -1.281691
   0.277     -1.283713
   0.285     -1.286026
   0.294     -1.288608
   0.302     -1.291434
   0.311     -1.294481
   0.320     -1.297727
   0.328     -1.301149
   0.337     -1.304728
   0.346     -1.308441
   0.354     -1.312270
   0.363     -1.316195
   0.372     -1.320195
   0.380     -1.324252
   0.389     -1.328347
   0.398     -1.332461
   0.406     -1.336573
   0.415     -1.340665
   0.423     -1.344719
   0.432     -1.348714
   0.441     -1.352633
   0.449     -1.356456
   0.458     -1.360163
   0.467     -1.363736
   0.475     -1.367155
   0.484     -1.370402
   0.493     -1.373457
   0.501     -1.376301
   0.510     -1.378916
   0.519     -1.381282
   0.527     -1.383381
   0.536     -1.385196
   0.544     -1.386707
   0.553     -1.387897
   0.562     -1.388749
   0.570     -1.389246
   0.579     -1.389371
   0.588     -1.389106
   0.596     -1.388438
   0.605     -1.387350
   0.614     -1.385827
   0.622     -1.383855
   0.631     -1.381419
   0.640     -1.378505
   0.648     -1.375101
   0.657     -1.371192
   0.665     -1.366768
   0.674     -1.361815
   0.683     -1.356321
   0.691     -1.350276
   0.700     -1.343667
   0.709     -1.336484
   0.717     -1.328716
   0.726     -1.320355
   0.735     -1.311389
   0.743     -1.301812
   0.752     -1.291614
   0.761     -1.280789
   0.769     -1.269332
   0.778     -1.257240
   0.786     -1.244509
   0.795     -1.231141
   0.804     -1.217140
   0.812     -1.202510
   0.821     -1.187262
   0.830     -1.171411
   0.838     -1.154975
   0.847     -1.137977
   0.856     -1.120447
   0.864     -1.102422
   0.873     -1.083943
   0.882     -1.065063
   0.890     -1.045842
   0.899     -1.026352
   0.907     -1.006694
   0.916     -0.986970
   0.925     -0.967323
   0.933     -0.947932
   0.942     -0.929012
   0.951     -0.910650
   0.959     -0.893023
   0.968     -0.876175
   0.977     -0.860012
   0.985     -0.844306
   0.994     -0.828987
   1.003     -0.813932
   1.011     -0.798932
   1.020     -0.783961
   1.028     -0.768968
   1.037     -0.753937
   1.046     -0.738829
   1.054     -0.723636
   1.063     -0.708366
   1.072     -0.693004
   1.080     -0.677553
   1.089     -0.662022
   1.098     -0.646410
   1.106     -0.630725
   1.115     -0.614977
   1.124     -0.599174
   1.132     -0.583328
   1.141     -0.567451
   1.149     -0.551555
   1.158     -0.535656
   1.167     -0.519769
   1.175     -0.503913
   1.184     -0.488101
   1.193     -0.472356
   1.201     -0.456694
   1.210     -0.441136
   1.219     -0.425700
   1.227     -0.410408
   1.236     -0.395279
   1.244     -0.380333
   1.253     -0.365591
   1.262     -0.351071
   1.270     -0.336792
   1.279     -0.322772
   1.288     -0.309030
   1.296     -0.295582
   1.305     -0.282442
   1.314     -0.269624
   1.322     -0.257145
   1.331     -0.245014
   1.340     -0.233243
   1.348     -0.221841
   1.357     -0.210816
   1.365     -0.200175
   1.374     -0.189923
   1.383     -0.180065
   1.391     -0.170601
   1.400     -0.161536
   1.409     -0.152866
   1.417     -0.144592
   1.426     -0.136711
   1.435     -0.129218
   1.443     -0.122109
   1.452     -0.115377
   1.461     -0.109014
   1.469     -0.103014
   1.478     -0.097368
   1.486     -0.092063
   1.495     -0.087091
   1.504     -0.082440
   1.512     -0.078100
   1.521     -0.074057
   1.530     -0.070297
   1.538     -0.066809
   1.547     -0.063581
   1.556     -0.060598
   1.564     -0.057846
   1.573     -0.055312
   1.582     -0.052984
   1.590     -0.050849
   1.599     -0.048891
   1.607     -0.047099
   1.616     -0.045462
   1.625     -0.043966
   1.633     -0.042600
   1.642     -0.041352
   1.651     -0.040211
   1.659     -0.039168
   1.668     -0.038212
   1.677     -0.037334
   1.685     -0.036525
   1.694     -0.035776
   1.703     -0.035081
   1.711     -0.034431
   1.720     -0.033821
   1.728     -0.033243
   1.737     -0.032693
   1.746     -0.032165
   1.754     -0.031655
   1.763     -0.031159
   1.772     -0.030674
   1.780     -0.030195
   1.789     -0.029720
   1.798     -0.029246
   1.806     -0.028773
   1.815     -0.028299
   1.824     -0.027821
   1.832     -0.027339
   1.841     -0.026851
   1.849     -0.026359
   1.858     -0.025862
   1.867     -0.025359
   1.875     -0.024850
   1.884     -0.024335
   1.893     -0.023815
   1.901     -0.023292
   1.910     -0.022765
   1.919     -0.022234
   1.927     -0.021701
   1.936     -0.021165
   1.945     -0.020630
   1.953     -0.020094
   1.962     -0.019559
   1.970     -0.019025
   1.979     -0.018494
   1.988     -0.017965
   1.996     -0.017441
   2.005     -0.016921
   2.014     -0.016407
   2.022     -0.015898
   2.031     -0.015396
   2.040     -0.014901
   2.048     -0.014413
   2.057     -0.013934
   2.066     -0.013463
   2.074     -0.013000
   2.083     -0.012547
   2.091     -0.012104
   2.100     -0.011669
   2.109     -0.011245
   2.117     -0.010831
   2.126     -0.010427
   2.135     -0.010033
   2.143     -0.009650
   2.152     -0.009276
   2.161     -0.008913
   2.169     -0.008560
   2.178     -0.008218
   2.187     -0.007885
   2.195     -0.007563
   2.204     -0.007250
   2.212     -0.006947
   2.221     -0.006654
   2.230     -0.006370
   2.238     -0.006095
   2.247     -0.005830
   2.256     -0.005573
   2.264     -0.005326
   2.273     -0.005086
   2.282     -0.004856
   2.290     -0.004633
   2.299     -0.004418
   2.308     -0.004211
   2.316     -0.004012
   2.325     -0.003820
   2.333     -0.003635
   2.342     -0.003457
   2.351     -0.003286
   2.359     -0.003121
   2.368     -0.002963
   2.377     -0.002812
   2.385     -0.002666
   2.394     -0.002526
   2.403     -0.002392
   2.411     -0.002263
   2.420     -0.002140
   2.428     -0.002021
   2.437     -0.001908
   2.446     -0.001799
   2.454     -0.001695
   2.463     -0.001596
   2.472     -0.001501
   2.480     -0.001410
   2.489     -0.001323
   2.498     -0.001240
   2.506     -0.001160
   2.515     -0.001084
   2.524     -0.001012
   2.532     -0.000943
   2.541     -0.000878
   2.549     -0.000815
   2.558     -0.000755
   2.567     -0.000699
   2.575     -0.000645
   2.584     -0.000594
   2.593     -0.000545
   2.601     -0.000499
   2.610     -0.000455
   2.619     -0.000414
   2.627     -0.000375
   2.636     -0.000337
   2.645     -0.000302
   2.653     -0.000269
   2.662     -0.000238
   2.670     -0.000208
   2.679     -0.000180
   2.688     -0.000154
   2.696     -0.000130
   2.705     -0.000106
   2.714     -0.000085
   2.722     -0.000064
   2.731     -0.000045
   2.740     -0.000028
   2.748     -0.000011
   2.757      0.000005
   2.766      0.000019
   2.774      0.000033
   2.783      0.000045
   2.791      0.000057
   2.800      0.000067
   2.809      0.000077
   2.817      0.000086
   2.826      0.000095
   2.835      0.000102
   2.843      0.000109
   2.852      0.000116
   2.861      0.000122
   2.869      0.000127
   2.878      0.000132
   2.887      0.000136
   2.895      0.000140
   2.904      0.000144
   2.912      0.000147
   2.921      0.000149
   2.930      0.000152
   2.938      0.000154
   2.947      0.000156
   2.956      0.000157
   2.964      0.000159
   2.973      0.000160
   2.982      0.000161
   2.990      0.000161
   2.999      0.000162
   3.008      0.000162
   3.016      0.000163
   3.025      0.000163
   3.033      0.000163
   3.042      0.000163
   3.051      0.000163
   3.059      0.000163
   3.068      0.000162
   3.077      0.000162
   3.085      0.000162
   3.094      0.000161
   3.103      0.000161
   3.111      0.000161
   3.120      0.000160
   3.129      0.000160
   3.137      0.000159
   3.146      0.000159
   3.154      0.000159
   3.163      0.000158
   3.172      0.000158
   3.180      0.000157
   3.189      0.000157
   3.198      0.000156
   3.206      0.000156
   3.215      0.000156
   3.224      0.000155
   3.232      0.000155
   3.241      0.000154
   3.250      0.000154
   3.258      0.000153
   3.267      0.000153
   3.275      0.000153
   3.284      0.000152
   3.293      0.000152
   3.301      0.000151
   3.310      0.000151
   3.319      0.000151
   3.327      0.000150
   3.336      0.000150
   3.345      0.000150
   3.353      0.000149
   3.362      0.000149
   3.371      0.000148
   3.379      0.000148
   3.388      0.000148
   3.396      0.000147
   3.405      0.000147
   3.414      0.000146
   3.422      0.000146
   3.431      0.000146
   3.440      0.000145
