   0.000      0.937706
   0.009      0.937692
   0.017      0.937651
   0.026      0.937583
   0.035      0.937487
   0.043      0.937364
   0.052      0.937213
   0.060      0.937035
   0.069      0.936829
   0.078      0.936596
   0.086      0.936335
   0.095      0.936047
   0.104      0.935731
   0.112      0.935387
   0.121      0.935016
   0.130      0.934616
   0.138      0.934189
   0.147      0.933734
   0.156      0.933251
   0.164      0.932740
   0.173      0.932200
   0.181      0.931632
   0.190      0.931035
   0.199      0.930410
   0.207      0.929756
   0.216      0.929072
   0.225      0.928360
   0.233      0.927617
   0.242      0.926845
   0.251      0.926043
   0.259      0.925211
   0.268      0.924349
   0.277      0.923455
   0.285      0.922531
   0.294      0.921575
   0.302      0.920588
   0.311      0.919570
   0.320      0.918519
   0.328      0.917436
   0.337      0.916320
   0.346      0.915171
   0.354      0.913989
   0.363      0.912774
   0.372      0.911524
   0.380      0.910241
   0.389      0.908923
   0.398      0.907570
   0.406      0.906182
   0.415      0.904759
   0.423      0.903300
   0.432      0.901805
   0.441      0.900274
   0.449      0.898707
   0.458      0.897103
   0.467      0.895461
   0.475      0.893782
   0.484      0.892066
   0.493      0.890312
   0.501      0.888520
   0.510      0.886690
   0.519      0.884821
   0.527      0.882914
   0.536      0.880968
   0.544      0.878983
   0.553      0.876959
   0.562      0.874896
   0.570      0.872794
   0.579      0.870652
   0.588      0.868472
   0.596      0.866252
   0.605      0.863993
   0.614      0.861696
   0.622      0.859359
   0.631      0.856983
   0.640      0.854569
   0.648      0.852116
   0.657      0.849626
   0.665      0.847097
   0.674      0.844531
   0.683      0.841927
   0.691      0.839287
   0.700      0.836611
   0.709      0.833899
   0.717      0.831152
   0.726      0.828370
   0.735      0.825554
   0.743      0.822704
   0.752      0.819822
   0.761      0.816909
   0.769      0.813964
   0.778      0.810989
   0.786      0.807985
   0.795      0.804953
   0.804      0.801894
   0.812      0.798808
   0.821      0.795697
   0.830      0.792562
   0.838      0.789404
   0.847      0.786225
   0.856      0.783025
   0.864      0.779806
   0.873      0.776569
   0.882      0.773316
   0.890      0.770048
   0.899      0.766765
   0.907      0.763471
   0.916      0.760165
   0.925      0.756850
   0.933      0.753527
   0.942      0.750197
   0.951      0.746862
   0.959      0.743524
   0.968      0.740183
   0.977      0.736842
   0.985      0.733501
   0.994      0.730163
   1.003      0.726828
   1.011      0.723499
   1.020      0.720176
   1.028      0.716860
   1.037      0.713554
   1.046      0.710259
   1.054      0.706976
   1.063      0.703705
   1.072      0.700449
   1.080      0.697209
   1.089      0.693985
   1.098      0.690780
   1.106      0.687593
   1.115      0.684426
   1.124      0.681280
   1.132      0.678156
   1.141      0.675055
   1.149      0.671977
   1.158      0.668924
   1.167      0.665896
   1.175      0.662894
   1.184      0.659918
   1.193      0.656969
   1.201      0.654048
   1.210      0.651155
   1.219      0.648290
   1.227      0.645455
   1.236      0.642648
   1.244      0.639871
   1.253      0.637123
   1.262      0.634406
   1.270      0.631718
   1.279      0.629061
   1.288      0.626433
   1.296      0.623836
   1.305      0.621269
   1.314      0.618732
   1.322      0.616225
   1.331      0.613748
   1.340      0.611301
   1.348      0.608883
   1.357      0.606494
   1.365      0.604134
   1.374      0.601803
   1.383      0.599500
   1.391      0.597226
   1.400      0.594979
   1.409      0.592759
   1.417      0.590566
   1.426      0.588400
   1.435      0.586260
   1.443      0.584145
   1.452      0.582055
   1.461      0.579991
   1.469      0.577950
   1.478      0.575933
   1.486      0.573940
   1.495      0.571969
   1.504      0.570020
   1.512      0.568093
   1.521      0.566188
   1.530      0.564302
   1.538      0.562437
   1.547      0.560592
   1.556      0.558765
   1.564      0.556957
   1.573      0.555167
   1.582      0.553394
   1.590      0.551639
   1.599      0.549899
   1.607      0.548175
   1.616      0.546467
   1.625      0.544773
   1.633      0.543094
   1.642      0.541428
   1.651      0.539775
   1.659      0.538136
   1.668      0.536508
   1.677      0.534892
   1.685      0.533288
   1.694      0.531694
   1.703      0.530111
   1.711      0.528537
   1.720      0.526973
   1.728      0.525418
   1.737      0.523871
   1.746      0.522333
   1.754      0.520802
   1.763      0.519279
   1.772      0.517763
   1.780      0.516253
   1.789      0.514750
   1.798      0.513252
   1.806      0.511761
   1.815      0.510274
   1.824      0.508792
   1.832      0.507315
   1.841      0.505843
   1.849      0.504374
   1.858      0.502909
   1.867      0.501448
   1.875      0.499990
   1.884      0.498535
   1.893      0.497083
   1.901      0.495634
   1.910      0.494187
   1.919      0.492742
   1.927      0.491299
   1.936      0.489858
   1.945      0.488419
   1.953      0.486982
   1.962      0.485546
   1.970      0.484111
   1.979      0.482678
   1.988      0.481246
   1.996      0.479814
   2.005      0.478384
   2.014      0.476955
   2.022      0.475526
   2.031      0.474099
   2.040      0.472672
   2.048      0.471246
   2.057      0.469820
   2.066      0.468395
   2.074      0.466971
   2.083      0.465547
   2.091      0.464124
   2.100      0.462702
   2.109      0.461280
   2.117      0.459859
   2.126      0.458439
   2.135      0.457020
   2.143      0.455601
   2.152      0.454183
   2.161      0.452767
   2.169      0.451351
   2.178      0.449936
   2.187      0.448523
   2.195      0.447111
   2.204      0.445700
   2.212      0.444290
   2.221      0.442882
   2.230      0.441475
   2.238      0.440071
   2.247      0.438668
   2.256      0.437266
   2.264      0.435867
   2.273      0.434470
   2.282      0.433075
   2.290      0.431683
   2.299      0.430293
   2.308      0.428905
   2.316      0.427520
   2.325      0.426138
   2.333      0.424758
   2.342      0.423382
   2.351      0.422009
   2.359      0.420639
   2.368      0.419272
   2.377      0.417909
   2.385      0.416549
   2.394      0.415193
   2.403      0.413840
   2.411      0.412492
   2.420      0.411148
   2.428      0.409807
   2.437      0.408471
   2.446      0.407139
   2.454      0.405812
   2.463      0.404489
   2.472      0.403171
   2.480      0.401857
   2.489      0.400549
   2.498      0.399245
   2.506      0.397946
   2.515      0.396652
   2.524      0.395363
   2.532      0.394080
   2.541      0.392801
   2.549      0.391529
   2.558      0.390261
   2.567      0.388999
   2.575      0.387743
   2.584      0.386492
   2.593      0.385247
   2.601      0.384008
   2.610      0.382774
   2.619      0.381546
   2.627      0.380324
   2.636      0.379108
   2.645      0.377899
   2.653      0.376695
   2.662      0.375497
   2.670      0.374305
   2.679      0.373119
   2.688      0.371939
   2.696      0.370766
   2.705      0.369598
   2.714      0.368437
   2.722      0.367282
   2.731      0.366133
   2.740      0.364990
   2.748      0.363854
   2.757      0.362724
   2.766      0.361600
   2.774      0.360482
   2.783      0.359370
   2.791      0.358265
   2.800      0.357165
   2.809      0.356072
   2.817      0.354985
   2.826      0.353904
   2.835      0.352830
   2.843      0.351761
   2.852      0.350699
   2.861      0.349642
   2.869      0.348592
   2.878      0.347547
   2.887      0.346509
   2.895      0.345476
   2.904      0.344450
   2.912      0.343429
   2.921      0.342414
   2.930      0.341405
   2.938      0.340402
   2.947      0.339405
   2.956      0.338413
   2.964      0.337427
   2.973      0.336446
   2.982      0.335472
   2.990      0.334502
   2.999      0.333539
   3.008      0.332581
   3.016      0.331628
   3.025      0.330680
   3.033      0.329738
   3.042      0.328802
   3.051      0.327870
   3.059      0.326944
   3.068      0.326023
   3.077      0.325108
   3.085      0.324197
   3.094      0.323291
   3.103      0.322391
   3.111      0.321495
   3.120      0.320605
   3.129      0.319719
   3.137      0.318838
   3.146      0.317962
   3.154      0.317091
   3.163      0.316225
   3.172      0.315363
   3.180      0.314506
   3.189      0.313654
   3.198      0.312806
   3.206      0.311963
   3.215      0.311124
   3.224      0.310290
   3.232      0.309461
   3.241      0.308635
   3.250      0.307815
   3.258      0.306998
   3.267      0.306186
   3.275      0.305378
   3.284      0.304574
   3.293      0.303775
   3.301      0.302980
   3.310      0.302189
   3.319      0.301402
   3.327      0.300619
   3.336      0.299840
   3.345      0.299065
   3.353      0.298295
   3.362      0.297528
   3.371      0.296765
   3.379      0.296006
   3.388      0.295251
   3.396      0.294500
   3.405      0.293752
   3.414      0.293008
   3.422      0.292268
   3.431      0.291532
   3.440      0.290800
