   0.006      0.000282
   0.013      0.003238
   0.019      0.006194
   0.026      0.009251
   0.033      0.012321
   0.039      0.015394
   0.045      0.018467
   0.052      0.021541
   0.058      0.024614
   0.065      0.027687
   0.071      0.030759
   0.078      0.033830
   0.084      0.036900
   0.091      0.039969
   0.097      0.043036
   0.104      0.046103
   0.111      0.049168
   0.117      0.052232
   0.123      0.055294
   0.130      0.058355
   0.136      0.061415
   0.143      0.064473
   0.149      0.067530
   0.156      0.070585
   0.163      0.073639
   0.169      0.076690
   0.175      0.079741
   0.182      0.082789
   0.189      0.085836
   0.195      0.088881
   0.201      0.091924
   0.208      0.094965
   0.214      0.098004
   0.221      0.101041
   0.227      0.104077
   0.234      0.107110
   0.240      0.110141
   0.247      0.113170
   0.254      0.116197
   0.260      0.119221
   0.267      0.122244
   0.273      0.125264
   0.279      0.128281
   0.286      0.131297
   0.292      0.134310
   0.299      0.137320
   0.305      0.140328
   0.312      0.143333
   0.319      0.146335
   0.325      0.149335
   0.331      0.152332
   0.338      0.155326
   0.344      0.158317
   0.351      0.161306
   0.357      0.164291
   0.364      0.167274
   0.370      0.170253
   0.377      0.173229
   0.384      0.176202
   0.390      0.179171
   0.396      0.182137
   0.403      0.185100
   0.409      0.188059
   0.416      0.191015
   0.422      0.193967
   0.429      0.196915
   0.435      0.199860
   0.442      0.202801
   0.448      0.205738
   0.455      0.208671
   0.461      0.211600
   0.468      0.214525
   0.474      0.217446
   0.481      0.220363
   0.487      0.223275
   0.494      0.226183
   0.500      0.229087
   0.507      0.231986
   0.513      0.234880
   0.520      0.237770
   0.526      0.240655
   0.533      0.243535
   0.539      0.246411
   0.546      0.249281
   0.552      0.252147
   0.559      0.255007
   0.566      0.257863
   0.572      0.260713
   0.579      0.263558
   0.585      0.266397
   0.592      0.269231
   0.598      0.272059
   0.604      0.274882
   0.611      0.277699
   0.617      0.280510
   0.624      0.283316
   0.630      0.286116
   0.637      0.288909
   0.643      0.291697
   0.650      0.294478
   0.656      0.297253
   0.663      0.300022
   0.669      0.302784
   0.676      0.305540
   0.682      0.308289
   0.689      0.311032
   0.696      0.313768
   0.702      0.316497
   0.709      0.319220
   0.715      0.321935
   0.721      0.324643
   0.728      0.327345
   0.734      0.330039
   0.741      0.332725
   0.747      0.335405
   0.754      0.338077
   0.760      0.340741
   0.767      0.343398
   0.773      0.346047
   0.780      0.348689
   0.786      0.351322
   0.793      0.353948
   0.799      0.356566
   0.806      0.359175
   0.812      0.361776
   0.819      0.364370
   0.826      0.366954
   0.832      0.369531
   0.838      0.372099
   0.845      0.374658
   0.851      0.377209
   0.858      0.379750
   0.864      0.382284
   0.871      0.384808
   0.877      0.387323
   0.884      0.389829
   0.890      0.392326
   0.897      0.394814
   0.903      0.397292
   0.910      0.399761
   0.916      0.402221
   0.923      0.404671
   0.929      0.407111
   0.936      0.409541
   0.943      0.411962
   0.949      0.414373
   0.955      0.416774
   0.962      0.419165
   0.968      0.421546
   0.975      0.423917
   0.981      0.426277
   0.988      0.428627
   0.994      0.430966
   1.001      0.433296
   1.008      0.435614
   1.014      0.437922
   1.020      0.440219
   1.027      0.442505
   1.033      0.444780
   1.040      0.447045
   1.046      0.449298
   1.053      0.451540
   1.059      0.453771
   1.066      0.455990
   1.073      0.458199
   1.079      0.460396
   1.085      0.462581
   1.092      0.464755
   1.099      0.466917
   1.105      0.469067
   1.111      0.471206
   1.118      0.473332
   1.125      0.475447
   1.131      0.477550
   1.137      0.479641
   1.144      0.481719
   1.150      0.483785
   1.157      0.485839
   1.163      0.487881
   1.170      0.489910
   1.176      0.491927
   1.183      0.493931
   1.190      0.495922
   1.196      0.497901
   1.202      0.499867
   1.209      0.501820
   1.216      0.503761
   1.222      0.505688
   1.228      0.507602
   1.235      0.509504
   1.242      0.511392
   1.248      0.513267
   1.254      0.515128
   1.261      0.516976
   1.267      0.518811
   1.274      0.520633
   1.280      0.522441
   1.287      0.524235
   1.293      0.526016
   1.300      0.527783
   1.306      0.529536
   1.313      0.531276
   1.319      0.533002
   1.326      0.534714
   1.333      0.536412
   1.339      0.538096
   1.345      0.539766
   1.352      0.541421
   1.359      0.543063
   1.365      0.544691
   1.371      0.546304
   1.378      0.547903
   1.384      0.549488
   1.391      0.551058
   1.397      0.552614
   1.404      0.554155
   1.410      0.555682
   1.417      0.557194
   1.423      0.558692
   1.430      0.560175
   1.436      0.561644
   1.443      0.563098
   1.450      0.564537
   1.456      0.565961
   1.462      0.567371
   1.469      0.568765
   1.476      0.570145
   1.482      0.571510
   1.488      0.572860
   1.495      0.574195
   1.501      0.575515
   1.508      0.576820
   1.514      0.578110
   1.521      0.579385
   1.527      0.580645
   1.534      0.581890
   1.540      0.583120
   1.547      0.584334
   1.553      0.585533
   1.560      0.586718
   1.567      0.587887
   1.573      0.589041
   1.579      0.590179
   1.586      0.591303
   1.593      0.592411
   1.599      0.593504
   1.605      0.594582
   1.612      0.595644
   1.618      0.596691
   1.625      0.597724
   1.631      0.598740
   1.638      0.599742
   1.644      0.600728
   1.651      0.601699
   1.657      0.602655
   1.664      0.603596
   1.670      0.604522
   1.677      0.605432
   1.683      0.606327
   1.690      0.607207
   1.696      0.608072
   1.703      0.608922
   1.710      0.609756
   1.716      0.610576
   1.722      0.611380
   1.729      0.612170
   1.735      0.612945
   1.742      0.613704
   1.748      0.614449
   1.755      0.615178
   1.761      0.615893
   1.768      0.616593
   1.774      0.617279
   1.781      0.617949
   1.787      0.618605
   1.794      0.619246
   1.800      0.619872
   1.807      0.620484
   1.813      0.621081
   1.820      0.621664
   1.827      0.622232
   1.833      0.622786
   1.839      0.623326
   1.846      0.623851
   1.852      0.624361
   1.859      0.624857
   1.865      0.625340
   1.872      0.625807
   1.878      0.626261
   1.885      0.626700
   1.891      0.627126
   1.898      0.627537
   1.904      0.627934
   1.911      0.628317
   1.917      0.628686
   1.924      0.629041
   1.930      0.629382
   1.937      0.629709
   1.944      0.630023
   1.950      0.630322
   1.956      0.630608
   1.963      0.630880
   1.969      0.631138
   1.976      0.631383
   1.982      0.631613
   1.989      0.631831
   1.995      0.632034
   2.002      0.632224
   2.008      0.632401
   2.015      0.632564
   2.022      0.632713
   2.028      0.632850
   2.034      0.632973
   2.041      0.633082
   2.047      0.633179
   2.054      0.633262
   2.060      0.633332
   2.067      0.633389
   2.074      0.633432
   2.080      0.633463
   2.087      0.633481
   2.093      0.633486
   2.099      0.633478
   2.106      0.633457
   2.112      0.633423
   2.119      0.633376
   2.125      0.633317
   2.132      0.633245
   2.139      0.633161
   2.145      0.633064
   2.151      0.632954
   2.158      0.632832
   2.164      0.632698
   2.171      0.632551
   2.177      0.632392
   2.184      0.632221
   2.191      0.632037
   2.197      0.631841
   2.204      0.631634
   2.210      0.631414
   2.216      0.631182
   2.223      0.630939
   2.229      0.630683
   2.236      0.630416
   2.242      0.630137
   2.249      0.629846
   2.256      0.629544
   2.262      0.629230
   2.268      0.628905
   2.275      0.628568
   2.281      0.628220
   2.288      0.627861
   2.294      0.627490
   2.301      0.627108
   2.308      0.626715
   2.314      0.626311
   2.321      0.625896
   2.327      0.625470
   2.333      0.625033
   2.340      0.624586
   2.346      0.624128
   2.353      0.623659
   2.359      0.623179
   2.366      0.622689
   2.373      0.622189
   2.379      0.621678
   2.385      0.621157
   2.392      0.620625
   2.398      0.620084
   2.405      0.619532
   2.411      0.618970
   2.418      0.618399
   2.425      0.617817
   2.431      0.617226
   2.438      0.616625
   2.444      0.616014
   2.450      0.615394
   2.457      0.614764
   2.463      0.614124
   2.470      0.613476
   2.476      0.612817
   2.483      0.612150
   2.490      0.611474
   2.496      0.610788
   2.502      0.610093
   2.509      0.609390
   2.515      0.608677
   2.522      0.607956
   2.528      0.607226
   2.535      0.606488
   2.542      0.605740
   2.548      0.604985
   2.554      0.604221
   2.561      0.603448
   2.567      0.602667
   2.574      0.601878
   2.580      0.601081
   2.587      0.600276
   2.593      0.599463
   2.600      0.598642
   2.607      0.597813
   2.613      0.596976
   2.619      0.596131
   2.626      0.595279
   2.632      0.594420
   2.639      0.593553
   2.645      0.592678
   2.652      0.591796
   2.659      0.590907
   2.665      0.590011
   2.671      0.589107
   2.678      0.588197
   2.684      0.587279
   2.691      0.586355
   2.697      0.585424
   2.704      0.584486
   2.710      0.583541
   2.717      0.582590
   2.724      0.581632
   2.730      0.580667
   2.736      0.579697
   2.743      0.578719
   2.749      0.577736
   2.756      0.576746
   2.762      0.575751
   2.769      0.574749
   2.776      0.573741
   2.782      0.572727
   2.788      0.571708
   2.795      0.570682
   2.801      0.569651
   2.808      0.568614
   2.814      0.567572
   2.821      0.566524
   2.827      0.565470
   2.834      0.564411
   2.841      0.563347
   2.847      0.562277
   2.853      0.561203
   2.860      0.560123
   2.866      0.559038
   2.873      0.557948
   2.879      0.556853
   2.886      0.555753
   2.893      0.554648
   2.899      0.553538
   2.905      0.552424
   2.912      0.551305
   2.918      0.550182
   2.925      0.549054
   2.931      0.547921
   2.938      0.546784
   2.944      0.545643
   2.951      0.544497
   2.958      0.543347
   2.964      0.542193
   2.970      0.541035
   2.977      0.539872
   2.983      0.538706
   2.990      0.537536
   2.996      0.536362
   3.003      0.535183
   3.010      0.534002
   3.016      0.532816
   3.022      0.531627
   3.029      0.530434
   3.035      0.529237
   3.042      0.528037
   3.048      0.526833
   3.055      0.525626
   3.061      0.524416
   3.068      0.523202
   3.075      0.521985
   3.081      0.520765
   3.087      0.519541
   3.094      0.518315
   3.100      0.517085
   3.107      0.515852
   3.113      0.514617
   3.120      0.513378
   3.127      0.512136
   3.133      0.510892
   3.139      0.509645
   3.146      0.508395
   3.152      0.507142
   3.159      0.505887
   3.165      0.504629
   3.172      0.503369
   3.178      0.502105
   3.185      0.500840
   3.192      0.499572
   3.198      0.498302
   3.204      0.497029
   3.211      0.495754
   3.217      0.494477
   3.224      0.493197
   3.230      0.491915
   3.237      0.490631
   3.244      0.489345
   3.250      0.488057
   3.256      0.486767
   3.263      0.485475
   3.269      0.484181
   3.276      0.482885
   3.282      0.481587
   3.289      0.480287
   3.295      0.478986
   3.302      0.477683
   3.308      0.476378
   3.315      0.475071
   3.321      0.473763
   3.328      0.472453
   3.334      0.471141
   3.341      0.469828
   3.347      0.468514
   3.354      0.467198
   3.361      0.465880
   3.367      0.464561
   3.373      0.463241
   3.380      0.461920
   3.386      0.460597
   3.393      0.459273
   3.399      0.457947
   3.406      0.456621
   3.412      0.455293
   3.419      0.453964
   3.425      0.452634
   3.432      0.451303
   3.438      0.449971
   3.445      0.448638
   3.451      0.447304
   3.458      0.445969
   3.464      0.444633
   3.471      0.443296
   3.478      0.441958
   3.484      0.440619
   3.490      0.439280
   3.497      0.437940
   3.503      0.436599
   3.510      0.435257
   3.516      0.433915
   3.523      0.432572
   3.529      0.431229
   3.536      0.429884
   3.542      0.428540
   3.549      0.427194
   3.555      0.425848
   3.562      0.424502
   3.568      0.423155
   3.575      0.421808
   3.581      0.420460
   3.588      0.419112
   3.595      0.417764
   3.601      0.416415
   3.607      0.415066
   3.614      0.413717
   3.620      0.412367
   3.627      0.411017
   3.633      0.409667
   3.640      0.408317
   3.646      0.406967
   3.653      0.405616
   3.659      0.404266
   3.666      0.402915
   3.672      0.401565
   3.679      0.400214
   3.685      0.398863
   3.692      0.397512
   3.698      0.396162
   3.705      0.394811
   3.712      0.393461
   3.718      0.392110
   3.724      0.390760
   3.731      0.389410
   3.737      0.388060
   3.744      0.386710
   3.750      0.385361
   3.757      0.384012
   3.763      0.382663
   3.770      0.381314
   3.776      0.379966
   3.783      0.378618
   3.789      0.377270
   3.796      0.375923
   3.802      0.374577
   3.809      0.373230
   3.815      0.371884
   3.822      0.370539
   3.829      0.369194
   3.835      0.367850
   3.841      0.366506
   3.848      0.365163
   3.854      0.363820
   3.861      0.362479
   3.867      0.361137
   3.874      0.359797
   3.880      0.358457
   3.887      0.357117
   3.893      0.355779
   3.900      0.354441
   3.906      0.353104
   3.913      0.351768
   3.919      0.350432
   3.926      0.349098
   3.932      0.347764
   3.939      0.346431
   3.946      0.345099
   3.952      0.343768
   3.958      0.342438
   3.965      0.341109
   3.971      0.339780
   3.978      0.338453
   3.984      0.337127
   3.991      0.335802
   3.997      0.334478
   4.004      0.333155
   4.010      0.331833
   4.017      0.330512
   4.023      0.329192
   4.030      0.327873
   4.037      0.326556
   4.043      0.325240
   4.050      0.323925
   4.056      0.322611
   4.062      0.321299
   4.069      0.319987
   4.075      0.318677
   4.082      0.317369
   4.088      0.316061
   4.095      0.314755
   4.101      0.313450
   4.108      0.312147
   4.114      0.310845
   4.121      0.309545
   4.127      0.308245
   4.134      0.306948
   4.140      0.305652
   4.147      0.304357
   4.154      0.303064
   4.160      0.301772
   4.167      0.300482
   4.173      0.299193
   4.179      0.297906
   4.186      0.296621
   4.192      0.295337
   4.199      0.294054
   4.205      0.292774
   4.212      0.291495
   4.218      0.290217
   4.225      0.288942
   4.231      0.287668
   4.238      0.286395
   4.244      0.285125
   4.251      0.283856
   4.257      0.282589
   4.264      0.281324
   4.271      0.280060
   4.277      0.278798
   4.284      0.277538
   4.290      0.276280
   4.296      0.275024
   4.303      0.273770
   4.309      0.272517
   4.316      0.271267
   4.322      0.270018
   4.329      0.268771
   4.335      0.267527
   4.342      0.266284
   4.348      0.265043
   4.355      0.263804
   4.361      0.262567
   4.368      0.261332
   4.374      0.260099
   4.381      0.258868
   4.388      0.257639
   4.394      0.256413
   4.401      0.255188
   4.407      0.253965
   4.413      0.252745
   4.420      0.251526
   4.426      0.250310
   4.433      0.249096
   4.439      0.247884
   4.446      0.246674
   4.452      0.245466
   4.459      0.244260
   4.465      0.243057
   4.472      0.241856
   4.478      0.240657
   4.485      0.239460
   4.491      0.238266
   4.498      0.237074
   4.505      0.235884
   4.511      0.234696
   4.518      0.233511
   4.524      0.232328
   4.530      0.231147
   4.537      0.229969
   4.543      0.228792
   4.550      0.227619
   4.556      0.226447
   4.563      0.225278
   4.569      0.224111
   4.576      0.222947
   4.582      0.221785
   4.589      0.220626
   4.595      0.219469
   4.602      0.218314
   4.608      0.217162
   4.615      0.216012
   4.622      0.214864
   4.628      0.213720
   4.635      0.212577
   4.641      0.211437
   4.647      0.210300
   4.654      0.209165
   4.660      0.208032
   4.667      0.206902
   4.673      0.205775
   4.680      0.204650
   4.686      0.203527
   4.693      0.202408
   4.699      0.201290
   4.706      0.200176
   4.712      0.199063
   4.719      0.197954
   4.725      0.196847
   4.732      0.195742
   4.739      0.194641
   4.745      0.193541
   4.752      0.192445
   4.758      0.191351
   4.764      0.190259
   4.771      0.189171
   4.777      0.188085
   4.784      0.187001
   4.790      0.185920
   4.797      0.184842
   4.803      0.183767
   4.810      0.182694
   4.816      0.181624
   4.823      0.180557
   4.829      0.179492
   4.836      0.178430
   4.842      0.177371
   4.849      0.176314
   4.856      0.175260
   4.862      0.174209
   4.869      0.173161
   4.875      0.172115
   4.881      0.171072
   4.888      0.170032
   4.894      0.168994
   4.901      0.167960
   4.907      0.166928
   4.914      0.165899
   4.920      0.164872
   4.927      0.163849
   4.933      0.162828
   4.940      0.161810
   4.946      0.160794
   4.953      0.159782
   4.959      0.158772
   4.966      0.157765
   4.973      0.156761
   4.979      0.155760
   4.986      0.154761
   4.992      0.153766
   4.998      0.152773
   5.005      0.151783
   5.011      0.150796
   5.018      0.149812
   5.024      0.148830
   5.031      0.147851
   5.037      0.146876
   5.044      0.145903
   5.050      0.144932
   5.057      0.143965
   5.063      0.143001
   5.070      0.142039
   5.076      0.141081
   5.083      0.140125
   5.090      0.139172
   5.096      0.138222
   5.103      0.137274
   5.109      0.136330
   5.115      0.135389
   5.122      0.134450
   5.128      0.133514
   5.135      0.132581
   5.141      0.131652
   5.148      0.130724
   5.154      0.129800
   5.161      0.128879
   5.167      0.127961
   5.174      0.127045
   5.180      0.126133
   5.187      0.125223
   5.193      0.124316
   5.200      0.123412
   5.207      0.122511
   5.213      0.121613
   5.220      0.120718
   5.226      0.119826
   5.232      0.118937
   5.239      0.118050
   5.245      0.117167
   5.252      0.116286
   5.258      0.115409
   5.265      0.114534
   5.271      0.113662
   5.278      0.112793
   5.284      0.111927
   5.291      0.111064
   5.297      0.110204
   5.304      0.109347
   5.310      0.108493
   5.317      0.107641
   5.324      0.106793
   5.330      0.105947
   5.337      0.105105
   5.343      0.104265
   5.349      0.103429
   5.356      0.102595
   5.362      0.101764
   5.369      0.100936
   5.375      0.100111
   5.382      0.099289
   5.388      0.098470
   5.395      0.097654
   5.401      0.096841
   5.408      0.096030
   5.414      0.095223
   5.421      0.094419
   5.427      0.093617
   5.434      0.092818
   5.441      0.092023
   5.447      0.091230
   5.454      0.090440
   5.460      0.089654
   5.466      0.088870
   5.473      0.088089
   5.479      0.087311
   5.486      0.086536
   5.492      0.085764
   5.499      0.084995
   5.505      0.084228
   5.512      0.083465
   5.518      0.082705
   5.525      0.081947
   5.531      0.081193
   5.538      0.080441
   5.544      0.079693
   5.551      0.078947
   5.558      0.078204
   5.564      0.077464
   5.571      0.076728
   5.577      0.075994
   5.583      0.075263
   5.590      0.074535
   5.596      0.073809
   5.603      0.073087
   5.609      0.072368
   5.616      0.071652
   5.622      0.070938
   5.629      0.070228
   5.635      0.069520
   5.642      0.068816
   5.648      0.068114
   5.655      0.067415
   5.661      0.066719
   5.668      0.066026
   5.675      0.065336
   5.681      0.064649
   5.688      0.063965
   5.694      0.063284
   5.700      0.062606
   5.707      0.061930
   5.713      0.061258
   5.720      0.060588
   5.726      0.059922
   5.733      0.059258
   5.739      0.058597
   5.746      0.057939
   5.752      0.057284
   5.759      0.056632
   5.765      0.055983
   5.772      0.055337
   5.778      0.054693
   5.785      0.054053
   5.792      0.053415
   5.798      0.052781
   5.804      0.052149
   5.811      0.051520
   5.817      0.050894
   5.824      0.050271
   5.830      0.049650
   5.837      0.049033
   5.843      0.048418
   5.850      0.047806
   5.856      0.047197
   5.863      0.046591
   5.869      0.045988
   5.876      0.045388
   5.882      0.044790
   5.889      0.044196
   5.895      0.043604
   5.902      0.043015
   5.909      0.042428
   5.915      0.041845
   5.921      0.041264
   5.928      0.040686
   5.934      0.040111
   5.941      0.039538
   5.947      0.038969
   5.954      0.038402
   5.960      0.037838
   5.967      0.037276
   5.973      0.036717
   5.980      0.036161
   5.986      0.035607
   5.993      0.035056
   5.999      0.034507
   6.006      0.033963
   6.012      0.033421
   6.019      0.032881
   6.026      0.032345
   6.032      0.031812
   6.038      0.031281
   6.045      0.030754
   6.051      0.030229
   6.058      0.029707
   6.064      0.029188
   6.071      0.028671
   6.077      0.028157
   6.084      0.027647
   6.090      0.027139
   6.097      0.026633
   6.103      0.026131
   6.110      0.025631
   6.116      0.025134
   6.123      0.024640
   6.129      0.024148
   6.136      0.023659
   6.143      0.023173
   6.149      0.022690
   6.155      0.022209
   6.162      0.021731
   6.168      0.021256
   6.175      0.020783
   6.181      0.020313
   6.188      0.019846
   6.194      0.019381
   6.201      0.018919
   6.207      0.018460
   6.214      0.018003
   6.220      0.017549
   6.227      0.017097
   6.233      0.016648
   6.240      0.016202
   6.246      0.015758
   6.253      0.015317
   6.260      0.014878
   6.266      0.014442
   6.272      0.014009
   6.279      0.013578
   6.285      0.013149
   6.292      0.012723
   6.298      0.012300
   6.305      0.011879
   6.311      0.011460
   6.318      0.011044
   6.324      0.010631
   6.331      0.010220
   6.337      0.009811
   6.344      0.009405
   6.350      0.009001
   6.357      0.008600
   6.363      0.008201
   6.370      0.007804
   6.377      0.007410
   6.383      0.007019
   6.389      0.006629
   6.396      0.006242
   6.402      0.005857
   6.409      0.005475
   6.415      0.005095
   6.422      0.004717
   6.428      0.004341
   6.435      0.003968
   6.441      0.003597
   6.448      0.003228
   6.454      0.002861
   6.461      0.002497
   6.467      0.002134
   6.474      0.001774
   6.480      0.001416
   6.487      0.001059
   6.494      0.000705
   6.500      0.000352
   6.506      0.000000
