   0.006      0.447459
   0.013      0.447433
   0.019      0.447406
   0.026      0.447390
   0.033      0.447386
   0.039      0.447396
   0.045      0.447420
   0.052      0.447458
   0.058      0.447510
   0.065      0.447576
   0.071      0.447657
   0.078      0.447752
   0.084      0.447862
   0.091      0.447986
   0.097      0.448126
   0.104      0.448280
   0.111      0.448450
   0.117      0.448635
   0.123      0.448835
   0.130      0.449051
   0.136      0.449282
   0.143      0.449529
   0.149      0.449792
   0.156      0.450071
   0.163      0.450366
   0.169      0.450677
   0.175      0.451005
   0.182      0.451348
   0.189      0.451708
   0.195      0.452084
   0.201      0.452477
   0.208      0.452886
   0.214      0.453312
   0.221      0.453754
   0.227      0.454213
   0.234      0.454688
   0.240      0.455180
   0.247      0.455689
   0.254      0.456214
   0.260      0.456756
   0.267      0.457315
   0.273      0.457890
   0.279      0.458482
   0.286      0.459091
   0.292      0.459716
   0.299      0.460358
   0.305      0.461016
   0.312      0.461692
   0.319      0.462383
   0.325      0.463092
   0.331      0.463817
   0.338      0.464558
   0.344      0.465316
   0.351      0.466091
   0.357      0.466882
   0.364      0.467690
   0.370      0.468514
   0.377      0.469354
   0.384      0.470211
   0.390      0.471084
   0.396      0.471973
   0.403      0.472879
   0.409      0.473800
   0.416      0.474738
   0.422      0.475693
   0.429      0.476663
   0.435      0.477649
   0.442      0.478652
   0.448      0.479670
   0.455      0.480705
   0.461      0.481755
   0.468      0.482821
   0.474      0.483903
   0.481      0.485001
   0.487      0.486115
   0.494      0.487244
   0.500      0.488389
   0.507      0.489550
   0.513      0.490726
   0.520      0.491918
   0.526      0.493125
   0.533      0.494348
   0.539      0.495586
   0.546      0.496839
   0.552      0.498107
   0.559      0.499391
   0.566      0.500690
   0.572      0.502004
   0.579      0.503333
   0.585      0.504676
   0.592      0.506035
   0.598      0.507408
   0.604      0.508797
   0.611      0.510199
   0.617      0.511617
   0.624      0.513049
   0.630      0.514495
   0.637      0.515956
   0.643      0.517430
   0.650      0.518919
   0.656      0.520423
   0.663      0.521940
   0.669      0.523471
   0.676      0.525015
   0.682      0.526574
   0.689      0.528146
   0.696      0.529731
   0.702      0.531330
   0.709      0.532942
   0.715      0.534567
   0.721      0.536205
   0.728      0.537857
   0.734      0.539520
   0.741      0.541197
   0.747      0.542886
   0.754      0.544587
   0.760      0.546301
   0.767      0.548027
   0.773      0.549764
   0.780      0.551514
   0.786      0.553275
   0.793      0.555047
   0.799      0.556831
   0.806      0.558626
   0.812      0.560432
   0.819      0.562249
   0.826      0.564077
   0.832      0.565915
   0.838      0.567763
   0.845      0.569621
   0.851      0.571489
   0.858      0.573367
   0.864      0.575255
   0.871      0.577151
   0.877      0.579057
   0.884      0.580972
   0.890      0.582895
   0.897      0.584827
   0.903      0.586767
   0.910      0.588715
   0.916      0.590671
   0.923      0.592634
   0.929      0.594605
   0.936      0.596582
   0.943      0.598566
   0.949      0.600557
   0.955      0.602554
   0.962      0.604557
   0.968      0.606566
   0.975      0.608581
   0.981      0.610600
   0.988      0.612624
   0.994      0.614653
   1.001      0.616687
   1.008      0.618724
   1.014      0.620765
   1.020      0.622810
   1.027      0.624857
   1.033      0.626908
   1.040      0.628961
   1.046      0.631016
   1.053      0.633074
   1.059      0.635132
   1.066      0.637192
   1.073      0.639253
   1.079      0.641315
   1.085      0.643376
   1.092      0.645438
   1.099      0.647499
   1.105      0.649560
   1.111      0.651619
   1.118      0.653677
   1.125      0.655733
   1.131      0.657787
   1.137      0.659838
   1.144      0.661886
   1.150      0.663931
   1.157      0.665973
   1.163      0.668010
   1.170      0.670043
   1.176      0.672071
   1.183      0.674094
   1.190      0.676111
   1.196      0.678123
   1.202      0.680128
   1.209      0.682127
   1.216      0.684118
   1.222      0.686102
   1.228      0.688078
   1.235      0.690046
   1.242      0.692005
   1.248      0.693956
   1.254      0.695896
   1.261      0.697827
   1.267      0.699748
   1.274      0.701658
   1.280      0.703557
   1.287      0.705445
   1.293      0.707321
   1.300      0.709185
   1.306      0.711036
   1.313      0.712874
   1.319      0.714699
   1.326      0.716510
   1.333      0.718307
   1.339      0.720089
   1.345      0.721856
   1.352      0.723608
   1.359      0.725345
   1.365      0.727065
   1.371      0.728769
   1.378      0.730456
   1.384      0.732126
   1.391      0.733778
   1.397      0.735412
   1.404      0.737028
   1.410      0.738625
   1.417      0.740203
   1.423      0.741762
   1.430      0.743301
   1.436      0.744820
   1.443      0.746319
   1.450      0.747796
   1.456      0.749253
   1.462      0.750688
   1.469      0.752102
   1.476      0.753493
   1.482      0.754862
   1.488      0.756208
   1.495      0.757532
   1.501      0.758832
   1.508      0.760108
   1.514      0.761361
   1.521      0.762589
   1.527      0.763793
   1.534      0.764973
   1.540      0.766127
   1.547      0.767257
   1.553      0.768361
   1.560      0.769439
   1.567      0.770492
   1.573      0.771518
   1.579      0.772519
   1.586      0.773492
   1.593      0.774440
   1.599      0.775360
   1.605      0.776254
   1.612      0.777120
   1.618      0.777959
   1.625      0.778770
   1.631      0.779554
   1.638      0.780311
   1.644      0.781039
   1.651      0.781740
   1.657      0.782412
   1.664      0.783057
   1.670      0.783673
   1.677      0.784261
   1.683      0.784820
   1.690      0.785351
   1.696      0.785854
   1.703      0.786328
   1.710      0.786774
   1.716      0.787192
   1.722      0.787580
   1.729      0.787941
   1.735      0.788272
   1.742      0.788576
   1.748      0.788851
   1.755      0.789097
   1.761      0.789315
   1.768      0.789505
   1.774      0.789666
   1.781      0.789800
   1.787      0.789905
   1.794      0.789982
   1.800      0.790031
   1.807      0.790053
   1.813      0.790046
   1.820      0.790012
   1.827      0.789951
   1.833      0.789862
   1.839      0.789746
   1.846      0.789602
   1.852      0.789432
   1.859      0.789235
   1.865      0.789011
   1.872      0.788760
   1.878      0.788483
   1.885      0.788179
   1.891      0.787850
   1.898      0.787494
   1.904      0.787113
   1.911      0.786706
   1.917      0.786273
   1.924      0.785815
   1.930      0.785332
   1.937      0.784824
   1.944      0.784291
   1.950      0.783734
   1.956      0.783152
   1.963      0.782546
   1.969      0.781916
   1.976      0.781262
   1.982      0.780585
   1.989      0.779884
   1.995      0.779160
   2.002      0.778413
   2.008      0.777644
   2.015      0.776852
   2.022      0.776038
   2.028      0.775201
   2.034      0.774343
   2.041      0.773464
   2.047      0.772563
   2.054      0.771641
   2.060      0.770698
   2.067      0.769734
   2.074      0.768750
   2.080      0.767746
   2.087      0.766723
   2.093      0.765679
   2.099      0.764616
   2.106      0.763534
   2.112      0.762433
   2.119      0.761313
   2.125      0.760175
   2.132      0.759019
   2.139      0.757845
   2.145      0.756654
   2.151      0.755445
   2.158      0.754218
   2.164      0.752975
   2.171      0.751716
   2.177      0.750439
   2.184      0.749147
   2.191      0.747839
   2.197      0.746515
   2.204      0.745176
   2.210      0.743822
   2.216      0.742453
   2.223      0.741069
   2.229      0.739671
   2.236      0.738259
   2.242      0.736833
   2.249      0.735393
   2.256      0.733940
   2.262      0.732473
   2.268      0.730994
   2.275      0.729502
   2.281      0.727998
   2.288      0.726481
   2.294      0.724953
   2.301      0.723412
   2.308      0.721860
   2.314      0.720297
   2.321      0.718723
   2.327      0.717138
   2.333      0.715542
   2.340      0.713936
   2.346      0.712320
   2.353      0.710694
   2.359      0.709058
   2.366      0.707413
   2.373      0.705758
   2.379      0.704095
   2.385      0.702422
   2.392      0.700741
   2.398      0.699051
   2.405      0.697353
   2.411      0.695646
   2.418      0.693932
   2.425      0.692211
   2.431      0.690481
   2.438      0.688745
   2.444      0.687001
   2.450      0.685250
   2.457      0.683493
   2.463      0.681729
   2.470      0.679958
   2.476      0.678182
   2.483      0.676399
   2.490      0.674611
   2.496      0.672816
   2.502      0.671016
   2.509      0.669211
   2.515      0.667401
   2.522      0.665585
   2.528      0.663765
   2.535      0.661939
   2.542      0.660109
   2.548      0.658275
   2.554      0.656437
   2.561      0.654594
   2.567      0.652747
   2.574      0.650896
   2.580      0.649042
   2.587      0.647184
   2.593      0.645322
   2.600      0.643457
   2.607      0.641589
   2.613      0.639718
   2.619      0.637844
   2.626      0.635967
   2.632      0.634088
   2.639      0.632205
   2.645      0.630321
   2.652      0.628434
   2.659      0.626544
   2.665      0.624653
   2.671      0.622759
   2.678      0.620864
   2.684      0.618967
   2.691      0.617068
   2.697      0.615168
   2.704      0.613266
   2.710      0.611363
   2.717      0.609458
   2.724      0.607553
   2.730      0.605646
   2.736      0.603738
   2.743      0.601829
   2.749      0.599920
   2.756      0.598010
   2.762      0.596099
   2.769      0.594187
   2.776      0.592276
   2.782      0.590363
   2.788      0.588451
   2.795      0.586538
   2.801      0.584625
   2.808      0.582713
   2.814      0.580800
   2.821      0.578887
   2.827      0.576974
   2.834      0.575062
   2.841      0.573150
   2.847      0.571239
   2.853      0.569328
   2.860      0.567417
   2.866      0.565507
   2.873      0.563598
   2.879      0.561690
   2.886      0.559782
   2.893      0.557875
   2.899      0.555969
   2.905      0.554064
   2.912      0.552161
   2.918      0.550258
   2.925      0.548356
   2.931      0.546456
   2.938      0.544557
   2.944      0.542660
   2.951      0.540763
   2.958      0.538869
   2.964      0.536975
   2.970      0.535084
   2.977      0.533194
   2.983      0.531305
   2.990      0.529419
   2.996      0.527534
   3.003      0.525651
   3.010      0.523769
   3.016      0.521890
   3.022      0.520012
   3.029      0.518137
   3.035      0.516264
   3.042      0.514392
   3.048      0.512523
   3.055      0.510656
   3.061      0.508791
   3.068      0.506929
   3.075      0.505068
   3.081      0.503210
   3.087      0.501355
   3.094      0.499502
   3.100      0.497651
   3.107      0.495803
   3.113      0.493957
   3.120      0.492114
   3.127      0.490274
   3.133      0.488436
   3.139      0.486600
   3.146      0.484768
   3.152      0.482938
   3.159      0.481111
   3.165      0.479287
   3.172      0.477465
   3.178      0.475647
   3.185      0.473831
   3.192      0.472018
   3.198      0.470208
   3.204      0.468401
   3.211      0.466597
   3.217      0.464797
   3.224      0.462999
   3.230      0.461204
   3.237      0.459412
   3.244      0.457624
   3.250      0.455838
   3.256      0.454056
   3.263      0.452277
   3.269      0.450501
   3.276      0.448728
   3.282      0.446959
   3.289      0.445193
   3.295      0.443430
   3.302      0.441671
   3.308      0.439915
   3.315      0.438162
   3.321      0.436412
   3.328      0.434667
   3.334      0.432924
   3.341      0.431185
   3.347      0.429449
   3.354      0.427717
   3.361      0.425988
   3.367      0.424263
   3.373      0.422541
   3.380      0.420823
   3.386      0.419109
   3.393      0.417398
   3.399      0.415690
   3.406      0.413986
   3.412      0.412286
   3.419      0.410590
   3.425      0.408897
   3.432      0.407207
   3.438      0.405522
   3.445      0.403840
   3.451      0.402161
   3.458      0.400487
   3.464      0.398816
   3.471      0.397149
   3.478      0.395485
   3.484      0.393825
   3.490      0.392169
   3.497      0.390517
   3.503      0.388869
   3.510      0.387224
   3.516      0.385583
   3.523      0.383946
   3.529      0.382313
   3.536      0.380684
   3.542      0.379058
   3.549      0.377436
   3.555      0.375818
   3.562      0.374204
   3.568      0.372594
   3.575      0.370987
   3.581      0.369385
   3.588      0.367786
   3.595      0.366191
   3.601      0.364600
   3.607      0.363013
   3.614      0.361430
   3.620      0.359850
   3.627      0.358275
   3.633      0.356703
   3.640      0.355136
   3.646      0.353572
   3.653      0.352012
   3.659      0.350456
   3.666      0.348904
   3.672      0.347356
   3.679      0.345812
   3.685      0.344272
   3.692      0.342736
   3.698      0.341203
   3.705      0.339675
   3.712      0.338150
   3.718      0.336630
   3.724      0.335113
   3.731      0.333600
   3.737      0.332092
   3.744      0.330587
   3.750      0.329086
   3.757      0.327589
   3.763      0.326096
   3.770      0.324607
   3.776      0.323122
   3.783      0.321640
   3.789      0.320163
   3.796      0.318690
   3.802      0.317220
   3.809      0.315755
   3.815      0.314293
   3.822      0.312836
   3.829      0.311382
   3.835      0.309932
   3.841      0.308486
   3.848      0.307044
   3.854      0.305606
   3.861      0.304172
   3.867      0.302742
   3.874      0.301316
   3.880      0.299894
   3.887      0.298475
   3.893      0.297061
   3.900      0.295650
   3.906      0.294243
   3.913      0.292840
   3.919      0.291442
   3.926      0.290047
   3.932      0.288655
   3.939      0.287268
   3.946      0.285885
   3.952      0.284505
   3.958      0.283129
   3.965      0.281758
   3.971      0.280390
   3.978      0.279026
   3.984      0.277665
   3.991      0.276309
   3.997      0.274956
   4.004      0.273608
   4.010      0.272263
   4.017      0.270922
   4.023      0.269585
   4.030      0.268251
   4.037      0.266922
   4.043      0.265596
   4.050      0.264274
   4.056      0.262956
   4.062      0.261641
   4.069      0.260331
   4.075      0.259024
   4.082      0.257721
   4.088      0.256421
   4.095      0.255126
   4.101      0.253834
   4.108      0.252546
   4.114      0.251262
   4.121      0.249981
   4.127      0.248704
   4.134      0.247431
   4.140      0.246162
   4.147      0.244896
   4.154      0.243634
   4.160      0.242376
   4.167      0.241121
   4.173      0.239870
   4.179      0.238623
   4.186      0.237379
   4.192      0.236139
   4.199      0.234903
   4.205      0.233670
   4.212      0.232441
   4.218      0.231216
   4.225      0.229994
   4.231      0.228776
   4.238      0.227561
   4.244      0.226350
   4.251      0.225143
   4.257      0.223939
   4.264      0.222738
   4.271      0.221542
   4.277      0.220349
   4.284      0.219159
   4.290      0.217973
   4.296      0.216790
   4.303      0.215611
   4.309      0.214436
   4.316      0.213264
   4.322      0.212096
   4.329      0.210931
   4.335      0.209769
   4.342      0.208611
   4.348      0.207456
   4.355      0.206305
   4.361      0.205158
   4.368      0.204013
   4.374      0.202873
   4.381      0.201735
   4.388      0.200601
   4.394      0.199471
   4.401      0.198343
   4.407      0.197220
   4.413      0.196099
   4.420      0.194982
   4.426      0.193869
   4.433      0.192758
   4.439      0.191651
   4.446      0.190548
   4.452      0.189447
   4.459      0.188350
   4.465      0.187256
   4.472      0.186166
   4.478      0.185079
   4.485      0.183995
   4.491      0.182914
   4.498      0.181837
   4.505      0.180763
   4.511      0.179692
   4.518      0.178624
   4.524      0.177560
   4.530      0.176499
   4.537      0.175441
   4.543      0.174386
   4.550      0.173334
   4.556      0.172286
   4.563      0.171240
   4.569      0.170198
   4.576      0.169159
   4.582      0.168123
   4.589      0.167091
   4.595      0.166061
   4.602      0.165035
   4.608      0.164011
   4.615      0.162991
   4.622      0.161973
   4.628      0.160959
   4.635      0.159948
   4.641      0.158940
   4.647      0.157935
   4.654      0.156933
   4.660      0.155934
   4.667      0.154938
   4.673      0.153945
   4.680      0.152955
   4.686      0.151968
   4.693      0.150984
   4.699      0.150003
   4.706      0.149024
   4.712      0.148049
   4.719      0.147077
   4.725      0.146107
   4.732      0.145141
   4.739      0.144177
   4.745      0.143217
   4.752      0.142259
   4.758      0.141304
   4.764      0.140352
   4.771      0.139403
   4.777      0.138456
   4.784      0.137513
   4.790      0.136572
   4.797      0.135634
   4.803      0.134699
   4.810      0.133767
   4.816      0.132837
   4.823      0.131910
   4.829      0.130986
   4.836      0.130065
   4.842      0.129146
   4.849      0.128231
   4.856      0.127317
   4.862      0.126407
   4.869      0.125499
   4.875      0.124594
   4.881      0.123692
   4.888      0.122793
   4.894      0.121896
   4.901      0.121001
   4.907      0.120110
   4.914      0.119221
   4.920      0.118334
   4.927      0.117450
   4.933      0.116569
   4.940      0.115691
   4.946      0.114815
   4.953      0.113941
   4.959      0.113070
   4.966      0.112202
   4.973      0.111336
   4.979      0.110473
   4.986      0.109612
   4.992      0.108754
   4.998      0.107898
   5.005      0.107045
   5.011      0.106195
   5.018      0.105346
   5.024      0.104501
   5.031      0.103657
   5.037      0.102816
   5.044      0.101978
   5.050      0.101142
   5.057      0.100308
   5.063      0.099477
   5.070      0.098649
   5.076      0.097822
   5.083      0.096998
   5.090      0.096177
   5.096      0.095357
   5.103      0.094541
   5.109      0.093726
   5.115      0.092914
   5.122      0.092104
   5.128      0.091296
   5.135      0.090491
   5.141      0.089688
   5.148      0.088887
   5.154      0.088089
   5.161      0.087293
   5.167      0.086499
   5.174      0.085707
   5.180      0.084918
   5.187      0.084131
   5.193      0.083346
   5.200      0.082563
   5.207      0.081783
   5.213      0.081005
   5.220      0.080229
   5.226      0.079455
   5.232      0.078683
   5.239      0.077913
   5.245      0.077146
   5.252      0.076381
   5.258      0.075617
   5.265      0.074856
   5.271      0.074097
   5.278      0.073341
   5.284      0.072586
   5.291      0.071833
   5.297      0.071083
   5.304      0.070334
   5.310      0.069588
   5.317      0.068843
   5.324      0.068101
   5.330      0.067361
   5.337      0.066623
   5.343      0.065887
   5.349      0.065152
   5.356      0.064420
   5.362      0.063690
   5.369      0.062962
   5.375      0.062236
   5.382      0.061511
   5.388      0.060789
   5.395      0.060069
   5.401      0.059350
   5.408      0.058634
   5.414      0.057919
   5.421      0.057207
   5.427      0.056496
   5.434      0.055787
   5.441      0.055081
   5.447      0.054376
   5.454      0.053672
   5.460      0.052971
   5.466      0.052272
   5.473      0.051574
   5.479      0.050879
   5.486      0.050185
   5.492      0.049493
   5.499      0.048803
   5.505      0.048115
   5.512      0.047428
   5.518      0.046744
   5.525      0.046061
   5.531      0.045380
   5.538      0.044700
   5.544      0.044023
   5.551      0.043347
   5.558      0.042673
   5.564      0.042001
   5.571      0.041330
   5.577      0.040662
   5.583      0.039995
   5.590      0.039329
   5.596      0.038666
   5.603      0.038004
   5.609      0.037344
   5.616      0.036685
   5.622      0.036029
   5.629      0.035373
   5.635      0.034720
   5.642      0.034068
   5.648      0.033418
   5.655      0.032770
   5.661      0.032123
   5.668      0.031478
   5.675      0.030834
   5.681      0.030192
   5.688      0.029552
   5.694      0.028913
   5.700      0.028276
   5.707      0.027641
   5.713      0.027007
   5.720      0.026375
   5.726      0.025744
   5.733      0.025115
   5.739      0.024487
   5.746      0.023861
   5.752      0.023237
   5.759      0.022614
   5.765      0.021992
   5.772      0.021372
   5.778      0.020754
   5.785      0.020137
   5.792      0.019521
   5.798      0.018908
   5.804      0.018295
   5.811      0.017684
   5.817      0.017075
   5.824      0.016467
   5.830      0.015860
   5.837      0.015255
   5.843      0.014651
   5.850      0.014049
   5.856      0.013448
   5.863      0.012848
   5.869      0.012250
   5.876      0.011654
   5.882      0.011058
   5.889      0.010464
   5.895      0.009872
   5.902      0.009281
   5.909      0.008691
   5.915      0.008102
   5.921      0.007515
   5.928      0.006929
   5.934      0.006345
   5.941      0.005762
   5.947      0.005180
   5.954      0.004599
   5.960      0.004020
   5.967      0.003442
   5.973      0.002865
   5.980      0.002290
   5.986      0.001715
   5.993      0.001142
   5.999      0.000571
   6.006      0.000000
