   0.000      0.548267
   0.009      0.548267
   0.018      0.548267
   0.027      0.548267
   0.036      0.548267
   0.045      0.548267
   0.054      0.548267
   0.063      0.548267
   0.072      0.548267
   0.081      0.548267
   0.090      0.548266
   0.099      0.548266
   0.108      0.548266
   0.118      0.548266
   0.127      0.548266
   0.136      0.548265
   0.145      0.548265
   0.154      0.548264
   0.163      0.548263
   0.172      0.548263
   0.181      0.548262
   0.190      0.548260
   0.199      0.548259
   0.208      0.548258
   0.217      0.548256
   0.226      0.548254
   0.235      0.548252
   0.244      0.548249
   0.253      0.548246
   0.262      0.548243
   0.271      0.548240
   0.280      0.548236
   0.289      0.548231
   0.298      0.548227
   0.307      0.548221
   0.316      0.548216
   0.325      0.548210
   0.335      0.548203
   0.344      0.548195
   0.353      0.548187
   0.362      0.548178
   0.371      0.548169
   0.380      0.548159
   0.389      0.548148
   0.398      0.548136
   0.407      0.548123
   0.416      0.548109
   0.425      0.548094
   0.434      0.548078
   0.443      0.548061
   0.452      0.548043
   0.461      0.548024
   0.470      0.548003
   0.479      0.547981
   0.488      0.547958
   0.497      0.547933
   0.506      0.547907
   0.515      0.547879
   0.524      0.547849
   0.533      0.547818
   0.542      0.547785
   0.552      0.547750
   0.561      0.547713
   0.570      0.547673
   0.579      0.547632
   0.588      0.547589
   0.597      0.547543
   0.606      0.547495
   0.615      0.547444
   0.624      0.547391
   0.633      0.547335
   0.642      0.547276
   0.651      0.547215
   0.660      0.547151
   0.669      0.547083
   0.678      0.547012
   0.687      0.546939
   0.696      0.546861
   0.705      0.546781
   0.714      0.546696
   0.723      0.546608
   0.732      0.546516
   0.741      0.546421
   0.750      0.546321
   0.759      0.546217
   0.769      0.546109
   0.778      0.545996
   0.787      0.545879
   0.796      0.545758
   0.805      0.545631
   0.814      0.545500
   0.823      0.545364
   0.832      0.545223
   0.841      0.545076
   0.850      0.544924
   0.859      0.544767
   0.868      0.544604
   0.877      0.544435
   0.886      0.544261
   0.895      0.544081
   0.904      0.543894
   0.913      0.543702
   0.922      0.543503
   0.931      0.543297
   0.940      0.543086
   0.949      0.542867
   0.958      0.542642
   0.967      0.542409
   0.976      0.542170
   0.985      0.541924
   0.995      0.541670
   1.004      0.541409
   1.013      0.541141
   1.022      0.540865
   1.031      0.540581
   1.040      0.540290
   1.049      0.539990
   1.058      0.539683
   1.067      0.539368
   1.076      0.539044
   1.085      0.538712
   1.094      0.538372
   1.103      0.538023
   1.112      0.537666
   1.121      0.537300
   1.130      0.536926
   1.139      0.536543
   1.148      0.536151
   1.157      0.535750
   1.166      0.535339
   1.175      0.534920
   1.184      0.534492
   1.193      0.534055
   1.202      0.533608
   1.212      0.533152
   1.221      0.532686
   1.230      0.532212
   1.239      0.531727
   1.248      0.531234
   1.257      0.530730
   1.266      0.530218
   1.275      0.529695
   1.284      0.529163
   1.293      0.528621
   1.302      0.528070
   1.311      0.527509
   1.320      0.526938
   1.329      0.526357
   1.338      0.525767
   1.347      0.525167
   1.356      0.524557
   1.365      0.523937
   1.374      0.523308
   1.383      0.522669
   1.392      0.522020
   1.401      0.521361
   1.410      0.520693
   1.419      0.520015
   1.429      0.519327
   1.438      0.518630
   1.447      0.517923
   1.456      0.517207
   1.465      0.516481
   1.474      0.515745
   1.483      0.515000
   1.492      0.514246
   1.501      0.513482
   1.510      0.512709
   1.519      0.511927
   1.528      0.511135
   1.537      0.510334
   1.546      0.509524
   1.555      0.508706
   1.564      0.507878
   1.573      0.507041
   1.582      0.506195
   1.591      0.505341
   1.600      0.504478
   1.609      0.503606
   1.618      0.502726
   1.627      0.501837
   1.636      0.500940
   1.646      0.500035
   1.655      0.499121
   1.664      0.498199
   1.673      0.497270
   1.682      0.496332
   1.691      0.495387
   1.700      0.494434
   1.709      0.493473
   1.718      0.492504
   1.727      0.491529
   1.736      0.490545
   1.745      0.489555
   1.754      0.488558
   1.763      0.487553
   1.772      0.486542
   1.781      0.485524
   1.790      0.484499
   1.799      0.483468
   1.808      0.482430
   1.817      0.481385
   1.826      0.480335
   1.835      0.479279
   1.844      0.478216
   1.853      0.477148
   1.862      0.476073
   1.872      0.474994
   1.881      0.473908
   1.890      0.472818
   1.899      0.471722
   1.908      0.470621
   1.917      0.469514
   1.926      0.468403
   1.935      0.467287
   1.944      0.466167
   1.953      0.465042
   1.962      0.463912
   1.971      0.462779
   1.980      0.461641
   1.989      0.460499
   1.998      0.459353
   2.007      0.458203
   2.016      0.457050
   2.025      0.455893
   2.034      0.454733
   2.043      0.453569
   2.052      0.452403
   2.061      0.451233
   2.070      0.450060
   2.079      0.448885
   2.089      0.447706
   2.098      0.446526
   2.107      0.445343
   2.116      0.444157
   2.125      0.442969
   2.134      0.441780
   2.143      0.440588
   2.152      0.439395
   2.161      0.438199
   2.170      0.437003
   2.179      0.435804
   2.188      0.434605
   2.197      0.433404
   2.206      0.432202
   2.215      0.430999
   2.224      0.429795
   2.233      0.428590
   2.242      0.427385
   2.251      0.426179
   2.260      0.424973
   2.269      0.423766
   2.278      0.422559
   2.287      0.421352
   2.296      0.420145
   2.306      0.418938
   2.315      0.417732
   2.324      0.416525
   2.333      0.415319
   2.342      0.414114
   2.351      0.412909
   2.360      0.411704
   2.369      0.410501
   2.378      0.409298
   2.387      0.408097
   2.396      0.406896
   2.405      0.405697
   2.414      0.404499
   2.423      0.403303
   2.432      0.402108
   2.441      0.400914
   2.450      0.399722
   2.459      0.398532
   2.468      0.397343
   2.477      0.396157
   2.486      0.394972
   2.495      0.393790
   2.504      0.392609
   2.513      0.391431
   2.523      0.390255
   2.532      0.389082
   2.541      0.387911
   2.550      0.386742
   2.559      0.385576
   2.568      0.384413
   2.577      0.383252
   2.586      0.382094
   2.595      0.380939
   2.604      0.379787
   2.613      0.378638
   2.622      0.377492
   2.631      0.376350
   2.640      0.375210
   2.649      0.374073
   2.658      0.372940
   2.667      0.371810
   2.676      0.370684
   2.685      0.369561
   2.694      0.368442
   2.703      0.367326
   2.712      0.366213
   2.721      0.365105
   2.730      0.364000
   2.739      0.362899
   2.749      0.361801
   2.758      0.360708
   2.767      0.359618
   2.776      0.358532
   2.785      0.357450
   2.794      0.356373
   2.803      0.355299
   2.812      0.354229
   2.821      0.353163
   2.830      0.352102
   2.839      0.351045
   2.848      0.349991
   2.857      0.348943
   2.866      0.347898
   2.875      0.346857
   2.884      0.345821
   2.893      0.344790
   2.902      0.343762
   2.911      0.342739
   2.920      0.341720
   2.929      0.340706
   2.938      0.339696
   2.947      0.338691
   2.956      0.337690
   2.966      0.336694
   2.975      0.335702
   2.984      0.334714
   2.993      0.333731
   3.002      0.332753
   3.011      0.331779
   3.020      0.330810
   3.029      0.329845
   3.038      0.328885
   3.047      0.327929
   3.056      0.326978
   3.065      0.326031
   3.074      0.325089
   3.083      0.324152
   3.092      0.323219
   3.101      0.322290
   3.110      0.321367
   3.119      0.320448
   3.128      0.319533
   3.137      0.318623
   3.146      0.317717
   3.155      0.316816
   3.164      0.315920
   3.173      0.315028
   3.183      0.314140
   3.192      0.313257
   3.201      0.312379
   3.210      0.311505
   3.219      0.310635
   3.228      0.309770
   3.237      0.308910
   3.246      0.308053
   3.255      0.307202
   3.264      0.306354
   3.273      0.305511
   3.282      0.304673
   3.291      0.303838
   3.300      0.303008
   3.309      0.302182
   3.318      0.301361
   3.327      0.300544
   3.336      0.299731
   3.345      0.298922
   3.354      0.298118
   3.363      0.297318
   3.372      0.296521
   3.381      0.295730
   3.390      0.294942
   3.399      0.294158
   3.409      0.293378
   3.418      0.292603
   3.427      0.291831
   3.436      0.291063
   3.445      0.290300
   3.454      0.289540
   3.463      0.288784
   3.472      0.288032
   3.481      0.287284
   3.490      0.286540
   3.499      0.285800
   3.508      0.285063
   3.517      0.284330
   3.526      0.283601
   3.535      0.282876
   3.544      0.282154
   3.553      0.281437
   3.562      0.280722
   3.571      0.280012
   3.580      0.279304
   3.589      0.278601
   3.598      0.277901
