   0.000      0.861059
   0.009      0.860390
   0.018      0.859218
   0.027      0.857451
   0.036      0.855092
   0.045      0.852133
   0.054      0.848576
   0.063      0.844414
   0.072      0.839653
   0.081      0.834292
   0.090      0.828342
   0.099      0.821805
   0.108      0.814689
   0.118      0.807002
   0.127      0.798749
   0.136      0.789935
   0.145      0.780569
   0.154      0.770658
   0.163      0.760212
   0.172      0.749241
   0.181      0.737759
   0.190      0.725776
   0.199      0.713306
   0.208      0.700360
   0.217      0.686951
   0.226      0.673089
   0.235      0.658784
   0.244      0.644046
   0.253      0.628884
   0.262      0.613305
   0.271      0.597317
   0.280      0.580927
   0.289      0.564139
   0.298      0.546962
   0.307      0.529399
   0.316      0.511455
   0.325      0.493136
   0.335      0.474448
   0.344      0.455393
   0.353      0.435980
   0.362      0.416212
   0.371      0.396095
   0.380      0.375636
   0.389      0.354842
   0.398      0.333718
   0.407      0.312275
   0.416      0.290520
   0.425      0.268462
   0.434      0.246113
   0.443      0.223482
   0.452      0.200581
   0.461      0.177425
   0.470      0.154028
   0.479      0.130403
   0.488      0.106567
   0.497      0.082539
   0.506      0.058338
   0.515      0.033984
   0.524      0.009498
   0.533     -0.015095
   0.542     -0.039770
   0.552     -0.064501
   0.561     -0.089259
   0.570     -0.114014
   0.579     -0.138729
   0.588     -0.163313
   0.597     -0.187759
   0.606     -0.212080
   0.615     -0.236213
   0.624     -0.260107
   0.633     -0.283716
   0.642     -0.306989
   0.651     -0.329873
   0.660     -0.352310
   0.669     -0.374241
   0.678     -0.395606
   0.687     -0.416342
   0.696     -0.436384
   0.705     -0.455671
   0.714     -0.474141
   0.723     -0.491739
   0.732     -0.508412
   0.741     -0.524127
   0.750     -0.538859
   0.759     -0.552606
   0.769     -0.565383
   0.778     -0.577192
   0.787     -0.588043
   0.796     -0.597945
   0.805     -0.606906
   0.814     -0.614935
   0.823     -0.622045
   0.832     -0.628246
   0.841     -0.633550
   0.850     -0.637970
   0.859     -0.641521
   0.868     -0.644218
   0.877     -0.646075
   0.886     -0.647111
   0.895     -0.647342
   0.904     -0.646787
   0.913     -0.645467
   0.922     -0.643400
   0.931     -0.640610
   0.940     -0.637118
   0.949     -0.632947
   0.958     -0.628121
   0.967     -0.622666
   0.976     -0.616606
   0.985     -0.609970
   0.995     -0.602782
   1.004     -0.595073
   1.013     -0.586869
   1.022     -0.578200
   1.031     -0.569095
   1.040     -0.559585
   1.049     -0.549698
   1.058     -0.539467
   1.067     -0.528921
   1.076     -0.518091
   1.085     -0.507009
   1.094     -0.495703
   1.103     -0.484206
   1.112     -0.472547
   1.121     -0.460756
   1.130     -0.448863
   1.139     -0.436897
   1.148     -0.424885
   1.157     -0.412857
   1.166     -0.400838
   1.175     -0.388854
   1.184     -0.376930
   1.193     -0.365092
   1.202     -0.353362
   1.212     -0.341760
   1.221     -0.330309
   1.230     -0.319028
   1.239     -0.307934
   1.248     -0.297045
   1.257     -0.286376
   1.266     -0.275941
   1.275     -0.265752
   1.284     -0.255822
   1.293     -0.246159
   1.302     -0.236773
   1.311     -0.227670
   1.320     -0.218857
   1.329     -0.210337
   1.338     -0.202113
   1.347     -0.194189
   1.356     -0.186563
   1.365     -0.179237
   1.374     -0.172207
   1.383     -0.165471
   1.392     -0.159027
   1.401     -0.152868
   1.410     -0.146990
   1.419     -0.141387
   1.429     -0.136052
   1.438     -0.130976
   1.447     -0.126152
   1.456     -0.121573
   1.465     -0.117228
   1.474     -0.113108
   1.483     -0.109204
   1.492     -0.105506
   1.501     -0.102006
   1.510     -0.098690
   1.519     -0.095552
   1.528     -0.092581
   1.537     -0.089767
   1.546     -0.087100
   1.555     -0.084571
   1.564     -0.082171
   1.573     -0.079892
   1.582     -0.077724
   1.591     -0.075659
   1.600     -0.073690
   1.609     -0.071810
   1.618     -0.070010
   1.627     -0.068284
   1.636     -0.066627
   1.646     -0.065031
   1.655     -0.063493
   1.664     -0.062006
   1.673     -0.060565
   1.682     -0.059168
   1.691     -0.057809
   1.700     -0.056485
   1.709     -0.055194
   1.718     -0.053931
   1.727     -0.052695
   1.736     -0.051484
   1.745     -0.050295
   1.754     -0.049127
   1.763     -0.047978
   1.772     -0.046847
   1.781     -0.045732
   1.790     -0.044635
   1.799     -0.043553
   1.808     -0.042486
   1.817     -0.041434
   1.826     -0.040396
   1.835     -0.039372
   1.844     -0.038363
   1.853     -0.037368
   1.862     -0.036386
   1.872     -0.035419
   1.881     -0.034467
   1.890     -0.033529
   1.899     -0.032605
   1.908     -0.031697
   1.917     -0.030803
   1.926     -0.029925
   1.935     -0.029062
   1.944     -0.028215
   1.953     -0.027383
   1.962     -0.026568
   1.971     -0.025768
   1.980     -0.024984
   1.989     -0.024217
   1.998     -0.023465
   2.007     -0.022730
   2.016     -0.022011
   2.025     -0.021308
   2.034     -0.020621
   2.043     -0.019950
   2.052     -0.019295
   2.061     -0.018656
   2.070     -0.018032
   2.079     -0.017424
   2.089     -0.016831
   2.098     -0.016253
   2.107     -0.015691
   2.116     -0.015143
   2.125     -0.014609
   2.134     -0.014090
   2.143     -0.013585
   2.152     -0.013094
   2.161     -0.012617
   2.170     -0.012152
   2.179     -0.011701
   2.188     -0.011263
   2.197     -0.010838
   2.206     -0.010424
   2.215     -0.010023
   2.224     -0.009634
   2.233     -0.009256
   2.242     -0.008890
   2.251     -0.008535
   2.260     -0.008190
   2.269     -0.007857
   2.278     -0.007533
   2.287     -0.007220
   2.296     -0.006916
   2.306     -0.006623
   2.315     -0.006338
   2.324     -0.006063
   2.333     -0.005797
   2.342     -0.005539
   2.351     -0.005290
   2.360     -0.005050
   2.369     -0.004817
   2.378     -0.004592
   2.387     -0.004375
   2.396     -0.004165
   2.405     -0.003963
   2.414     -0.003767
   2.423     -0.003579
   2.432     -0.003397
   2.441     -0.003221
   2.450     -0.003052
   2.459     -0.002889
   2.468     -0.002732
   2.477     -0.002581
   2.486     -0.002436
   2.495     -0.002296
   2.504     -0.002161
   2.513     -0.002032
   2.523     -0.001907
   2.532     -0.001788
   2.541     -0.001673
   2.550     -0.001563
   2.559     -0.001457
   2.568     -0.001355
   2.577     -0.001258
   2.586     -0.001165
   2.595     -0.001076
   2.604     -0.000990
   2.613     -0.000908
   2.622     -0.000830
   2.631     -0.000755
   2.640     -0.000684
   2.649     -0.000615
   2.658     -0.000550
   2.667     -0.000488
   2.676     -0.000429
   2.685     -0.000372
   2.694     -0.000319
   2.703     -0.000268
   2.712     -0.000219
   2.721     -0.000173
   2.730     -0.000129
   2.739     -0.000088
   2.749     -0.000048
   2.758     -0.000011
   2.767      0.000024
   2.776      0.000058
   2.785      0.000089
   2.794      0.000119
   2.803      0.000147
   2.812      0.000173
   2.821      0.000198
   2.830      0.000222
   2.839      0.000243
   2.848      0.000264
   2.857      0.000283
   2.866      0.000301
   2.875      0.000318
   2.884      0.000333
   2.893      0.000348
   2.902      0.000361
   2.911      0.000374
   2.920      0.000385
   2.929      0.000396
   2.938      0.000405
   2.947      0.000414
   2.956      0.000423
   2.966      0.000430
   2.975      0.000437
   2.984      0.000443
   2.993      0.000448
   3.002      0.000453
   3.011      0.000458
   3.020      0.000462
   3.029      0.000465
   3.038      0.000468
   3.047      0.000471
   3.056      0.000473
   3.065      0.000475
   3.074      0.000476
   3.083      0.000478
   3.092      0.000479
   3.101      0.000479
   3.110      0.000480
   3.119      0.000480
   3.128      0.000480
   3.137      0.000480
   3.146      0.000480
   3.155      0.000479
   3.164      0.000479
   3.173      0.000478
   3.183      0.000477
   3.192      0.000476
   3.201      0.000475
   3.210      0.000474
   3.219      0.000473
   3.228      0.000472
   3.237      0.000471
   3.246      0.000470
   3.255      0.000468
   3.264      0.000467
   3.273      0.000466
   3.282      0.000465
   3.291      0.000463
   3.300      0.000462
   3.309      0.000461
   3.318      0.000460
   3.327      0.000458
   3.336      0.000457
   3.345      0.000456
   3.354      0.000455
   3.363      0.000454
   3.372      0.000452
   3.381      0.000451
   3.390      0.000450
   3.399      0.000449
   3.409      0.000448
   3.418      0.000446
   3.427      0.000445
   3.436      0.000444
   3.445      0.000443
   3.454      0.000442
   3.463      0.000440
   3.472      0.000439
   3.481      0.000438
   3.490      0.000437
   3.499      0.000436
   3.508      0.000435
   3.517      0.000434
   3.526      0.000433
   3.535      0.000431
   3.544      0.000430
   3.553      0.000429
   3.562      0.000428
   3.571      0.000427
   3.580      0.000426
   3.589      0.000425
   3.598      0.000424
