   0.007      0.000102
   0.014      0.001177
   0.020      0.002252
   0.027      0.003363
   0.034      0.004480
   0.041      0.005598
   0.048      0.006717
   0.054      0.007836
   0.061      0.008956
   0.068      0.010077
   0.075      0.011198
   0.082      0.012319
   0.088      0.013441
   0.095      0.014564
   0.102      0.015687
   0.109      0.016811
   0.116      0.017936
   0.122      0.019062
   0.129      0.020188
   0.136      0.021315
   0.143      0.022443
   0.150      0.023573
   0.156      0.024703
   0.163      0.025834
   0.170      0.026966
   0.177      0.028100
   0.184      0.029235
   0.190      0.030371
   0.197      0.031508
   0.204      0.032647
   0.211      0.033787
   0.218      0.034928
   0.224      0.036071
   0.231      0.037216
   0.238      0.038362
   0.245      0.039510
   0.252      0.040659
   0.258      0.041810
   0.265      0.042963
   0.272      0.044118
   0.279      0.045275
   0.286      0.046433
   0.292      0.047594
   0.299      0.048756
   0.306      0.049921
   0.313      0.051088
   0.320      0.052256
   0.326      0.053427
   0.333      0.054600
   0.340      0.055776
   0.347      0.056954
   0.354      0.058134
   0.360      0.059316
   0.367      0.060501
   0.374      0.061688
   0.381      0.062878
   0.388      0.064070
   0.394      0.065265
   0.401      0.066463
   0.408      0.067663
   0.415      0.068866
   0.422      0.070072
   0.428      0.071280
   0.435      0.072492
   0.442      0.073706
   0.449      0.074923
   0.456      0.076143
   0.462      0.077366
   0.469      0.078592
   0.476      0.079821
   0.483      0.081053
   0.490      0.082288
   0.496      0.083526
   0.503      0.084767
   0.510      0.086012
   0.517      0.087260
   0.524      0.088511
   0.530      0.089766
   0.537      0.091023
   0.544      0.092285
   0.551      0.093549
   0.558      0.094817
   0.564      0.096088
   0.571      0.097363
   0.578      0.098642
   0.585      0.099923
   0.592      0.101209
   0.598      0.102498
   0.605      0.103791
   0.612      0.105087
   0.619      0.106387
   0.626      0.107690
   0.632      0.108997
   0.639      0.110308
   0.646      0.111623
   0.653      0.112941
   0.660      0.114264
   0.666      0.115590
   0.673      0.116919
   0.680      0.118253
   0.687      0.119591
   0.694      0.120932
   0.700      0.122277
   0.707      0.123626
   0.714      0.124979
   0.721      0.126336
   0.728      0.127696
   0.734      0.129061
   0.741      0.130430
   0.748      0.131802
   0.755      0.133178
   0.762      0.134559
   0.768      0.135943
   0.775      0.137331
   0.782      0.138724
   0.789      0.140120
   0.796      0.141520
   0.802      0.142924
   0.809      0.144332
   0.816      0.145744
   0.823      0.147160
   0.830      0.148579
   0.836      0.150003
   0.843      0.151431
   0.850      0.152862
   0.857      0.154298
   0.864      0.155737
   0.870      0.157181
   0.877      0.158628
   0.884      0.160079
   0.891      0.161533
   0.898      0.162992
   0.904      0.164454
   0.911      0.165921
   0.918      0.167391
   0.925      0.168864
   0.932      0.170342
   0.938      0.171823
   0.945      0.173307
   0.952      0.174796
   0.959      0.176288
   0.966      0.177783
   0.972      0.179282
   0.979      0.180785
   0.986      0.182291
   0.993      0.183800
   1.000      0.185313
   1.006      0.186829
   1.013      0.188348
   1.020      0.189871
   1.027      0.191397
   1.034      0.192926
   1.040      0.194459
   1.047      0.195994
   1.054      0.197532
   1.061      0.199074
   1.068      0.200618
   1.074      0.202165
   1.081      0.203715
   1.088      0.205268
   1.095      0.206823
   1.102      0.208381
   1.108      0.209942
   1.115      0.211505
   1.122      0.213071
   1.129      0.214639
   1.136      0.216209
   1.142      0.217782
   1.149      0.219357
   1.156      0.220934
   1.163      0.222513
   1.170      0.224094
   1.176      0.225677
   1.183      0.227261
   1.190      0.228848
   1.197      0.230436
   1.204      0.232026
   1.210      0.233617
   1.217      0.235209
   1.224      0.236803
   1.231      0.238399
   1.238      0.239995
   1.244      0.241592
   1.251      0.243191
   1.258      0.244790
   1.265      0.246390
   1.272      0.247991
   1.278      0.249593
   1.285      0.251195
   1.292      0.252797
   1.299      0.254400
   1.306      0.256004
   1.312      0.257607
   1.319      0.259210
   1.326      0.260814
   1.333      0.262417
   1.340      0.264020
   1.346      0.265622
   1.353      0.267225
   1.360      0.268826
   1.367      0.270428
   1.374      0.272028
   1.380      0.273628
   1.387      0.275226
   1.394      0.276824
   1.401      0.278421
   1.408      0.280016
   1.414      0.281610
   1.421      0.283203
   1.428      0.284794
   1.435      0.286383
   1.442      0.287971
   1.448      0.289557
   1.455      0.291142
   1.462      0.292724
   1.469      0.294304
   1.476      0.295882
   1.482      0.297457
   1.489      0.299031
   1.496      0.300601
   1.503      0.302170
   1.510      0.303735
   1.516      0.305298
   1.523      0.306858
   1.530      0.308415
   1.537      0.309969
   1.544      0.311520
   1.550      0.313067
   1.557      0.314611
   1.564      0.316152
   1.571      0.317690
   1.578      0.319223
   1.584      0.320753
   1.591      0.322280
   1.598      0.323802
   1.605      0.325320
   1.612      0.326835
   1.618      0.328345
   1.625      0.329851
   1.632      0.331352
   1.639      0.332849
   1.646      0.334342
   1.652      0.335830
   1.659      0.337314
   1.666      0.338792
   1.673      0.340266
   1.680      0.341735
   1.686      0.343199
   1.693      0.344657
   1.700      0.346111
   1.707      0.347559
   1.714      0.349002
   1.720      0.350440
   1.727      0.351872
   1.734      0.353298
   1.741      0.354719
   1.748      0.356133
   1.754      0.357543
   1.761      0.358946
   1.768      0.360343
   1.775      0.361734
   1.782      0.363119
   1.788      0.364498
   1.795      0.365870
   1.802      0.367236
   1.809      0.368596
   1.816      0.369949
   1.822      0.371296
   1.829      0.372636
   1.836      0.373969
   1.843      0.375296
   1.850      0.376615
   1.856      0.377928
   1.863      0.379233
   1.870      0.380532
   1.877      0.381824
   1.884      0.383108
   1.890      0.384385
   1.897      0.385655
   1.904      0.386917
   1.911      0.388172
   1.918      0.389420
   1.924      0.390660
   1.931      0.391892
   1.938      0.393117
   1.945      0.394334
   1.952      0.395543
   1.958      0.396745
   1.965      0.397938
   1.972      0.399124
   1.979      0.400301
   1.986      0.401471
   1.992      0.402632
   1.999      0.403786
   2.006      0.404931
   2.013      0.406068
   2.020      0.407197
   2.026      0.408317
   2.033      0.409429
   2.040      0.410533
   2.047      0.411628
   2.054      0.412715
   2.060      0.413793
   2.067      0.414863
   2.074      0.415924
   2.081      0.416976
   2.088      0.418020
   2.094      0.419055
   2.101      0.420081
   2.108      0.421099
   2.115      0.422107
   2.122      0.423107
   2.128      0.424098
   2.135      0.425080
   2.142      0.426053
   2.149      0.427018
   2.156      0.427973
   2.162      0.428919
   2.169      0.429856
   2.176      0.430784
   2.183      0.431703
   2.190      0.432613
   2.196      0.433513
   2.203      0.434405
   2.210      0.435287
   2.217      0.436161
   2.224      0.437024
   2.230      0.437879
   2.237      0.438725
   2.244      0.439561
   2.251      0.440388
   2.258      0.441205
   2.264      0.442014
   2.271      0.442813
   2.278      0.443602
   2.285      0.444382
   2.292      0.445153
   2.298      0.445915
   2.305      0.446667
   2.312      0.447410
   2.319      0.448143
   2.326      0.448867
   2.332      0.449582
   2.339      0.450287
   2.346      0.450983
   2.353      0.451669
   2.360      0.452346
   2.366      0.453013
   2.373      0.453672
   2.380      0.454320
   2.387      0.454959
   2.394      0.455589
   2.400      0.456209
   2.407      0.456820
   2.414      0.457422
   2.421      0.458014
   2.428      0.458597
   2.434      0.459170
   2.441      0.459734
   2.448      0.460288
   2.455      0.460833
   2.462      0.461369
   2.468      0.461895
   2.475      0.462412
   2.482      0.462920
   2.489      0.463418
   2.496      0.463907
   2.502      0.464387
   2.509      0.464857
   2.516      0.465318
   2.523      0.465769
   2.530      0.466212
   2.536      0.466645
   2.543      0.467069
   2.550      0.467483
   2.557      0.467889
   2.564      0.468285
   2.570      0.468672
   2.577      0.469049
   2.584      0.469418
   2.591      0.469777
   2.598      0.470128
   2.604      0.470469
   2.611      0.470801
   2.618      0.471124
   2.625      0.471438
   2.632      0.471743
   2.638      0.472039
   2.645      0.472325
   2.652      0.472603
   2.659      0.472872
   2.666      0.473132
   2.672      0.473383
   2.679      0.473626
   2.686      0.473859
   2.693      0.474083
   2.700      0.474299
   2.706      0.474506
   2.713      0.474704
   2.720      0.474893
   2.727      0.475074
   2.734      0.475246
   2.740      0.475409
   2.747      0.475564
   2.754      0.475710
   2.761      0.475847
   2.768      0.475976
   2.774      0.476096
   2.781      0.476208
   2.788      0.476311
   2.795      0.476405
   2.802      0.476492
   2.808      0.476569
   2.815      0.476639
   2.822      0.476700
   2.829      0.476753
   2.836      0.476797
   2.842      0.476833
   2.849      0.476861
   2.856      0.476881
   2.863      0.476893
   2.870      0.476896
   2.876      0.476891
   2.883      0.476878
   2.890      0.476857
   2.897      0.476828
   2.904      0.476791
   2.910      0.476746
   2.917      0.476694
   2.924      0.476633
   2.931      0.476564
   2.938      0.476487
   2.944      0.476403
   2.951      0.476311
   2.958      0.476211
   2.965      0.476103
   2.972      0.475988
   2.978      0.475865
   2.985      0.475734
   2.992      0.475596
   2.999      0.475450
   3.006      0.475296
   3.012      0.475135
   3.019      0.474967
   3.026      0.474791
   3.033      0.474608
   3.040      0.474417
   3.046      0.474219
   3.053      0.474014
   3.060      0.473801
   3.067      0.473581
   3.074      0.473354
   3.080      0.473120
   3.087      0.472878
   3.094      0.472630
   3.101      0.472374
   3.108      0.472112
   3.114      0.471842
   3.121      0.471565
   3.128      0.471282
   3.135      0.470991
   3.142      0.470694
   3.148      0.470389
   3.155      0.470078
   3.162      0.469760
   3.169      0.469436
   3.176      0.469104
   3.182      0.468766
   3.189      0.468421
   3.196      0.468070
   3.203      0.467712
   3.210      0.467347
   3.216      0.466976
   3.223      0.466599
   3.230      0.466215
   3.237      0.465824
   3.244      0.465428
   3.250      0.465024
   3.257      0.464615
   3.264      0.464199
   3.271      0.463777
   3.278      0.463349
   3.284      0.462914
   3.291      0.462474
   3.298      0.462027
   3.305      0.461574
   3.312      0.461115
   3.318      0.460651
   3.325      0.460180
   3.332      0.459703
   3.339      0.459220
   3.346      0.458731
   3.352      0.458237
   3.359      0.457736
   3.366      0.457230
   3.373      0.456718
   3.380      0.456201
   3.386      0.455677
   3.393      0.455148
   3.400      0.454614
   3.407      0.454074
   3.414      0.453528
   3.420      0.452976
   3.427      0.452420
   3.434      0.451857
   3.441      0.451290
   3.448      0.450717
   3.454      0.450138
   3.461      0.449554
   3.468      0.448965
   3.475      0.448371
   3.482      0.447771
   3.488      0.447166
   3.495      0.446556
   3.502      0.445941
   3.509      0.445321
   3.516      0.444695
   3.522      0.444065
   3.529      0.443429
   3.536      0.442789
   3.543      0.442144
   3.550      0.441493
   3.556      0.440838
   3.563      0.440178
   3.570      0.439513
   3.577      0.438844
   3.584      0.438169
   3.590      0.437490
   3.597      0.436806
   3.604      0.436118
   3.611      0.435425
   3.618      0.434727
   3.624      0.434024
   3.631      0.433318
   3.638      0.432606
   3.645      0.431890
   3.652      0.431170
   3.658      0.430445
   3.665      0.429716
   3.672      0.428982
   3.679      0.428244
   3.686      0.427502
   3.692      0.426756
   3.699      0.426005
   3.706      0.425250
   3.713      0.424491
   3.720      0.423728
   3.726      0.422961
   3.733      0.422189
   3.740      0.421414
   3.747      0.420634
   3.754      0.419851
   3.760      0.419063
   3.767      0.418272
   3.774      0.417476
   3.781      0.416677
   3.788      0.415874
   3.794      0.415067
   3.801      0.414256
   3.808      0.413442
   3.815      0.412623
   3.822      0.411801
   3.828      0.410976
   3.835      0.410147
   3.842      0.409314
   3.849      0.408477
   3.856      0.407637
   3.862      0.406793
   3.869      0.405946
   3.876      0.405095
   3.883      0.404241
   3.890      0.403384
   3.896      0.402523
   3.903      0.401659
   3.910      0.400791
   3.917      0.399920
   3.924      0.399046
   3.930      0.398168
   3.937      0.397287
   3.944      0.396404
   3.951      0.395516
   3.958      0.394626
   3.964      0.393733
   3.971      0.392836
   3.978      0.391937
   3.985      0.391034
   3.992      0.390128
   3.998      0.389220
   4.005      0.388308
   4.012      0.387393
   4.019      0.386476
   4.026      0.385556
   4.032      0.384632
   4.039      0.383706
   4.046      0.382777
   4.053      0.381846
   4.060      0.380911
   4.066      0.379974
   4.073      0.379034
   4.080      0.378092
   4.087      0.377147
   4.094      0.376199
   4.100      0.375249
   4.107      0.374296
   4.114      0.373340
   4.121      0.372382
   4.128      0.371421
   4.134      0.370458
   4.141      0.369493
   4.148      0.368525
   4.155      0.367555
   4.162      0.366582
   4.168      0.365607
   4.175      0.364630
   4.182      0.363650
   4.189      0.362668
   4.196      0.361684
   4.202      0.360697
   4.209      0.359709
   4.216      0.358718
   4.223      0.357725
   4.230      0.356730
   4.236      0.355733
   4.243      0.354733
   4.250      0.353732
   4.257      0.352729
   4.264      0.351723
   4.270      0.350716
   4.277      0.349706
   4.284      0.348695
   4.291      0.347682
   4.298      0.346667
   4.304      0.345650
   4.311      0.344631
   4.318      0.343610
   4.325      0.342588
   4.332      0.341563
   4.338      0.340537
   4.345      0.339509
   4.352      0.338480
   4.359      0.337449
   4.366      0.336416
   4.372      0.335381
   4.379      0.334345
   4.386      0.333307
   4.393      0.332268
   4.400      0.331227
   4.406      0.330185
   4.413      0.329141
   4.420      0.328095
   4.427      0.327048
   4.434      0.326000
   4.440      0.324950
   4.447      0.323899
   4.454      0.322846
   4.461      0.321792
   4.468      0.320737
   4.474      0.319680
   4.481      0.318622
   4.488      0.317563
   4.495      0.316503
   4.502      0.315441
   4.508      0.314378
   4.515      0.313314
   4.522      0.312248
   4.529      0.311182
   4.536      0.310114
   4.542      0.309045
   4.549      0.307975
   4.556      0.306904
   4.563      0.305832
   4.570      0.304759
   4.576      0.303685
   4.583      0.302610
   4.590      0.301534
   4.597      0.300457
   4.604      0.299379
   4.610      0.298300
   4.617      0.297221
   4.624      0.296140
   4.631      0.295058
   4.638      0.293976
   4.644      0.292893
   4.651      0.291809
   4.658      0.290724
   4.665      0.289639
   4.672      0.288552
   4.678      0.287465
   4.685      0.286378
   4.692      0.285289
   4.699      0.284200
   4.706      0.283110
   4.712      0.282020
   4.719      0.280929
   4.726      0.279837
   4.733      0.278745
   4.740      0.277652
   4.746      0.276559
   4.753      0.275465
   4.760      0.274371
   4.767      0.273276
   4.774      0.272181
   4.780      0.271085
   4.787      0.269989
   4.794      0.268892
   4.801      0.267795
   4.808      0.266698
   4.814      0.265600
   4.821      0.264502
   4.828      0.263403
   4.835      0.262304
   4.842      0.261205
   4.848      0.260106
   4.855      0.259006
   4.862      0.257906
   4.869      0.256806
   4.876      0.255706
   4.882      0.254605
   4.889      0.253505
   4.896      0.252404
   4.903      0.251303
   4.910      0.250201
   4.916      0.249100
   4.923      0.247999
   4.930      0.246897
   4.937      0.245795
   4.944      0.244694
   4.950      0.243592
   4.957      0.242490
   4.964      0.241389
   4.971      0.240287
   4.978      0.239185
   4.984      0.238084
   4.991      0.236982
   4.998      0.235880
   5.005      0.234779
   5.012      0.233678
   5.018      0.232576
   5.025      0.231475
   5.032      0.230374
   5.039      0.229273
   5.046      0.228173
   5.052      0.227072
   5.059      0.225972
   5.066      0.224872
   5.073      0.223772
   5.080      0.222673
   5.086      0.221573
   5.093      0.220474
   5.100      0.219376
   5.107      0.218277
   5.114      0.217179
   5.120      0.216081
   5.127      0.214984
   5.134      0.213887
   5.141      0.212790
   5.148      0.211693
   5.154      0.210597
   5.161      0.209502
   5.168      0.208407
   5.175      0.207312
   5.182      0.206218
   5.188      0.205124
   5.195      0.204031
   5.202      0.202938
   5.209      0.201846
   5.216      0.200754
   5.222      0.199663
   5.229      0.198572
   5.236      0.197482
   5.243      0.196392
   5.250      0.195303
   5.256      0.194215
   5.263      0.193127
   5.270      0.192040
   5.277      0.190953
   5.284      0.189868
   5.290      0.188782
   5.297      0.187698
   5.304      0.186614
   5.311      0.185531
   5.318      0.184449
   5.324      0.183367
   5.331      0.182286
   5.338      0.181206
   5.345      0.180127
   5.352      0.179049
   5.358      0.177971
   5.365      0.176894
   5.372      0.175818
   5.379      0.174743
   5.386      0.173669
   5.392      0.172596
   5.399      0.171524
   5.406      0.170452
   5.413      0.169382
   5.420      0.168313
   5.426      0.167245
   5.433      0.166177
   5.440      0.165111
   5.447      0.164046
   5.454      0.162982
   5.460      0.161919
   5.467      0.160857
   5.474      0.159797
   5.481      0.158737
   5.488      0.157679
   5.494      0.156622
   5.501      0.155567
   5.508      0.154512
   5.515      0.153459
   5.522      0.152408
   5.528      0.151357
   5.535      0.150308
   5.542      0.149261
   5.549      0.148214
   5.556      0.147170
   5.562      0.146126
   5.569      0.145084
   5.576      0.144044
   5.583      0.143005
   5.590      0.141968
   5.596      0.140933
   5.603      0.139899
   5.610      0.138867
   5.617      0.137836
   5.624      0.136807
   5.630      0.135780
   5.637      0.134754
   5.644      0.133730
   5.651      0.132709
   5.658      0.131688
   5.664      0.130670
   5.671      0.129654
   5.678      0.128639
   5.685      0.127627
   5.692      0.126616
   5.698      0.125607
   5.705      0.124600
   5.712      0.123596
   5.719      0.122593
   5.726      0.121592
   5.732      0.120594
   5.739      0.119597
   5.746      0.118603
   5.753      0.117611
   5.760      0.116621
   5.766      0.115633
   5.773      0.114647
   5.780      0.113664
   5.787      0.112683
   5.794      0.111704
   5.800      0.110728
   5.807      0.109753
   5.814      0.108782
   5.821      0.107812
   5.828      0.106845
   5.834      0.105881
   5.841      0.104919
   5.848      0.103959
   5.855      0.103002
   5.862      0.102047
   5.868      0.101095
   5.875      0.100146
   5.882      0.099199
   5.889      0.098254
   5.896      0.097312
   5.902      0.096373
   5.909      0.095437
   5.916      0.094503
   5.923      0.093572
   5.930      0.092643
   5.936      0.091718
   5.943      0.090795
   5.950      0.089875
   5.957      0.088957
   5.964      0.088043
   5.970      0.087131
   5.977      0.086222
   5.984      0.085316
   5.991      0.084413
   5.998      0.083513
   6.004      0.082616
   6.011      0.081721
   6.018      0.080830
   6.025      0.079941
   6.032      0.079056
   6.038      0.078173
   6.045      0.077294
   6.052      0.076418
   6.059      0.075544
   6.066      0.074674
   6.072      0.073806
   6.079      0.072942
   6.086      0.072081
   6.093      0.071223
   6.100      0.070368
   6.106      0.069517
   6.113      0.068668
   6.120      0.067823
   6.127      0.066981
   6.134      0.066142
   6.140      0.065306
   6.147      0.064473
   6.154      0.063644
   6.161      0.062818
   6.168      0.061995
   6.174      0.061176
   6.181      0.060360
   6.188      0.059547
   6.195      0.058737
   6.202      0.057931
   6.208      0.057128
   6.215      0.056328
   6.222      0.055532
   6.229      0.054739
   6.236      0.053949
   6.242      0.053163
   6.249      0.052380
   6.256      0.051601
   6.263      0.050825
   6.270      0.050052
   6.276      0.049283
   6.283      0.048518
   6.290      0.047755
   6.297      0.046997
   6.304      0.046241
   6.310      0.045489
   6.317      0.044741
   6.324      0.043996
   6.331      0.043255
   6.338      0.042517
   6.344      0.041783
   6.351      0.041052
   6.358      0.040324
   6.365      0.039600
   6.372      0.038880
   6.378      0.038163
   6.385      0.037450
   6.392      0.036740
   6.399      0.036034
   6.406      0.035331
   6.412      0.034632
   6.419      0.033936
   6.426      0.033244
   6.433      0.032555
   6.440      0.031870
   6.446      0.031188
   6.453      0.030510
   6.460      0.029835
   6.467      0.029164
   6.474      0.028497
   6.480      0.027833
   6.487      0.027172
   6.494      0.026515
   6.501      0.025861
   6.508      0.025211
   6.514      0.024565
   6.521      0.023922
   6.528      0.023282
   6.535      0.022646
   6.542      0.022013
   6.548      0.021384
   6.555      0.020759
   6.562      0.020137
   6.569      0.019518
   6.576      0.018903
   6.582      0.018291
   6.589      0.017683
   6.596      0.017078
   6.603      0.016477
   6.610      0.015879
   6.616      0.015285
   6.623      0.014694
   6.630      0.014107
   6.637      0.013523
   6.644      0.012942
   6.650      0.012365
   6.657      0.011792
   6.664      0.011221
   6.671      0.010654
   6.678      0.010091
   6.684      0.009531
   6.691      0.008974
   6.698      0.008420
   6.705      0.007870
   6.712      0.007324
   6.718      0.006780
   6.725      0.006240
   6.732      0.005703
   6.739      0.005169
   6.746      0.004639
   6.752      0.004112
   6.759      0.003588
   6.766      0.003067
   6.773      0.002549
   6.780      0.002034
   6.786      0.001522
   6.793      0.001012
   6.800      0.000505
   6.807      0.000000
