   0.000      1.204178
   0.007      1.204178
   0.013      1.204178
   0.020      1.204178
   0.026      1.204178
   0.033      1.204178
   0.039      1.204178
   0.046      1.204178
   0.052      1.204178
   0.059      1.204178
   0.065      1.204178
   0.072      1.204177
   0.078      1.204177
   0.085      1.204177
   0.091      1.204177
   0.098      1.204177
   0.104      1.204176
   0.111      1.204175
   0.117      1.204174
   0.124      1.204173
   0.130      1.204172
   0.137      1.204170
   0.143      1.204167
   0.150      1.204164
   0.156      1.204160
   0.163      1.204156
   0.169      1.204150
   0.176      1.204143
   0.182      1.204134
   0.189      1.204124
   0.195      1.204113
   0.202      1.204099
   0.208      1.204083
   0.215      1.204064
   0.222      1.204042
   0.228      1.204017
   0.235      1.203989
   0.241      1.203956
   0.248      1.203919
   0.254      1.203877
   0.261      1.203829
   0.267      1.203776
   0.274      1.203716
   0.280      1.203649
   0.287      1.203574
   0.293      1.203491
   0.300      1.203399
   0.306      1.203298
   0.313      1.203186
   0.319      1.203062
   0.326      1.202927
   0.332      1.202779
   0.339      1.202617
   0.345      1.202440
   0.352      1.202248
   0.358      1.202040
   0.365      1.201813
   0.371      1.201569
   0.378      1.201304
   0.384      1.201019
   0.391      1.200713
   0.397      1.200383
   0.404      1.200029
   0.410      1.199650
   0.417      1.199245
   0.423      1.198812
   0.430      1.198350
   0.437      1.197858
   0.443      1.197335
   0.450      1.196779
   0.456      1.196189
   0.463      1.195564
   0.469      1.194903
   0.476      1.194204
   0.482      1.193466
   0.489      1.192687
   0.495      1.191867
   0.502      1.191004
   0.508      1.190098
   0.515      1.189145
   0.521      1.188147
   0.528      1.187100
   0.534      1.186005
   0.541      1.184859
   0.547      1.183662
   0.554      1.182413
   0.560      1.181111
   0.567      1.179754
   0.573      1.178342
   0.580      1.176873
   0.586      1.175347
   0.593      1.173763
   0.599      1.172120
   0.606      1.170417
   0.612      1.168654
   0.619      1.166829
   0.625      1.164943
   0.632      1.162995
   0.638      1.160983
   0.645      1.158909
   0.651      1.156771
   0.658      1.154569
   0.665      1.152303
   0.671      1.149972
   0.678      1.147577
   0.684      1.145118
   0.691      1.142594
   0.697      1.140006
   0.704      1.137354
   0.710      1.134637
   0.717      1.131857
   0.723      1.129014
   0.730      1.126107
   0.736      1.123139
   0.743      1.120108
   0.749      1.117016
   0.756      1.113863
   0.762      1.110651
   0.769      1.107380
   0.775      1.104051
   0.782      1.100664
   0.788      1.097221
   0.795      1.093723
   0.801      1.090172
   0.808      1.086567
   0.814      1.082910
   0.821      1.079203
   0.827      1.075447
   0.834      1.071643
   0.840      1.067793
   0.847      1.063898
   0.853      1.059959
   0.860      1.055978
   0.866      1.051956
   0.873      1.047895
   0.880      1.043797
   0.886      1.039663
   0.893      1.035495
   0.899      1.031294
   0.906      1.027062
   0.912      1.022800
   0.919      1.018511
   0.925      1.014195
   0.932      1.009856
   0.938      1.005493
   0.945      1.001109
   0.951      0.996706
   0.958      0.992285
   0.964      0.987847
   0.971      0.983396
   0.977      0.978931
   0.984      0.974454
   0.990      0.969968
   0.997      0.965474
   1.003      0.960973
   1.010      0.956467
   1.016      0.951957
   1.023      0.947445
   1.029      0.942932
   1.036      0.938420
   1.042      0.933909
   1.049      0.929402
   1.055      0.924900
   1.062      0.920403
   1.068      0.915914
   1.075      0.911433
   1.081      0.906961
   1.088      0.902500
   1.095      0.898051
   1.101      0.893615
   1.108      0.889193
   1.114      0.884785
   1.121      0.880393
   1.127      0.876018
   1.134      0.871660
   1.140      0.867321
   1.147      0.863000
   1.153      0.858700
   1.160      0.854421
   1.166      0.850162
   1.173      0.845926
   1.179      0.841712
   1.186      0.837522
   1.192      0.833355
   1.199      0.829212
   1.205      0.825095
   1.212      0.821002
   1.218      0.816934
   1.225      0.812893
   1.231      0.808878
   1.238      0.804889
   1.244      0.800928
   1.251      0.796993
   1.257      0.793086
   1.264      0.789207
   1.270      0.785355
   1.277      0.781531
   1.283      0.777735
   1.290      0.773967
   1.296      0.770227
   1.303      0.766516
   1.310      0.762833
   1.316      0.759179
   1.323      0.755552
   1.329      0.751955
   1.336      0.748385
   1.342      0.744844
   1.349      0.741331
   1.355      0.737846
   1.362      0.734389
   1.368      0.730961
   1.375      0.727560
   1.381      0.724187
   1.388      0.720841
   1.394      0.717523
   1.401      0.714233
   1.407      0.710969
   1.414      0.707733
   1.420      0.704523
   1.427      0.701340
   1.433      0.698183
   1.440      0.695053
   1.446      0.691948
   1.453      0.688870
   1.459      0.685817
   1.466      0.682789
   1.472      0.679787
   1.479      0.676809
   1.485      0.673857
   1.492      0.670929
   1.498      0.668025
   1.505      0.665145
   1.511      0.662289
   1.518      0.659457
   1.525      0.656648
   1.531      0.653862
   1.538      0.651099
   1.544      0.648359
   1.551      0.645641
   1.557      0.642945
   1.564      0.640271
   1.570      0.637619
   1.577      0.634989
   1.583      0.632379
   1.590      0.629791
   1.596      0.627224
   1.603      0.624677
   1.609      0.622150
   1.616      0.619644
   1.622      0.617157
   1.629      0.614690
   1.635      0.612243
   1.642      0.609815
   1.648      0.607406
   1.655      0.605016
   1.661      0.602644
   1.668      0.600291
   1.674      0.597956
   1.681      0.595639
   1.687      0.593340
   1.694      0.591059
   1.700      0.588795
   1.707      0.586548
   1.713      0.584318
   1.720      0.582105
   1.726      0.579909
   1.733      0.577729
   1.740      0.575565
   1.746      0.573418
   1.753      0.571286
   1.759      0.569171
   1.766      0.567071
   1.772      0.564986
   1.779      0.562916
   1.785      0.560862
   1.792      0.558823
   1.798      0.556798
   1.805      0.554788
   1.811      0.552792
   1.818      0.550811
   1.824      0.548844
   1.831      0.546891
   1.837      0.544952
   1.844      0.543026
   1.850      0.541114
   1.857      0.539215
   1.863      0.537330
   1.870      0.535458
   1.876      0.533598
   1.883      0.531752
   1.889      0.529918
   1.896      0.528097
   1.902      0.526289
   1.909      0.524493
   1.915      0.522709
   1.922      0.520937
   1.928      0.519177
   1.935      0.517429
   1.941      0.515693
   1.948      0.513968
   1.954      0.512255
   1.961      0.510553
   1.968      0.508862
   1.974      0.507183
   1.981      0.505514
   1.987      0.503857
   1.994      0.502210
   2.000      0.500574
   2.007      0.498949
   2.013      0.497335
   2.020      0.495730
   2.026      0.494136
   2.033      0.492552
   2.039      0.490979
   2.046      0.489415
   2.052      0.487861
   2.059      0.486318
   2.065      0.484783
   2.072      0.483259
   2.078      0.481744
   2.085      0.480239
   2.091      0.478743
   2.098      0.477256
   2.104      0.475778
   2.111      0.474310
   2.117      0.472850
   2.124      0.471400
   2.130      0.469958
   2.137      0.468526
   2.143      0.467101
   2.150      0.465686
   2.156      0.464279
   2.163      0.462881
   2.169      0.461491
   2.176      0.460109
   2.183      0.458735
   2.189      0.457370
   2.196      0.456013
   2.202      0.454664
   2.209      0.453323
   2.215      0.451989
   2.222      0.450664
   2.228      0.449346
   2.235      0.448036
   2.241      0.446734
   2.248      0.445439
   2.254      0.444151
   2.261      0.442871
   2.267      0.441599
   2.274      0.440333
   2.280      0.439075
   2.287      0.437824
   2.293      0.436581
   2.300      0.435344
   2.306      0.434114
   2.313      0.432891
   2.319      0.431675
   2.326      0.430466
   2.332      0.429264
   2.339      0.428068
   2.345      0.426879
   2.352      0.425696
   2.358      0.424520
   2.365      0.423351
   2.371      0.422188
   2.378      0.421031
   2.384      0.419881
   2.391      0.418737
   2.398      0.417599
   2.404      0.416467
   2.411      0.415342
   2.417      0.414222
   2.424      0.413109
   2.430      0.412001
   2.437      0.410899
   2.443      0.409804
   2.450      0.408714
   2.456      0.407630
   2.463      0.406551
   2.469      0.405479
   2.476      0.404411
   2.482      0.403350
   2.489      0.402294
   2.495      0.401244
   2.502      0.400199
   2.508      0.399159
   2.515      0.398125
   2.521      0.397097
   2.528      0.396073
   2.534      0.395055
   2.541      0.394042
   2.547      0.393034
   2.554      0.392032
   2.560      0.391034
   2.567      0.390042
   2.573      0.389054
   2.580      0.388072
   2.586      0.387094
   2.593      0.386122
