   0.000      1.006837
   0.007      1.006837
   0.013      1.006837
   0.020      1.006837
   0.026      1.006837
   0.033      1.006837
   0.039      1.006836
   0.046      1.006836
   0.052      1.006835
   0.059      1.006835
   0.065      1.006834
   0.072      1.006832
   0.078      1.006830
   0.085      1.006827
   0.091      1.006824
   0.098      1.006820
   0.104      1.006815
   0.111      1.006809
   0.117      1.006802
   0.124      1.006794
   0.130      1.006784
   0.137      1.006773
   0.143      1.006759
   0.150      1.006744
   0.156      1.006727
   0.163      1.006707
   0.169      1.006684
   0.176      1.006659
   0.182      1.006631
   0.189      1.006599
   0.195      1.006564
   0.202      1.006525
   0.208      1.006482
   0.215      1.006434
   0.222      1.006382
   0.228      1.006324
   0.235      1.006262
   0.241      1.006193
   0.248      1.006119
   0.254      1.006038
   0.261      1.005950
   0.267      1.005855
   0.274      1.005752
   0.280      1.005641
   0.287      1.005522
   0.293      1.005394
   0.300      1.005257
   0.306      1.005110
   0.313      1.004952
   0.319      1.004784
   0.326      1.004604
   0.332      1.004413
   0.339      1.004210
   0.345      1.003993
   0.352      1.003764
   0.358      1.003520
   0.365      1.003262
   0.371      1.002989
   0.378      1.002700
   0.384      1.002395
   0.391      1.002074
   0.397      1.001735
   0.404      1.001378
   0.410      1.001003
   0.417      1.000609
   0.423      1.000195
   0.430      0.999760
   0.437      0.999305
   0.443      0.998828
   0.450      0.998329
   0.456      0.997808
   0.463      0.997263
   0.469      0.996694
   0.476      0.996101
   0.482      0.995483
   0.489      0.994839
   0.495      0.994170
   0.502      0.993473
   0.508      0.992749
   0.515      0.991998
   0.521      0.991218
   0.528      0.990410
   0.534      0.989573
   0.541      0.988706
   0.547      0.987809
   0.554      0.986881
   0.560      0.985923
   0.567      0.984933
   0.573      0.983912
   0.580      0.982859
   0.586      0.981774
   0.593      0.980656
   0.599      0.979506
   0.606      0.978323
   0.612      0.977106
   0.619      0.975857
   0.625      0.974574
   0.632      0.973258
   0.638      0.971908
   0.645      0.970524
   0.651      0.969107
   0.658      0.967656
   0.665      0.966172
   0.671      0.964654
   0.678      0.963102
   0.684      0.961518
   0.691      0.959900
   0.697      0.958249
   0.704      0.956565
   0.710      0.954849
   0.717      0.953101
   0.723      0.951320
   0.730      0.949508
   0.736      0.947665
   0.743      0.945790
   0.749      0.943885
   0.756      0.941950
   0.762      0.939984
   0.769      0.937990
   0.775      0.935966
   0.782      0.933914
   0.788      0.931834
   0.795      0.929726
   0.801      0.927592
   0.808      0.925431
   0.814      0.923244
   0.821      0.921031
   0.827      0.918794
   0.834      0.916533
   0.840      0.914248
   0.847      0.911939
   0.853      0.909609
   0.860      0.907256
   0.866      0.904882
   0.873      0.902488
   0.880      0.900073
   0.886      0.897639
   0.893      0.895186
   0.899      0.892715
   0.906      0.890226
   0.912      0.887720
   0.919      0.885198
   0.925      0.882660
   0.932      0.880106
   0.938      0.877538
   0.945      0.874956
   0.951      0.872361
   0.958      0.869753
   0.964      0.867132
   0.971      0.864500
   0.977      0.861856
   0.984      0.859202
   0.990      0.856538
   0.997      0.853865
   1.003      0.851182
   1.010      0.848492
   1.016      0.845793
   1.023      0.843087
   1.029      0.840374
   1.036      0.837655
   1.042      0.834930
   1.049      0.832200
   1.055      0.829465
   1.062      0.826726
   1.068      0.823982
   1.075      0.821235
   1.081      0.818485
   1.088      0.815733
   1.095      0.812978
   1.101      0.810222
   1.108      0.807464
   1.114      0.804705
   1.121      0.801946
   1.127      0.799187
   1.134      0.796428
   1.140      0.793669
   1.147      0.790911
   1.153      0.788155
   1.160      0.785400
   1.166      0.782647
   1.173      0.779897
   1.179      0.777149
   1.186      0.774404
   1.192      0.771662
   1.199      0.768924
   1.205      0.766189
   1.212      0.763459
   1.218      0.760733
   1.225      0.758011
   1.231      0.755295
   1.238      0.752583
   1.244      0.749877
   1.251      0.747177
   1.257      0.744482
   1.264      0.741793
   1.270      0.739111
   1.277      0.736435
   1.283      0.733765
   1.290      0.731103
   1.296      0.728447
   1.303      0.725799
   1.310      0.723158
   1.316      0.720525
   1.323      0.717899
   1.329      0.715282
   1.336      0.712672
   1.342      0.710070
   1.349      0.707477
   1.355      0.704893
   1.362      0.702317
   1.368      0.699749
   1.375      0.697191
   1.381      0.694641
   1.388      0.692101
   1.394      0.689570
   1.401      0.687048
   1.407      0.684535
   1.414      0.682032
   1.420      0.679538
   1.427      0.677055
   1.433      0.674580
   1.440      0.672116
   1.446      0.669662
   1.453      0.667217
   1.459      0.664783
   1.466      0.662359
   1.472      0.659945
   1.479      0.657541
   1.485      0.655147
   1.492      0.652764
   1.498      0.650391
   1.505      0.648028
   1.511      0.645676
   1.518      0.643334
   1.525      0.641003
   1.531      0.638683
   1.538      0.636373
   1.544      0.634073
   1.551      0.631785
   1.557      0.629507
   1.564      0.627239
   1.570      0.624982
   1.577      0.622736
   1.583      0.620501
   1.590      0.618277
   1.596      0.616063
   1.603      0.613860
   1.609      0.611667
   1.616      0.609486
   1.622      0.607315
   1.629      0.605155
   1.635      0.603005
   1.642      0.600867
   1.648      0.598739
   1.655      0.596622
   1.661      0.594515
   1.668      0.592420
   1.674      0.590335
   1.681      0.588260
   1.687      0.586197
   1.694      0.584143
   1.700      0.582101
   1.707      0.580069
   1.713      0.578048
   1.720      0.576037
   1.726      0.574037
   1.733      0.572047
   1.740      0.570068
   1.746      0.568099
   1.753      0.566141
   1.759      0.564193
   1.766      0.562256
   1.772      0.560328
   1.779      0.558411
   1.785      0.556505
   1.792      0.554608
   1.798      0.552722
   1.805      0.550846
   1.811      0.548980
   1.818      0.547125
   1.824      0.545279
   1.831      0.543443
   1.837      0.541618
   1.844      0.539802
   1.850      0.537996
   1.857      0.536200
   1.863      0.534414
   1.870      0.532638
   1.876      0.530871
   1.883      0.529114
   1.889      0.527367
   1.896      0.525630
   1.902      0.523902
   1.909      0.522183
   1.915      0.520474
   1.922      0.518775
   1.928      0.517085
   1.935      0.515404
   1.941      0.513733
   1.948      0.512070
   1.954      0.510417
   1.961      0.508774
   1.968      0.507139
   1.974      0.505514
   1.981      0.503897
   1.987      0.502290
   1.994      0.500691
   2.000      0.499101
   2.007      0.497521
   2.013      0.495949
   2.020      0.494385
   2.026      0.492831
   2.033      0.491285
   2.039      0.489748
   2.046      0.488219
   2.052      0.486699
   2.059      0.485188
   2.065      0.483684
   2.072      0.482189
   2.078      0.480703
   2.085      0.479225
   2.091      0.477755
   2.098      0.476293
   2.104      0.474839
   2.111      0.473394
   2.117      0.471956
   2.124      0.470527
   2.130      0.469105
   2.137      0.467691
   2.143      0.466286
   2.150      0.464888
   2.156      0.463497
   2.163      0.462115
   2.169      0.460740
   2.176      0.459373
   2.183      0.458013
   2.189      0.456661
   2.196      0.455316
   2.202      0.453979
   2.209      0.452649
   2.215      0.451327
   2.222      0.450011
   2.228      0.448703
   2.235      0.447403
   2.241      0.446109
   2.248      0.444822
   2.254      0.443543
   2.261      0.442271
   2.267      0.441005
   2.274      0.439747
   2.280      0.438495
   2.287      0.437250
   2.293      0.436012
   2.300      0.434781
   2.306      0.433556
   2.313      0.432338
   2.319      0.431127
   2.326      0.429922
   2.332      0.428724
   2.339      0.427532
   2.345      0.426347
   2.352      0.425168
   2.358      0.423995
   2.365      0.422829
   2.371      0.421669
   2.378      0.420515
   2.384      0.419367
   2.391      0.418226
   2.398      0.417090
   2.404      0.415961
   2.411      0.414838
   2.417      0.413720
   2.424      0.412609
   2.430      0.411503
   2.437      0.410403
   2.443      0.409310
   2.450      0.408221
   2.456      0.407139
   2.463      0.406062
   2.469      0.404991
   2.476      0.403925
   2.482      0.402865
   2.489      0.401811
   2.495      0.400762
   2.502      0.399718
   2.508      0.398680
   2.515      0.397648
   2.521      0.396620
   2.528      0.395598
   2.534      0.394581
   2.541      0.393569
   2.547      0.392563
   2.554      0.391561
   2.560      0.390565
   2.567      0.389574
   2.573      0.388587
   2.580      0.387606
   2.586      0.386630
   2.593      0.385658
