   0.000    -10.613553
   0.007     -7.328750
   0.013     -4.678503
   0.020     -3.107116
   0.026     -2.176100
   0.033     -1.603994
   0.039     -1.239875
   0.046     -1.001984
   0.052     -0.844578
   0.059     -0.740704
   0.065     -0.673488
   0.072     -0.632096
   0.078     -0.609099
   0.085     -0.599339
   0.091     -0.599109
   0.098     -0.605699
   0.104     -0.617089
   0.111     -0.631776
   0.117     -0.648632
   0.124     -0.666799
   0.130     -0.685655
   0.137     -0.704714
   0.143     -0.723636
   0.150     -0.742183
   0.156     -0.760195
   0.163     -0.777573
   0.169     -0.794245
   0.176     -0.810164
   0.182     -0.825288
   0.189     -0.839582
   0.195     -0.853032
   0.202     -0.865632
   0.208     -0.877390
   0.215     -0.888328
   0.222     -0.898461
   0.228     -0.907826
   0.235     -0.916444
   0.241     -0.924355
   0.248     -0.931586
   0.254     -0.938167
   0.261     -0.944124
   0.267     -0.949489
   0.274     -0.954281
   0.280     -0.958526
   0.287     -0.962241
   0.293     -0.965450
   0.300     -0.968166
   0.306     -0.970401
   0.313     -0.972174
   0.319     -0.973489
   0.326     -0.974358
   0.332     -0.974790
   0.339     -0.974789
   0.345     -0.974362
   0.352     -0.973512
   0.358     -0.972241
   0.365     -0.970554
   0.371     -0.968452
   0.378     -0.965938
   0.384     -0.963013
   0.391     -0.959681
   0.397     -0.955942
   0.404     -0.951801
   0.410     -0.947265
   0.417     -0.942334
   0.423     -0.937016
   0.430     -0.931320
   0.437     -0.925253
   0.443     -0.918828
   0.450     -0.912056
   0.456     -0.904952
   0.463     -0.897532
   0.469     -0.889816
   0.476     -0.881824
   0.482     -0.873579
   0.489     -0.865106
   0.495     -0.856434
   0.502     -0.847591
   0.508     -0.838612
   0.515     -0.829528
   0.521     -0.820377
   0.528     -0.811196
   0.534     -0.802026
   0.541     -0.792908
   0.547     -0.783885
   0.554     -0.775001
   0.560     -0.766300
   0.567     -0.757828
   0.573     -0.749632
   0.580     -0.741757
   0.586     -0.734251
   0.593     -0.727161
   0.599     -0.720535
   0.606     -0.714422
   0.612     -0.708874
   0.619     -0.703952
   0.625     -0.699718
   0.632     -0.696257
   0.638     -0.693677
   0.645     -0.692086
   0.651     -0.691605
   0.658     -0.692396
   0.665     -0.694435
   0.671     -0.697686
   0.678     -0.702034
   0.684     -0.707270
   0.691     -0.713050
   0.697     -0.719260
   0.704     -0.725698
   0.710     -0.732209
   0.717     -0.738705
   0.723     -0.745139
   0.730     -0.751441
   0.736     -0.757568
   0.743     -0.763505
   0.749     -0.769213
   0.756     -0.774671
   0.762     -0.779868
   0.769     -0.784783
   0.775     -0.789405
   0.782     -0.793724
   0.788     -0.797728
   0.795     -0.801410
   0.801     -0.804763
   0.808     -0.807780
   0.814     -0.810455
   0.821     -0.812784
   0.827     -0.814762
   0.834     -0.816387
   0.840     -0.817655
   0.847     -0.818564
   0.853     -0.819111
   0.860     -0.819298
   0.866     -0.819122
   0.873     -0.818583
   0.880     -0.817682
   0.886     -0.816420
   0.893     -0.814798
   0.899     -0.812817
   0.906     -0.810480
   0.912     -0.807789
   0.919     -0.804748
   0.925     -0.801359
   0.932     -0.797627
   0.938     -0.793556
   0.945     -0.789149
   0.951     -0.784413
   0.958     -0.779351
   0.964     -0.773970
   0.971     -0.768276
   0.977     -0.762275
   0.984     -0.755973
   0.990     -0.749377
   0.997     -0.742495
   1.003     -0.735333
   1.010     -0.727900
   1.016     -0.720204
   1.023     -0.712252
   1.029     -0.704054
   1.036     -0.695617
   1.042     -0.686951
   1.049     -0.678065
   1.055     -0.668968
   1.062     -0.659670
   1.068     -0.650181
   1.075     -0.640511
   1.081     -0.630669
   1.088     -0.620666
   1.095     -0.610511
   1.101     -0.600216
   1.108     -0.589792
   1.114     -0.579248
   1.121     -0.568596
   1.127     -0.557846
   1.134     -0.547009
   1.140     -0.536095
   1.147     -0.525117
   1.153     -0.514084
   1.160     -0.503008
   1.166     -0.491899
   1.173     -0.480767
   1.179     -0.469625
   1.186     -0.458481
   1.192     -0.447347
   1.199     -0.436232
   1.205     -0.425148
   1.212     -0.414104
   1.218     -0.403109
   1.225     -0.392174
   1.231     -0.381308
   1.238     -0.370522
   1.244     -0.359821
   1.251     -0.349216
   1.257     -0.338716
   1.264     -0.328328
   1.270     -0.318060
   1.277     -0.307921
   1.283     -0.297916
   1.290     -0.288054
   1.296     -0.278339
   1.303     -0.268780
   1.310     -0.259380
   1.316     -0.250148
   1.323     -0.241086
   1.329     -0.232201
   1.336     -0.223495
   1.342     -0.214974
   1.349     -0.206640
   1.355     -0.198498
   1.362     -0.190548
   1.368     -0.182795
   1.375     -0.175240
   1.381     -0.167886
   1.388     -0.160732
   1.394     -0.153780
   1.401     -0.147031
   1.407     -0.140483
   1.414     -0.134139
   1.420     -0.127997
   1.427     -0.122056
   1.433     -0.116315
   1.440     -0.110773
   1.446     -0.105427
   1.453     -0.100277
   1.459     -0.095318
   1.466     -0.090549
   1.472     -0.085967
   1.479     -0.081569
   1.485     -0.077353
   1.492     -0.073313
   1.498     -0.069447
   1.505     -0.065749
   1.511     -0.062219
   1.518     -0.058850
   1.525     -0.055639
   1.531     -0.052581
   1.538     -0.049671
   1.544     -0.046905
   1.551     -0.044280
   1.557     -0.041789
   1.564     -0.039430
   1.570     -0.037196
   1.577     -0.035082
   1.583     -0.033085
   1.590     -0.031200
   1.596     -0.029423
   1.603     -0.027749
   1.609     -0.026172
   1.616     -0.024688
   1.622     -0.023294
   1.629     -0.021985
   1.635     -0.020757
   1.642     -0.019606
   1.648     -0.018528
   1.655     -0.017517
   1.661     -0.016572
   1.668     -0.015687
   1.674     -0.014861
   1.681     -0.014088
   1.687     -0.013367
   1.694     -0.012692
   1.700     -0.012062
   1.707     -0.011474
   1.713     -0.010924
   1.720     -0.010411
   1.726     -0.009931
   1.733     -0.009482
   1.740     -0.009061
   1.746     -0.008667
   1.753     -0.008298
   1.759     -0.007951
   1.766     -0.007625
   1.772     -0.007317
   1.779     -0.007027
   1.785     -0.006754
   1.792     -0.006494
   1.798     -0.006248
   1.805     -0.006014
   1.811     -0.005790
   1.818     -0.005577
   1.824     -0.005373
   1.831     -0.005177
   1.837     -0.004989
   1.844     -0.004807
   1.850     -0.004631
   1.857     -0.004461
   1.863     -0.004296
   1.870     -0.004135
   1.876     -0.003980
   1.883     -0.003827
   1.889     -0.003679
   1.896     -0.003533
   1.902     -0.003390
   1.909     -0.003251
   1.915     -0.003114
   1.922     -0.002980
   1.928     -0.002849
   1.935     -0.002720
   1.941     -0.002593
   1.948     -0.002468
   1.954     -0.002346
   1.961     -0.002226
   1.968     -0.002108
   1.974     -0.001993
   1.981     -0.001879
   1.987     -0.001768
   1.994     -0.001659
   2.000     -0.001553
   2.007     -0.001449
   2.013     -0.001347
   2.020     -0.001248
   2.026     -0.001151
   2.033     -0.001056
   2.039     -0.000964
   2.046     -0.000874
   2.052     -0.000786
   2.059     -0.000702
   2.065     -0.000619
   2.072     -0.000540
   2.078     -0.000462
   2.085     -0.000388
   2.091     -0.000315
   2.098     -0.000245
   2.104     -0.000178
   2.111     -0.000113
   2.117     -0.000050
   2.124      0.000010
   2.130      0.000068
   2.137      0.000123
   2.143      0.000176
   2.150      0.000227
   2.156      0.000276
   2.163      0.000322
   2.169      0.000366
   2.176      0.000409
   2.183      0.000449
   2.189      0.000487
   2.196      0.000523
   2.202      0.000558
   2.209      0.000590
   2.215      0.000621
   2.222      0.000650
   2.228      0.000677
   2.235      0.000703
   2.241      0.000727
   2.248      0.000749
   2.254      0.000770
   2.261      0.000790
   2.267      0.000808
   2.274      0.000825
   2.280      0.000841
   2.287      0.000856
   2.293      0.000870
   2.300      0.000882
   2.306      0.000894
   2.313      0.000904
   2.319      0.000914
   2.326      0.000922
   2.332      0.000930
   2.339      0.000937
   2.345      0.000944
   2.352      0.000949
   2.358      0.000954
   2.365      0.000958
   2.371      0.000962
   2.378      0.000965
   2.384      0.000968
   2.391      0.000970
   2.398      0.000972
   2.404      0.000973
   2.411      0.000974
   2.417      0.000974
   2.424      0.000974
   2.430      0.000974
   2.437      0.000974
   2.443      0.000973
   2.450      0.000972
   2.456      0.000971
   2.463      0.000970
   2.469      0.000968
   2.476      0.000967
   2.482      0.000965
   2.489      0.000963
   2.495      0.000961
   2.502      0.000959
   2.508      0.000957
   2.515      0.000954
   2.521      0.000952
   2.528      0.000950
   2.534      0.000948
   2.541      0.000945
   2.547      0.000943
   2.554      0.000940
   2.560      0.000938
   2.567      0.000936
   2.573      0.000933
   2.580      0.000931
   2.586      0.000929
   2.593      0.000926
