   0.000      1.308291
   0.007      1.308281
   0.013      1.308249
   0.020      1.308196
   0.026      1.308121
   0.033      1.308025
   0.039      1.307908
   0.046      1.307768
   0.052      1.307606
   0.059      1.307421
   0.065      1.307214
   0.072      1.306983
   0.078      1.306728
   0.085      1.306449
   0.091      1.306145
   0.098      1.305815
   0.104      1.305459
   0.111      1.305076
   0.117      1.304665
   0.124      1.304225
   0.130      1.303755
   0.137      1.303255
   0.143      1.302723
   0.150      1.302159
   0.156      1.301560
   0.163      1.300926
   0.169      1.300256
   0.176      1.299548
   0.182      1.298801
   0.189      1.298013
   0.195      1.297184
   0.202      1.296310
   0.208      1.295392
   0.215      1.294426
   0.222      1.293412
   0.228      1.292348
   0.235      1.291232
   0.241      1.290062
   0.248      1.288837
   0.254      1.287553
   0.261      1.286211
   0.267      1.284807
   0.274      1.283340
   0.280      1.281808
   0.287      1.280209
   0.293      1.278542
   0.300      1.276803
   0.306      1.274992
   0.313      1.273106
   0.319      1.271145
   0.326      1.269105
   0.332      1.266986
   0.339      1.264785
   0.345      1.262502
   0.352      1.260135
   0.358      1.257682
   0.365      1.255142
   0.371      1.252514
   0.378      1.249798
   0.384      1.246991
   0.391      1.244094
   0.397      1.241105
   0.404      1.238025
   0.410      1.234852
   0.417      1.231587
   0.423      1.228230
   0.430      1.224780
   0.437      1.221238
   0.443      1.217605
   0.450      1.213882
   0.456      1.210068
   0.463      1.206165
   0.469      1.202175
   0.476      1.198099
   0.482      1.193938
   0.489      1.189694
   0.495      1.185369
   0.502      1.180965
   0.508      1.176485
   0.515      1.171931
   0.521      1.167305
   0.528      1.162610
   0.534      1.157849
   0.541      1.153026
   0.547      1.148142
   0.554      1.143203
   0.560      1.138210
   0.567      1.133168
   0.573      1.128080
   0.580      1.122950
   0.586      1.117782
   0.593      1.112578
   0.599      1.107344
   0.606      1.102083
   0.612      1.096799
   0.619      1.091496
   0.625      1.086178
   0.632      1.080849
   0.638      1.075513
   0.645      1.070173
   0.651      1.064833
   0.658      1.059497
   0.665      1.054170
   0.671      1.048853
   0.678      1.043551
   0.684      1.038268
   0.691      1.033006
   0.697      1.027768
   0.704      1.022558
   0.710      1.017378
   0.717      1.012232
   0.723      1.007121
   0.730      1.002048
   0.736      0.997015
   0.743      0.992024
   0.749      0.987078
   0.756      0.982178
   0.762      0.977326
   0.769      0.972522
   0.775      0.967770
   0.782      0.963069
   0.788      0.958421
   0.795      0.953827
   0.801      0.949288
   0.808      0.944804
   0.814      0.940376
   0.821      0.936003
   0.827      0.931688
   0.834      0.927429
   0.840      0.923227
   0.847      0.919082
   0.853      0.914994
   0.860      0.910961
   0.866      0.906985
   0.873      0.903065
   0.880      0.899200
   0.886      0.895389
   0.893      0.891633
   0.899      0.887929
   0.906      0.884279
   0.912      0.880680
   0.919      0.877131
   0.925      0.873633
   0.932      0.870183
   0.938      0.866782
   0.945      0.863427
   0.951      0.860118
   0.958      0.856854
   0.964      0.853633
   0.971      0.850455
   0.977      0.847318
   0.984      0.844221
   0.990      0.841163
   0.997      0.838142
   1.003      0.835158
   1.010      0.832209
   1.016      0.829295
   1.023      0.826413
   1.029      0.823563
   1.036      0.820744
   1.042      0.817954
   1.049      0.815192
   1.055      0.812458
   1.062      0.809749
   1.068      0.807065
   1.075      0.804406
   1.081      0.801768
   1.088      0.799153
   1.095      0.796558
   1.101      0.793984
   1.108      0.791427
   1.114      0.788889
   1.121      0.786368
   1.127      0.783863
   1.134      0.781372
   1.140      0.778897
   1.147      0.776434
   1.153      0.773985
   1.160      0.771548
   1.166      0.769122
   1.173      0.766706
   1.179      0.764301
   1.186      0.761905
   1.192      0.759518
   1.199      0.757139
   1.205      0.754767
   1.212      0.752403
   1.218      0.750045
   1.225      0.747694
   1.231      0.745348
   1.238      0.743008
   1.244      0.740672
   1.251      0.738341
   1.257      0.736015
   1.264      0.733692
   1.270      0.731373
   1.277      0.729057
   1.283      0.726745
   1.290      0.724435
   1.296      0.722128
   1.303      0.719824
   1.310      0.717522
   1.316      0.715223
   1.323      0.712925
   1.329      0.710630
   1.336      0.708336
   1.342      0.706045
   1.349      0.703755
   1.355      0.701467
   1.362      0.699180
   1.368      0.696896
   1.375      0.694613
   1.381      0.692332
   1.388      0.690052
   1.394      0.687775
   1.401      0.685499
   1.407      0.683225
   1.414      0.680953
   1.420      0.678684
   1.427      0.676416
   1.433      0.674151
   1.440      0.671888
   1.446      0.669627
   1.453      0.667369
   1.459      0.665114
   1.466      0.662862
   1.472      0.660612
   1.479      0.658366
   1.485      0.656122
   1.492      0.653883
   1.498      0.651646
   1.505      0.649413
   1.511      0.647185
   1.518      0.644960
   1.525      0.642739
   1.531      0.640522
   1.538      0.638310
   1.544      0.636103
   1.551      0.633900
   1.557      0.631703
   1.564      0.629510
   1.570      0.627322
   1.577      0.625140
   1.583      0.622964
   1.590      0.620793
   1.596      0.618628
   1.603      0.616469
   1.609      0.614317
   1.616      0.612170
   1.622      0.610030
   1.629      0.607897
   1.635      0.605770
   1.642      0.603651
   1.648      0.601538
   1.655      0.599433
   1.661      0.597335
   1.668      0.595244
   1.674      0.593161
   1.681      0.591085
   1.687      0.589018
   1.694      0.586958
   1.700      0.584907
   1.707      0.582863
   1.713      0.580828
   1.720      0.578801
   1.726      0.576783
   1.733      0.574773
   1.740      0.572771
   1.746      0.570779
   1.753      0.568795
   1.759      0.566820
   1.766      0.564855
   1.772      0.562898
   1.779      0.560950
   1.785      0.559012
   1.792      0.557083
   1.798      0.555163
   1.805      0.553252
   1.811      0.551351
   1.818      0.549459
   1.824      0.547577
   1.831      0.545704
   1.837      0.543841
   1.844      0.541988
   1.850      0.540144
   1.857      0.538310
   1.863      0.536485
   1.870      0.534671
   1.876      0.532866
   1.883      0.531070
   1.889      0.529285
   1.896      0.527509
   1.902      0.525743
   1.909      0.523987
   1.915      0.522240
   1.922      0.520503
   1.928      0.518776
   1.935      0.517059
   1.941      0.515352
   1.948      0.513654
   1.954      0.511966
   1.961      0.510288
   1.968      0.508619
   1.974      0.506960
   1.981      0.505310
   1.987      0.503670
   1.994      0.502040
   2.000      0.500419
   2.007      0.498808
   2.013      0.497206
   2.020      0.495614
   2.026      0.494031
   2.033      0.492457
   2.039      0.490893
   2.046      0.489338
   2.052      0.487792
   2.059      0.486255
   2.065      0.484728
   2.072      0.483209
   2.078      0.481700
   2.085      0.480199
   2.091      0.478707
   2.098      0.477225
   2.104      0.475751
   2.111      0.474286
   2.117      0.472829
   2.124      0.471381
   2.130      0.469942
   2.137      0.468511
   2.143      0.467089
   2.150      0.465675
   2.156      0.464270
   2.163      0.462873
   2.169      0.461484
   2.176      0.460103
   2.183      0.458731
   2.189      0.457366
   2.196      0.456010
   2.202      0.454661
   2.209      0.453320
   2.215      0.451987
   2.222      0.450662
   2.228      0.449345
   2.235      0.448035
   2.241      0.446733
   2.248      0.445438
   2.254      0.444151
   2.261      0.442871
   2.267      0.441598
   2.274      0.440333
   2.280      0.439075
   2.287      0.437824
   2.293      0.436581
   2.300      0.435344
   2.306      0.434114
   2.313      0.432891
   2.319      0.431675
   2.326      0.430466
   2.332      0.429264
   2.339      0.428068
   2.345      0.426879
   2.352      0.425696
   2.358      0.424520
   2.365      0.423351
   2.371      0.422188
   2.378      0.421031
   2.384      0.419881
   2.391      0.418737
   2.398      0.417599
   2.404      0.416467
   2.411      0.415342
   2.417      0.414222
   2.424      0.413109
   2.430      0.412001
   2.437      0.410899
   2.443      0.409804
   2.450      0.408714
   2.456      0.407630
   2.463      0.406551
   2.469      0.405479
   2.476      0.404411
   2.482      0.403350
   2.489      0.402294
   2.495      0.401244
   2.502      0.400199
   2.508      0.399159
   2.515      0.398125
   2.521      0.397097
   2.528      0.396073
   2.534      0.395055
   2.541      0.394042
   2.547      0.393034
   2.554      0.392032
   2.560      0.391034
   2.567      0.390042
   2.573      0.389054
   2.580      0.388072
   2.586      0.387094
   2.593      0.386122
