   0.000      1.258448
   0.007      1.258448
   0.013      1.258448
   0.020      1.258447
   0.026      1.258446
   0.033      1.258444
   0.039      1.258441
   0.046      1.258436
   0.052      1.258427
   0.059      1.258415
   0.065      1.258397
   0.072      1.258374
   0.078      1.258344
   0.085      1.258305
   0.091      1.258256
   0.098      1.258196
   0.104      1.258123
   0.111      1.258035
   0.117      1.257930
   0.124      1.257808
   0.130      1.257664
   0.137      1.257499
   0.143      1.257309
   0.150      1.257092
   0.156      1.256847
   0.163      1.256570
   0.169      1.256261
   0.176      1.255916
   0.182      1.255533
   0.189      1.255109
   0.195      1.254643
   0.202      1.254132
   0.208      1.253574
   0.215      1.252966
   0.222      1.252306
   0.228      1.251591
   0.235      1.250819
   0.241      1.249989
   0.248      1.249097
   0.254      1.248142
   0.261      1.247121
   0.267      1.246032
   0.274      1.244875
   0.280      1.243645
   0.287      1.242343
   0.293      1.240966
   0.300      1.239512
   0.306      1.237981
   0.313      1.236370
   0.319      1.234678
   0.326      1.232905
   0.332      1.231049
   0.339      1.229109
   0.345      1.227086
   0.352      1.224977
   0.358      1.222782
   0.365      1.220502
   0.371      1.218135
   0.378      1.215683
   0.384      1.213144
   0.391      1.210520
   0.397      1.207810
   0.404      1.205014
   0.410      1.202134
   0.417      1.199170
   0.423      1.196124
   0.430      1.192995
   0.437      1.189785
   0.443      1.186495
   0.450      1.183126
   0.456      1.179681
   0.463      1.176159
   0.469      1.172564
   0.476      1.168896
   0.482      1.165157
   0.489      1.161349
   0.495      1.157473
   0.502      1.153533
   0.508      1.149529
   0.515      1.145465
   0.521      1.141341
   0.528      1.137160
   0.534      1.132924
   0.541      1.128635
   0.547      1.124296
   0.554      1.119909
   0.560      1.115476
   0.567      1.110999
   0.573      1.106481
   0.580      1.101924
   0.586      1.097330
   0.593      1.092701
   0.599      1.088040
   0.606      1.083350
   0.612      1.078631
   0.619      1.073887
   0.625      1.069120
   0.632      1.064332
   0.638      1.059526
   0.645      1.054703
   0.651      1.049866
   0.658      1.045016
   0.665      1.040157
   0.671      1.035290
   0.678      1.030417
   0.684      1.025541
   0.691      1.020663
   0.697      1.015786
   0.704      1.010910
   0.710      1.006040
   0.717      1.001175
   0.723      0.996318
   0.730      0.991471
   0.736      0.986635
   0.743      0.981813
   0.749      0.977006
   0.756      0.972215
   0.762      0.967442
   0.769      0.962690
   0.775      0.957958
   0.782      0.953249
   0.788      0.948564
   0.795      0.943904
   0.801      0.939272
   0.808      0.934667
   0.814      0.930092
   0.821      0.925547
   0.827      0.921034
   0.834      0.916553
   0.840      0.912106
   0.847      0.907694
   0.853      0.903318
   0.860      0.898978
   0.866      0.894675
   0.873      0.890411
   0.880      0.886185
   0.886      0.881998
   0.893      0.877851
   0.899      0.873745
   0.906      0.869680
   0.912      0.865656
   0.919      0.861674
   0.925      0.857734
   0.932      0.853836
   0.938      0.849980
   0.945      0.846167
   0.951      0.842397
   0.958      0.838669
   0.964      0.834984
   0.971      0.831342
   0.977      0.827742
   0.984      0.824185
   0.990      0.820670
   0.997      0.817196
   1.003      0.813765
   1.010      0.810375
   1.016      0.807026
   1.023      0.803717
   1.029      0.800449
   1.036      0.797221
   1.042      0.794032
   1.049      0.790882
   1.055      0.787770
   1.062      0.784697
   1.068      0.781660
   1.075      0.778660
   1.081      0.775696
   1.088      0.772768
   1.095      0.769875
   1.101      0.767016
   1.108      0.764190
   1.114      0.761397
   1.121      0.758637
   1.127      0.755908
   1.134      0.753210
   1.140      0.750542
   1.147      0.747903
   1.153      0.745294
   1.160      0.742712
   1.166      0.740158
   1.173      0.737630
   1.179      0.735129
   1.186      0.732653
   1.192      0.730201
   1.199      0.727774
   1.205      0.725369
   1.212      0.722987
   1.218      0.720628
   1.225      0.718289
   1.231      0.715971
   1.238      0.713673
   1.244      0.711394
   1.251      0.709134
   1.257      0.706892
   1.264      0.704668
   1.270      0.702461
   1.277      0.700270
   1.283      0.698094
   1.290      0.695934
   1.296      0.693789
   1.303      0.691657
   1.310      0.689540
   1.316      0.687435
   1.323      0.685343
   1.329      0.683263
   1.336      0.681195
   1.342      0.679139
   1.349      0.677093
   1.355      0.675057
   1.362      0.673031
   1.368      0.671015
   1.375      0.669008
   1.381      0.667010
   1.388      0.665021
   1.394      0.663039
   1.401      0.661065
   1.407      0.659099
   1.414      0.657140
   1.420      0.655188
   1.427      0.653243
   1.433      0.651303
   1.440      0.649370
   1.446      0.647443
   1.453      0.645522
   1.459      0.643605
   1.466      0.641695
   1.472      0.639789
   1.479      0.637888
   1.485      0.635991
   1.492      0.634099
   1.498      0.632212
   1.505      0.630328
   1.511      0.628449
   1.518      0.626574
   1.525      0.624702
   1.531      0.622835
   1.538      0.620971
   1.544      0.619110
   1.551      0.617253
   1.557      0.615400
   1.564      0.613550
   1.570      0.611703
   1.577      0.609860
   1.583      0.608020
   1.590      0.606183
   1.596      0.604349
   1.603      0.602518
   1.609      0.600691
   1.616      0.598866
   1.622      0.597045
   1.629      0.595227
   1.635      0.593413
   1.642      0.591601
   1.648      0.589793
   1.655      0.587988
   1.661      0.586186
   1.668      0.584388
   1.674      0.582592
   1.681      0.580801
   1.687      0.579013
   1.694      0.577228
   1.700      0.575447
   1.707      0.573669
   1.713      0.571895
   1.720      0.570125
   1.726      0.568358
   1.733      0.566596
   1.740      0.564837
   1.746      0.563082
   1.753      0.561331
   1.759      0.559585
   1.766      0.557842
   1.772      0.556104
   1.779      0.554370
   1.785      0.552640
   1.792      0.550915
   1.798      0.549195
   1.805      0.547479
   1.811      0.545768
   1.818      0.544061
   1.824      0.542360
   1.831      0.540663
   1.837      0.538971
   1.844      0.537284
   1.850      0.535603
   1.857      0.533927
   1.863      0.532255
   1.870      0.530590
   1.876      0.528929
   1.883      0.527275
   1.889      0.525625
   1.896      0.523982
   1.902      0.522344
   1.909      0.520712
   1.915      0.519085
   1.922      0.517465
   1.928      0.515850
   1.935      0.514242
   1.941      0.512639
   1.948      0.511043
   1.954      0.509452
   1.961      0.507868
   1.968      0.506291
   1.974      0.504719
   1.981      0.503154
   1.987      0.501596
   1.994      0.500043
   2.000      0.498498
   2.007      0.496959
   2.013      0.495426
   2.020      0.493900
   2.026      0.492381
   2.033      0.490868
   2.039      0.489363
   2.046      0.487863
   2.052      0.486371
   2.059      0.484886
   2.065      0.483407
   2.072      0.481935
   2.078      0.480470
   2.085      0.479012
   2.091      0.477561
   2.098      0.476117
   2.104      0.474679
   2.111      0.473249
   2.117      0.471826
   2.124      0.470409
   2.130      0.469000
   2.137      0.467597
   2.143      0.466202
   2.150      0.464814
   2.156      0.463432
   2.163      0.462057
   2.169      0.460690
   2.176      0.459329
   2.183      0.457976
   2.189      0.456629
   2.196      0.455289
   2.202      0.453957
   2.209      0.452631
   2.215      0.451312
   2.222      0.450000
   2.228      0.448695
   2.235      0.447396
   2.241      0.446105
   2.248      0.444820
   2.254      0.443542
   2.261      0.442271
   2.267      0.441007
   2.274      0.439749
   2.280      0.438499
   2.287      0.437254
   2.293      0.436017
   2.300      0.434786
   2.306      0.433561
   2.313      0.432344
   2.319      0.431132
   2.326      0.429928
   2.332      0.428729
   2.339      0.427537
   2.345      0.426352
   2.352      0.425173
   2.358      0.424000
   2.365      0.422833
   2.371      0.421673
   2.378      0.420519
   2.384      0.419371
   2.391      0.418229
   2.398      0.417093
   2.404      0.415964
   2.411      0.414840
   2.417      0.413722
   2.424      0.412611
   2.430      0.411505
   2.437      0.410405
   2.443      0.409311
   2.450      0.408222
   2.456      0.407140
   2.463      0.406063
   2.469      0.404992
   2.476      0.403926
   2.482      0.402866
   2.489      0.401811
   2.495      0.400762
   2.502      0.399719
   2.508      0.398681
   2.515      0.397648
   2.521      0.396620
   2.528      0.395598
   2.534      0.394581
   2.541      0.393569
   2.547      0.392563
   2.554      0.391561
   2.560      0.390565
   2.567      0.389574
   2.573      0.388587
   2.580      0.387606
   2.586      0.386630
   2.593      0.385658
