   0.005      0.442314
   0.010      0.442393
   0.015      0.442473
   0.020      0.442618
   0.025      0.442827
   0.029      0.443100
   0.034      0.443436
   0.039      0.443834
   0.044      0.444295
   0.049      0.444817
   0.054      0.445401
   0.059      0.446047
   0.064      0.446755
   0.069      0.447525
   0.074      0.448356
   0.078      0.449250
   0.083      0.450206
   0.088      0.451225
   0.093      0.452306
   0.098      0.453449
   0.103      0.454656
   0.108      0.455925
   0.113      0.457257
   0.118      0.458652
   0.123      0.460110
   0.127      0.461632
   0.132      0.463217
   0.137      0.464866
   0.142      0.466579
   0.147      0.468356
   0.152      0.470196
   0.157      0.472101
   0.162      0.474071
   0.167      0.476105
   0.172      0.478203
   0.176      0.480367
   0.181      0.482595
   0.186      0.484889
   0.191      0.487248
   0.196      0.489672
   0.201      0.492162
   0.206      0.494718
   0.211      0.497340
   0.216      0.500028
   0.221      0.502782
   0.225      0.505602
   0.230      0.508489
   0.235      0.511442
   0.240      0.514462
   0.245      0.517549
   0.250      0.520703
   0.255      0.523925
   0.260      0.527213
   0.265      0.530569
   0.270      0.533993
   0.274      0.537484
   0.279      0.541043
   0.284      0.544670
   0.289      0.548365
   0.294      0.552128
   0.299      0.555959
   0.304      0.559859
   0.309      0.563827
   0.314      0.567863
   0.319      0.571968
   0.323      0.576141
   0.328      0.580383
   0.333      0.584694
   0.338      0.589073
   0.343      0.593521
   0.348      0.598037
   0.353      0.602623
   0.358      0.607276
   0.363      0.611998
   0.368      0.616789
   0.372      0.621648
   0.377      0.626576
   0.382      0.631571
   0.387      0.636635
   0.392      0.641767
   0.397      0.646967
   0.402      0.652235
   0.407      0.657570
   0.412      0.662973
   0.417      0.668443
   0.421      0.673980
   0.426      0.679584
   0.431      0.685254
   0.436      0.690991
   0.441      0.696794
   0.446      0.702663
   0.451      0.708597
   0.456      0.714597
   0.461      0.720661
   0.466      0.726789
   0.470      0.732982
   0.475      0.739238
   0.480      0.745557
   0.485      0.751939
   0.490      0.758383
   0.495      0.764889
   0.500      0.771456
   0.505      0.778083
   0.510      0.784771
   0.515      0.791517
   0.519      0.798323
   0.524      0.805186
   0.529      0.812107
   0.534      0.819084
   0.539      0.826118
   0.544      0.833206
   0.549      0.840348
   0.554      0.847544
   0.559      0.854792
   0.564      0.862092
   0.568      0.869442
   0.573      0.876842
   0.578      0.884290
   0.583      0.891786
   0.588      0.899329
   0.593      0.906916
   0.598      0.914548
   0.603      0.922223
   0.608      0.929940
   0.613      0.937697
   0.617      0.945493
   0.622      0.953327
   0.627      0.961198
   0.632      0.969104
   0.637      0.977043
   0.642      0.985015
   0.647      0.993018
   0.652      1.001050
   0.657      1.009109
   0.662      1.017195
   0.666      1.025305
   0.671      1.033437
   0.676      1.041591
   0.681      1.049765
   0.686      1.057955
   0.691      1.066162
   0.696      1.074383
   0.701      1.082616
   0.706      1.090859
   0.711      1.099110
   0.715      1.107368
   0.720      1.115630
   0.725      1.123895
   0.730      1.132160
   0.735      1.140424
   0.740      1.148684
   0.745      1.156939
   0.750      1.165186
   0.755      1.173422
   0.760      1.181647
   0.764      1.189858
   0.769      1.198052
   0.774      1.206227
   0.779      1.214382
   0.784      1.222514
   0.789      1.230621
   0.794      1.238700
   0.799      1.246749
   0.804      1.254767
   0.809      1.262750
   0.813      1.270697
   0.818      1.278605
   0.823      1.286472
   0.828      1.294295
   0.833      1.302074
   0.838      1.309804
   0.843      1.317484
   0.848      1.325112
   0.853      1.332686
   0.858      1.340203
   0.862      1.347660
   0.867      1.355057
   0.872      1.362390
   0.877      1.369658
   0.882      1.376857
   0.887      1.383987
   0.892      1.391046
   0.897      1.398030
   0.902      1.404938
   0.907      1.411767
   0.911      1.418517
   0.916      1.425185
   0.921      1.431768
   0.926      1.438265
   0.931      1.444675
   0.936      1.450995
   0.941      1.457223
   0.946      1.463358
   0.951      1.469398
   0.956      1.475342
   0.960      1.481186
   0.965      1.486931
   0.970      1.492575
   0.975      1.498115
   0.980      1.503551
   0.985      1.508881
   0.990      1.514104
   0.995      1.519219
   1.000      1.524223
   1.005      1.529116
   1.009      1.533897
   1.014      1.538565
   1.019      1.543119
   1.024      1.547557
   1.029      1.551879
   1.034      1.556083
   1.039      1.560170
   1.044      1.564138
   1.049      1.567986
   1.054      1.571714
   1.058      1.575321
   1.063      1.578808
   1.068      1.582172
   1.073      1.585414
   1.078      1.588533
   1.083      1.591530
   1.088      1.594404
   1.093      1.597154
   1.098      1.599780
   1.103      1.602283
   1.107      1.604663
   1.112      1.606919
   1.117      1.609051
   1.122      1.611060
   1.127      1.612945
   1.132      1.614708
   1.137      1.616348
   1.142      1.617866
   1.147      1.619262
   1.152      1.620536
   1.156      1.621689
   1.161      1.622722
   1.166      1.623635
   1.171      1.624428
   1.176      1.625103
   1.181      1.625660
   1.186      1.626100
   1.191      1.626423
   1.196      1.626631
   1.201      1.626724
   1.205      1.626703
   1.210      1.626570
   1.215      1.626324
   1.220      1.625968
   1.225      1.625501
   1.230      1.624926
   1.235      1.624243
   1.240      1.623454
   1.245      1.622559
   1.250      1.621559
   1.254      1.620457
   1.259      1.619252
   1.264      1.617947
   1.269      1.616542
   1.274      1.615039
   1.279      1.613439
   1.284      1.611744
   1.289      1.609954
   1.294      1.608071
   1.299      1.606096
   1.303      1.604031
   1.308      1.601877
   1.313      1.599635
   1.318      1.597307
   1.323      1.594895
   1.328      1.592398
   1.333      1.589820
   1.338      1.587160
   1.343      1.584422
   1.348      1.581605
   1.352      1.578712
   1.357      1.575744
   1.362      1.572702
   1.367      1.569587
   1.372      1.566402
   1.377      1.563147
   1.382      1.559823
   1.387      1.556433
   1.392      1.552978
   1.397      1.549458
   1.401      1.545876
   1.406      1.542232
   1.411      1.538528
   1.416      1.534765
   1.421      1.530945
   1.426      1.527069
   1.431      1.523138
   1.436      1.519153
   1.441      1.515117
   1.446      1.511029
   1.450      1.506892
   1.455      1.502706
   1.460      1.498473
   1.465      1.494194
   1.470      1.489870
   1.475      1.485502
   1.480      1.481092
   1.485      1.476641
   1.490      1.472150
   1.495      1.467620
   1.499      1.463051
   1.504      1.458447
   1.509      1.453806
   1.514      1.449131
   1.519      1.444422
   1.524      1.439681
   1.529      1.434909
   1.534      1.430106
   1.539      1.425274
   1.544      1.420413
   1.548      1.415525
   1.553      1.410611
   1.558      1.405670
   1.563      1.400706
   1.568      1.395718
   1.573      1.390707
   1.578      1.385674
   1.583      1.380620
   1.588      1.375546
   1.593      1.370452
   1.597      1.365341
   1.602      1.360211
   1.607      1.355065
   1.612      1.349903
   1.617      1.344725
   1.622      1.339533
   1.627      1.334327
   1.632      1.329108
   1.637      1.323877
   1.642      1.318635
   1.646      1.313381
   1.651      1.308117
   1.656      1.302844
   1.661      1.297562
   1.666      1.292272
   1.671      1.286974
   1.676      1.281669
   1.681      1.276358
   1.686      1.271041
   1.691      1.265719
   1.695      1.260392
   1.700      1.255062
   1.705      1.249727
   1.710      1.244391
   1.715      1.239051
   1.720      1.233710
   1.725      1.228367
   1.730      1.223024
   1.735      1.217680
   1.740      1.212337
   1.744      1.206994
   1.749      1.201652
   1.754      1.196312
   1.759      1.190974
   1.764      1.185638
   1.769      1.180305
   1.774      1.174975
   1.779      1.169649
   1.784      1.164327
   1.789      1.159010
   1.793      1.153697
   1.798      1.148390
   1.803      1.143088
   1.808      1.137792
   1.813      1.132502
   1.818      1.127219
   1.823      1.121943
   1.828      1.116675
   1.833      1.111414
   1.838      1.106161
   1.842      1.100916
   1.847      1.095680
   1.852      1.090452
   1.857      1.085234
   1.862      1.080025
   1.867      1.074826
   1.872      1.069637
   1.877      1.064458
   1.882      1.059289
   1.887      1.054131
   1.891      1.048984
   1.896      1.043849
   1.901      1.038724
   1.906      1.033612
   1.911      1.028511
   1.916      1.023422
   1.921      1.018345
   1.926      1.013281
   1.931      1.008230
   1.936      1.003191
   1.940      0.998166
   1.945      0.993153
   1.950      0.988154
   1.955      0.983169
   1.960      0.978198
   1.965      0.973240
   1.970      0.968296
   1.975      0.963367
   1.980      0.958451
   1.985      0.953551
   1.989      0.948665
   1.994      0.943794
   1.999      0.938937
   2.004      0.934096
   2.009      0.929270
   2.014      0.924459
   2.019      0.919663
   2.024      0.914883
   2.029      0.910118
   2.034      0.905370
   2.038      0.900637
   2.043      0.895920
   2.048      0.891218
   2.053      0.886533
   2.058      0.881864
   2.063      0.877212
   2.068      0.872575
   2.073      0.867955
   2.078      0.863352
   2.083      0.858765
   2.087      0.854195
   2.092      0.849641
   2.097      0.845104
   2.102      0.840584
   2.107      0.836080
   2.112      0.831594
   2.117      0.827125
   2.122      0.822672
   2.127      0.818237
   2.132      0.813818
   2.136      0.809417
   2.141      0.805033
   2.146      0.800666
   2.151      0.796316
   2.156      0.791984
   2.161      0.787669
   2.166      0.783371
   2.171      0.779091
   2.176      0.774827
   2.181      0.770582
   2.185      0.766353
   2.190      0.762142
   2.195      0.757949
   2.200      0.753773
   2.205      0.749614
   2.210      0.745473
   2.215      0.741349
   2.220      0.737243
   2.225      0.733154
   2.230      0.729083
   2.234      0.725029
   2.239      0.720993
   2.244      0.716974
   2.249      0.712972
   2.254      0.708988
   2.259      0.705021
   2.264      0.701072
   2.269      0.697140
   2.274      0.693225
   2.279      0.689328
   2.283      0.685449
   2.288      0.681586
   2.293      0.677741
   2.298      0.673914
   2.303      0.670103
   2.308      0.666310
   2.313      0.662534
   2.318      0.658776
   2.323      0.655034
   2.328      0.651310
   2.332      0.647603
   2.337      0.643913
   2.342      0.640240
   2.347      0.636585
   2.352      0.632946
   2.357      0.629324
   2.362      0.625720
   2.367      0.622132
   2.372      0.618561
   2.377      0.615007
   2.381      0.611470
   2.386      0.607950
   2.391      0.604446
   2.396      0.600959
   2.401      0.597489
   2.406      0.594036
   2.411      0.590599
   2.416      0.587178
   2.421      0.583775
   2.426      0.580387
   2.430      0.577016
   2.435      0.573662
   2.440      0.570324
   2.445      0.567002
   2.450      0.563696
   2.455      0.560407
   2.460      0.557134
   2.465      0.553877
   2.470      0.550636
   2.475      0.547411
   2.479      0.544202
   2.484      0.541008
   2.489      0.537831
   2.494      0.534670
   2.499      0.531524
   2.504      0.528394
   2.509      0.525280
   2.514      0.522181
   2.519      0.519098
   2.524      0.516030
   2.528      0.512978
   2.533      0.509942
   2.538      0.506920
   2.543      0.503914
   2.548      0.500923
   2.553      0.497948
   2.558      0.494987
   2.563      0.492042
   2.568      0.489111
   2.573      0.486196
   2.577      0.483295
   2.582      0.480410
   2.587      0.477539
   2.592      0.474683
   2.597      0.471841
   2.602      0.469014
   2.607      0.466202
   2.612      0.463404
   2.617      0.460621
   2.622      0.457852
   2.626      0.455098
   2.631      0.452357
   2.636      0.449631
   2.641      0.446919
   2.646      0.444222
   2.651      0.441538
   2.656      0.438868
   2.661      0.436213
   2.666      0.433571
   2.671      0.430943
   2.675      0.428329
   2.680      0.425728
   2.685      0.423141
   2.690      0.420568
   2.695      0.418008
   2.700      0.415462
   2.705      0.412929
   2.710      0.410409
   2.715      0.407903
   2.720      0.405410
   2.724      0.402930
   2.729      0.400463
   2.734      0.398010
   2.739      0.395569
   2.744      0.393141
   2.749      0.390726
   2.754      0.388324
   2.759      0.385935
   2.764      0.383558
   2.769      0.381195
   2.773      0.378843
   2.778      0.376504
   2.783      0.374178
   2.788      0.371864
   2.793      0.369563
   2.798      0.367273
   2.803      0.364996
   2.808      0.362732
   2.813      0.360479
   2.818      0.358238
   2.822      0.356010
   2.827      0.353793
   2.832      0.351588
   2.837      0.349395
   2.842      0.347214
   2.847      0.345045
   2.852      0.342887
   2.857      0.340741
   2.862      0.338606
   2.867      0.336483
   2.871      0.334372
   2.876      0.332271
   2.881      0.330182
   2.886      0.328105
   2.891      0.326038
   2.896      0.323983
   2.901      0.321939
   2.906      0.319905
   2.911      0.317883
   2.916      0.315872
   2.920      0.313872
   2.925      0.311882
   2.930      0.309903
   2.935      0.307935
   2.940      0.305978
   2.945      0.304031
   2.950      0.302095
   2.955      0.300169
   2.960      0.298253
   2.965      0.296348
   2.969      0.294454
   2.974      0.292569
   2.979      0.290695
   2.984      0.288831
   2.989      0.286977
   2.994      0.285134
   2.999      0.283300
   3.004      0.281476
   3.009      0.279662
   3.014      0.277858
   3.018      0.276064
   3.023      0.274279
   3.028      0.272504
   3.033      0.270739
   3.038      0.268983
   3.043      0.267237
   3.048      0.265501
   3.053      0.263774
   3.058      0.262056
   3.063      0.260347
   3.067      0.258648
   3.072      0.256958
   3.077      0.255278
   3.082      0.253606
   3.087      0.251943
   3.092      0.250290
   3.097      0.248645
   3.102      0.247010
   3.107      0.245383
   3.112      0.243765
   3.116      0.242156
   3.121      0.240556
   3.126      0.238964
   3.131      0.237381
   3.136      0.235807
   3.141      0.234241
   3.146      0.232684
   3.151      0.231135
   3.156      0.229595
   3.161      0.228062
   3.165      0.226539
   3.170      0.225023
   3.175      0.223516
   3.180      0.222017
   3.185      0.220526
   3.190      0.219043
   3.195      0.217568
   3.200      0.216101
   3.205      0.214642
   3.210      0.213191
   3.214      0.211747
   3.219      0.210312
   3.224      0.208884
   3.229      0.207464
   3.234      0.206052
   3.239      0.204647
   3.244      0.203250
   3.249      0.201861
   3.254      0.200479
   3.259      0.199104
   3.263      0.197737
   3.268      0.196377
   3.273      0.195025
   3.278      0.193680
   3.283      0.192342
   3.288      0.191011
   3.293      0.189687
   3.298      0.188371
   3.303      0.187061
   3.308      0.185759
   3.312      0.184464
   3.317      0.183175
   3.322      0.181894
   3.327      0.180619
   3.332      0.179351
   3.337      0.178090
   3.342      0.176836
   3.347      0.175588
   3.352      0.174347
   3.357      0.173113
   3.361      0.171885
   3.366      0.170664
   3.371      0.169450
   3.376      0.168241
   3.381      0.167040
   3.386      0.165844
   3.391      0.164655
   3.396      0.163472
   3.401      0.162296
   3.406      0.161126
   3.410      0.159962
   3.415      0.158804
   3.420      0.157652
   3.425      0.156507
   3.430      0.155367
   3.435      0.154233
   3.440      0.153106
   3.445      0.151984
   3.450      0.150869
   3.455      0.149759
   3.459      0.148655
   3.464      0.147556
   3.469      0.146464
   3.474      0.145377
   3.479      0.144296
   3.484      0.143221
   3.489      0.142151
   3.494      0.141087
   3.499      0.140028
   3.504      0.138975
   3.508      0.137927
   3.513      0.136885
   3.518      0.135848
   3.523      0.134817
   3.528      0.133791
   3.533      0.132770
   3.538      0.131754
   3.543      0.130744
   3.548      0.129739
   3.553      0.128739
   3.557      0.127745
   3.562      0.126755
   3.567      0.125770
   3.572      0.124791
   3.577      0.123816
   3.582      0.122847
   3.587      0.121882
   3.592      0.120923
   3.597      0.119968
   3.602      0.119018
   3.606      0.118073
   3.611      0.117133
   3.616      0.116197
   3.621      0.115267
   3.626      0.114341
   3.631      0.113419
   3.636      0.112503
   3.641      0.111590
   3.646      0.110683
   3.651      0.109780
   3.655      0.108881
   3.660      0.107987
   3.665      0.107098
   3.670      0.106213
   3.675      0.105332
   3.680      0.104456
   3.685      0.103584
   3.690      0.102716
   3.695      0.101853
   3.700      0.100994
   3.704      0.100139
   3.709      0.099288
   3.714      0.098442
   3.719      0.097599
   3.724      0.096761
   3.729      0.095927
   3.734      0.095097
   3.739      0.094271
   3.744      0.093449
   3.749      0.092631
   3.753      0.091817
   3.758      0.091006
   3.763      0.090200
   3.768      0.089398
   3.773      0.088599
   3.778      0.087804
   3.783      0.087013
   3.788      0.086226
   3.793      0.085443
   3.798      0.084663
   3.802      0.083887
   3.807      0.083115
   3.812      0.082346
   3.817      0.081581
   3.822      0.080819
   3.827      0.080061
   3.832      0.079307
   3.837      0.078556
   3.842      0.077808
   3.847      0.077065
   3.851      0.076324
   3.856      0.075587
   3.861      0.074853
   3.866      0.074123
   3.871      0.073396
   3.876      0.072672
   3.881      0.071952
   3.886      0.071234
   3.891      0.070520
   3.896      0.069810
   3.900      0.069102
   3.905      0.068398
   3.910      0.067697
   3.915      0.066999
   3.920      0.066304
   3.925      0.065612
   3.930      0.064923
   3.935      0.064237
   3.940      0.063555
   3.945      0.062875
   3.949      0.062198
   3.954      0.061524
   3.959      0.060853
   3.964      0.060185
   3.969      0.059520
   3.974      0.058858
   3.979      0.058199
   3.984      0.057542
   3.989      0.056888
   3.994      0.056237
   3.998      0.055589
   4.003      0.054943
   4.008      0.054300
   4.013      0.053660
   4.018      0.053023
   4.023      0.052388
   4.028      0.051756
   4.033      0.051126
   4.038      0.050499
   4.043      0.049875
   4.047      0.049253
   4.052      0.048633
   4.057      0.048016
   4.062      0.047402
   4.067      0.046790
   4.072      0.046180
   4.077      0.045573
   4.082      0.044969
   4.087      0.044366
   4.092      0.043766
   4.096      0.043169
   4.101      0.042573
   4.106      0.041980
   4.111      0.041390
   4.116      0.040801
   4.121      0.040215
   4.126      0.039631
   4.131      0.039049
   4.136      0.038470
   4.141      0.037893
   4.145      0.037317
   4.150      0.036744
   4.155      0.036173
   4.160      0.035604
   4.165      0.035038
   4.170      0.034473
   4.175      0.033910
   4.180      0.033350
   4.185      0.032791
   4.190      0.032234
   4.194      0.031680
   4.199      0.031127
   4.204      0.030576
   4.209      0.030027
   4.214      0.029480
   4.219      0.028935
   4.224      0.028392
   4.229      0.027851
   4.234      0.027311
   4.239      0.026774
   4.243      0.026238
   4.248      0.025704
   4.253      0.025171
   4.258      0.024641
   4.263      0.024112
   4.268      0.023585
   4.273      0.023059
   4.278      0.022536
   4.283      0.022013
   4.288      0.021493
   4.292      0.020974
   4.297      0.020457
   4.302      0.019942
   4.307      0.019428
   4.312      0.018915
   4.317      0.018404
   4.322      0.017895
   4.327      0.017387
   4.332      0.016881
   4.337      0.016376
   4.341      0.015873
   4.346      0.015371
   4.351      0.014871
   4.356      0.014372
   4.361      0.013874
   4.366      0.013378
   4.371      0.012884
   4.376      0.012390
   4.381      0.011898
   4.386      0.011408
   4.390      0.010918
   4.395      0.010430
   4.400      0.009944
   4.405      0.009458
   4.410      0.008974
   4.415      0.008491
   4.420      0.008010
   4.425      0.007529
   4.430      0.007050
   4.435      0.006572
   4.439      0.006095
   4.444      0.005620
   4.449      0.005145
   4.454      0.004672
   4.459      0.004200
   4.464      0.003729
   4.469      0.003259
   4.474      0.002790
   4.479      0.002323
   4.484      0.001856
   4.488      0.001390
   4.493      0.000926
   4.498      0.000462
   4.503      0.000000
