   0.000    -15.176623
   0.004    -15.190637
   0.008    -15.205484
   0.012    -15.223706
   0.016    -15.246705
   0.021    -15.275629
   0.025    -15.312032
   0.029    -15.357013
   0.033    -15.411506
   0.037    -15.476245
   0.041    -15.551613
   0.045    -15.637795
   0.049    -15.734856
   0.054    -15.842611
   0.058    -15.960807
   0.062    -16.089021
   0.066    -16.226754
   0.070    -16.373373
   0.074    -16.528201
   0.078    -16.690459
   0.082    -16.859268
   0.087    -17.033714
   0.091    -17.212769
   0.095    -17.395356
   0.099    -17.580335
   0.103    -17.766498
   0.107    -17.952592
   0.111    -18.137300
   0.115    -18.319260
   0.120    -18.497079
   0.124    -18.669329
   0.128    -18.834561
   0.132    -18.991306
   0.136    -19.138103
   0.140    -19.273487
   0.144    -19.396021
   0.148    -19.504292
   0.153    -19.596910
   0.157    -19.672574
   0.161    -19.730037
   0.165    -19.768112
   0.169    -19.785721
   0.173    -19.781880
   0.177    -19.755722
   0.181    -19.706510
   0.185    -19.633643
   0.190    -19.536676
   0.194    -19.415314
   0.198    -19.269429
   0.202    -19.099077
   0.206    -18.904482
   0.210    -18.686047
   0.214    -18.444377
   0.218    -18.180246
   0.223    -17.894610
   0.227    -17.588600
   0.231    -17.263506
   0.235    -16.920789
   0.239    -16.562045
   0.243    -16.188997
   0.247    -15.803478
   0.251    -15.407420
   0.256    -15.002821
   0.260    -14.591712
   0.264    -14.176178
   0.268    -13.758272
   0.272    -13.340039
   0.276    -12.923458
   0.280    -12.510433
   0.284    -12.102781
   0.289    -11.702177
   0.293    -11.310172
   0.297    -10.928154
   0.301    -10.557338
   0.305    -10.198761
   0.309     -9.853271
   0.313     -9.521526
   0.317     -9.203993
   0.321     -8.900960
   0.326     -8.612530
   0.330     -8.338649
   0.334     -8.079110
   0.338     -7.833558
   0.342     -7.601539
   0.346     -7.382478
   0.350     -7.175743
   0.354     -6.980612
   0.359     -6.796359
   0.363     -6.622189
   0.367     -6.457347
   0.371     -6.301042
   0.375     -6.152543
   0.379     -6.011127
   0.383     -5.876119
   0.387     -5.746898
   0.392     -5.622886
   0.396     -5.503572
   0.400     -5.388493
   0.404     -5.277250
   0.408     -5.169493
   0.412     -5.064920
   0.416     -4.963285
   0.420     -4.864381
   0.425     -4.768030
   0.429     -4.674102
   0.433     -4.582479
   0.437     -4.493076
   0.441     -4.405828
   0.445     -4.320670
   0.449     -4.237563
   0.453     -4.156469
   0.458     -4.077353
   0.462     -4.000188
   0.466     -3.924943
   0.470     -3.851591
   0.474     -3.780104
   0.478     -3.710449
   0.482     -3.642595
   0.486     -3.576508
   0.490     -3.512151
   0.495     -3.449489
   0.499     -3.388481
   0.503     -3.329090
   0.507     -3.271273
   0.511     -3.214991
   0.515     -3.160202
   0.519     -3.106866
   0.523     -3.054943
   0.528     -3.004392
   0.532     -2.955172
   0.536     -2.907246
   0.540     -2.860576
   0.544     -2.815124
   0.548     -2.770854
   0.552     -2.727733
   0.556     -2.685726
   0.561     -2.644800
   0.565     -2.604923
   0.569     -2.566063
   0.573     -2.528191
   0.577     -2.491277
   0.581     -2.455293
   0.585     -2.420211
   0.589     -2.386006
   0.594     -2.352651
   0.598     -2.320122
   0.602     -2.288394
   0.606     -2.257444
   0.610     -2.227251
   0.614     -2.197792
   0.618     -2.169045
   0.622     -2.140991
   0.627     -2.113609
   0.631     -2.086881
   0.635     -2.060788
   0.639     -2.035311
   0.643     -2.010434
   0.647     -1.986139
   0.651     -1.962410
   0.655     -1.939232
   0.659     -1.916587
   0.664     -1.894463
   0.668     -1.872843
   0.672     -1.851715
   0.676     -1.831064
   0.680     -1.810878
   0.684     -1.791143
   0.688     -1.771847
   0.692     -1.752978
   0.697     -1.734525
   0.701     -1.716476
   0.705     -1.698819
   0.709     -1.681545
   0.713     -1.664643
   0.717     -1.648102
   0.721     -1.631914
   0.725     -1.616069
   0.730     -1.600557
   0.734     -1.585370
   0.738     -1.570498
   0.742     -1.555935
   0.746     -1.541671
   0.750     -1.527698
   0.754     -1.514009
   0.758     -1.500596
   0.763     -1.487453
   0.767     -1.474571
   0.771     -1.461945
   0.775     -1.449568
   0.779     -1.437433
   0.783     -1.425533
   0.787     -1.413864
   0.791     -1.402418
   0.795     -1.391191
   0.800     -1.380177
   0.804     -1.369369
   0.808     -1.358764
   0.812     -1.348355
   0.816     -1.338139
   0.820     -1.328109
   0.824     -1.318262
   0.828     -1.308592
   0.833     -1.299096
   0.837     -1.289769
   0.841     -1.280607
   0.845     -1.271606
   0.849     -1.262762
   0.853     -1.254070
   0.857     -1.245528
   0.861     -1.237132
   0.866     -1.228877
   0.870     -1.220762
   0.874     -1.212781
   0.878     -1.204933
   0.882     -1.197214
   0.886     -1.189620
   0.890     -1.182149
   0.894     -1.174798
   0.899     -1.167564
   0.903     -1.160445
   0.907     -1.153437
   0.911     -1.146538
   0.915     -1.139746
   0.919     -1.133057
   0.923     -1.126471
   0.927     -1.119983
   0.932     -1.113593
   0.936     -1.107297
   0.940     -1.101094
   0.944     -1.094981
   0.948     -1.088957
   0.952     -1.083019
   0.956     -1.077166
   0.960     -1.071395
   0.964     -1.065705
   0.969     -1.060094
   0.973     -1.054561
   0.977     -1.049103
   0.981     -1.043719
   0.985     -1.038407
   0.989     -1.033166
   0.993     -1.027994
   0.997     -1.022890
   1.002     -1.017852
   1.006     -1.012879
   1.010     -1.007969
   1.014     -1.003122
   1.018     -0.998335
   1.022     -0.993608
   1.026     -0.988939
   1.030     -0.984327
   1.035     -0.979771
   1.039     -0.975270
   1.043     -0.970823
   1.047     -0.966428
   1.051     -0.962084
   1.055     -0.957791
   1.059     -0.953548
   1.063     -0.949352
   1.068     -0.945205
   1.072     -0.941103
   1.076     -0.937048
   1.080     -0.933037
   1.084     -0.929070
   1.088     -0.925146
   1.092     -0.921264
   1.096     -0.917424
   1.101     -0.913624
   1.105     -0.909863
   1.109     -0.906142
   1.113     -0.902460
   1.117     -0.898815
   1.121     -0.895206
   1.125     -0.891634
   1.129     -0.888098
   1.133     -0.884596
   1.138     -0.881129
   1.142     -0.877695
   1.146     -0.874295
   1.150     -0.870927
   1.154     -0.867590
   1.158     -0.864285
   1.162     -0.861011
   1.166     -0.857767
   1.171     -0.854553
   1.175     -0.851368
   1.179     -0.848212
   1.183     -0.845084
   1.187     -0.841983
   1.191     -0.838910
   1.195     -0.835864
   1.199     -0.832844
   1.204     -0.829851
   1.208     -0.826882
   1.212     -0.823939
   1.216     -0.821020
   1.220     -0.818126
   1.224     -0.815256
   1.228     -0.812409
   1.232     -0.809585
   1.237     -0.806785
   1.241     -0.804006
   1.245     -0.801250
   1.249     -0.798515
   1.253     -0.795802
   1.257     -0.793111
   1.261     -0.790440
   1.265     -0.787789
   1.269     -0.785159
   1.274     -0.782548
   1.278     -0.779957
   1.282     -0.777386
   1.286     -0.774833
   1.290     -0.772300
   1.294     -0.769784
   1.298     -0.767288
   1.302     -0.764809
   1.307     -0.762348
   1.311     -0.759904
   1.315     -0.757478
   1.319     -0.755069
   1.323     -0.752676
   1.327     -0.750300
   1.331     -0.747941
   1.335     -0.745598
   1.340     -0.743271
   1.344     -0.740959
   1.348     -0.738663
   1.352     -0.736383
   1.356     -0.734117
   1.360     -0.731867
   1.364     -0.729631
   1.368     -0.727411
   1.373     -0.725204
   1.377     -0.723012
   1.381     -0.720834
   1.385     -0.718670
   1.389     -0.716520
   1.393     -0.714383
   1.397     -0.712260
   1.401     -0.710150
   1.406     -0.708054
   1.410     -0.705970
   1.414     -0.703899
   1.418     -0.701841
   1.422     -0.699796
   1.426     -0.697763
   1.430     -0.695743
   1.434     -0.693734
   1.438     -0.691738
   1.443     -0.689754
   1.447     -0.687781
   1.451     -0.685820
   1.455     -0.683871
   1.459     -0.681933
   1.463     -0.680007
   1.467     -0.678092
   1.471     -0.676187
   1.476     -0.674294
   1.480     -0.672412
   1.484     -0.670540
   1.488     -0.668680
   1.492     -0.666829
   1.496     -0.664989
   1.500     -0.663160
   1.504     -0.661341
   1.509     -0.659531
   1.513     -0.657732
   1.517     -0.655943
   1.521     -0.654164
   1.525     -0.652395
   1.529     -0.650635
   1.533     -0.648885
   1.537     -0.647144
   1.542     -0.645413
   1.546     -0.643691
   1.550     -0.641978
   1.554     -0.640275
   1.558     -0.638581
   1.562     -0.636895
   1.566     -0.635219
   1.570     -0.633551
   1.575     -0.631893
   1.579     -0.630242
   1.583     -0.628601
   1.587     -0.626968
   1.591     -0.625344
   1.595     -0.623728
   1.599     -0.622120
   1.603     -0.620521
   1.607     -0.618930
   1.612     -0.617347
   1.616     -0.615772
   1.620     -0.614205
   1.624     -0.612646
   1.628     -0.611095
   1.632     -0.609552
   1.636     -0.608017
   1.640     -0.606489
