   0.000      2.980016
   0.004      2.979800
   0.008      2.979150
   0.012      2.978068
   0.016      2.976554
   0.021      2.974610
   0.025      2.972236
   0.029      2.969435
   0.033      2.966208
   0.037      2.962557
   0.041      2.958486
   0.045      2.953997
   0.049      2.949093
   0.054      2.943778
   0.058      2.938056
   0.062      2.931930
   0.066      2.925404
   0.070      2.918484
   0.074      2.911175
   0.078      2.903481
   0.082      2.895408
   0.087      2.886962
   0.091      2.878149
   0.095      2.868975
   0.099      2.859447
   0.103      2.849572
   0.107      2.839357
   0.111      2.828809
   0.115      2.817937
   0.120      2.806747
   0.124      2.795249
   0.128      2.783452
   0.132      2.771362
   0.136      2.758991
   0.140      2.746346
   0.144      2.733438
   0.148      2.720276
   0.153      2.706869
   0.157      2.693229
   0.161      2.679364
   0.165      2.665285
   0.169      2.651003
   0.173      2.636527
   0.177      2.621870
   0.181      2.607041
   0.185      2.592051
   0.190      2.576910
   0.194      2.561630
   0.198      2.546222
   0.202      2.530696
   0.206      2.515062
   0.210      2.499332
   0.214      2.483516
   0.218      2.467625
   0.223      2.451669
   0.227      2.435657
   0.231      2.419602
   0.235      2.403511
   0.239      2.387396
   0.243      2.371266
   0.247      2.355130
   0.251      2.338998
   0.256      2.322879
   0.260      2.306782
   0.264      2.290716
   0.268      2.274690
   0.272      2.258711
   0.276      2.242788
   0.280      2.226930
   0.284      2.211143
   0.289      2.195436
   0.293      2.179815
   0.297      2.164289
   0.301      2.148863
   0.305      2.133545
   0.309      2.118341
   0.313      2.103258
   0.317      2.088301
   0.321      2.073476
   0.326      2.058788
   0.330      2.044244
   0.334      2.029846
   0.338      2.015602
   0.342      2.001514
   0.346      1.987586
   0.350      1.973823
   0.354      1.960228
   0.359      1.946804
   0.363      1.933555
   0.367      1.920481
   0.371      1.907586
   0.375      1.894872
   0.379      1.882339
   0.383      1.869990
   0.387      1.857825
   0.392      1.845845
   0.396      1.834050
   0.400      1.822441
   0.404      1.811016
   0.408      1.799776
   0.412      1.788720
   0.416      1.777846
   0.420      1.767154
   0.425      1.756643
   0.429      1.746309
   0.433      1.736152
   0.437      1.726169
   0.441      1.716359
   0.445      1.706718
   0.449      1.697244
   0.453      1.687935
   0.458      1.678788
   0.462      1.669800
   0.466      1.660967
   0.470      1.652287
   0.474      1.643756
   0.478      1.635372
   0.482      1.627130
   0.486      1.619028
   0.490      1.611062
   0.495      1.603229
   0.499      1.595526
   0.503      1.587948
   0.507      1.580492
   0.511      1.573155
   0.515      1.565934
   0.519      1.558825
   0.523      1.551824
   0.528      1.544928
   0.532      1.538135
   0.536      1.531439
   0.540      1.524839
   0.544      1.518331
   0.548      1.511912
   0.552      1.505578
   0.556      1.499327
   0.561      1.493155
   0.565      1.487060
   0.569      1.481039
   0.573      1.475088
   0.577      1.469206
   0.581      1.463388
   0.585      1.457633
   0.589      1.451939
   0.594      1.446301
   0.598      1.440719
   0.602      1.435190
   0.606      1.429711
   0.610      1.424280
   0.614      1.418896
   0.618      1.413555
   0.622      1.408256
   0.627      1.402998
   0.631      1.397777
   0.635      1.392593
   0.639      1.387444
   0.643      1.382327
   0.647      1.377242
   0.651      1.372187
   0.655      1.367160
   0.659      1.362161
   0.664      1.357187
   0.668      1.352237
   0.672      1.347311
   0.676      1.342407
   0.680      1.337524
   0.684      1.332661
   0.688      1.327817
   0.692      1.322991
   0.697      1.318183
   0.701      1.313391
   0.705      1.308615
   0.709      1.303854
   0.713      1.299107
   0.717      1.294374
   0.721      1.289654
   0.725      1.284947
   0.730      1.280253
   0.734      1.275570
   0.738      1.270899
   0.742      1.266239
   0.746      1.261589
   0.750      1.256950
   0.754      1.252322
   0.758      1.247703
   0.763      1.243094
   0.767      1.238495
   0.771      1.233906
   0.775      1.229326
   0.779      1.224756
   0.783      1.220195
   0.787      1.215644
   0.791      1.211102
   0.795      1.206569
   0.800      1.202046
   0.804      1.197532
   0.808      1.193028
   0.812      1.188534
   0.816      1.184050
   0.820      1.179576
   0.824      1.175111
   0.828      1.170657
   0.833      1.166214
   0.837      1.161781
   0.841      1.157359
   0.845      1.152948
   0.849      1.148548
   0.853      1.144160
   0.857      1.139783
   0.861      1.135418
   0.866      1.131066
   0.870      1.126725
   0.874      1.122398
   0.878      1.118083
   0.882      1.113781
   0.886      1.109492
   0.890      1.105217
   0.894      1.100956
   0.899      1.096709
   0.903      1.092476
   0.907      1.088258
   0.911      1.084054
   0.915      1.079866
   0.919      1.075693
   0.923      1.071535
   0.927      1.067393
   0.932      1.063267
   0.936      1.059157
   0.940      1.055064
   0.944      1.050987
   0.948      1.046927
   0.952      1.042884
   0.956      1.038858
   0.960      1.034850
   0.964      1.030860
   0.969      1.026887
   0.973      1.022932
   0.977      1.018996
   0.981      1.015077
   0.985      1.011178
   0.989      1.007297
   0.993      1.003435
   0.997      0.999592
   1.002      0.995768
   1.006      0.991963
   1.010      0.988177
   1.014      0.984411
   1.018      0.980665
   1.022      0.976938
   1.026      0.973231
   1.030      0.969544
   1.035      0.965877
   1.039      0.962230
   1.043      0.958603
   1.047      0.954996
   1.051      0.951409
   1.055      0.947843
   1.059      0.944297
   1.063      0.940771
   1.068      0.937266
   1.072      0.933781
   1.076      0.930317
   1.080      0.926873
   1.084      0.923449
   1.088      0.920046
   1.092      0.916663
   1.096      0.913301
   1.101      0.909959
   1.105      0.906638
   1.109      0.903336
   1.113      0.900056
   1.117      0.896795
   1.121      0.893555
   1.125      0.890335
   1.129      0.887135
   1.133      0.883955
   1.138      0.880795
   1.142      0.877655
   1.146      0.874535
   1.150      0.871435
   1.154      0.868355
   1.158      0.865294
   1.162      0.862253
   1.166      0.859231
   1.171      0.856229
   1.175      0.853246
   1.179      0.850282
   1.183      0.847337
   1.187      0.844412
   1.191      0.841505
   1.195      0.838617
   1.199      0.835748
   1.204      0.832897
   1.208      0.830065
   1.212      0.827251
   1.216      0.824455
   1.220      0.821677
   1.224      0.818917
   1.228      0.816175
   1.232      0.813451
   1.237      0.810745
   1.241      0.808056
   1.245      0.805384
   1.249      0.802729
   1.253      0.800092
   1.257      0.797471
   1.261      0.794867
   1.265      0.792280
   1.269      0.789710
   1.274      0.787155
   1.278      0.784617
   1.282      0.782096
   1.286      0.779590
   1.290      0.777100
   1.294      0.774626
   1.298      0.772167
   1.302      0.769724
   1.307      0.767296
   1.311      0.764884
   1.315      0.762486
   1.319      0.760104
   1.323      0.757736
   1.327      0.755383
   1.331      0.753044
   1.335      0.750720
   1.340      0.748410
   1.344      0.746115
   1.348      0.743833
   1.352      0.741565
   1.356      0.739311
   1.360      0.737071
   1.364      0.734844
   1.368      0.732631
   1.373      0.730430
   1.377      0.728244
   1.381      0.726070
   1.385      0.723909
   1.389      0.721761
   1.393      0.719625
   1.397      0.717503
   1.401      0.715392
   1.406      0.713294
   1.410      0.711209
   1.414      0.709135
   1.418      0.707074
   1.422      0.705024
   1.426      0.702987
   1.430      0.700961
   1.434      0.698946
   1.438      0.696944
   1.443      0.694952
   1.447      0.692973
   1.451      0.691004
   1.455      0.689046
   1.459      0.687100
   1.463      0.685164
   1.467      0.683240
   1.471      0.681326
   1.476      0.679423
   1.480      0.677530
   1.484      0.675648
   1.488      0.673777
   1.492      0.671915
   1.496      0.670064
   1.500      0.668223
   1.504      0.666393
   1.509      0.664572
   1.513      0.662761
   1.517      0.660960
   1.521      0.659169
   1.525      0.657387
   1.529      0.655615
   1.533      0.653853
   1.537      0.652100
   1.542      0.650357
   1.546      0.648622
   1.550      0.646897
   1.554      0.645181
   1.558      0.643474
   1.562      0.641777
   1.566      0.640088
   1.570      0.638408
   1.575      0.636737
   1.579      0.635074
   1.583      0.633420
   1.587      0.631775
   1.591      0.630138
   1.595      0.628510
   1.599      0.626890
   1.603      0.625279
   1.607      0.623675
   1.612      0.622080
   1.616      0.620493
   1.620      0.618914
   1.624      0.617344
   1.628      0.615781
   1.632      0.614226
   1.636      0.612678
   1.640      0.611139
