   0.000      2.496311
   0.004      2.496311
   0.008      2.496310
   0.012      2.496303
   0.016      2.496286
   0.021      2.496249
   0.025      2.496183
   0.029      2.496075
   0.033      2.495910
   0.037      2.495673
   0.041      2.495343
   0.045      2.494903
   0.049      2.494331
   0.054      2.493605
   0.058      2.492702
   0.062      2.491597
   0.066      2.490267
   0.070      2.488687
   0.074      2.486833
   0.078      2.484681
   0.082      2.482208
   0.087      2.479390
   0.091      2.476207
   0.095      2.472638
   0.099      2.468666
   0.103      2.464273
   0.107      2.459445
   0.111      2.454170
   0.115      2.448438
   0.120      2.442243
   0.124      2.435579
   0.128      2.428444
   0.132      2.420841
   0.136      2.412772
   0.140      2.404244
   0.144      2.395266
   0.148      2.385850
   0.153      2.376009
   0.157      2.365759
   0.161      2.355117
   0.165      2.344104
   0.169      2.332738
   0.173      2.321042
   0.177      2.309037
   0.181      2.296746
   0.185      2.284193
   0.190      2.271398
   0.194      2.258385
   0.198      2.245176
   0.202      2.231791
   0.206      2.218252
   0.210      2.204578
   0.214      2.190788
   0.218      2.176900
   0.223      2.162932
   0.227      2.148899
   0.231      2.134818
   0.235      2.120702
   0.239      2.106566
   0.243      2.092424
   0.247      2.078286
   0.251      2.064166
   0.256      2.050074
   0.260      2.036022
   0.264      2.022018
   0.268      2.008073
   0.272      1.994195
   0.276      1.980393
   0.280      1.966675
   0.284      1.953048
   0.289      1.939520
   0.293      1.926096
   0.297      1.912784
   0.301      1.899588
   0.305      1.886513
   0.309      1.873566
   0.313      1.860750
   0.317      1.848069
   0.321      1.835527
   0.326      1.823127
   0.330      1.810873
   0.334      1.798767
   0.338      1.786811
   0.342      1.775008
   0.346      1.763359
   0.350      1.751866
   0.354      1.740529
   0.359      1.729350
   0.363      1.718330
   0.367      1.707469
   0.371      1.696767
   0.375      1.686224
   0.379      1.675841
   0.383      1.665616
   0.387      1.655550
   0.392      1.645641
   0.396      1.635889
   0.400      1.626292
   0.404      1.616851
   0.408      1.607562
   0.412      1.598425
   0.416      1.589439
   0.420      1.580601
   0.425      1.571911
   0.429      1.563366
   0.433      1.554964
   0.437      1.546704
   0.441      1.538583
   0.445      1.530599
   0.449      1.522751
   0.453      1.515036
   0.458      1.507451
   0.462      1.499995
   0.466      1.492665
   0.470      1.485460
   0.474      1.478375
   0.478      1.471410
   0.482      1.464562
   0.486      1.457828
   0.490      1.451206
   0.495      1.444694
   0.499      1.438289
   0.503      1.431988
   0.507      1.425790
   0.511      1.419692
   0.515      1.413691
   0.519      1.407786
   0.523      1.401973
   0.528      1.396251
   0.532      1.390617
   0.536      1.385069
   0.540      1.379605
   0.544      1.374222
   0.548      1.368918
   0.552      1.363691
   0.556      1.358538
   0.561      1.353459
   0.565      1.348450
   0.569      1.343509
   0.573      1.338634
   0.577      1.333824
   0.581      1.329077
   0.585      1.324389
   0.589      1.319761
   0.594      1.315189
   0.598      1.310671
   0.602      1.306207
   0.606      1.301794
   0.610      1.297431
   0.614      1.293115
   0.618      1.288846
   0.622      1.284621
   0.627      1.280440
   0.631      1.276299
   0.635      1.272199
   0.639      1.268137
   0.643      1.264113
   0.647      1.260124
   0.651      1.256169
   0.655      1.252248
   0.659      1.248358
   0.664      1.244498
   0.668      1.240668
   0.672      1.236866
   0.676      1.233091
   0.680      1.229342
   0.684      1.225618
   0.688      1.221917
   0.692      1.218239
   0.697      1.214583
   0.701      1.210947
   0.705      1.207332
   0.709      1.203735
   0.713      1.200157
   0.717      1.196596
   0.721      1.193052
   0.725      1.189523
   0.730      1.186010
   0.734      1.182511
   0.738      1.179025
   0.742      1.175553
   0.746      1.172093
   0.750      1.168645
   0.754      1.165209
   0.758      1.161783
   0.763      1.158367
   0.767      1.154961
   0.771      1.151564
   0.775      1.148176
   0.779      1.144796
   0.783      1.141425
   0.787      1.138061
   0.791      1.134704
   0.795      1.131354
   0.800      1.128011
   0.804      1.124674
   0.808      1.121343
   0.812      1.118018
   0.816      1.114698
   0.820      1.111383
   0.824      1.108074
   0.828      1.104769
   0.833      1.101469
   0.837      1.098174
   0.841      1.094883
   0.845      1.091596
   0.849      1.088314
   0.853      1.085035
   0.857      1.081761
   0.861      1.078490
   0.866      1.075223
   0.870      1.071960
   0.874      1.068700
   0.878      1.065445
   0.882      1.062192
   0.886      1.058944
   0.890      1.055699
   0.894      1.052458
   0.899      1.049220
   0.903      1.045987
   0.907      1.042757
   0.911      1.039530
   0.915      1.036308
   0.919      1.033089
   0.923      1.029875
   0.927      1.026664
   0.932      1.023458
   0.936      1.020255
   0.940      1.017058
   0.944      1.013864
   0.948      1.010675
   0.952      1.007490
   0.956      1.004311
   0.960      1.001136
   0.964      0.997966
   0.969      0.994801
   0.973      0.991641
   0.977      0.988487
   0.981      0.985338
   0.985      0.982194
   0.989      0.979056
   0.993      0.975924
   0.997      0.972798
   1.002      0.969679
   1.006      0.966565
   1.010      0.963458
   1.014      0.960357
   1.018      0.957263
   1.022      0.954176
   1.026      0.951096
   1.030      0.948023
   1.035      0.944957
   1.039      0.941899
   1.043      0.938848
   1.047      0.935804
   1.051      0.932769
   1.055      0.929742
   1.059      0.926722
   1.063      0.923711
   1.068      0.920709
   1.072      0.917715
   1.076      0.914729
   1.080      0.911752
   1.084      0.908785
   1.088      0.905826
   1.092      0.902876
   1.096      0.899936
   1.101      0.897005
   1.105      0.894084
   1.109      0.891172
   1.113      0.888270
   1.117      0.885378
   1.121      0.882496
   1.125      0.879624
   1.129      0.876763
   1.133      0.873911
   1.138      0.871070
   1.142      0.868240
   1.146      0.865420
   1.150      0.862611
   1.154      0.859813
   1.158      0.857026
   1.162      0.854249
   1.166      0.851484
   1.171      0.848730
   1.175      0.845987
   1.179      0.843255
   1.183      0.840535
   1.187      0.837826
   1.191      0.835128
   1.195      0.832442
   1.199      0.829768
   1.204      0.827105
   1.208      0.824454
   1.212      0.821815
   1.216      0.819188
   1.220      0.816572
   1.224      0.813969
   1.228      0.811377
   1.232      0.808797
   1.237      0.806229
   1.241      0.803673
   1.245      0.801130
   1.249      0.798598
   1.253      0.796079
   1.257      0.793571
   1.261      0.791076
   1.265      0.788593
   1.269      0.786122
   1.274      0.783663
   1.278      0.781216
   1.282      0.778782
   1.286      0.776359
   1.290      0.773949
   1.294      0.771551
   1.298      0.769165
   1.302      0.766792
   1.307      0.764430
   1.311      0.762081
   1.315      0.759743
   1.319      0.757418
   1.323      0.755105
   1.327      0.752804
   1.331      0.750515
   1.335      0.748238
   1.340      0.745973
   1.344      0.743719
   1.348      0.741478
   1.352      0.739249
   1.356      0.737031
   1.360      0.734826
   1.364      0.732632
   1.368      0.730449
   1.373      0.728279
   1.377      0.726120
   1.381      0.723973
   1.385      0.721837
   1.389      0.719713
   1.393      0.717600
   1.397      0.715499
   1.401      0.713409
   1.406      0.711330
   1.410      0.709263
   1.414      0.707207
   1.418      0.705162
   1.422      0.703128
   1.426      0.701105
   1.430      0.699093
   1.434      0.697093
   1.438      0.695103
   1.443      0.693123
   1.447      0.691155
   1.451      0.689197
   1.455      0.687250
   1.459      0.685314
   1.463      0.683388
   1.467      0.681472
   1.471      0.679567
   1.476      0.677672
   1.480      0.675787
   1.484      0.673913
   1.488      0.672049
   1.492      0.670194
   1.496      0.668350
   1.500      0.666516
   1.504      0.664691
   1.509      0.662877
   1.513      0.661072
   1.517      0.659277
   1.521      0.657491
   1.525      0.655715
   1.529      0.653948
   1.533      0.652191
   1.537      0.650443
   1.542      0.648704
   1.546      0.646975
   1.550      0.645255
   1.554      0.643543
   1.558      0.641841
   1.562      0.640148
   1.566      0.638464
   1.570      0.636788
   1.575      0.635121
   1.579      0.633463
   1.583      0.631813
   1.587      0.630172
   1.591      0.628540
   1.595      0.626916
   1.599      0.625300
   1.603      0.623693
   1.607      0.622093
   1.612      0.620502
   1.616      0.618919
   1.620      0.617345
   1.624      0.615778
   1.628      0.614219
   1.632      0.612668
   1.636      0.611125
   1.640      0.609589
