   0.003     -0.012517
   0.006     -0.143455
   0.009     -0.274392
   0.012     -0.409721
   0.015     -0.545534
   0.019     -0.681357
   0.022     -0.817046
   0.025     -0.952521
   0.028     -1.087727
   0.031     -1.222617
   0.034     -1.357144
   0.037     -1.491266
   0.040     -1.624939
   0.043     -1.758123
   0.046     -1.890774
   0.050     -2.022851
   0.053     -2.154313
   0.056     -2.285118
   0.059     -2.415223
   0.062     -2.544588
   0.065     -2.673171
   0.068     -2.800929
   0.071     -2.927822
   0.074     -3.053808
   0.077     -3.178845
   0.081     -3.302892
   0.084     -3.425907
   0.087     -3.547849
   0.090     -3.668676
   0.093     -3.788347
   0.096     -3.906821
   0.099     -4.024057
   0.102     -4.140013
   0.105     -4.254649
   0.108     -4.367925
   0.112     -4.479799
   0.115     -4.590231
   0.118     -4.699182
   0.121     -4.806611
   0.124     -4.912478
   0.127     -5.016745
   0.130     -5.119371
   0.133     -5.220319
   0.136     -5.319549
   0.139     -5.417024
   0.143     -5.512706
   0.146     -5.606558
   0.149     -5.698542
   0.152     -5.788623
   0.155     -5.876764
   0.158     -5.962930
   0.161     -6.047087
   0.164     -6.129201
   0.167     -6.209238
   0.170     -6.287166
   0.174     -6.362953
   0.177     -6.436569
   0.180     -6.507983
   0.183     -6.577166
   0.186     -6.644090
   0.189     -6.708730
   0.192     -6.771058
   0.195     -6.831051
   0.198     -6.888686
   0.201     -6.943942
   0.205     -6.996797
   0.208     -7.047235
   0.211     -7.095238
   0.214     -7.140792
   0.217     -7.183882
   0.220     -7.224499
   0.223     -7.262633
   0.226     -7.298277
   0.229     -7.331427
   0.232     -7.362081
   0.236     -7.390238
   0.239     -7.415901
   0.242     -7.439076
   0.245     -7.459770
   0.248     -7.477994
   0.251     -7.493760
   0.254     -7.507087
   0.257     -7.517992
   0.260     -7.526497
   0.264     -7.532628
   0.267     -7.536412
   0.270     -7.537880
   0.273     -7.537065
   0.276     -7.534006
   0.279     -7.528740
   0.282     -7.521310
   0.285     -7.511762
   0.288     -7.500143
   0.291     -7.486503
   0.294     -7.470896
   0.298     -7.453375
   0.301     -7.433998
   0.304     -7.412824
   0.307     -7.389915
   0.310     -7.365333
   0.313     -7.339141
   0.316     -7.311405
   0.319     -7.282192
   0.322     -7.251568
   0.326     -7.219601
   0.329     -7.186359
   0.332     -7.151910
   0.335     -7.116322
   0.338     -7.079662
   0.341     -7.041997
   0.344     -7.003393
   0.347     -6.963916
   0.350     -6.923628
   0.353     -6.882591
   0.356     -6.840868
   0.360     -6.798515
   0.363     -6.755589
   0.366     -6.712146
   0.369     -6.668236
   0.372     -6.623911
   0.375     -6.579216
   0.378     -6.534197
   0.381     -6.488896
   0.384     -6.443353
   0.388     -6.397603
   0.391     -6.351681
   0.394     -6.305619
   0.397     -6.259446
   0.400     -6.213187
   0.403     -6.166867
   0.406     -6.120506
   0.409     -6.074125
   0.412     -6.027741
   0.415     -5.981368
   0.418     -5.935019
   0.422     -5.888705
   0.425     -5.842437
   0.428     -5.796222
   0.431     -5.750067
   0.434     -5.703977
   0.437     -5.657957
   0.440     -5.612010
   0.443     -5.566139
   0.446     -5.520345
   0.450     -5.474630
   0.453     -5.428994
   0.456     -5.383438
   0.459     -5.337962
   0.462     -5.292565
   0.465     -5.247248
   0.468     -5.202010
   0.471     -5.156850
   0.474     -5.111769
   0.477     -5.066767
   0.480     -5.021843
   0.484     -4.976998
   0.487     -4.932231
   0.490     -4.887545
   0.493     -4.842938
   0.496     -4.798413
   0.499     -4.753971
   0.502     -4.709613
   0.505     -4.665341
   0.508     -4.621156
   0.511     -4.577062
   0.515     -4.533060
   0.518     -4.489152
   0.521     -4.445341
   0.524     -4.401631
   0.527     -4.358023
   0.530     -4.314522
   0.533     -4.271128
   0.536     -4.227847
   0.539     -4.184681
   0.542     -4.141633
   0.546     -4.098706
   0.549     -4.055904
   0.552     -4.013229
   0.555     -3.970685
   0.558     -3.928276
   0.561     -3.886003
   0.564     -3.843871
   0.567     -3.801882
   0.570     -3.760039
   0.574     -3.718345
   0.577     -3.676803
   0.580     -3.635416
   0.583     -3.594186
   0.586     -3.553117
   0.589     -3.512210
   0.592     -3.471468
   0.595     -3.430893
   0.598     -3.390489
   0.601     -3.350256
   0.604     -3.310198
   0.608     -3.270316
   0.611     -3.230613
   0.614     -3.191090
   0.617     -3.151749
   0.620     -3.112592
   0.623     -3.073621
   0.626     -3.034837
   0.629     -2.996242
   0.632     -2.957838
   0.635     -2.919626
   0.639     -2.881607
   0.642     -2.843783
   0.645     -2.806155
   0.648     -2.768723
   0.651     -2.731490
   0.654     -2.694457
   0.657     -2.657624
   0.660     -2.620992
   0.663     -2.584562
   0.666     -2.548335
   0.670     -2.512312
   0.673     -2.476494
   0.676     -2.440881
   0.679     -2.405474
   0.682     -2.370274
   0.685     -2.335280
   0.688     -2.300495
   0.691     -2.265917
   0.694     -2.231547
   0.698     -2.197387
   0.701     -2.163435
   0.704     -2.129694
   0.707     -2.096161
   0.710     -2.062839
   0.713     -2.029727
   0.716     -1.996824
   0.719     -1.964133
   0.722     -1.931651
   0.725     -1.899380
   0.728     -1.867319
   0.732     -1.835469
   0.735     -1.803829
   0.738     -1.772399
   0.741     -1.741179
   0.744     -1.710169
   0.747     -1.679369
   0.750     -1.648779
   0.753     -1.618397
   0.756     -1.588225
   0.759     -1.558262
   0.763     -1.528506
   0.766     -1.498959
   0.769     -1.469620
   0.772     -1.440488
   0.775     -1.411563
   0.778     -1.382845
   0.781     -1.354333
   0.784     -1.326026
   0.787     -1.297924
   0.790     -1.270027
   0.794     -1.242335
   0.797     -1.214846
   0.800     -1.187560
   0.803     -1.160476
   0.806     -1.133594
   0.809     -1.106914
   0.812     -1.080434
   0.815     -1.054155
   0.818     -1.028075
   0.822     -1.002194
   0.825     -0.976510
   0.828     -0.951025
   0.831     -0.925736
   0.834     -0.900643
   0.837     -0.875745
   0.840     -0.851043
   0.843     -0.826534
   0.846     -0.802218
   0.849     -0.778095
   0.852     -0.754163
   0.856     -0.730422
   0.859     -0.706871
   0.862     -0.683510
   0.865     -0.660337
   0.868     -0.637353
   0.871     -0.614555
   0.874     -0.591943
   0.877     -0.569516
   0.880     -0.547274
   0.883     -0.525216
   0.887     -0.503340
   0.890     -0.481647
   0.893     -0.460135
   0.896     -0.438803
   0.899     -0.417650
   0.902     -0.396677
   0.905     -0.375881
   0.908     -0.355262
   0.911     -0.334819
   0.914     -0.314551
   0.918     -0.294457
   0.921     -0.274537
   0.924     -0.254790
   0.927     -0.235214
   0.930     -0.215809
   0.933     -0.196574
   0.936     -0.177508
   0.939     -0.158611
   0.942     -0.139880
   0.946     -0.121316
   0.949     -0.102918
   0.952     -0.084684
   0.955     -0.066614
   0.958     -0.048707
   0.961     -0.030962
   0.964     -0.013378
   0.967      0.004046
   0.970      0.021310
   0.973      0.038416
   0.976      0.055364
   0.980      0.072156
   0.983      0.088792
   0.986      0.105273
   0.989      0.121599
   0.992      0.137773
   0.995      0.153794
   0.998      0.169664
   1.001      0.185383
   1.004      0.200953
   1.008      0.216374
   1.011      0.231647
   1.014      0.246773
   1.017      0.261752
   1.020      0.276587
   1.023      0.291276
   1.026      0.305822
   1.029      0.320226
   1.032      0.334487
   1.035      0.348608
   1.038      0.362588
   1.042      0.376429
   1.045      0.390131
   1.048      0.403695
   1.051      0.417123
   1.054      0.430415
   1.057      0.443571
   1.060      0.456594
   1.063      0.469482
   1.066      0.482238
   1.069      0.494862
   1.073      0.507355
   1.076      0.519718
   1.079      0.531951
   1.082      0.544056
   1.085      0.556033
   1.088      0.567883
   1.091      0.579606
   1.094      0.591204
   1.097      0.602678
   1.101      0.614028
   1.104      0.625254
   1.107      0.636359
   1.110      0.647342
   1.113      0.658204
   1.116      0.668946
   1.119      0.679569
   1.122      0.690073
   1.125      0.700460
   1.128      0.710730
   1.131      0.720884
   1.135      0.730922
   1.138      0.740846
   1.141      0.750656
   1.144      0.760352
   1.147      0.769936
   1.150      0.779409
   1.153      0.788770
   1.156      0.798021
   1.159      0.807163
   1.162      0.816195
   1.166      0.825120
   1.169      0.833937
   1.172      0.842648
   1.175      0.851252
   1.178      0.859751
   1.181      0.868146
   1.184      0.876436
   1.187      0.884624
   1.190      0.892708
   1.194      0.900691
   1.197      0.908573
   1.200      0.916354
   1.203      0.924035
   1.206      0.931617
   1.209      0.939101
   1.212      0.946487
   1.215      0.953775
   1.218      0.960967
   1.221      0.968063
   1.224      0.975064
   1.228      0.981970
   1.231      0.988782
   1.234      0.995500
   1.237      1.002126
   1.240      1.008660
   1.243      1.015102
   1.246      1.021453
   1.249      1.027714
   1.252      1.033885
   1.256      1.039968
   1.259      1.045961
   1.262      1.051867
   1.265      1.057686
   1.268      1.063418
   1.271      1.069063
   1.274      1.074624
   1.277      1.080099
   1.280      1.085490
   1.283      1.090797
   1.286      1.096021
   1.290      1.101163
   1.293      1.106222
   1.296      1.111200
   1.299      1.116097
   1.302      1.120913
   1.305      1.125650
   1.308      1.130307
   1.311      1.134886
   1.314      1.139386
   1.317      1.143809
   1.321      1.148154
   1.324      1.152423
   1.327      1.156616
   1.330      1.160733
   1.333      1.164775
   1.336      1.168743
   1.339      1.172636
   1.342      1.176456
   1.345      1.180203
   1.349      1.183878
   1.352      1.187481
   1.355      1.191012
   1.358      1.194472
   1.361      1.197862
   1.364      1.201181
   1.367      1.204431
   1.370      1.207612
   1.373      1.210725
   1.376      1.213769
   1.379      1.216746
   1.383      1.219656
   1.386      1.222499
   1.389      1.225276
   1.392      1.227987
   1.395      1.230632
   1.398      1.233213
   1.401      1.235730
   1.404      1.238183
   1.407      1.240572
   1.410      1.242898
   1.414      1.245162
   1.417      1.247363
   1.420      1.249503
   1.423      1.251582
   1.426      1.253600
   1.429      1.255557
   1.432      1.257454
   1.435      1.259292
   1.438      1.261071
   1.442      1.262791
   1.445      1.264453
   1.448      1.266056
   1.451      1.267603
   1.454      1.269092
   1.457      1.270525
   1.460      1.271902
   1.463      1.273222
   1.466      1.274488
   1.469      1.275698
   1.472      1.276853
   1.476      1.277955
   1.479      1.279002
   1.482      1.279996
   1.485      1.280937
   1.488      1.281826
   1.491      1.282662
   1.494      1.283446
   1.497      1.284178
   1.500      1.284860
   1.503      1.285490
   1.507      1.286070
   1.510      1.286601
   1.513      1.287081
   1.516      1.287512
   1.519      1.287895
   1.522      1.288228
   1.525      1.288514
   1.528      1.288751
   1.531      1.288941
   1.534      1.289084
   1.538      1.289181
   1.541      1.289230
   1.544      1.289234
   1.547      1.289192
   1.550      1.289105
   1.553      1.288972
   1.556      1.288795
   1.559      1.288574
   1.562      1.288309
   1.565      1.288000
   1.569      1.287647
   1.572      1.287252
   1.575      1.286814
   1.578      1.286334
   1.581      1.285811
   1.584      1.285248
   1.587      1.284643
   1.590      1.283996
   1.593      1.283310
   1.597      1.282583
   1.600      1.281816
   1.603      1.281009
   1.606      1.280163
   1.609      1.279278
   1.612      1.278354
   1.615      1.277392
   1.618      1.276391
   1.621      1.275353
   1.624      1.274278
   1.627      1.273166
   1.631      1.272016
   1.634      1.270830
   1.637      1.269608
   1.640      1.268351
   1.643      1.267057
   1.646      1.265729
   1.649      1.264365
   1.652      1.262967
   1.655      1.261534
   1.658      1.260068
   1.662      1.258567
   1.665      1.257033
   1.668      1.255467
   1.671      1.253867
   1.674      1.252235
   1.677      1.250570
   1.680      1.248874
   1.683      1.247145
   1.686      1.245386
   1.690      1.243595
   1.693      1.241774
   1.696      1.239922
   1.699      1.238040
   1.702      1.236128
   1.705      1.234187
   1.708      1.232216
   1.711      1.230216
   1.714      1.228187
   1.717      1.226130
   1.720      1.224044
   1.724      1.221931
   1.727      1.219790
   1.730      1.217621
   1.733      1.215426
   1.736      1.213203
   1.739      1.210954
   1.742      1.208679
   1.745      1.206378
   1.748      1.204051
   1.751      1.201698
   1.755      1.199320
   1.758      1.196918
   1.761      1.194490
   1.764      1.192039
   1.767      1.189563
   1.770      1.187063
   1.773      1.184539
   1.776      1.181993
   1.779      1.179423
   1.782      1.176830
   1.786      1.174215
   1.789      1.171577
   1.792      1.168917
   1.795      1.166236
   1.798      1.163533
   1.801      1.160808
   1.804      1.158063
   1.807      1.155296
   1.810      1.152509
   1.813      1.149702
   1.817      1.146875
   1.820      1.144027
   1.823      1.141161
   1.826      1.138275
   1.829      1.135369
   1.832      1.132445
   1.835      1.129503
   1.838      1.126542
   1.841      1.123562
   1.845      1.120565
   1.848      1.117550
   1.851      1.114518
   1.854      1.111469
   1.857      1.108402
   1.860      1.105319
   1.863      1.102219
   1.866      1.099103
   1.869      1.095971
   1.872      1.092823
   1.875      1.089660
   1.879      1.086481
   1.882      1.083287
   1.885      1.080078
   1.888      1.076854
   1.891      1.073616
   1.894      1.070364
   1.897      1.067097
   1.900      1.063817
   1.903      1.060523
   1.906      1.057215
   1.910      1.053895
   1.913      1.050561
   1.916      1.047215
   1.919      1.043856
   1.922      1.040484
   1.925      1.037101
   1.928      1.033705
   1.931      1.030298
   1.934      1.026880
   1.938      1.023450
   1.941      1.020008
   1.944      1.016556
   1.947      1.013094
   1.950      1.009620
   1.953      1.006137
   1.956      1.002643
   1.959      0.999139
   1.962      0.995626
   1.965      0.992103
   1.968      0.988571
   1.972      0.985029
   1.975      0.981479
   1.978      0.977919
   1.981      0.974352
   1.984      0.970775
   1.987      0.967191
   1.990      0.963599
   1.993      0.959998
   1.996      0.956390
   1.999      0.952775
   2.003      0.949152
   2.006      0.945522
   2.009      0.941886
   2.012      0.938242
   2.015      0.934592
   2.018      0.930936
   2.021      0.927273
   2.024      0.923604
   2.027      0.919930
   2.030      0.916249
   2.034      0.912563
   2.037      0.908872
   2.040      0.905176
   2.043      0.901474
   2.046      0.897768
   2.049      0.894057
   2.052      0.890341
   2.055      0.886621
   2.058      0.882897
   2.062      0.879169
   2.065      0.875437
   2.068      0.871701
   2.071      0.867962
   2.074      0.864219
   2.077      0.860473
   2.080      0.856724
   2.083      0.852972
   2.086      0.849217
   2.089      0.845460
   2.092      0.841700
   2.096      0.837938
   2.099      0.834173
   2.102      0.830407
   2.105      0.826639
   2.108      0.822869
   2.111      0.819097
   2.114      0.815324
   2.117      0.811550
   2.120      0.807774
   2.123      0.803998
   2.127      0.800221
   2.130      0.796443
   2.133      0.792664
   2.136      0.788885
   2.139      0.785106
   2.142      0.781326
   2.145      0.777546
   2.148      0.773767
   2.151      0.769988
   2.155      0.766209
   2.158      0.762431
   2.161      0.758653
   2.164      0.754876
   2.167      0.751100
   2.170      0.747325
   2.173      0.743551
   2.176      0.739778
   2.179      0.736007
   2.182      0.732237
   2.185      0.728469
   2.189      0.724703
   2.192      0.720939
   2.195      0.717176
   2.198      0.713416
   2.201      0.709658
   2.204      0.705903
   2.207      0.702150
   2.210      0.698399
   2.213      0.694652
   2.216      0.690907
   2.220      0.687165
   2.223      0.683426
   2.226      0.679691
   2.229      0.675958
   2.232      0.672229
   2.235      0.668504
   2.238      0.664782
   2.241      0.661064
   2.244      0.657350
   2.248      0.653640
   2.251      0.649934
   2.254      0.646232
   2.257      0.642534
   2.260      0.638841
   2.263      0.635152
   2.266      0.631468
   2.269      0.627789
   2.272      0.624114
   2.275      0.620444
   2.278      0.616779
   2.282      0.613119
   2.285      0.609465
   2.288      0.605815
   2.291      0.602172
   2.294      0.598533
   2.297      0.594900
   2.300      0.591273
   2.303      0.587651
   2.306      0.584036
   2.309      0.580426
   2.313      0.576822
   2.316      0.573225
   2.319      0.569633
   2.322      0.566048
   2.325      0.562470
   2.328      0.558897
   2.331      0.555332
   2.334      0.551773
   2.337      0.548220
   2.341      0.544675
   2.344      0.541136
   2.347      0.537604
   2.350      0.534080
   2.353      0.530562
   2.356      0.527052
   2.359      0.523549
   2.362      0.520054
   2.365      0.516565
   2.368      0.513085
   2.371      0.509612
   2.375      0.506147
   2.378      0.502689
   2.381      0.499239
   2.384      0.495798
   2.387      0.492364
   2.390      0.488938
   2.393      0.485520
   2.396      0.482111
   2.399      0.478710
   2.402      0.475317
   2.406      0.471933
   2.409      0.468557
   2.412      0.465189
   2.415      0.461831
   2.418      0.458481
   2.421      0.455139
   2.424      0.451807
   2.427      0.448483
   2.430      0.445168
   2.433      0.441863
   2.437      0.438566
   2.440      0.435279
   2.443      0.432000
   2.446      0.428731
   2.449      0.425472
   2.452      0.422221
   2.455      0.418980
   2.458      0.415749
   2.461      0.412527
   2.465      0.409315
   2.468      0.406112
   2.471      0.402919
   2.474      0.399736
   2.477      0.396563
   2.480      0.393400
   2.483      0.390246
   2.486      0.387103
   2.489      0.383970
   2.492      0.380846
   2.495      0.377733
   2.499      0.374630
   2.502      0.371538
   2.505      0.368455
   2.508      0.365383
   2.511      0.362322
   2.514      0.359271
   2.517      0.356230
   2.520      0.353200
   2.523      0.350181
   2.526      0.347172
   2.530      0.344174
   2.533      0.341186
   2.536      0.338210
   2.539      0.335244
   2.542      0.332289
   2.545      0.329345
   2.548      0.326412
   2.551      0.323490
   2.554      0.320579
   2.558      0.317679
   2.561      0.314790
   2.564      0.311913
   2.567      0.309046
   2.570      0.306191
   2.573      0.303347
   2.576      0.300515
   2.579      0.297693
   2.582      0.294883
   2.585      0.292085
   2.588      0.289298
   2.592      0.286523
   2.595      0.283759
   2.598      0.281006
   2.601      0.278266
   2.604      0.275537
   2.607      0.272819
   2.610      0.270113
   2.613      0.267419
   2.616      0.264737
   2.619      0.262067
   2.623      0.259408
   2.626      0.256762
   2.629      0.254127
   2.632      0.251504
   2.635      0.248893
   2.638      0.246294
   2.641      0.243707
   2.644      0.241132
   2.647      0.238569
   2.651      0.236018
   2.654      0.233480
   2.657      0.230953
   2.660      0.228439
   2.663      0.225937
   2.666      0.223447
   2.669      0.220970
   2.672      0.218504
   2.675      0.216051
   2.678      0.213610
   2.681      0.211182
   2.685      0.208766
   2.688      0.206362
   2.691      0.203971
   2.694      0.201592
   2.697      0.199226
   2.700      0.196872
   2.703      0.194531
   2.706      0.192202
   2.709      0.189886
   2.712      0.187582
   2.716      0.185291
   2.719      0.183012
   2.722      0.180747
   2.725      0.178493
   2.728      0.176253
   2.731      0.174025
   2.734      0.171809
   2.737      0.169607
   2.740      0.167417
   2.744      0.165240
   2.747      0.163075
   2.750      0.160924
   2.753      0.158785
   2.756      0.156659
   2.759      0.154545
   2.762      0.152445
   2.765      0.150357
   2.768      0.148282
   2.771      0.146220
   2.774      0.144171
   2.778      0.142135
   2.781      0.140112
   2.784      0.138101
   2.787      0.136104
   2.790      0.134119
   2.793      0.132147
   2.796      0.130189
   2.799      0.128243
   2.802      0.126310
   2.805      0.124390
   2.809      0.122483
   2.812      0.120589
   2.815      0.118708
   2.818      0.116841
   2.821      0.114986
   2.824      0.113144
   2.827      0.111315
   2.830      0.109499
   2.833      0.107696
   2.837      0.105906
   2.840      0.104129
   2.843      0.102366
   2.846      0.100615
   2.849      0.098877
   2.852      0.097153
   2.855      0.095441
   2.858      0.093743
   2.861      0.092057
   2.864      0.090385
   2.867      0.088726
   2.871      0.087079
   2.874      0.085446
   2.877      0.083826
   2.880      0.082219
   2.883      0.080625
   2.886      0.079044
   2.889      0.077476
   2.892      0.075922
   2.895      0.074380
   2.898      0.072851
   2.902      0.071336
   2.905      0.069833
   2.908      0.068343
   2.911      0.066867
   2.914      0.065404
   2.917      0.063953
   2.920      0.062516
   2.923      0.061091
   2.926      0.059680
   2.929      0.058282
   2.933      0.056896
   2.936      0.055524
   2.939      0.054165
   2.942      0.052818
   2.945      0.051485
   2.948      0.050165
   2.951      0.048857
   2.954      0.047563
   2.957      0.046281
   2.960      0.045012
   2.964      0.043756
   2.967      0.042513
   2.970      0.041283
   2.973      0.040066
   2.976      0.038862
   2.979      0.037670
   2.982      0.036491
   2.985      0.035325
   2.988      0.034172
   2.991      0.033032
   2.995      0.031904
   2.998      0.030789
   3.001      0.029686
   3.004      0.028596
   3.007      0.027519
   3.010      0.026455
   3.013      0.025403
   3.016      0.024363
   3.019      0.023336
   3.022      0.022321
   3.026      0.021319
   3.029      0.020329
   3.032      0.019351
   3.035      0.018386
   3.038      0.017432
   3.041      0.016491
   3.044      0.015562
   3.047      0.014645
   3.050      0.013739
   3.054      0.012846
   3.057      0.011964
   3.060      0.011094
   3.063      0.010235
   3.066      0.009387
   3.069      0.008551
   3.072      0.007726
   3.075      0.006911
   3.078      0.006107
   3.081      0.005313
   3.084      0.004530
   3.088      0.003755
   3.091      0.002990
   3.094      0.002233
   3.097      0.001483
   3.100      0.000739
   3.103      0.000000
