   0.003      3.232281
   0.006      3.232487
   0.009      3.232693
   0.012      3.233037
   0.015      3.233519
   0.019      3.234139
   0.022      3.234898
   0.025      3.235796
   0.028      3.236833
   0.031      3.238010
   0.034      3.239328
   0.037      3.240786
   0.040      3.242385
   0.043      3.244126
   0.046      3.246008
   0.050      3.248034
   0.053      3.250201
   0.056      3.252512
   0.059      3.254967
   0.062      3.257565
   0.065      3.260308
   0.068      3.263196
   0.071      3.266228
   0.074      3.269406
   0.077      3.272729
   0.081      3.276197
   0.084      3.279812
   0.087      3.283573
   0.090      3.287480
   0.093      3.291534
   0.096      3.295735
   0.099      3.300082
   0.102      3.304575
   0.105      3.309216
   0.108      3.314003
   0.112      3.318937
   0.115      3.324017
   0.118      3.329244
   0.121      3.334617
   0.124      3.340136
   0.127      3.345801
   0.130      3.351611
   0.133      3.357566
   0.136      3.363666
   0.139      3.369910
   0.143      3.376298
   0.146      3.382828
   0.149      3.389502
   0.152      3.396317
   0.155      3.403273
   0.158      3.410369
   0.161      3.417605
   0.164      3.424980
   0.167      3.432492
   0.170      3.440141
   0.174      3.447925
   0.177      3.455843
   0.180      3.463894
   0.183      3.472077
   0.186      3.480391
   0.189      3.488833
   0.192      3.497403
   0.195      3.506099
   0.198      3.514918
   0.201      3.523860
   0.205      3.532923
   0.208      3.542104
   0.211      3.551402
   0.214      3.560815
   0.217      3.570339
   0.220      3.579974
   0.223      3.589717
   0.226      3.599565
   0.229      3.609516
   0.232      3.619568
   0.236      3.629717
   0.239      3.639961
   0.242      3.650296
   0.245      3.660721
   0.248      3.671232
   0.251      3.681826
   0.254      3.692499
   0.257      3.703249
   0.260      3.714071
   0.264      3.724963
   0.267      3.735920
   0.270      3.746939
   0.273      3.758017
   0.276      3.769149
   0.279      3.780331
   0.282      3.791559
   0.285      3.802830
   0.288      3.814138
   0.291      3.825480
   0.294      3.836851
   0.298      3.848246
   0.301      3.859661
   0.304      3.871092
   0.307      3.882532
   0.310      3.893978
   0.313      3.905425
   0.316      3.916868
   0.319      3.928300
   0.322      3.939718
   0.326      3.951116
   0.329      3.962489
   0.332      3.973831
   0.335      3.985137
   0.338      3.996401
   0.341      4.007618
   0.344      4.018783
   0.347      4.029888
   0.350      4.040930
   0.353      4.051902
   0.356      4.062798
   0.360      4.073613
   0.363      4.084340
   0.366      4.094974
   0.369      4.105509
   0.372      4.115939
   0.375      4.126259
   0.378      4.136461
   0.381      4.146541
   0.384      4.156492
   0.388      4.166309
   0.391      4.175985
   0.394      4.185515
   0.397      4.194893
   0.400      4.204114
   0.403      4.213171
   0.406      4.222059
   0.409      4.230772
   0.412      4.239304
   0.415      4.247651
   0.418      4.255806
   0.422      4.263764
   0.425      4.271521
   0.428      4.279070
   0.431      4.286407
   0.434      4.293526
   0.437      4.300424
   0.440      4.307094
   0.443      4.313532
   0.446      4.319735
   0.450      4.325696
   0.453      4.331413
   0.456      4.336880
   0.459      4.342095
   0.462      4.347052
   0.465      4.351749
   0.468      4.356181
   0.471      4.360346
   0.474      4.364239
   0.477      4.367859
   0.480      4.371202
   0.484      4.374265
   0.487      4.377047
   0.490      4.379543
   0.493      4.381753
   0.496      4.383675
   0.499      4.385305
   0.502      4.386644
   0.505      4.387689
   0.508      4.388439
   0.511      4.388894
   0.515      4.389051
   0.518      4.388912
   0.521      4.388474
   0.524      4.387739
   0.527      4.386705
   0.530      4.385373
   0.533      4.383743
   0.536      4.381816
   0.539      4.379592
   0.542      4.377073
   0.546      4.374258
   0.549      4.371150
   0.552      4.367750
   0.555      4.364059
   0.558      4.360079
   0.561      4.355813
   0.564      4.351261
   0.567      4.346426
   0.570      4.341312
   0.574      4.335919
   0.577      4.330251
   0.580      4.324311
   0.583      4.318101
   0.586      4.311625
   0.589      4.304886
   0.592      4.297887
   0.595      4.290631
   0.598      4.283123
   0.601      4.275366
   0.604      4.267363
   0.608      4.259118
   0.611      4.250636
   0.614      4.241919
   0.617      4.232974
   0.620      4.223802
   0.623      4.214410
   0.626      4.204800
   0.629      4.194978
   0.632      4.184947
   0.635      4.174712
   0.639      4.164277
   0.642      4.153648
   0.645      4.142828
   0.648      4.131821
   0.651      4.120634
   0.654      4.109269
   0.657      4.097731
   0.660      4.086025
   0.663      4.074156
   0.666      4.062127
   0.670      4.049944
   0.673      4.037611
   0.676      4.025133
   0.679      4.012512
   0.682      3.999755
   0.685      3.986866
   0.688      3.973848
   0.691      3.960706
   0.694      3.947445
   0.698      3.934067
   0.701      3.920579
   0.704      3.906983
   0.707      3.893283
   0.710      3.879484
   0.713      3.865590
   0.716      3.851603
   0.719      3.837529
   0.722      3.823371
   0.725      3.809132
   0.728      3.794816
   0.732      3.780427
   0.735      3.765968
   0.738      3.751442
   0.741      3.736853
   0.744      3.722204
   0.747      3.707498
   0.750      3.692738
   0.753      3.677928
   0.756      3.663070
   0.759      3.648168
   0.763      3.633223
   0.766      3.618240
   0.769      3.603220
   0.772      3.588166
   0.775      3.573081
   0.778      3.557968
   0.781      3.542829
   0.784      3.527665
   0.787      3.512481
   0.790      3.497277
   0.794      3.482057
   0.797      3.466822
   0.800      3.451574
   0.803      3.436315
   0.806      3.421049
   0.809      3.405775
   0.812      3.390497
   0.815      3.375216
   0.818      3.359934
   0.822      3.344652
   0.825      3.329373
   0.828      3.314098
   0.831      3.298828
   0.834      3.283566
   0.837      3.268312
   0.840      3.253069
   0.843      3.237837
   0.846      3.222618
   0.849      3.207413
   0.852      3.192224
   0.856      3.177052
   0.859      3.161898
   0.862      3.146763
   0.865      3.131649
   0.868      3.116556
   0.871      3.101487
   0.874      3.086441
   0.877      3.071419
   0.880      3.056424
   0.883      3.041456
   0.887      3.026515
   0.890      3.011603
   0.893      2.996721
   0.896      2.981869
   0.899      2.967048
   0.902      2.952260
   0.905      2.937505
   0.908      2.922783
   0.911      2.908096
   0.914      2.893444
   0.918      2.878827
   0.921      2.864248
   0.924      2.849706
   0.927      2.835201
   0.930      2.820735
   0.933      2.806308
   0.936      2.791921
   0.939      2.777574
   0.942      2.763268
   0.946      2.749003
   0.949      2.734780
   0.952      2.720599
   0.955      2.706461
   0.958      2.692366
   0.961      2.678315
   0.964      2.664308
   0.967      2.650346
   0.970      2.636429
   0.973      2.622557
   0.976      2.608730
   0.980      2.594950
   0.983      2.581216
   0.986      2.567529
   0.989      2.553889
   0.992      2.540296
   0.995      2.526751
   0.998      2.513254
   1.001      2.499805
   1.004      2.486405
   1.008      2.473053
   1.011      2.459751
   1.014      2.446497
   1.017      2.433293
   1.020      2.420138
   1.023      2.407034
   1.026      2.393979
   1.029      2.380974
   1.032      2.368020
   1.035      2.355116
   1.038      2.342263
   1.042      2.329461
   1.045      2.316709
   1.048      2.304009
   1.051      2.291359
   1.054      2.278761
   1.057      2.266214
   1.060      2.253719
   1.063      2.241275
   1.066      2.228883
   1.069      2.216542
   1.073      2.204254
   1.076      2.192016
   1.079      2.179831
   1.082      2.167698
   1.085      2.155616
   1.088      2.143587
   1.091      2.131609
   1.094      2.119684
   1.097      2.107810
   1.101      2.095988
   1.104      2.084219
   1.107      2.072501
   1.110      2.060835
   1.113      2.049222
   1.116      2.037660
   1.119      2.026150
   1.122      2.014692
   1.125      2.003286
   1.128      1.991931
   1.131      1.980629
   1.135      1.969378
   1.138      1.958178
   1.141      1.947031
   1.144      1.935935
   1.147      1.924890
   1.150      1.913897
   1.153      1.902955
   1.156      1.892064
   1.159      1.881224
   1.162      1.870436
   1.166      1.859699
   1.169      1.849012
   1.172      1.838376
   1.175      1.827791
   1.178      1.817257
   1.181      1.806773
   1.184      1.796340
   1.187      1.785957
   1.190      1.775624
   1.194      1.765341
   1.197      1.755108
   1.200      1.744925
   1.203      1.734792
   1.206      1.724708
   1.209      1.714674
   1.212      1.704689
   1.215      1.694753
   1.218      1.684867
   1.221      1.675029
   1.224      1.665240
   1.228      1.655500
   1.231      1.645809
   1.234      1.636166
   1.237      1.626571
   1.240      1.617024
   1.243      1.607525
   1.246      1.598074
   1.249      1.588671
   1.252      1.579315
   1.256      1.570006
   1.259      1.560745
   1.262      1.551531
   1.265      1.542364
   1.268      1.533243
   1.271      1.524169
   1.274      1.515141
   1.277      1.506160
   1.280      1.497225
   1.283      1.488336
   1.286      1.479492
   1.290      1.470694
   1.293      1.461942
   1.296      1.453235
   1.299      1.444573
   1.302      1.435955
   1.305      1.427382
   1.308      1.418854
   1.311      1.410371
   1.314      1.401931
   1.317      1.393536
   1.321      1.385185
   1.324      1.376877
   1.327      1.368613
   1.330      1.360392
   1.333      1.352215
   1.336      1.344081
   1.339      1.335989
   1.342      1.327940
   1.345      1.319934
   1.349      1.311970
   1.352      1.304048
   1.355      1.296168
   1.358      1.288330
   1.361      1.280534
   1.364      1.272779
   1.367      1.265065
   1.370      1.257393
   1.373      1.249761
   1.376      1.242170
   1.379      1.234620
   1.383      1.227110
   1.386      1.219640
   1.389      1.212210
   1.392      1.204820
   1.395      1.197470
   1.398      1.190159
   1.401      1.182888
   1.404      1.175656
   1.407      1.168462
   1.410      1.161308
   1.414      1.154192
   1.417      1.147114
   1.420      1.140075
   1.423      1.133074
   1.426      1.126111
   1.429      1.119185
   1.432      1.112297
   1.435      1.105446
   1.438      1.098633
   1.442      1.091856
   1.445      1.085116
   1.448      1.078413
   1.451      1.071747
   1.454      1.065117
   1.457      1.058522
   1.460      1.051964
   1.463      1.045442
   1.466      1.038955
   1.469      1.032503
   1.472      1.026087
   1.476      1.019706
   1.479      1.013360
   1.482      1.007049
   1.485      1.000772
   1.488      0.994529
   1.491      0.988321
   1.494      0.982147
   1.497      0.976006
   1.500      0.969900
   1.503      0.963826
   1.507      0.957787
   1.510      0.951780
   1.513      0.945807
   1.516      0.939866
   1.519      0.933958
   1.522      0.928082
   1.525      0.922239
   1.528      0.916428
   1.531      0.910649
   1.534      0.904902
   1.538      0.899187
   1.541      0.893503
   1.544      0.887851
   1.547      0.882229
   1.550      0.876639
   1.553      0.871080
   1.556      0.865551
   1.559      0.860053
   1.562      0.854585
   1.565      0.849148
   1.569      0.843740
   1.572      0.838363
   1.575      0.833015
   1.578      0.827697
   1.581      0.822408
   1.584      0.817149
   1.587      0.811918
   1.590      0.806717
   1.593      0.801544
   1.597      0.796401
   1.600      0.791285
   1.603      0.786198
   1.606      0.781139
   1.609      0.776108
   1.612      0.771106
   1.615      0.766130
   1.618      0.761183
   1.621      0.756263
   1.624      0.751370
   1.627      0.746504
   1.631      0.741665
   1.634      0.736853
   1.637      0.732068
   1.640      0.727310
   1.643      0.722577
   1.646      0.717871
   1.649      0.713192
   1.652      0.708538
   1.655      0.703910
   1.658      0.699307
   1.662      0.694730
   1.665      0.690179
   1.668      0.685652
   1.671      0.681151
   1.674      0.676675
   1.677      0.672224
   1.680      0.667797
   1.683      0.663395
   1.686      0.659018
   1.690      0.654664
   1.693      0.650335
   1.696      0.646030
   1.699      0.641748
   1.702      0.637491
   1.705      0.633257
   1.708      0.629046
   1.711      0.624859
   1.714      0.620695
   1.717      0.616554
   1.720      0.612436
   1.724      0.608340
   1.727      0.604268
   1.730      0.600218
   1.733      0.596190
   1.736      0.592185
   1.739      0.588202
   1.742      0.584240
   1.745      0.580301
   1.748      0.576384
   1.751      0.572488
   1.755      0.568614
   1.758      0.564761
   1.761      0.560929
   1.764      0.557119
   1.767      0.553329
   1.770      0.549561
   1.773      0.545813
   1.776      0.542086
   1.779      0.538379
   1.782      0.534693
   1.786      0.531027
   1.789      0.527382
   1.792      0.523756
   1.795      0.520151
   1.798      0.516565
   1.801      0.512999
   1.804      0.509452
   1.807      0.505925
   1.810      0.502418
   1.813      0.498929
   1.817      0.495460
   1.820      0.492010
   1.823      0.488579
   1.826      0.485166
   1.829      0.481772
   1.832      0.478397
   1.835      0.475040
   1.838      0.471702
   1.841      0.468382
   1.845      0.465080
   1.848      0.461796
   1.851      0.458530
   1.854      0.455281
   1.857      0.452051
   1.860      0.448838
   1.863      0.445643
   1.866      0.442464
   1.869      0.439304
   1.872      0.436160
   1.875      0.433034
   1.879      0.429924
   1.882      0.426831
   1.885      0.423755
   1.888      0.420696
   1.891      0.417654
   1.894      0.414627
   1.897      0.411617
   1.900      0.408624
   1.903      0.405646
   1.906      0.402685
   1.910      0.399740
   1.913      0.396810
   1.916      0.393896
   1.919      0.390998
   1.922      0.388116
   1.925      0.385249
   1.928      0.382397
   1.931      0.379561
   1.934      0.376740
   1.938      0.373934
   1.941      0.371142
   1.944      0.368366
   1.947      0.365605
   1.950      0.362858
   1.953      0.360127
   1.956      0.357409
   1.959      0.354706
   1.962      0.352018
   1.965      0.349343
   1.968      0.346683
   1.972      0.344037
   1.975      0.341405
   1.978      0.338787
   1.981      0.336183
   1.984      0.333593
   1.987      0.331016
   1.990      0.328453
   1.993      0.325903
   1.996      0.323366
   1.999      0.320843
   2.003      0.318334
   2.006      0.315837
   2.009      0.313353
   2.012      0.310883
   2.015      0.308425
   2.018      0.305980
   2.021      0.303548
   2.024      0.301129
   2.027      0.298722
   2.030      0.296327
   2.034      0.293945
   2.037      0.291576
   2.040      0.289218
   2.043      0.286873
   2.046      0.284540
   2.049      0.282219
   2.052      0.279910
   2.055      0.277612
   2.058      0.275327
   2.062      0.273053
   2.065      0.270791
   2.068      0.268540
   2.071      0.266301
   2.074      0.264073
   2.077      0.261857
   2.080      0.259651
   2.083      0.257457
   2.086      0.255275
   2.089      0.253103
   2.092      0.250942
   2.096      0.248792
   2.099      0.246653
   2.102      0.244524
   2.105      0.242406
   2.108      0.240299
   2.111      0.238203
   2.114      0.236117
   2.117      0.234041
   2.120      0.231975
   2.123      0.229920
   2.127      0.227875
   2.130      0.225840
   2.133      0.223815
   2.136      0.221800
   2.139      0.219796
   2.142      0.217800
   2.145      0.215815
   2.148      0.213839
   2.151      0.211874
   2.155      0.209917
   2.158      0.207970
   2.161      0.206033
   2.164      0.204105
   2.167      0.202186
   2.170      0.200277
   2.173      0.198376
   2.176      0.196485
   2.179      0.194603
   2.182      0.192730
   2.185      0.190866
   2.189      0.189011
   2.192      0.187164
   2.195      0.185326
   2.198      0.183497
   2.201      0.181677
   2.204      0.179865
   2.207      0.178062
   2.210      0.176267
   2.213      0.174480
   2.216      0.172702
   2.220      0.170932
   2.223      0.169171
   2.226      0.167417
   2.229      0.165672
   2.232      0.163935
   2.235      0.162205
   2.238      0.160484
   2.241      0.158770
   2.244      0.157064
   2.248      0.155366
   2.251      0.153676
   2.254      0.151993
   2.257      0.150318
   2.260      0.148650
   2.263      0.146990
   2.266      0.145337
   2.269      0.143692
   2.272      0.142054
   2.275      0.140423
   2.278      0.138800
   2.282      0.137183
   2.285      0.135574
   2.288      0.133971
   2.291      0.132376
   2.294      0.130788
   2.297      0.129206
   2.300      0.127631
   2.303      0.126063
   2.306      0.124502
   2.309      0.122947
   2.313      0.121400
   2.316      0.119858
   2.319      0.118323
   2.322      0.116795
   2.325      0.115273
   2.328      0.113757
   2.331      0.112248
   2.334      0.110745
   2.337      0.109248
   2.341      0.107758
   2.344      0.106273
   2.347      0.104795
   2.350      0.103322
   2.353      0.101856
   2.356      0.100395
   2.359      0.098941
   2.362      0.097492
   2.365      0.096049
   2.368      0.094612
   2.371      0.093180
   2.375      0.091754
   2.378      0.090334
   2.381      0.088919
   2.384      0.087510
   2.387      0.086106
   2.390      0.084707
   2.393      0.083314
   2.396      0.081927
   2.399      0.080544
   2.402      0.079167
   2.406      0.077795
   2.409      0.076428
   2.412      0.075066
   2.415      0.073710
   2.418      0.072358
   2.421      0.071011
   2.424      0.069669
   2.427      0.068332
   2.430      0.067000
   2.433      0.065673
   2.437      0.064351
   2.440      0.063033
   2.443      0.061720
   2.446      0.060411
   2.449      0.059107
   2.452      0.057808
   2.455      0.056513
   2.458      0.055222
   2.461      0.053936
   2.465      0.052655
   2.468      0.051377
   2.471      0.050104
   2.474      0.048835
   2.477      0.047571
   2.480      0.046311
   2.483      0.045054
   2.486      0.043802
   2.489      0.042554
   2.492      0.041310
   2.495      0.040070
   2.499      0.038834
   2.502      0.037601
   2.505      0.036373
   2.508      0.035148
   2.511      0.033928
   2.514      0.032710
   2.517      0.031497
   2.520      0.030287
   2.523      0.029081
   2.526      0.027879
   2.530      0.026680
   2.533      0.025484
   2.536      0.024293
   2.539      0.023104
   2.542      0.021919
   2.545      0.020737
   2.548      0.019559
   2.551      0.018384
   2.554      0.017212
   2.558      0.016043
   2.561      0.014878
   2.564      0.013715
   2.567      0.012556
   2.570      0.011400
   2.573      0.010247
   2.576      0.009097
   2.579      0.007950
   2.582      0.006806
   2.585      0.005664
   2.588      0.004526
   2.592      0.003390
   2.595      0.002257
   2.598      0.001127
   2.601      0.000000
