   0.003     -8.746125
   0.006     -8.745712
   0.009     -8.745299
   0.012     -8.744610
   0.015     -8.743648
   0.019     -8.742411
   0.022     -8.740901
   0.025     -8.739118
   0.028     -8.737062
   0.031     -8.734734
   0.034     -8.732134
   0.037     -8.729263
   0.040     -8.726120
   0.043     -8.722707
   0.046     -8.719023
   0.050     -8.715069
   0.053     -8.710844
   0.056     -8.706349
   0.059     -8.701584
   0.062     -8.696548
   0.065     -8.691243
   0.068     -8.685667
   0.071     -8.679821
   0.074     -8.673704
   0.077     -8.667317
   0.081     -8.660658
   0.084     -8.653729
   0.087     -8.646528
   0.090     -8.639055
   0.093     -8.631310
   0.096     -8.623292
   0.099     -8.615000
   0.102     -8.606436
   0.105     -8.597596
   0.108     -8.588482
   0.112     -8.579092
   0.115     -8.569426
   0.118     -8.559484
   0.121     -8.549263
   0.124     -8.538764
   0.127     -8.527986
   0.130     -8.516927
   0.133     -8.505588
   0.136     -8.493967
   0.139     -8.482063
   0.143     -8.469875
   0.146     -8.457403
   0.149     -8.444645
   0.152     -8.431600
   0.155     -8.418268
   0.158     -8.404647
   0.161     -8.390737
   0.164     -8.376536
   0.167     -8.362043
   0.170     -8.347258
   0.174     -8.332179
   0.177     -8.316805
   0.180     -8.301136
   0.183     -8.285169
   0.186     -8.268906
   0.189     -8.252344
   0.192     -8.235482
   0.195     -8.218320
   0.198     -8.200857
   0.201     -8.183092
   0.205     -8.165025
   0.208     -8.146654
   0.211     -8.127979
   0.214     -8.108999
   0.217     -8.089714
   0.220     -8.070124
   0.223     -8.050227
   0.226     -8.030024
   0.229     -8.009514
   0.232     -7.988697
   0.236     -7.967574
   0.239     -7.946143
   0.242     -7.924404
   0.245     -7.902359
   0.248     -7.880007
   0.251     -7.857349
   0.254     -7.834384
   0.257     -7.811114
   0.260     -7.787539
   0.264     -7.763660
   0.267     -7.739477
   0.270     -7.714991
   0.273     -7.690204
   0.276     -7.665116
   0.279     -7.639730
   0.282     -7.614045
   0.285     -7.588064
   0.288     -7.561788
   0.291     -7.535219
   0.294     -7.508358
   0.298     -7.481208
   0.301     -7.453771
   0.304     -7.426048
   0.307     -7.398042
   0.310     -7.369756
   0.313     -7.341191
   0.316     -7.312350
   0.319     -7.283236
   0.322     -7.253852
   0.326     -7.224201
   0.329     -7.194284
   0.332     -7.164107
   0.335     -7.133670
   0.338     -7.102979
   0.341     -7.072035
   0.344     -7.040843
   0.347     -7.009405
   0.350     -6.977726
   0.353     -6.945809
   0.356     -6.913657
   0.360     -6.881273
   0.363     -6.848663
   0.366     -6.815829
   0.369     -6.782774
   0.372     -6.749504
   0.375     -6.716021
   0.378     -6.682330
   0.381     -6.648434
   0.384     -6.614337
   0.388     -6.580043
   0.391     -6.545555
   0.394     -6.510877
   0.397     -6.476014
   0.400     -6.440968
   0.403     -6.405743
   0.406     -6.370343
   0.409     -6.334772
   0.412     -6.299033
   0.415     -6.263129
   0.418     -6.227063
   0.422     -6.190840
   0.425     -6.154461
   0.428     -6.117931
   0.431     -6.081252
   0.434     -6.044428
   0.437     -6.007460
   0.440     -5.970352
   0.443     -5.933106
   0.446     -5.895725
   0.450     -5.858211
   0.453     -5.820567
   0.456     -5.782794
   0.459     -5.744896
   0.462     -5.706873
   0.465     -5.668727
   0.468     -5.630461
   0.471     -5.592076
   0.474     -5.553573
   0.477     -5.514954
   0.480     -5.476220
   0.484     -5.437373
   0.487     -5.398414
   0.490     -5.359343
   0.493     -5.320162
   0.496     -5.280871
   0.499     -5.241472
   0.502     -5.201965
   0.505     -5.162351
   0.508     -5.122630
   0.511     -5.082804
   0.515     -5.042872
   0.518     -5.002835
   0.521     -4.962694
   0.524     -4.922449
   0.527     -4.882102
   0.530     -4.841651
   0.533     -4.801099
   0.536     -4.760445
   0.539     -4.719690
   0.542     -4.678835
   0.546     -4.637881
   0.549     -4.596828
   0.552     -4.555677
   0.555     -4.514429
   0.558     -4.473085
   0.561     -4.431647
   0.564     -4.390114
   0.567     -4.348490
   0.570     -4.306775
   0.574     -4.264971
   0.577     -4.223079
   0.580     -4.181102
   0.583     -4.139041
   0.586     -4.096899
   0.589     -4.054678
   0.592     -4.012380
   0.595     -3.970008
   0.598     -3.927565
   0.601     -3.885054
   0.604     -3.842477
   0.608     -3.799839
   0.611     -3.757142
   0.614     -3.714390
   0.617     -3.671588
   0.620     -3.628738
   0.623     -3.585845
   0.626     -3.542914
   0.629     -3.499949
   0.632     -3.456954
   0.635     -3.413934
   0.639     -3.370894
   0.642     -3.327839
   0.645     -3.284774
   0.648     -3.241705
   0.651     -3.198636
   0.654     -3.155574
   0.657     -3.112523
   0.660     -3.069490
   0.663     -3.026481
   0.666     -2.983500
   0.670     -2.940555
   0.673     -2.897650
   0.676     -2.854793
   0.679     -2.811989
   0.682     -2.769245
   0.685     -2.726565
   0.688     -2.683957
   0.691     -2.641427
   0.694     -2.598981
   0.698     -2.556625
   0.701     -2.514364
   0.704     -2.472206
   0.707     -2.430156
   0.710     -2.388221
   0.713     -2.346405
   0.716     -2.304715
   0.719     -2.263158
   0.722     -2.221737
   0.725     -2.180460
   0.728     -2.139332
   0.732     -2.098358
   0.735     -2.057543
   0.738     -2.016893
   0.741     -1.976413
   0.744     -1.936108
   0.747     -1.895982
   0.750     -1.856041
   0.753     -1.816290
   0.756     -1.776732
   0.759     -1.737372
   0.763     -1.698215
   0.766     -1.659264
   0.769     -1.620524
   0.772     -1.581998
   0.775     -1.543690
   0.778     -1.505603
   0.781     -1.467741
   0.784     -1.430108
   0.787     -1.392706
   0.790     -1.355538
   0.794     -1.318607
   0.797     -1.281916
   0.800     -1.245468
   0.803     -1.209264
   0.806     -1.173307
   0.809     -1.137600
   0.812     -1.102145
   0.815     -1.066942
   0.818     -1.031995
   0.822     -0.997305
   0.825     -0.962873
   0.828     -0.928701
   0.831     -0.894790
   0.834     -0.861142
   0.837     -0.827757
   0.840     -0.794636
   0.843     -0.761782
   0.846     -0.729193
   0.849     -0.696872
   0.852     -0.664819
   0.856     -0.633033
   0.859     -0.601517
   0.862     -0.570270
   0.865     -0.539292
   0.868     -0.508584
   0.871     -0.478146
   0.874     -0.447978
   0.877     -0.418080
   0.880     -0.388452
   0.883     -0.359093
   0.887     -0.330005
   0.890     -0.301186
   0.893     -0.272637
   0.896     -0.244356
   0.899     -0.216344
   0.902     -0.188600
   0.905     -0.161124
   0.908     -0.133916
   0.911     -0.106973
   0.914     -0.080297
   0.918     -0.053887
   0.921     -0.027741
   0.924     -0.001859
   0.927      0.023759
   0.930      0.049115
   0.933      0.074209
   0.936      0.099042
   0.939      0.123615
   0.942      0.147929
   0.946      0.171985
   0.949      0.195783
   0.952      0.219324
   0.955      0.242611
   0.958      0.265642
   0.961      0.288421
   0.964      0.310947
   0.967      0.333221
   0.970      0.355245
   0.973      0.377021
   0.976      0.398548
   0.980      0.419828
   0.983      0.440862
   0.986      0.461652
   0.989      0.482198
   0.992      0.502502
   0.995      0.522565
   0.998      0.542388
   1.001      0.561972
   1.004      0.581318
   1.008      0.600429
   1.011      0.619304
   1.014      0.637946
   1.017      0.656355
   1.020      0.674532
   1.023      0.692480
   1.026      0.710199
   1.029      0.727690
   1.032      0.744956
   1.035      0.761996
   1.038      0.778813
   1.042      0.795408
   1.045      0.811781
   1.048      0.827935
   1.051      0.843871
   1.054      0.859589
   1.057      0.875092
   1.060      0.890380
   1.063      0.905456
   1.066      0.920319
   1.069      0.934972
   1.073      0.949416
   1.076      0.963652
   1.079      0.977682
   1.082      0.991507
   1.085      1.005127
   1.088      1.018546
   1.091      1.031763
   1.094      1.044780
   1.097      1.057599
   1.101      1.070221
   1.104      1.082647
   1.107      1.094878
   1.110      1.106916
   1.113      1.118762
   1.116      1.130418
   1.119      1.141885
   1.122      1.153163
   1.125      1.164255
   1.128      1.175162
   1.131      1.185884
   1.135      1.196424
   1.138      1.206783
   1.141      1.216961
   1.144      1.226961
   1.147      1.236783
   1.150      1.246428
   1.153      1.255899
   1.156      1.265196
   1.159      1.274321
   1.162      1.283275
   1.166      1.292059
   1.169      1.300674
   1.172      1.309122
   1.175      1.317404
   1.178      1.325521
   1.181      1.333474
   1.184      1.341266
   1.187      1.348896
   1.190      1.356366
   1.194      1.363678
   1.197      1.370832
   1.200      1.377830
   1.203      1.384673
   1.206      1.391363
   1.209      1.397900
   1.212      1.404286
   1.215      1.410521
   1.218      1.416608
   1.221      1.422547
   1.224      1.428340
   1.228      1.433987
   1.231      1.439490
   1.234      1.444850
   1.237      1.450069
   1.240      1.455146
   1.243      1.460084
   1.246      1.464884
   1.249      1.469547
   1.252      1.474074
   1.256      1.478466
   1.259      1.482724
   1.262      1.486850
   1.265      1.490844
   1.268      1.494708
   1.271      1.498442
   1.274      1.502049
   1.277      1.505528
   1.280      1.508882
   1.283      1.512111
   1.286      1.515216
   1.290      1.518199
   1.293      1.521060
   1.296      1.523801
   1.299      1.526423
   1.302      1.528926
   1.305      1.531313
   1.308      1.533583
   1.311      1.535738
   1.314      1.537779
   1.317      1.539708
   1.321      1.541524
   1.324      1.543230
   1.327      1.544826
   1.330      1.546313
   1.333      1.547693
   1.336      1.548966
   1.339      1.550133
   1.342      1.551196
   1.345      1.552155
   1.349      1.553012
   1.352      1.553767
   1.355      1.554421
   1.358      1.554976
   1.361      1.555433
   1.364      1.555791
   1.367      1.556054
   1.370      1.556220
   1.373      1.556292
   1.376      1.556270
   1.379      1.556156
   1.383      1.555949
   1.386      1.555652
   1.389      1.555265
   1.392      1.554789
   1.395      1.554225
   1.398      1.553575
   1.401      1.552838
   1.404      1.552016
   1.407      1.551109
   1.410      1.550119
   1.414      1.549047
   1.417      1.547894
   1.420      1.546659
   1.423      1.545345
   1.426      1.543953
   1.429      1.542482
   1.432      1.540934
   1.435      1.539310
   1.438      1.537611
   1.442      1.535838
   1.445      1.533990
   1.448      1.532071
   1.451      1.530079
   1.454      1.528016
   1.457      1.525883
   1.460      1.523681
   1.463      1.521411
   1.466      1.519072
   1.469      1.516667
   1.472      1.514196
   1.476      1.511660
   1.479      1.509059
   1.482      1.506395
   1.485      1.503668
   1.488      1.500880
   1.491      1.498029
   1.494      1.495119
   1.497      1.492149
   1.500      1.489120
   1.503      1.486033
   1.507      1.482889
   1.510      1.479689
   1.513      1.476432
   1.516      1.473121
   1.519      1.469755
   1.522      1.466336
   1.525      1.462864
   1.528      1.459340
   1.531      1.455764
   1.534      1.452139
   1.538      1.448463
   1.541      1.444738
   1.544      1.440964
   1.547      1.437143
   1.550      1.433275
   1.553      1.429361
   1.556      1.425400
   1.559      1.421395
   1.562      1.417346
   1.565      1.413253
   1.569      1.409117
   1.572      1.404939
   1.575      1.400719
   1.578      1.396458
   1.581      1.392157
   1.584      1.387817
   1.587      1.383437
   1.590      1.379019
   1.593      1.374564
   1.597      1.370071
   1.600      1.365541
   1.603      1.360976
   1.606      1.356376
   1.609      1.351741
   1.612      1.347072
   1.615      1.342370
   1.618      1.337635
   1.621      1.332868
   1.624      1.328069
   1.627      1.323239
   1.631      1.318379
   1.634      1.313488
   1.637      1.308569
   1.640      1.303621
   1.643      1.298644
   1.646      1.293640
   1.649      1.288610
   1.652      1.283552
   1.655      1.278469
   1.658      1.273360
   1.662      1.268226
   1.665      1.263068
   1.668      1.257887
   1.671      1.252682
   1.674      1.247454
   1.677      1.242204
   1.680      1.236932
   1.683      1.231639
   1.686      1.226326
   1.690      1.220992
   1.693      1.215639
   1.696      1.210266
   1.699      1.204875
   1.702      1.199465
   1.705      1.194038
   1.708      1.188593
   1.711      1.183132
   1.714      1.177654
   1.717      1.172161
   1.720      1.166652
   1.724      1.161128
   1.727      1.155590
   1.730      1.150038
   1.733      1.144472
   1.736      1.138893
   1.739      1.133301
   1.742      1.127697
   1.745      1.122082
   1.748      1.116455
   1.751      1.110817
   1.755      1.105168
   1.758      1.099509
   1.761      1.093841
   1.764      1.088163
   1.767      1.082476
   1.770      1.076781
   1.773      1.071078
   1.776      1.065367
   1.779      1.059649
   1.782      1.053924
   1.786      1.048193
   1.789      1.042455
   1.792      1.036712
   1.795      1.030963
   1.798      1.025209
   1.801      1.019451
   1.804      1.013688
   1.807      1.007921
   1.810      1.002151
   1.813      0.996378
   1.817      0.990602
   1.820      0.984823
   1.823      0.979042
   1.826      0.973260
   1.829      0.967476
   1.832      0.961691
   1.835      0.955905
   1.838      0.950119
   1.841      0.944332
   1.845      0.938546
   1.848      0.932760
   1.851      0.926976
   1.854      0.921192
   1.857      0.915410
   1.860      0.909630
   1.863      0.903851
   1.866      0.898076
   1.869      0.892303
   1.872      0.886533
   1.875      0.880766
   1.879      0.875003
   1.882      0.869244
   1.885      0.863488
   1.888      0.857738
   1.891      0.851992
   1.894      0.846251
   1.897      0.840516
   1.900      0.834786
   1.903      0.829062
   1.906      0.823344
   1.910      0.817633
   1.913      0.811928
   1.916      0.806230
   1.919      0.800539
   1.922      0.794856
   1.925      0.789180
   1.928      0.783513
   1.931      0.777853
   1.934      0.772202
   1.938      0.766560
   1.941      0.760927
   1.944      0.755302
   1.947      0.749687
   1.950      0.744082
   1.953      0.738487
   1.956      0.732902
   1.959      0.727327
   1.962      0.721762
   1.965      0.716209
   1.968      0.710666
   1.972      0.705135
   1.975      0.699615
   1.978      0.694107
   1.981      0.688610
   1.984      0.683126
   1.987      0.677654
   1.990      0.672194
   1.993      0.666747
   1.996      0.661313
   1.999      0.655892
   2.003      0.650484
   2.006      0.645090
   2.009      0.639709
   2.012      0.634343
   2.015      0.628990
   2.018      0.623651
   2.021      0.618327
   2.024      0.613018
   2.027      0.607723
   2.030      0.602443
   2.034      0.597179
   2.037      0.591929
   2.040      0.586696
   2.043      0.581477
   2.046      0.576275
   2.049      0.571089
   2.052      0.565918
   2.055      0.560764
   2.058      0.555627
   2.062      0.550506
   2.065      0.545402
   2.068      0.540315
   2.071      0.535245
   2.074      0.530192
   2.077      0.525157
   2.080      0.520139
   2.083      0.515139
   2.086      0.510157
   2.089      0.505193
   2.092      0.500247
   2.096      0.495319
   2.099      0.490410
   2.102      0.485519
   2.105      0.480647
   2.108      0.475793
   2.111      0.470959
   2.114      0.466144
   2.117      0.461348
   2.120      0.456571
   2.123      0.451814
   2.127      0.447076
   2.130      0.442358
   2.133      0.437660
   2.136      0.432982
   2.139      0.428324
   2.142      0.423687
   2.145      0.419069
   2.148      0.414472
   2.151      0.409896
   2.155      0.405340
   2.158      0.400805
   2.161      0.396291
   2.164      0.391798
   2.167      0.387326
   2.170      0.382875
   2.173      0.378445
   2.176      0.374037
   2.179      0.369651
   2.182      0.365286
   2.185      0.360943
   2.189      0.356621
   2.192      0.352322
   2.195      0.348044
   2.198      0.343789
   2.201      0.339556
   2.204      0.335345
   2.207      0.331156
   2.210      0.326990
   2.213      0.322847
   2.216      0.318726
   2.220      0.314628
   2.223      0.310552
   2.226      0.306500
   2.229      0.302471
   2.232      0.298464
   2.235      0.294481
   2.238      0.290521
   2.241      0.286584
   2.244      0.282671
   2.248      0.278781
   2.251      0.274915
   2.254      0.271072
   2.257      0.267253
   2.260      0.263457
   2.263      0.259686
   2.266      0.255938
   2.269      0.252214
   2.272      0.248515
   2.275      0.244839
   2.278      0.241188
   2.282      0.237560
   2.285      0.233957
   2.288      0.230379
   2.291      0.226824
   2.294      0.223295
   2.297      0.219789
   2.300      0.216309
   2.303      0.212853
   2.306      0.209421
   2.309      0.206015
   2.313      0.202633
   2.316      0.199276
   2.319      0.195944
   2.322      0.192637
   2.325      0.189355
   2.328      0.186098
   2.331      0.182866
   2.334      0.179659
   2.337      0.176478
   2.341      0.173322
   2.344      0.170191
   2.347      0.167085
   2.350      0.164005
   2.353      0.160950
   2.356      0.157921
   2.359      0.154917
   2.362      0.151939
   2.365      0.148986
   2.368      0.146059
   2.371      0.143158
   2.375      0.140282
   2.378      0.137432
   2.381      0.134608
   2.384      0.131809
   2.387      0.129037
   2.390      0.126290
   2.393      0.123570
   2.396      0.120875
   2.399      0.118206
   2.402      0.115563
   2.406      0.112946
   2.409      0.110355
   2.412      0.107790
   2.415      0.105252
   2.418      0.102739
   2.421      0.100253
   2.424      0.097792
   2.427      0.095358
   2.430      0.092950
   2.433      0.090568
   2.437      0.088212
   2.440      0.085883
   2.443      0.083580
   2.446      0.081303
   2.449      0.079052
   2.452      0.076828
   2.455      0.074629
   2.458      0.072457
   2.461      0.070312
   2.465      0.068192
   2.468      0.066099
   2.471      0.064032
   2.474      0.061991
   2.477      0.059976
   2.480      0.057988
   2.483      0.056026
   2.486      0.054090
   2.489      0.052180
   2.492      0.050296
   2.495      0.048439
   2.499      0.046607
   2.502      0.044802
   2.505      0.043022
   2.508      0.041269
   2.511      0.039541
   2.514      0.037839
   2.517      0.036163
   2.520      0.034513
   2.523      0.032888
   2.526      0.031289
   2.530      0.029716
   2.533      0.028167
   2.536      0.026644
   2.539      0.025147
   2.542      0.023674
   2.545      0.022226
   2.548      0.020802
   2.551      0.019403
   2.554      0.018028
   2.558      0.016678
   2.561      0.015351
   2.564      0.014047
   2.567      0.012766
   2.570      0.011509
   2.573      0.010273
   2.576      0.009059
   2.579      0.007865
   2.582      0.006692
   2.585      0.005538
   2.588      0.004402
   2.592      0.003283
   2.595      0.002178
   2.598      0.001085
   2.601      0.000000
