   0.000      0.820476
   0.010      0.820469
   0.020      0.820448
   0.030      0.820414
   0.039      0.820365
   0.049      0.820303
   0.059      0.820226
   0.069      0.820135
   0.079      0.820030
   0.089      0.819910
   0.098      0.819775
   0.108      0.819625
   0.118      0.819459
   0.128      0.819279
   0.138      0.819082
   0.148      0.818870
   0.157      0.818643
   0.167      0.818399
   0.177      0.818139
   0.187      0.817863
   0.197      0.817570
   0.207      0.817261
   0.216      0.816935
   0.226      0.816592
   0.236      0.816231
   0.246      0.815854
   0.256      0.815458
   0.266      0.815045
   0.275      0.814614
   0.285      0.814164
   0.295      0.813696
   0.305      0.813208
   0.315      0.812702
   0.325      0.812176
   0.335      0.811630
   0.344      0.811065
   0.354      0.810478
   0.364      0.809871
   0.374      0.809244
   0.384      0.808594
   0.394      0.807923
   0.403      0.807230
   0.413      0.806514
   0.423      0.805776
   0.433      0.805014
   0.443      0.804229
   0.453      0.803420
   0.462      0.802587
   0.472      0.801729
   0.482      0.800846
   0.492      0.799937
   0.502      0.799003
   0.512      0.798042
   0.521      0.797054
   0.531      0.796039
   0.541      0.794997
   0.551      0.793927
   0.561      0.792829
   0.571      0.791701
   0.580      0.790545
   0.590      0.789359
   0.600      0.788144
   0.610      0.786897
   0.620      0.785621
   0.630      0.784313
   0.640      0.782974
   0.649      0.781603
   0.659      0.780199
   0.669      0.778764
   0.679      0.777296
   0.689      0.775794
   0.699      0.774260
   0.708      0.772692
   0.718      0.771090
   0.728      0.769454
   0.738      0.767784
   0.748      0.766079
   0.758      0.764340
   0.767      0.762566
   0.777      0.760757
   0.787      0.758914
   0.797      0.757036
   0.807      0.755122
   0.817      0.753174
   0.826      0.751191
   0.836      0.749173
   0.846      0.747120
   0.856      0.745033
   0.866      0.742911
   0.876      0.740755
   0.886      0.738565
   0.895      0.736341
   0.905      0.734084
   0.915      0.731793
   0.925      0.729470
   0.935      0.727114
   0.945      0.724726
   0.954      0.722307
   0.964      0.719857
   0.974      0.717377
   0.984      0.714866
   0.994      0.712327
   1.004      0.709759
   1.013      0.707163
   1.023      0.704540
   1.033      0.701890
   1.043      0.699215
   1.053      0.696516
   1.063      0.693792
   1.072      0.691046
   1.082      0.688277
   1.092      0.685488
   1.102      0.682678
   1.112      0.679850
   1.122      0.677003
   1.131      0.674140
   1.141      0.671260
   1.151      0.668367
   1.161      0.665459
   1.171      0.662540
   1.181      0.659609
   1.191      0.656669
   1.200      0.653719
   1.210      0.650763
   1.220      0.647800
   1.230      0.644833
   1.240      0.641861
   1.250      0.638888
   1.259      0.635914
   1.269      0.632940
   1.279      0.629967
   1.289      0.626998
   1.299      0.624032
   1.309      0.621072
   1.318      0.618119
   1.328      0.615174
   1.338      0.612238
   1.348      0.609313
   1.358      0.606399
   1.368      0.603499
   1.377      0.600612
   1.387      0.597740
   1.397      0.594885
   1.407      0.592047
   1.417      0.589227
   1.427      0.586426
   1.436      0.583645
   1.446      0.580885
   1.456      0.578146
   1.466      0.575430
   1.476      0.572736
   1.486      0.570066
   1.496      0.567420
   1.505      0.564799
   1.515      0.562202
   1.525      0.559630
   1.535      0.557084
   1.545      0.554564
   1.555      0.552069
   1.564      0.549601
   1.574      0.547158
   1.584      0.544742
   1.594      0.542352
   1.604      0.539988
   1.614      0.537651
   1.623      0.535339
   1.633      0.533054
   1.643      0.530794
   1.653      0.528559
   1.663      0.526350
   1.673      0.524166
   1.682      0.522007
   1.692      0.519873
   1.702      0.517763
   1.712      0.515677
   1.722      0.513614
   1.732      0.511575
   1.741      0.509560
   1.751      0.507566
   1.761      0.505595
   1.771      0.503646
   1.781      0.501718
   1.791      0.499812
   1.801      0.497926
   1.810      0.496060
   1.820      0.494214
   1.830      0.492388
   1.840      0.490580
   1.850      0.488792
   1.860      0.487021
   1.869      0.485268
   1.879      0.483532
   1.889      0.481813
   1.899      0.480110
   1.909      0.478424
   1.919      0.476752
   1.928      0.475096
   1.938      0.473455
   1.948      0.471827
   1.958      0.470214
   1.968      0.468614
   1.978      0.467027
   1.987      0.465452
   1.997      0.463890
   2.007      0.462339
   2.017      0.460800
   2.027      0.459272
   2.037      0.457755
   2.047      0.456247
   2.056      0.454750
   2.066      0.453263
   2.076      0.451784
   2.086      0.450315
   2.096      0.448854
   2.106      0.447401
   2.115      0.445957
   2.125      0.444520
   2.135      0.443091
   2.145      0.441668
   2.155      0.440253
   2.165      0.438844
   2.174      0.437441
   2.184      0.436045
   2.194      0.434655
   2.204      0.433270
   2.214      0.431890
   2.224      0.430516
   2.233      0.429147
   2.243      0.427783
   2.253      0.426423
   2.263      0.425068
   2.273      0.423718
   2.283      0.422371
   2.292      0.421029
   2.302      0.419691
   2.312      0.418356
   2.322      0.417025
   2.332      0.415698
   2.342      0.414375
   2.352      0.413054
   2.361      0.411738
   2.371      0.410424
   2.381      0.409114
   2.391      0.407806
   2.401      0.406502
   2.411      0.405201
   2.420      0.403903
   2.430      0.402608
   2.440      0.401315
   2.450      0.400026
   2.460      0.398740
   2.470      0.397456
   2.479      0.396175
   2.489      0.394897
   2.499      0.393623
   2.509      0.392350
   2.519      0.391081
   2.529      0.389815
   2.538      0.388552
   2.548      0.387292
   2.558      0.386034
   2.568      0.384780
   2.578      0.383529
   2.588      0.382281
   2.597      0.381036
   2.607      0.379794
   2.617      0.378555
   2.627      0.377320
   2.637      0.376088
   2.647      0.374860
   2.657      0.373634
   2.666      0.372413
   2.676      0.371195
   2.686      0.369980
   2.696      0.368769
   2.706      0.367562
   2.716      0.366359
   2.725      0.365160
   2.735      0.363964
   2.745      0.362773
   2.755      0.361585
   2.765      0.360402
   2.775      0.359223
   2.784      0.358047
   2.794      0.356877
   2.804      0.355710
   2.814      0.354548
   2.824      0.353391
   2.834      0.352238
   2.843      0.351089
   2.853      0.349945
   2.863      0.348806
   2.873      0.347671
   2.883      0.346542
   2.893      0.345417
   2.902      0.344297
   2.912      0.343182
   2.922      0.342072
   2.932      0.340966
   2.942      0.339866
   2.952      0.338771
   2.962      0.337681
   2.971      0.336597
   2.981      0.335517
   2.991      0.334443
   3.001      0.333374
   3.011      0.332310
   3.021      0.331251
   3.030      0.330198
   3.040      0.329150
   3.050      0.328108
   3.060      0.327071
   3.070      0.326039
   3.080      0.325013
   3.089      0.323992
   3.099      0.322977
   3.109      0.321967
   3.119      0.320962
   3.129      0.319963
   3.139      0.318969
   3.148      0.317981
   3.158      0.316999
   3.168      0.316021
   3.178      0.315049
   3.188      0.314083
   3.198      0.313122
   3.208      0.312166
   3.217      0.311216
   3.227      0.310271
   3.237      0.309331
   3.247      0.308397
   3.257      0.307468
   3.267      0.306544
   3.276      0.305626
   3.286      0.304713
   3.296      0.303805
   3.306      0.302902
   3.316      0.302005
   3.326      0.301113
   3.335      0.300225
   3.345      0.299343
   3.355      0.298466
   3.365      0.297594
   3.375      0.296727
   3.385      0.295865
   3.394      0.295008
   3.404      0.294155
   3.414      0.293308
   3.424      0.292465
   3.434      0.291627
   3.444      0.290794
   3.453      0.289966
   3.463      0.289142
   3.473      0.288323
   3.483      0.287509
   3.493      0.286699
   3.503      0.285894
   3.513      0.285093
   3.522      0.284296
   3.532      0.283505
   3.542      0.282717
   3.552      0.281934
   3.562      0.281155
   3.572      0.280381
   3.581      0.279610
   3.591      0.278844
   3.601      0.278082
   3.611      0.277325
   3.621      0.276571
   3.631      0.275822
   3.640      0.275076
   3.650      0.274335
   3.660      0.273597
   3.670      0.272864
   3.680      0.272134
   3.690      0.271408
   3.699      0.270687
   3.709      0.269969
   3.719      0.269254
   3.729      0.268544
   3.739      0.267837
   3.749      0.267134
   3.758      0.266435
   3.768      0.265739
   3.778      0.265047
   3.788      0.264359
   3.798      0.263674
   3.808      0.262993
   3.818      0.262315
   3.827      0.261640
   3.837      0.260970
   3.847      0.260302
   3.857      0.259638
   3.867      0.258977
   3.877      0.258320
   3.886      0.257666
   3.896      0.257016
   3.906      0.256368
   3.916      0.255724
