   0.007      0.000094
   0.015      0.001081
   0.022      0.002067
   0.030      0.003087
   0.037      0.004112
   0.044      0.005138
   0.052      0.006165
   0.059      0.007193
   0.067      0.008221
   0.074      0.009250
   0.081      0.010281
   0.089      0.011312
   0.096      0.012344
   0.104      0.013377
   0.111      0.014411
   0.118      0.015447
   0.126      0.016484
   0.133      0.017523
   0.141      0.018563
   0.148      0.019605
   0.155      0.020648
   0.163      0.021693
   0.170      0.022739
   0.178      0.023788
   0.185      0.024838
   0.192      0.025890
   0.200      0.026944
   0.207      0.028000
   0.215      0.029058
   0.222      0.030118
   0.229      0.031180
   0.237      0.032245
   0.244      0.033311
   0.252      0.034380
   0.259      0.035452
   0.266      0.036525
   0.274      0.037601
   0.281      0.038680
   0.289      0.039761
   0.296      0.040845
   0.303      0.041931
   0.311      0.043020
   0.318      0.044112
   0.326      0.045207
   0.333      0.046304
   0.340      0.047404
   0.348      0.048508
   0.355      0.049614
   0.363      0.050723
   0.370      0.051836
   0.377      0.052951
   0.385      0.054070
   0.392      0.055192
   0.400      0.056317
   0.407      0.057446
   0.414      0.058578
   0.422      0.059713
   0.429      0.060852
   0.437      0.061994
   0.444      0.063140
   0.451      0.064290
   0.459      0.065443
   0.466      0.066600
   0.474      0.067761
   0.481      0.068925
   0.488      0.070094
   0.496      0.071266
   0.503      0.072442
   0.511      0.073622
   0.518      0.074806
   0.525      0.075995
   0.533      0.077187
   0.540      0.078383
   0.548      0.079584
   0.555      0.080788
   0.562      0.081997
   0.570      0.083211
   0.577      0.084428
   0.585      0.085650
   0.592      0.086876
   0.599      0.088107
   0.607      0.089342
   0.614      0.090582
   0.622      0.091826
   0.629      0.093075
   0.636      0.094328
   0.644      0.095586
   0.651      0.096849
   0.659      0.098116
   0.666      0.099388
   0.673      0.100665
   0.681      0.101946
   0.688      0.103233
   0.696      0.104524
   0.703      0.105819
   0.710      0.107120
   0.718      0.108426
   0.725      0.109736
   0.733      0.111051
   0.740      0.112372
   0.747      0.113697
   0.755      0.115027
   0.762      0.116362
   0.770      0.117702
   0.777      0.119047
   0.784      0.120397
   0.792      0.121752
   0.799      0.123111
   0.807      0.124476
   0.814      0.125846
   0.821      0.127221
   0.829      0.128601
   0.836      0.129986
   0.844      0.131376
   0.851      0.132771
   0.858      0.134171
   0.866      0.135575
   0.873      0.136985
   0.881      0.138400
   0.888      0.139820
   0.895      0.141244
   0.903      0.142674
   0.910      0.144108
   0.918      0.145548
   0.925      0.146992
   0.932      0.148441
   0.940      0.149894
   0.947      0.151353
   0.955      0.152816
   0.962      0.154284
   0.969      0.155756
   0.977      0.157233
   0.984      0.158715
   0.992      0.160201
   0.999      0.161692
   1.006      0.163187
   1.014      0.164686
   1.021      0.166190
   1.029      0.167698
   1.036      0.169211
   1.043      0.170727
   1.051      0.172248
   1.058      0.173773
   1.066      0.175301
   1.073      0.176834
   1.080      0.178370
   1.088      0.179910
   1.095      0.181454
   1.103      0.183001
   1.110      0.184552
   1.117      0.186107
   1.125      0.187664
   1.132      0.189225
   1.140      0.190790
   1.147      0.192357
   1.154      0.193927
   1.162      0.195501
   1.169      0.197077
   1.177      0.198655
   1.184      0.200237
   1.191      0.201821
   1.199      0.203407
   1.206      0.204996
   1.214      0.206587
   1.221      0.208180
   1.228      0.209775
   1.236      0.211372
   1.243      0.212971
   1.251      0.214572
   1.258      0.216174
   1.265      0.217778
   1.273      0.219383
   1.280      0.220989
   1.288      0.222597
   1.295      0.224205
   1.302      0.225815
   1.310      0.227425
   1.317      0.229037
   1.325      0.230649
   1.332      0.232261
   1.339      0.233875
   1.347      0.235488
   1.354      0.237102
   1.362      0.238716
   1.369      0.240330
   1.376      0.241944
   1.384      0.243559
   1.391      0.245173
   1.399      0.246786
   1.406      0.248400
   1.413      0.250013
   1.421      0.251625
   1.428      0.253237
   1.436      0.254849
   1.443      0.256459
   1.450      0.258069
   1.458      0.259677
   1.465      0.261285
   1.473      0.262891
   1.480      0.264496
   1.487      0.266100
   1.495      0.267702
   1.502      0.269303
   1.510      0.270902
   1.517      0.272499
   1.524      0.274094
   1.532      0.275688
   1.539      0.277279
   1.547      0.278868
   1.554      0.280455
   1.561      0.282040
   1.569      0.283622
   1.576      0.285202
   1.584      0.286779
   1.591      0.288354
   1.598      0.289926
   1.606      0.291495
   1.613      0.293061
   1.621      0.294623
   1.628      0.296183
   1.635      0.297740
   1.643      0.299293
   1.650      0.300843
   1.658      0.302389
   1.665      0.303932
   1.672      0.305470
   1.680      0.307006
   1.687      0.308537
   1.695      0.310064
   1.702      0.311588
   1.709      0.313107
   1.717      0.314622
   1.724      0.316133
   1.732      0.317639
   1.739      0.319141
   1.746      0.320638
   1.754      0.322131
   1.761      0.323619
   1.769      0.325102
   1.776      0.326581
   1.783      0.328054
   1.791      0.329522
   1.798      0.330985
   1.806      0.332443
   1.813      0.333895
   1.820      0.335343
   1.828      0.336784
   1.835      0.338220
   1.843      0.339651
   1.850      0.341075
   1.857      0.342494
   1.865      0.343907
   1.872      0.345314
   1.880      0.346715
   1.887      0.348110
   1.894      0.349499
   1.902      0.350881
   1.909      0.352257
   1.917      0.353626
   1.924      0.354989
   1.931      0.356345
   1.939      0.357695
   1.946      0.359037
   1.954      0.360373
   1.961      0.361702
   1.968      0.363024
   1.976      0.364338
   1.983      0.365646
   1.991      0.366946
   1.998      0.368239
   2.005      0.369524
   2.013      0.370802
   2.020      0.372073
   2.028      0.373335
   2.035      0.374590
   2.042      0.375837
   2.050      0.377076
   2.057      0.378307
   2.065      0.379529
   2.072      0.380744
   2.079      0.381950
   2.087      0.383148
   2.094      0.384338
   2.102      0.385519
   2.109      0.386691
   2.116      0.387855
   2.124      0.389010
   2.131      0.390156
   2.139      0.391293
   2.146      0.392421
   2.153      0.393540
   2.161      0.394650
   2.168      0.395751
   2.176      0.396842
   2.183      0.397923
   2.190      0.398995
   2.198      0.400058
   2.205      0.401110
   2.213      0.402153
   2.220      0.403186
   2.227      0.404209
   2.235      0.405222
   2.242      0.406225
   2.250      0.407217
   2.257      0.408199
   2.264      0.409171
   2.272      0.410132
   2.279      0.411082
   2.287      0.412022
   2.294      0.412951
   2.301      0.413869
   2.309      0.414776
   2.316      0.415672
   2.324      0.416557
   2.331      0.417430
   2.338      0.418292
   2.346      0.419143
   2.353      0.419982
   2.361      0.420810
   2.368      0.421626
   2.375      0.422430
   2.383      0.423222
   2.390      0.424002
   2.398      0.424770
   2.405      0.425526
   2.412      0.426270
   2.420      0.427001
   2.427      0.427720
   2.435      0.428426
   2.442      0.429120
   2.449      0.429801
   2.457      0.430470
   2.464      0.431126
   2.472      0.431769
   2.479      0.432399
   2.486      0.433016
   2.494      0.433620
   2.501      0.434211
   2.509      0.434789
   2.516      0.435354
   2.523      0.435906
   2.531      0.436445
   2.538      0.436970
   2.546      0.437483
   2.553      0.437983
   2.560      0.438470
   2.568      0.438944
   2.575      0.439405
   2.583      0.439854
   2.590      0.440290
   2.597      0.440713
   2.605      0.441124
   2.612      0.441523
   2.620      0.441910
   2.627      0.442284
   2.634      0.442647
   2.642      0.442997
   2.649      0.443336
   2.657      0.443663
   2.664      0.443979
   2.671      0.444283
   2.679      0.444575
   2.686      0.444856
   2.694      0.445126
   2.701      0.445385
   2.708      0.445633
   2.716      0.445870
   2.723      0.446096
   2.731      0.446311
   2.738      0.446515
   2.745      0.446709
   2.753      0.446893
   2.760      0.447066
   2.768      0.447229
   2.775      0.447381
   2.782      0.447523
   2.790      0.447656
   2.797      0.447778
   2.805      0.447890
   2.812      0.447992
   2.819      0.448085
   2.827      0.448168
   2.834      0.448241
   2.842      0.448305
   2.849      0.448360
   2.856      0.448405
   2.864      0.448440
   2.871      0.448467
   2.879      0.448484
   2.886      0.448492
   2.893      0.448491
   2.901      0.448481
   2.908      0.448462
   2.916      0.448434
   2.923      0.448398
   2.930      0.448353
   2.938      0.448299
   2.945      0.448237
   2.953      0.448166
   2.960      0.448086
   2.967      0.447998
   2.975      0.447902
   2.982      0.447798
   2.990      0.447685
   2.997      0.447565
   3.004      0.447436
   3.012      0.447299
   3.019      0.447154
   3.027      0.447001
   3.034      0.446840
   3.041      0.446672
   3.049      0.446496
   3.056      0.446312
   3.064      0.446120
   3.071      0.445921
   3.078      0.445714
   3.086      0.445500
   3.093      0.445278
   3.101      0.445049
   3.108      0.444813
   3.115      0.444569
   3.123      0.444318
   3.130      0.444060
   3.138      0.443795
   3.145      0.443523
   3.152      0.443244
   3.160      0.442957
   3.167      0.442664
   3.175      0.442364
   3.182      0.442058
   3.189      0.441744
   3.197      0.441424
   3.204      0.441097
   3.212      0.440763
   3.219      0.440423
   3.226      0.440076
   3.234      0.439723
   3.241      0.439363
   3.249      0.438997
   3.256      0.438625
   3.263      0.438246
   3.271      0.437861
   3.278      0.437470
   3.286      0.437072
   3.293      0.436669
   3.300      0.436259
   3.308      0.435844
   3.315      0.435422
   3.323      0.434994
   3.330      0.434561
   3.337      0.434122
   3.345      0.433676
   3.352      0.433225
   3.360      0.432769
   3.367      0.432306
   3.374      0.431839
   3.382      0.431365
   3.389      0.430886
   3.397      0.430401
   3.404      0.429911
   3.411      0.429415
   3.419      0.428914
   3.426      0.428408
   3.434      0.427896
   3.441      0.427379
   3.448      0.426857
   3.456      0.426330
   3.463      0.425797
   3.471      0.425259
   3.478      0.424717
   3.485      0.424169
   3.493      0.423616
   3.500      0.423058
   3.508      0.422496
   3.515      0.421928
   3.522      0.421356
   3.530      0.420779
   3.537      0.420197
   3.545      0.419610
   3.552      0.419018
   3.559      0.418422
   3.567      0.417822
   3.574      0.417216
   3.582      0.416607
   3.589      0.415992
   3.596      0.415374
   3.604      0.414750
   3.611      0.414123
   3.619      0.413491
   3.626      0.412854
   3.633      0.412214
   3.641      0.411569
   3.648      0.410920
   3.656      0.410267
   3.663      0.409609
   3.670      0.408948
   3.678      0.408282
   3.685      0.407612
   3.693      0.406939
   3.700      0.406261
   3.707      0.405579
   3.715      0.404894
   3.722      0.404204
   3.730      0.403511
   3.737      0.402814
   3.744      0.402113
   3.752      0.401408
   3.759      0.400700
   3.767      0.399988
   3.774      0.399272
   3.781      0.398553
   3.789      0.397830
   3.796      0.397104
   3.804      0.396374
   3.811      0.395641
   3.818      0.394904
   3.826      0.394163
   3.833      0.393420
   3.841      0.392673
   3.848      0.391922
   3.855      0.391169
   3.863      0.390412
   3.870      0.389652
   3.878      0.388888
   3.885      0.388122
   3.892      0.387352
   3.900      0.386579
   3.907      0.385803
   3.915      0.385024
   3.922      0.384242
   3.929      0.383457
   3.937      0.382669
   3.944      0.381878
   3.952      0.381084
   3.959      0.380288
   3.966      0.379488
   3.974      0.378686
   3.981      0.377880
   3.989      0.377072
   3.996      0.376262
   4.003      0.375448
   4.011      0.374632
   4.018      0.373813
   4.026      0.372992
   4.033      0.372168
   4.040      0.371341
   4.048      0.370512
   4.055      0.369680
   4.063      0.368846
   4.070      0.368009
   4.077      0.367170
   4.085      0.366328
   4.092      0.365484
   4.100      0.364638
   4.107      0.363789
   4.114      0.362938
   4.122      0.362085
   4.129      0.361229
   4.137      0.360371
   4.144      0.359511
   4.151      0.358649
   4.159      0.357785
   4.166      0.356918
   4.174      0.356049
   4.181      0.355179
   4.188      0.354306
   4.196      0.353431
   4.203      0.352554
   4.211      0.351675
   4.218      0.350794
   4.225      0.349911
   4.233      0.349026
   4.240      0.348140
   4.248      0.347251
   4.255      0.346361
   4.262      0.345468
   4.270      0.344574
   4.277      0.343678
   4.285      0.342781
   4.292      0.341881
   4.299      0.340980
   4.307      0.340077
   4.314      0.339173
   4.322      0.338267
   4.329      0.337359
   4.336      0.336449
   4.344      0.335538
   4.351      0.334626
   4.359      0.333712
   4.366      0.332796
   4.373      0.331879
   4.381      0.330960
   4.388      0.330040
   4.396      0.329118
   4.403      0.328195
   4.410      0.327271
   4.418      0.326345
   4.425      0.325418
   4.433      0.324489
   4.440      0.323559
   4.447      0.322628
   4.455      0.321696
   4.462      0.320762
   4.470      0.319827
   4.477      0.318891
   4.484      0.317953
   4.492      0.317015
   4.499      0.316075
   4.507      0.315134
   4.514      0.314192
   4.521      0.313249
   4.529      0.312305
   4.536      0.311359
   4.544      0.310413
   4.551      0.309466
   4.558      0.308517
   4.566      0.307568
   4.573      0.306617
   4.581      0.305666
   4.588      0.304713
   4.595      0.303760
   4.603      0.302806
   4.610      0.301851
   4.618      0.300895
   4.625      0.299938
   4.632      0.298980
   4.640      0.298022
   4.647      0.297063
   4.655      0.296102
   4.662      0.295141
   4.669      0.294180
   4.677      0.293217
   4.684      0.292254
   4.692      0.291290
   4.699      0.290326
   4.706      0.289361
   4.714      0.288395
   4.721      0.287428
   4.729      0.286461
   4.736      0.285493
   4.743      0.284525
   4.751      0.283556
   4.758      0.282587
   4.766      0.281616
   4.773      0.280646
   4.780      0.279675
   4.788      0.278703
   4.795      0.277731
   4.803      0.276758
   4.810      0.275785
   4.817      0.274812
   4.825      0.273838
   4.832      0.272863
   4.840      0.271889
   4.847      0.270913
   4.854      0.269938
   4.862      0.268962
   4.869      0.267986
   4.877      0.267009
   4.884      0.266032
   4.891      0.265055
   4.899      0.264077
   4.906      0.263100
   4.914      0.262122
   4.921      0.261143
   4.928      0.260165
   4.936      0.259186
   4.943      0.258207
   4.951      0.257228
   4.958      0.256249
   4.965      0.255269
   4.973      0.254289
   4.980      0.253309
   4.988      0.252330
   4.995      0.251349
   5.002      0.250369
   5.010      0.249389
   5.017      0.248409
   5.025      0.247428
   5.032      0.246448
   5.039      0.245467
   5.047      0.244486
   5.054      0.243506
   5.062      0.242525
   5.069      0.241545
   5.076      0.240564
   5.084      0.239583
   5.091      0.238603
   5.099      0.237622
   5.106      0.236642
   5.113      0.235662
   5.121      0.234681
   5.128      0.233701
   5.136      0.232721
   5.143      0.231741
   5.150      0.230761
   5.158      0.229782
   5.165      0.228802
   5.173      0.227823
   5.180      0.226843
   5.187      0.225864
   5.195      0.224885
   5.202      0.223907
   5.210      0.222928
   5.217      0.221950
   5.224      0.220972
   5.232      0.219994
   5.239      0.219017
   5.247      0.218040
   5.254      0.217063
   5.261      0.216086
   5.269      0.215110
   5.276      0.214134
   5.284      0.213158
   5.291      0.212182
   5.298      0.211207
   5.306      0.210233
   5.313      0.209258
   5.321      0.208284
   5.328      0.207311
   5.335      0.206337
   5.343      0.205364
   5.350      0.204392
   5.358      0.203420
   5.365      0.202448
   5.372      0.201477
   5.380      0.200506
   5.387      0.199536
   5.395      0.198566
   5.402      0.197597
   5.409      0.196628
   5.417      0.195660
   5.424      0.194692
   5.432      0.193725
   5.439      0.192758
   5.446      0.191792
   5.454      0.190826
   5.461      0.189861
   5.469      0.188897
   5.476      0.187933
   5.483      0.186970
   5.491      0.186007
   5.498      0.185045
   5.506      0.184084
   5.513      0.183123
   5.520      0.182163
   5.528      0.181204
   5.535      0.180245
   5.543      0.179288
   5.550      0.178331
   5.557      0.177374
   5.565      0.176419
   5.572      0.175464
   5.580      0.174510
   5.587      0.173557
   5.594      0.172604
   5.602      0.171653
   5.609      0.170702
   5.617      0.169752
   5.624      0.168804
   5.631      0.167856
   5.639      0.166909
   5.646      0.165962
   5.654      0.165017
   5.661      0.164073
   5.668      0.163130
   5.676      0.162188
   5.683      0.161247
   5.691      0.160307
   5.698      0.159368
   5.705      0.158430
   5.713      0.157493
   5.720      0.156557
   5.728      0.155622
   5.735      0.154689
   5.742      0.153756
   5.750      0.152825
   5.757      0.151895
   5.765      0.150966
   5.772      0.150039
   5.779      0.149113
   5.787      0.148188
   5.794      0.147264
   5.802      0.146341
   5.809      0.145420
   5.816      0.144501
   5.824      0.143582
   5.831      0.142665
   5.839      0.141749
   5.846      0.140835
   5.853      0.139922
   5.861      0.139011
   5.868      0.138101
   5.876      0.137193
   5.883      0.136286
   5.890      0.135380
   5.898      0.134476
   5.905      0.133574
   5.913      0.132673
   5.920      0.131774
   5.927      0.130876
   5.935      0.129980
   5.942      0.129086
   5.950      0.128193
   5.957      0.127302
   5.964      0.126413
   5.972      0.125526
   5.979      0.124640
   5.987      0.123756
   5.994      0.122873
   6.001      0.121993
   6.009      0.121114
   6.016      0.120237
   6.024      0.119362
   6.031      0.118488
   6.038      0.117617
   6.046      0.116747
   6.053      0.115880
   6.061      0.115014
   6.068      0.114150
   6.075      0.113288
   6.083      0.112428
   6.090      0.111570
   6.098      0.110714
   6.105      0.109860
   6.112      0.109008
   6.120      0.108158
   6.127      0.107310
   6.135      0.106464
   6.142      0.105621
   6.149      0.104779
   6.157      0.103940
   6.164      0.103102
   6.172      0.102267
   6.179      0.101434
   6.186      0.100603
   6.194      0.099774
   6.201      0.098948
   6.209      0.098123
   6.216      0.097301
   6.223      0.096482
   6.231      0.095664
   6.238      0.094849
   6.246      0.094036
   6.253      0.093225
   6.260      0.092417
   6.268      0.091611
   6.275      0.090807
   6.283      0.090006
   6.290      0.089207
   6.297      0.088410
   6.305      0.087616
   6.312      0.086824
   6.320      0.086035
   6.327      0.085248
   6.334      0.084463
   6.342      0.083681
   6.349      0.082902
   6.357      0.082124
   6.364      0.081350
   6.371      0.080578
   6.379      0.079808
   6.386      0.079041
   6.394      0.078277
   6.401      0.077515
   6.408      0.076755
   6.416      0.075998
   6.423      0.075244
   6.431      0.074492
   6.438      0.073743
   6.445      0.072997
   6.453      0.072253
   6.460      0.071512
   6.468      0.070773
   6.475      0.070037
   6.482      0.069304
   6.490      0.068573
   6.497      0.067845
   6.505      0.067120
   6.512      0.066397
   6.519      0.065678
   6.527      0.064960
   6.534      0.064246
   6.542      0.063534
   6.549      0.062825
   6.556      0.062119
   6.564      0.061415
   6.571      0.060715
   6.579      0.060017
   6.586      0.059321
   6.593      0.058629
   6.601      0.057939
   6.608      0.057252
   6.616      0.056568
   6.623      0.055887
   6.630      0.055208
   6.638      0.054533
   6.645      0.053860
   6.653      0.053190
   6.660      0.052522
   6.667      0.051858
   6.675      0.051196
   6.682      0.050537
   6.690      0.049881
   6.697      0.049228
   6.704      0.048578
   6.712      0.047931
   6.719      0.047286
   6.727      0.046644
   6.734      0.046005
   6.741      0.045369
   6.749      0.044736
   6.756      0.044106
   6.764      0.043479
   6.771      0.042854
   6.778      0.042232
   6.786      0.041613
   6.793      0.040997
   6.801      0.040384
   6.808      0.039774
   6.815      0.039167
   6.823      0.038562
   6.830      0.037960
   6.838      0.037362
   6.845      0.036766
   6.852      0.036173
   6.860      0.035582
   6.867      0.034995
   6.875      0.034410
   6.882      0.033828
   6.889      0.033249
   6.897      0.032672
   6.904      0.032099
   6.912      0.031529
   6.919      0.030962
   6.926      0.030398
   6.934      0.029836
   6.941      0.029278
   6.949      0.028723
   6.956      0.028171
   6.963      0.027622
   6.971      0.027076
   6.978      0.026533
   6.986      0.025993
   6.993      0.025456
   7.000      0.024922
   7.008      0.024391
   7.015      0.023863
   7.023      0.023338
   7.030      0.022816
   7.037      0.022297
   7.045      0.021781
   7.052      0.021268
   7.060      0.020758
   7.067      0.020251
   7.074      0.019746
   7.082      0.019245
   7.089      0.018747
   7.097      0.018252
   7.104      0.017759
   7.111      0.017270
   7.119      0.016783
   7.126      0.016299
   7.134      0.015819
   7.141      0.015341
   7.148      0.014866
   7.156      0.014394
   7.163      0.013925
   7.171      0.013459
   7.178      0.012995
   7.185      0.012535
   7.193      0.012077
   7.200      0.011622
   7.208      0.011170
   7.215      0.010721
   7.222      0.010275
   7.230      0.009832
   7.237      0.009391
   7.245      0.008953
   7.252      0.008518
   7.259      0.008086
   7.267      0.007656
   7.274      0.007230
   7.282      0.006806
   7.289      0.006385
   7.296      0.005966
   7.304      0.005551
   7.311      0.005138
   7.319      0.004727
   7.326      0.004320
   7.333      0.003914
   7.341      0.003512
   7.348      0.003112
   7.356      0.002715
   7.363      0.002320
   7.370      0.001928
   7.378      0.001538
   7.385      0.001151
   7.393      0.000765
   7.400      0.000382
   7.407      0.000000
