   0.007      0.174522
   0.015      0.174506
   0.022      0.174490
   0.030      0.174483
   0.037      0.174489
   0.044      0.174508
   0.052      0.174541
   0.059      0.174590
   0.067      0.174653
   0.074      0.174732
   0.081      0.174826
   0.089      0.174936
   0.096      0.175060
   0.104      0.175199
   0.111      0.175351
   0.118      0.175518
   0.126      0.175697
   0.133      0.175889
   0.141      0.176094
   0.148      0.176311
   0.155      0.176539
   0.163      0.176779
   0.170      0.177030
   0.178      0.177292
   0.185      0.177565
   0.192      0.177849
   0.200      0.178143
   0.207      0.178448
   0.215      0.178763
   0.222      0.179089
   0.229      0.179424
   0.237      0.179770
   0.244      0.180126
   0.252      0.180491
   0.259      0.180867
   0.266      0.181252
   0.274      0.181648
   0.281      0.182053
   0.289      0.182468
   0.296      0.182893
   0.303      0.183327
   0.311      0.183772
   0.318      0.184226
   0.326      0.184690
   0.333      0.185164
   0.340      0.185648
   0.348      0.186141
   0.355      0.186645
   0.363      0.187158
   0.370      0.187681
   0.377      0.188214
   0.385      0.188757
   0.392      0.189310
   0.400      0.189872
   0.407      0.190445
   0.414      0.191027
   0.422      0.191620
   0.429      0.192223
   0.437      0.192835
   0.444      0.193458
   0.451      0.194090
   0.459      0.194733
   0.466      0.195386
   0.474      0.196049
   0.481      0.196722
   0.488      0.197405
   0.496      0.198099
   0.503      0.198803
   0.511      0.199517
   0.518      0.200241
   0.525      0.200976
   0.533      0.201721
   0.540      0.202476
   0.548      0.203242
   0.555      0.204018
   0.562      0.204805
   0.570      0.205602
   0.577      0.206410
   0.585      0.207228
   0.592      0.208056
   0.599      0.208895
   0.607      0.209745
   0.614      0.210606
   0.622      0.211477
   0.629      0.212358
   0.636      0.213251
   0.644      0.214154
   0.651      0.215068
   0.659      0.215992
   0.666      0.216928
   0.673      0.217874
   0.681      0.218831
   0.688      0.219798
   0.696      0.220777
   0.703      0.221766
   0.710      0.222767
   0.718      0.223778
   0.725      0.224800
   0.733      0.225833
   0.740      0.226876
   0.747      0.227931
   0.755      0.228997
   0.762      0.230073
   0.770      0.231161
   0.777      0.232259
   0.784      0.233368
   0.792      0.234488
   0.799      0.235620
   0.807      0.236762
   0.814      0.237915
   0.821      0.239078
   0.829      0.240253
   0.836      0.241439
   0.844      0.242635
   0.851      0.243842
   0.858      0.245061
   0.866      0.246289
   0.873      0.247529
   0.881      0.248780
   0.888      0.250041
   0.895      0.251313
   0.903      0.252595
   0.910      0.253888
   0.918      0.255192
   0.925      0.256506
   0.932      0.257831
   0.940      0.259167
   0.947      0.260512
   0.955      0.261868
   0.962      0.263235
   0.969      0.264611
   0.977      0.265998
   0.984      0.267395
   0.992      0.268802
   0.999      0.270219
   1.006      0.271645
   1.014      0.273082
   1.021      0.274528
   1.029      0.275984
   1.036      0.277450
   1.043      0.278925
   1.051      0.280410
   1.058      0.281903
   1.066      0.283406
   1.073      0.284918
   1.080      0.286439
   1.088      0.287969
   1.095      0.289508
   1.103      0.291055
   1.110      0.292611
   1.117      0.294175
   1.125      0.295747
   1.132      0.297328
   1.140      0.298916
   1.147      0.300512
   1.154      0.302116
   1.162      0.303728
   1.169      0.305347
   1.177      0.306973
   1.184      0.308606
   1.191      0.310247
   1.199      0.311894
   1.206      0.313548
   1.214      0.315208
   1.221      0.316875
   1.228      0.318547
   1.236      0.320226
   1.243      0.321911
   1.251      0.323601
   1.258      0.325297
   1.265      0.326998
   1.273      0.328704
   1.280      0.330415
   1.288      0.332131
   1.295      0.333852
   1.302      0.335578
   1.310      0.337307
   1.317      0.339041
   1.325      0.340779
   1.332      0.342520
   1.339      0.344265
   1.347      0.346014
   1.354      0.347766
   1.362      0.349521
   1.369      0.351280
   1.376      0.353041
   1.384      0.354805
   1.391      0.356571
   1.399      0.358340
   1.406      0.360111
   1.413      0.361884
   1.421      0.363658
   1.428      0.365435
   1.436      0.367213
   1.443      0.368992
   1.450      0.370773
   1.458      0.372554
   1.465      0.374336
   1.473      0.376119
   1.480      0.377902
   1.487      0.379685
   1.495      0.381469
   1.502      0.383252
   1.510      0.385035
   1.517      0.386817
   1.524      0.388598
   1.532      0.390379
   1.539      0.392158
   1.547      0.393936
   1.554      0.395712
   1.561      0.397487
   1.569      0.399260
   1.576      0.401030
   1.584      0.402799
   1.591      0.404564
   1.598      0.406327
   1.606      0.408087
   1.613      0.409844
   1.621      0.411598
   1.628      0.413348
   1.635      0.415094
   1.643      0.416836
   1.650      0.418574
   1.658      0.420308
   1.665      0.422037
   1.672      0.423762
   1.680      0.425481
   1.687      0.427195
   1.695      0.428904
   1.702      0.430607
   1.709      0.432304
   1.717      0.433996
   1.724      0.435681
   1.732      0.437359
   1.739      0.439031
   1.746      0.440696
   1.754      0.442354
   1.761      0.444005
   1.769      0.445648
   1.776      0.447284
   1.783      0.448912
   1.791      0.450531
   1.798      0.452143
   1.806      0.453745
   1.813      0.455339
   1.820      0.456925
   1.828      0.458501
   1.835      0.460068
   1.843      0.461625
   1.850      0.463172
   1.857      0.464710
   1.865      0.466238
   1.872      0.467755
   1.880      0.469261
   1.887      0.470757
   1.894      0.472243
   1.902      0.473717
   1.909      0.475179
   1.917      0.476630
   1.924      0.478070
   1.931      0.479498
   1.939      0.480913
   1.946      0.482317
   1.954      0.483708
   1.961      0.485086
   1.968      0.486452
   1.976      0.487805
   1.983      0.489144
   1.991      0.490470
   1.998      0.491783
   2.005      0.493082
   2.013      0.494367
   2.020      0.495639
   2.028      0.496896
   2.035      0.498138
   2.042      0.499367
   2.050      0.500580
   2.057      0.501779
   2.065      0.502962
   2.072      0.504131
   2.079      0.505284
   2.087      0.506422
   2.094      0.507544
   2.102      0.508650
   2.109      0.509741
   2.116      0.510815
   2.124      0.511873
   2.131      0.512915
   2.139      0.513940
   2.146      0.514949
   2.153      0.515941
   2.161      0.516916
   2.168      0.517874
   2.176      0.518815
   2.183      0.519738
   2.190      0.520645
   2.198      0.521533
   2.205      0.522404
   2.213      0.523257
   2.220      0.524093
   2.227      0.524910
   2.235      0.525709
   2.242      0.526490
   2.250      0.527253
   2.257      0.527997
   2.264      0.528723
   2.272      0.529430
   2.279      0.530119
   2.287      0.530788
   2.294      0.531439
   2.301      0.532071
   2.309      0.532683
   2.316      0.533277
   2.324      0.533851
   2.331      0.534406
   2.338      0.534941
   2.346      0.535457
   2.353      0.535954
   2.361      0.536431
   2.368      0.536888
   2.375      0.537325
   2.383      0.537743
   2.390      0.538140
   2.398      0.538518
   2.405      0.538876
   2.412      0.539214
   2.420      0.539532
   2.427      0.539829
   2.435      0.540107
   2.442      0.540364
   2.449      0.540601
   2.457      0.540818
   2.464      0.541015
   2.472      0.541192
   2.479      0.541348
   2.486      0.541484
   2.494      0.541600
   2.501      0.541696
   2.509      0.541772
   2.516      0.541828
   2.523      0.541864
   2.531      0.541880
   2.538      0.541876
   2.546      0.541853
   2.553      0.541811
   2.560      0.541749
   2.568      0.541668
   2.575      0.541568
   2.583      0.541450
   2.590      0.541313
   2.597      0.541157
   2.605      0.540984
   2.612      0.540793
   2.620      0.540584
   2.627      0.540358
   2.634      0.540114
   2.642      0.539854
   2.649      0.539577
   2.657      0.539283
   2.664      0.538973
   2.671      0.538647
   2.679      0.538305
   2.686      0.537947
   2.694      0.537574
   2.701      0.537186
   2.708      0.536782
   2.716      0.536364
   2.723      0.535931
   2.731      0.535484
   2.738      0.535023
   2.745      0.534548
   2.753      0.534059
   2.760      0.533556
   2.768      0.533040
   2.775      0.532510
   2.782      0.531968
   2.790      0.531413
   2.797      0.530845
   2.805      0.530265
   2.812      0.529673
   2.819      0.529069
   2.827      0.528452
   2.834      0.527824
   2.842      0.527185
   2.849      0.526534
   2.856      0.525872
   2.864      0.525199
   2.871      0.524515
   2.879      0.523821
   2.886      0.523116
   2.893      0.522401
   2.901      0.521675
   2.908      0.520940
   2.916      0.520195
   2.923      0.519440
   2.930      0.518675
   2.938      0.517902
   2.945      0.517119
   2.953      0.516326
   2.960      0.515525
   2.967      0.514716
   2.975      0.513897
   2.982      0.513070
   2.990      0.512235
   2.997      0.511392
   3.004      0.510540
   3.012      0.509681
   3.019      0.508813
   3.027      0.507939
   3.034      0.507056
   3.041      0.506166
   3.049      0.505269
   3.056      0.504365
   3.064      0.503453
   3.071      0.502535
   3.078      0.501610
   3.086      0.500678
   3.093      0.499740
   3.101      0.498795
   3.108      0.497844
   3.115      0.496886
   3.123      0.495923
   3.130      0.494953
   3.138      0.493978
   3.145      0.492996
   3.152      0.492009
   3.160      0.491017
   3.167      0.490019
   3.175      0.489015
   3.182      0.488007
   3.189      0.486993
   3.197      0.485974
   3.204      0.484950
   3.212      0.483921
   3.219      0.482887
   3.226      0.481848
   3.234      0.480805
   3.241      0.479757
   3.249      0.478705
   3.256      0.477649
   3.263      0.476588
   3.271      0.475523
   3.278      0.474453
   3.286      0.473380
   3.293      0.472303
   3.300      0.471221
   3.308      0.470136
   3.315      0.469047
   3.323      0.467955
   3.330      0.466859
   3.337      0.465759
   3.345      0.464656
   3.352      0.463549
   3.360      0.462440
   3.367      0.461326
   3.374      0.460210
   3.382      0.459091
   3.389      0.457968
   3.397      0.456843
   3.404      0.455715
   3.411      0.454583
   3.419      0.453449
   3.426      0.452313
   3.434      0.451173
   3.441      0.450031
   3.448      0.448886
   3.456      0.447739
   3.463      0.446590
   3.471      0.445438
   3.478      0.444283
   3.485      0.443127
   3.493      0.441968
   3.500      0.440807
   3.508      0.439643
   3.515      0.438478
   3.522      0.437311
   3.530      0.436142
   3.537      0.434971
   3.545      0.433798
   3.552      0.432623
   3.559      0.431447
   3.567      0.430268
   3.574      0.429089
   3.582      0.427907
   3.589      0.426724
   3.596      0.425539
   3.604      0.424353
   3.611      0.423166
   3.619      0.421977
   3.626      0.420787
   3.633      0.419595
   3.641      0.418402
   3.648      0.417208
   3.656      0.416013
   3.663      0.414817
   3.670      0.413619
   3.678      0.412421
   3.685      0.411221
   3.693      0.410021
   3.700      0.408819
   3.707      0.407617
   3.715      0.406414
   3.722      0.405210
   3.730      0.404005
   3.737      0.402799
   3.744      0.401593
   3.752      0.400386
   3.759      0.399179
   3.767      0.397970
   3.774      0.396762
   3.781      0.395552
   3.789      0.394342
   3.796      0.393132
   3.804      0.391921
   3.811      0.390710
   3.818      0.389499
   3.826      0.388287
   3.833      0.387074
   3.841      0.385862
   3.848      0.384649
   3.855      0.383436
   3.863      0.382223
   3.870      0.381010
   3.878      0.379796
   3.885      0.378583
   3.892      0.377369
   3.900      0.376156
   3.907      0.374942
   3.915      0.373728
   3.922      0.372514
   3.929      0.371301
   3.937      0.370087
   3.944      0.368874
   3.952      0.367661
   3.959      0.366448
   3.966      0.365235
   3.974      0.364022
   3.981      0.362810
   3.989      0.361598
   3.996      0.360386
   4.003      0.359175
   4.011      0.357963
   4.018      0.356753
   4.026      0.355542
   4.033      0.354332
   4.040      0.353123
   4.048      0.351914
   4.055      0.350705
   4.063      0.349497
   4.070      0.348289
   4.077      0.347082
   4.085      0.345876
   4.092      0.344670
   4.100      0.343465
   4.107      0.342260
   4.114      0.341056
   4.122      0.339853
   4.129      0.338651
   4.137      0.337449
   4.144      0.336248
   4.151      0.335047
   4.159      0.333848
   4.166      0.332649
   4.174      0.331451
   4.181      0.330254
   4.188      0.329058
   4.196      0.327862
   4.203      0.326668
   4.211      0.325474
   4.218      0.324281
   4.225      0.323089
   4.233      0.321899
   4.240      0.320709
   4.248      0.319520
   4.255      0.318332
   4.262      0.317145
   4.270      0.315959
   4.277      0.314774
   4.285      0.313591
   4.292      0.312408
   4.299      0.311226
   4.307      0.310046
   4.314      0.308867
   4.322      0.307688
   4.329      0.306511
   4.336      0.305336
   4.344      0.304161
   4.351      0.302987
   4.359      0.301815
   4.366      0.300644
   4.373      0.299474
   4.381      0.298306
   4.388      0.297138
   4.396      0.295972
   4.403      0.294808
   4.410      0.293644
   4.418      0.292482
   4.425      0.291321
   4.433      0.290162
   4.440      0.289004
   4.447      0.287847
   4.455      0.286691
   4.462      0.285537
   4.470      0.284385
   4.477      0.283234
   4.484      0.282084
   4.492      0.280935
   4.499      0.279789
   4.507      0.278643
   4.514      0.277499
   4.521      0.276356
   4.529      0.275215
   4.536      0.274076
   4.544      0.272938
   4.551      0.271801
   4.558      0.270666
   4.566      0.269532
   4.573      0.268400
   4.581      0.267270
   4.588      0.266141
   4.595      0.265014
   4.603      0.263888
   4.610      0.262764
   4.618      0.261641
   4.625      0.260520
   4.632      0.259401
   4.640      0.258283
   4.647      0.257166
   4.655      0.256052
   4.662      0.254939
   4.669      0.253828
   4.677      0.252718
   4.684      0.251610
   4.692      0.250503
   4.699      0.249399
   4.706      0.248296
   4.714      0.247194
   4.721      0.246095
   4.729      0.244997
   4.736      0.243900
   4.743      0.242806
   4.751      0.241713
   4.758      0.240622
   4.766      0.239532
   4.773      0.238445
   4.780      0.237359
   4.788      0.236275
   4.795      0.235192
   4.803      0.234111
   4.810      0.233032
   4.817      0.231955
   4.825      0.230880
   4.832      0.229806
   4.840      0.228734
   4.847      0.227664
   4.854      0.226596
   4.862      0.225529
   4.869      0.224465
   4.877      0.223402
   4.884      0.222340
   4.891      0.221281
   4.899      0.220224
   4.906      0.219168
   4.914      0.218114
   4.921      0.217062
   4.928      0.216012
   4.936      0.214963
   4.943      0.213916
   4.951      0.212872
   4.958      0.211829
   4.965      0.210788
   4.973      0.209748
   4.980      0.208711
   4.988      0.207675
   4.995      0.206642
   5.002      0.205610
   5.010      0.204580
   5.017      0.203552
   5.025      0.202525
   5.032      0.201501
   5.039      0.200478
   5.047      0.199458
   5.054      0.198439
   5.062      0.197422
   5.069      0.196407
   5.076      0.195394
   5.084      0.194382
   5.091      0.193373
   5.099      0.192365
   5.106      0.191360
   5.113      0.190356
   5.121      0.189354
   5.128      0.188354
   5.136      0.187356
   5.143      0.186360
   5.150      0.185365
   5.158      0.184373
   5.165      0.183382
   5.173      0.182394
   5.180      0.181407
   5.187      0.180422
   5.195      0.179439
   5.202      0.178458
   5.210      0.177479
   5.217      0.176501
   5.224      0.175526
   5.232      0.174553
   5.239      0.173581
   5.247      0.172611
   5.254      0.171644
   5.261      0.170678
   5.269      0.169714
   5.276      0.168752
   5.284      0.167791
   5.291      0.166833
   5.298      0.165877
   5.306      0.164922
   5.313      0.163970
   5.321      0.163019
   5.328      0.162070
   5.335      0.161123
   5.343      0.160178
   5.350      0.159235
   5.358      0.158294
   5.365      0.157355
   5.372      0.156417
   5.380      0.155482
   5.387      0.154548
   5.395      0.153616
   5.402      0.152686
   5.409      0.151758
   5.417      0.150832
   5.424      0.149908
   5.432      0.148986
   5.439      0.148066
   5.446      0.147147
   5.454      0.146230
   5.461      0.145316
   5.469      0.144403
   5.476      0.143492
   5.483      0.142583
   5.491      0.141676
   5.498      0.140770
   5.506      0.139867
   5.513      0.138965
   5.520      0.138066
   5.528      0.137168
   5.535      0.136272
   5.543      0.135378
   5.550      0.134486
   5.557      0.133595
   5.565      0.132707
   5.572      0.131820
   5.580      0.130935
   5.587      0.130052
   5.594      0.129171
   5.602      0.128292
   5.609      0.127415
   5.617      0.126539
   5.624      0.125666
   5.631      0.124794
   5.639      0.123924
   5.646      0.123056
   5.654      0.122190
   5.661      0.121325
   5.668      0.120463
   5.676      0.119602
   5.683      0.118743
   5.691      0.117886
   5.698      0.117030
   5.705      0.116177
   5.713      0.115325
   5.720      0.114476
   5.728      0.113628
   5.735      0.112782
   5.742      0.111937
   5.750      0.111095
   5.757      0.110254
   5.765      0.109415
   5.772      0.108578
   5.779      0.107743
   5.787      0.106909
   5.794      0.106077
   5.802      0.105247
   5.809      0.104419
   5.816      0.103593
   5.824      0.102768
   5.831      0.101946
   5.839      0.101125
   5.846      0.100305
   5.853      0.099488
   5.861      0.098672
   5.868      0.097859
   5.876      0.097046
   5.883      0.096236
   5.890      0.095427
   5.898      0.094621
   5.905      0.093816
   5.913      0.093012
   5.920      0.092211
   5.927      0.091411
   5.935      0.090613
   5.942      0.089817
   5.950      0.089022
   5.957      0.088229
   5.964      0.087438
   5.972      0.086649
   5.979      0.085861
   5.987      0.085075
   5.994      0.084291
   6.001      0.083508
   6.009      0.082728
   6.016      0.081949
   6.024      0.081171
   6.031      0.080396
   6.038      0.079622
   6.046      0.078850
   6.053      0.078079
   6.061      0.077310
   6.068      0.076543
   6.075      0.075778
   6.083      0.075014
   6.090      0.074252
   6.098      0.073492
   6.105      0.072733
   6.112      0.071976
   6.120      0.071221
   6.127      0.070467
   6.135      0.069715
   6.142      0.068965
   6.149      0.068216
   6.157      0.067469
   6.164      0.066724
   6.172      0.065980
   6.179      0.065238
   6.186      0.064498
   6.194      0.063759
   6.201      0.063022
   6.209      0.062287
   6.216      0.061553
   6.223      0.060821
   6.231      0.060090
   6.238      0.059362
   6.246      0.058634
   6.253      0.057909
   6.260      0.057185
   6.268      0.056462
   6.275      0.055741
   6.283      0.055022
   6.290      0.054305
   6.297      0.053589
   6.305      0.052874
   6.312      0.052161
   6.320      0.051450
   6.327      0.050741
   6.334      0.050033
   6.342      0.049326
   6.349      0.048621
   6.357      0.047918
   6.364      0.047216
   6.371      0.046516
   6.379      0.045818
   6.386      0.045121
   6.394      0.044425
   6.401      0.043732
   6.408      0.043039
   6.416      0.042348
   6.423      0.041659
   6.431      0.040972
   6.438      0.040286
   6.445      0.039601
   6.453      0.038918
   6.460      0.038236
   6.468      0.037556
   6.475      0.036878
   6.482      0.036201
   6.490      0.035526
   6.497      0.034852
   6.505      0.034179
   6.512      0.033509
   6.519      0.032839
   6.527      0.032171
   6.534      0.031505
   6.542      0.030840
   6.549      0.030177
   6.556      0.029515
   6.564      0.028854
   6.571      0.028195
   6.579      0.027538
   6.586      0.026882
   6.593      0.026227
   6.601      0.025574
   6.608      0.024922
   6.616      0.024272
   6.623      0.023624
   6.630      0.022976
   6.638      0.022330
   6.645      0.021686
   6.653      0.021043
   6.660      0.020401
   6.667      0.019761
   6.675      0.019123
   6.682      0.018485
   6.690      0.017849
   6.697      0.017215
   6.704      0.016582
   6.712      0.015950
   6.719      0.015320
   6.727      0.014691
   6.734      0.014063
   6.741      0.013437
   6.749      0.012812
   6.756      0.012189
   6.764      0.011567
   6.771      0.010946
   6.778      0.010327
   6.786      0.009709
   6.793      0.009092
   6.801      0.008477
   6.808      0.007863
   6.815      0.007250
   6.823      0.006639
   6.830      0.006029
   6.838      0.005420
   6.845      0.004812
   6.852      0.004206
   6.860      0.003602
   6.867      0.002998
   6.875      0.002396
   6.882      0.001795
   6.889      0.001195
   6.897      0.000597
   6.904      0.000000
