   0.004     -0.000199
   0.008      0.000099
   0.012      0.000398
   0.016      0.000895
   0.020      0.001591
   0.024      0.002485
   0.028      0.003578
   0.032      0.004869
   0.036      0.006358
   0.040      0.008044
   0.044      0.009927
   0.048      0.012007
   0.052      0.014283
   0.056      0.016755
   0.060      0.019422
   0.064      0.022283
   0.068      0.025339
   0.072      0.028587
   0.076      0.032027
   0.080      0.035659
   0.084      0.039482
   0.088      0.043494
   0.092      0.047695
   0.096      0.052084
   0.100      0.056660
   0.104      0.061421
   0.108      0.066367
   0.112      0.071496
   0.116      0.076806
   0.120      0.082298
   0.124      0.087968
   0.128      0.093817
   0.132      0.099841
   0.136      0.106041
   0.140      0.112413
   0.144      0.118957
   0.148      0.125671
   0.152      0.132553
   0.156      0.139601
   0.160      0.146813
   0.164      0.154188
   0.168      0.161723
   0.172      0.169417
   0.176      0.177267
   0.180      0.185270
   0.184      0.193426
   0.188      0.201731
   0.192      0.210184
   0.196      0.218781
   0.200      0.227521
   0.204      0.236400
   0.208      0.245417
   0.212      0.254569
   0.216      0.263853
   0.220      0.273266
   0.224      0.282805
   0.228      0.292468
   0.232      0.302252
   0.236      0.312154
   0.240      0.322171
   0.244      0.332300
   0.248      0.342538
   0.252      0.352881
   0.256      0.363327
   0.260      0.373872
   0.264      0.384513
   0.268      0.395247
   0.272      0.406070
   0.276      0.416980
   0.280      0.427972
   0.284      0.439043
   0.288      0.450190
   0.292      0.461410
   0.296      0.472698
   0.300      0.484052
   0.304      0.495467
   0.308      0.506941
   0.312      0.518469
   0.316      0.530048
   0.320      0.541675
   0.324      0.553345
   0.328      0.565056
   0.332      0.576803
   0.336      0.588583
   0.340      0.600393
   0.344      0.612228
   0.348      0.624086
   0.352      0.635962
   0.356      0.647854
   0.360      0.659757
   0.364      0.671668
   0.368      0.683584
   0.372      0.695501
   0.376      0.707416
   0.380      0.719325
   0.384      0.731226
   0.388      0.743115
   0.392      0.754989
   0.396      0.766844
   0.400      0.778678
   0.404      0.790487
   0.408      0.802270
   0.412      0.814021
   0.416      0.825740
   0.420      0.837423
   0.424      0.849067
   0.428      0.860670
   0.432      0.872229
   0.436      0.883742
   0.440      0.895207
   0.444      0.906620
   0.448      0.917981
   0.452      0.929286
   0.456      0.940534
   0.460      0.951723
   0.464      0.962850
   0.468      0.973915
   0.472      0.984914
   0.476      0.995848
   0.480      1.006713
   0.484      1.017510
   0.488      1.028235
   0.492      1.038888
   0.496      1.049469
   0.500      1.059974
   0.504      1.070405
   0.508      1.080759
   0.512      1.091036
   0.516      1.101235
   0.520      1.111355
   0.524      1.121397
   0.528      1.131358
   0.532      1.141239
   0.536      1.151039
   0.540      1.160758
   0.544      1.170396
   0.548      1.179952
   0.552      1.189427
   0.556      1.198820
   0.560      1.208132
   0.564      1.217362
   0.568      1.226510
   0.572      1.235578
   0.576      1.244564
   0.580      1.253470
   0.584      1.262296
   0.588      1.271041
   0.592      1.279707
   0.596      1.288294
   0.600      1.296802
   0.604      1.305232
   0.608      1.313585
   0.612      1.321860
   0.616      1.330059
   0.620      1.338181
   0.624      1.346229
   0.628      1.354202
   0.632      1.362101
   0.636      1.369926
   0.640      1.377678
   0.644      1.385359
   0.648      1.392967
   0.652      1.400505
   0.656      1.407972
   0.660      1.415370
   0.664      1.422698
   0.668      1.429958
   0.672      1.437150
   0.676      1.444274
   0.680      1.451331
   0.684      1.458322
   0.688      1.465247
   0.692      1.472106
   0.696      1.478900
   0.700      1.485630
   0.704      1.492295
   0.708      1.498896
   0.712      1.505434
   0.716      1.511908
   0.720      1.518319
   0.724      1.524668
   0.728      1.530954
   0.732      1.537178
   0.736      1.543340
   0.740      1.549440
   0.744      1.555479
   0.748      1.561455
   0.752      1.567371
   0.756      1.573225
   0.760      1.579017
   0.764      1.584749
   0.768      1.590419
   0.772      1.596028
   0.776      1.601575
   0.780      1.607062
   0.784      1.612487
   0.788      1.617851
   0.792      1.623154
   0.796      1.628395
   0.800      1.633575
   0.804      1.638693
   0.808      1.643750
   0.812      1.648745
   0.816      1.653678
   0.820      1.658550
   0.824      1.663359
   0.828      1.668106
   0.832      1.672791
   0.836      1.677414
   0.840      1.681974
   0.844      1.686471
   0.848      1.690906
   0.852      1.695279
   0.856      1.699588
   0.860      1.703834
   0.864      1.708017
   0.868      1.712137
   0.872      1.716194
   0.876      1.720187
   0.880      1.724117
   0.884      1.727983
   0.888      1.731786
   0.892      1.735525
   0.896      1.739200
   0.900      1.742811
   0.904      1.746359
   0.908      1.749842
   0.912      1.753262
   0.916      1.756618
   0.920      1.759909
   0.924      1.763136
   0.928      1.766300
   0.932      1.769399
   0.936      1.772434
   0.940      1.775405
   0.944      1.778312
   0.948      1.781154
   0.952      1.783933
   0.956      1.786647
   0.960      1.789297
   0.964      1.791884
   0.968      1.794406
   0.972      1.796864
   0.976      1.799258
   0.980      1.801588
   0.984      1.803855
   0.988      1.806057
   0.992      1.808196
   0.996      1.810271
   1.000      1.812282
   1.004      1.814230
   1.008      1.816114
   1.012      1.817935
   1.016      1.819692
   1.020      1.821386
   1.024      1.823017
   1.028      1.824585
   1.032      1.826090
   1.036      1.827531
   1.040      1.828910
   1.044      1.830226
   1.048      1.831480
   1.052      1.832671
   1.056      1.833800
   1.060      1.834866
   1.064      1.835870
   1.068      1.836812
   1.072      1.837692
   1.076      1.838510
   1.080      1.839267
   1.084      1.839962
   1.088      1.840595
   1.092      1.841167
   1.096      1.841678
   1.100      1.842129
   1.104      1.842518
   1.108      1.842846
   1.112      1.843114
   1.116      1.843321
   1.120      1.843469
   1.124      1.843556
   1.128      1.843583
   1.132      1.843550
   1.136      1.843458
   1.140      1.843306
   1.144      1.843095
   1.148      1.842825
   1.152      1.842496
   1.156      1.842109
   1.160      1.841662
   1.164      1.841158
   1.168      1.840595
   1.172      1.839974
   1.176      1.839296
   1.180      1.838560
   1.184      1.837767
   1.188      1.836916
   1.192      1.836009
   1.196      1.835044
   1.200      1.834024
   1.204      1.832947
   1.208      1.831813
   1.212      1.830624
   1.216      1.829380
   1.220      1.828080
   1.224      1.826724
   1.228      1.825314
   1.232      1.823849
   1.236      1.822330
   1.240      1.820756
   1.244      1.819129
   1.248      1.817447
   1.252      1.815713
   1.256      1.813925
   1.260      1.812084
   1.264      1.810190
   1.268      1.808244
   1.272      1.806245
   1.276      1.804195
   1.280      1.802093
   1.284      1.799940
   1.288      1.797735
   1.292      1.795480
   1.296      1.793174
   1.300      1.790818
   1.304      1.788412
   1.308      1.785956
   1.312      1.783451
   1.316      1.780896
   1.320      1.778293
   1.324      1.775641
   1.328      1.772941
   1.332      1.770193
   1.336      1.767398
   1.340      1.764555
   1.344      1.761665
   1.348      1.758729
   1.352      1.755746
   1.356      1.752717
   1.360      1.749642
   1.364      1.746522
   1.368      1.743356
   1.372      1.740146
   1.376      1.736892
   1.380      1.733593
   1.384      1.730250
   1.388      1.726864
   1.392      1.723435
   1.396      1.719963
   1.400      1.716448
   1.404      1.712892
   1.408      1.709293
   1.412      1.705654
   1.416      1.701973
   1.420      1.698251
   1.424      1.694489
   1.428      1.690686
   1.432      1.686844
   1.436      1.682963
   1.440      1.679043
   1.444      1.675084
   1.448      1.671086
   1.452      1.667051
   1.456      1.662978
   1.460      1.658868
   1.464      1.654722
   1.468      1.650538
   1.472      1.646319
   1.476      1.642063
   1.480      1.637773
   1.484      1.633447
   1.488      1.629087
   1.492      1.624692
   1.496      1.620264
   1.500      1.615802
   1.504      1.611306
   1.508      1.606778
   1.512      1.602218
   1.516      1.597625
   1.520      1.593001
   1.524      1.588346
   1.528      1.583660
   1.532      1.578943
   1.536      1.574196
   1.540      1.569419
   1.544      1.564613
   1.548      1.559778
   1.552      1.554914
   1.556      1.550022
   1.560      1.545102
   1.564      1.540155
   1.568      1.535181
   1.572      1.530180
   1.576      1.525152
   1.580      1.520099
   1.584      1.515020
   1.588      1.509916
   1.592      1.504788
   1.596      1.499635
   1.600      1.494458
   1.604      1.489257
   1.608      1.484033
   1.612      1.478786
   1.616      1.473517
   1.620      1.468226
   1.624      1.462913
   1.628      1.457579
   1.632      1.452224
   1.636      1.446849
   1.640      1.441453
   1.644      1.436038
   1.648      1.430603
   1.652      1.425149
   1.656      1.419677
   1.660      1.414186
   1.664      1.408678
   1.668      1.403152
   1.672      1.397609
   1.676      1.392050
   1.680      1.386474
   1.684      1.380882
   1.688      1.375275
   1.692      1.369653
   1.696      1.364016
   1.700      1.358364
   1.704      1.352699
   1.708      1.347019
   1.712      1.341327
   1.716      1.335622
   1.720      1.329904
   1.724      1.324174
   1.728      1.318432
   1.732      1.312679
   1.736      1.306915
   1.740      1.301140
   1.744      1.295355
   1.748      1.289560
   1.752      1.283755
   1.756      1.277941
   1.760      1.272118
   1.764      1.266287
   1.768      1.260448
   1.772      1.254601
   1.776      1.248746
   1.780      1.242885
   1.784      1.237017
   1.788      1.231142
   1.792      1.225262
   1.796      1.219375
   1.800      1.213484
   1.804      1.207588
   1.808      1.201687
   1.812      1.195781
   1.816      1.189872
   1.820      1.183959
   1.824      1.178044
   1.828      1.172125
   1.832      1.166203
   1.836      1.160280
   1.840      1.154354
   1.844      1.148427
   1.848      1.142499
   1.852      1.136570
   1.856      1.130640
   1.860      1.124710
   1.864      1.118780
   1.868      1.112851
   1.872      1.106922
   1.876      1.100994
   1.880      1.095068
   1.884      1.089143
   1.888      1.083220
   1.892      1.077300
   1.896      1.071382
   1.900      1.065467
   1.904      1.059555
   1.908      1.053646
   1.912      1.047742
   1.916      1.041841
   1.920      1.035945
   1.924      1.030053
   1.928      1.024167
   1.932      1.018285
   1.936      1.012410
   1.940      1.006540
   1.944      1.000676
   1.948      0.994818
   1.952      0.988967
   1.956      0.983123
   1.960      0.977286
   1.964      0.971457
   1.968      0.965636
   1.972      0.959822
   1.976      0.954017
   1.980      0.948220
   1.984      0.942432
   1.988      0.936653
   1.992      0.930883
   1.996      0.925123
   2.000      0.919372
   2.004      0.913632
   2.008      0.907901
   2.012      0.902181
   2.016      0.896472
   2.020      0.890773
   2.024      0.885086
   2.028      0.879411
   2.032      0.873747
   2.036      0.868095
   2.040      0.862455
   2.044      0.856828
   2.048      0.851213
   2.052      0.845611
   2.056      0.840022
   2.060      0.834446
   2.064      0.828883
   2.068      0.823335
   2.072      0.817800
   2.076      0.812279
   2.080      0.806773
   2.084      0.801281
   2.088      0.795803
   2.092      0.790341
   2.096      0.784893
   2.100      0.779461
   2.104      0.774044
   2.108      0.768643
   2.112      0.763257
   2.116      0.757887
   2.120      0.752534
   2.124      0.747197
   2.128      0.741876
   2.132      0.736572
   2.136      0.731285
   2.140      0.726015
   2.144      0.720762
   2.148      0.715526
   2.152      0.710308
   2.156      0.705107
   2.160      0.699924
   2.164      0.694759
   2.168      0.689612
   2.172      0.684483
   2.176      0.679372
   2.180      0.674280
   2.184      0.669207
   2.188      0.664152
   2.192      0.659117
   2.196      0.654100
   2.200      0.649102
   2.204      0.644124
   2.208      0.639165
   2.212      0.634225
   2.216      0.629305
   2.220      0.624405
   2.224      0.619525
   2.228      0.614665
   2.232      0.609824
   2.236      0.605004
   2.240      0.600204
   2.244      0.595425
   2.248      0.590666
   2.252      0.585927
   2.256      0.581210
   2.260      0.576513
   2.264      0.571836
   2.268      0.567181
   2.272      0.562547
   2.276      0.557934
   2.280      0.553342
   2.284      0.548771
   2.288      0.544222
   2.292      0.539694
   2.296      0.535187
   2.300      0.530703
   2.304      0.526239
   2.308      0.521798
   2.312      0.517378
   2.316      0.512980
   2.320      0.508603
   2.324      0.504249
   2.328      0.499917
   2.332      0.495607
   2.336      0.491318
   2.340      0.487052
   2.344      0.482808
   2.348      0.478587
   2.352      0.474387
   2.356      0.470210
   2.360      0.466055
   2.364      0.461923
   2.368      0.457813
   2.372      0.453725
   2.376      0.449660
   2.380      0.445617
   2.384      0.441597
   2.388      0.437599
   2.392      0.433624
   2.396      0.429672
   2.400      0.425742
   2.404      0.421835
   2.408      0.417950
   2.412      0.414088
   2.416      0.410249
   2.420      0.406432
   2.424      0.402638
   2.428      0.398867
   2.432      0.395118
   2.436      0.391392
   2.440      0.387689
   2.444      0.384009
   2.448      0.380351
   2.452      0.376715
   2.456      0.373103
   2.460      0.369513
   2.464      0.365946
   2.468      0.362401
   2.472      0.358879
   2.476      0.355380
   2.480      0.351903
   2.484      0.348449
   2.488      0.345017
   2.492      0.341608
   2.496      0.338222
   2.500      0.334858
   2.504      0.331516
   2.508      0.328197
   2.512      0.324900
   2.516      0.321626
   2.520      0.318374
   2.524      0.315144
   2.528      0.311937
   2.532      0.308751
   2.536      0.305588
   2.540      0.302448
   2.544      0.299329
   2.548      0.296232
   2.552      0.293158
   2.556      0.290105
   2.560      0.287075
   2.564      0.284066
   2.568      0.281079
   2.572      0.278114
   2.576      0.275171
   2.580      0.272250
   2.584      0.269350
   2.588      0.266472
   2.592      0.263615
   2.596      0.260780
   2.600      0.257966
   2.604      0.255174
   2.608      0.252403
   2.612      0.249653
   2.616      0.246925
   2.620      0.244217
   2.624      0.241531
   2.628      0.238866
   2.632      0.236222
   2.636      0.233598
   2.640      0.230996
   2.644      0.228414
   2.648      0.225853
   2.652      0.223312
   2.656      0.220792
   2.660      0.218293
   2.664      0.215814
   2.668      0.213355
   2.672      0.210916
   2.676      0.208498
   2.680      0.206100
   2.684      0.203721
   2.688      0.201363
   2.692      0.199025
   2.696      0.196706
   2.700      0.194407
   2.704      0.192128
   2.708      0.189868
   2.712      0.187628
   2.716      0.185407
   2.720      0.183206
   2.724      0.181023
   2.728      0.178860
   2.732      0.176716
   2.736      0.174591
   2.740      0.172485
   2.744      0.170397
   2.748      0.168328
   2.752      0.166278
   2.756      0.164247
   2.760      0.162234
   2.764      0.160239
   2.768      0.158262
   2.772      0.156304
   2.776      0.154364
   2.780      0.152441
   2.784      0.150537
   2.788      0.148650
   2.792      0.146781
   2.796      0.144930
   2.800      0.143096
   2.804      0.141280
   2.808      0.139481
   2.812      0.137699
   2.816      0.135935
   2.820      0.134187
   2.824      0.132457
   2.828      0.130743
   2.832      0.129046
   2.836      0.127366
   2.840      0.125703
   2.844      0.124056
   2.848      0.122425
   2.852      0.120810
   2.856      0.119212
   2.860      0.117630
   2.864      0.116064
   2.868      0.114513
   2.872      0.112979
   2.876      0.111460
   2.880      0.109957
   2.884      0.108469
   2.888      0.106997
   2.892      0.105540
   2.896      0.104099
   2.900      0.102672
   2.904      0.101260
   2.908      0.099864
   2.912      0.098482
   2.916      0.097115
   2.920      0.095762
   2.924      0.094424
   2.928      0.093101
   2.932      0.091791
   2.936      0.090496
   2.940      0.089216
   2.944      0.087949
   2.948      0.086696
   2.952      0.085457
   2.956      0.084231
   2.960      0.083019
   2.964      0.081821
   2.968      0.080636
   2.972      0.079465
   2.976      0.078306
   2.980      0.077161
   2.984      0.076029
   2.988      0.074910
   2.992      0.073804
   2.996      0.072710
   3.000      0.071629
   3.004      0.070561
   3.008      0.069505
   3.012      0.068461
   3.016      0.067430
   3.020      0.066411
   3.024      0.065404
   3.028      0.064408
   3.032      0.063425
   3.036      0.062454
   3.040      0.061494
   3.044      0.060545
   3.048      0.059609
   3.052      0.058683
   3.056      0.057769
   3.060      0.056866
   3.064      0.055974
   3.068      0.055094
   3.072      0.054224
   3.076      0.053365
   3.080      0.052516
   3.084      0.051679
   3.088      0.050851
   3.092      0.050035
   3.096      0.049228
   3.100      0.048432
   3.104      0.047646
   3.108      0.046870
   3.112      0.046105
   3.116      0.045349
   3.120      0.044602
   3.124      0.043866
   3.128      0.043139
   3.132      0.042422
   3.136      0.041714
   3.140      0.041016
   3.144      0.040326
   3.148      0.039646
   3.152      0.038976
   3.156      0.038314
   3.160      0.037661
   3.164      0.037017
   3.168      0.036381
   3.172      0.035755
   3.176      0.035136
   3.180      0.034527
   3.184      0.033926
   3.188      0.033333
   3.192      0.032748
   3.196      0.032172
   3.200      0.031603
   3.204      0.031043
   3.208      0.030490
   3.212      0.029946
   3.216      0.029409
   3.220      0.028880
   3.224      0.028358
   3.228      0.027844
   3.232      0.027337
   3.236      0.026838
   3.240      0.026346
   3.244      0.025861
   3.248      0.025383
   3.252      0.024913
   3.256      0.024449
   3.260      0.023992
   3.264      0.023542
   3.268      0.023099
   3.272      0.022663
   3.276      0.022233
   3.280      0.021809
   3.284      0.021392
   3.288      0.020982
   3.292      0.020577
   3.296      0.020179
   3.300      0.019787
   3.304      0.019401
   3.308      0.019022
   3.312      0.018648
   3.316      0.018280
   3.320      0.017918
   3.324      0.017561
   3.328      0.017210
   3.332      0.016865
   3.336      0.016526
   3.340      0.016192
   3.344      0.015863
   3.348      0.015539
   3.352      0.015221
   3.356      0.014908
   3.360      0.014601
   3.364      0.014298
   3.368      0.014000
   3.372      0.013708
   3.376      0.013420
   3.380      0.013137
   3.384      0.012859
   3.388      0.012585
   3.392      0.012317
   3.396      0.012052
   3.400      0.011793
   3.404      0.011537
   3.408      0.011287
   3.412      0.011040
   3.416      0.010798
   3.420      0.010560
   3.424      0.010327
   3.428      0.010097
   3.432      0.009872
   3.436      0.009650
   3.440      0.009433
   3.444      0.009219
   3.448      0.009009
   3.452      0.008804
   3.456      0.008601
   3.460      0.008403
   3.464      0.008208
   3.468      0.008017
   3.472      0.007830
   3.476      0.007645
   3.480      0.007465
   3.484      0.007288
   3.488      0.007114
   3.492      0.006943
   3.496      0.006776
   3.500      0.006612
   3.504      0.006451
   3.508      0.006293
   3.512      0.006138
   3.516      0.005986
   3.520      0.005838
   3.524      0.005692
   3.528      0.005549
   3.532      0.005409
   3.536      0.005272
   3.540      0.005137
   3.544      0.005005
   3.548      0.004876
   3.552      0.004750
   3.556      0.004626
   3.560      0.004505
   3.564      0.004386
   3.568      0.004270
   3.572      0.004156
   3.576      0.004044
   3.580      0.003935
   3.584      0.003828
   3.588      0.003724
   3.592      0.003622
   3.596      0.003522
   3.600      0.003424
   3.604      0.003328
   3.608      0.003235
   3.612      0.003143
   3.616      0.003054
   3.620      0.002966
   3.624      0.002881
   3.628      0.002797
   3.632      0.002716
   3.636      0.002636
   3.640      0.002558
   3.644      0.002482
   3.648      0.002407
   3.652      0.002335
   3.656      0.002264
   3.660      0.002194
   3.664      0.002127
   3.668      0.002061
   3.672      0.001996
   3.676      0.001933
   3.680      0.001872
   3.684      0.001812
   3.688      0.001754
   3.692      0.001697
   3.696      0.001642
   3.700      0.001588
   3.704      0.001535
   3.708      0.001484
   3.712      0.001434
   3.716      0.001385
   3.720      0.001337
   3.724      0.001291
   3.728      0.001246
   3.732      0.001202
   3.736      0.001160
   3.740      0.001118
   3.744      0.001078
   3.748      0.001039
   3.752      0.001001
   3.756      0.000963
   3.760      0.000927
   3.764      0.000892
   3.768      0.000858
   3.772      0.000825
   3.776      0.000793
   3.780      0.000762
   3.784      0.000732
   3.788      0.000702
   3.792      0.000674
   3.796      0.000646
   3.800      0.000619
   3.804      0.000593
   3.808      0.000568
   3.812      0.000543
   3.816      0.000520
   3.820      0.000497
   3.824      0.000475
   3.828      0.000453
   3.832      0.000432
   3.836      0.000412
   3.840      0.000393
   3.844      0.000374
   3.848      0.000356
   3.852      0.000338
   3.856      0.000322
   3.860      0.000305
   3.864      0.000289
   3.868      0.000274
   3.872      0.000260
   3.876      0.000245
   3.880      0.000232
   3.884      0.000219
   3.888      0.000206
   3.892      0.000194
   3.896      0.000182
   3.900      0.000171
   3.904      0.000160
   3.908      0.000150
   3.912      0.000140
   3.916      0.000130
   3.920      0.000121
   3.924      0.000113
   3.928      0.000104
   3.932      0.000096
   3.936      0.000088
   3.940      0.000081
   3.944      0.000074
   3.948      0.000067
   3.952      0.000061
   3.956      0.000055
   3.960      0.000049
   3.964      0.000043
   3.968      0.000038
   3.972      0.000033
   3.976      0.000028
   3.980      0.000024
   3.984      0.000019
   3.988      0.000015
   3.992      0.000011
   3.996      0.000007
   4.000      0.000004
   4.004      0.000000
