   0.000      2.064098
   0.005      2.064069
   0.011      2.063980
   0.016      2.063833
   0.021      2.063626
   0.027      2.063359
   0.032      2.063033
   0.037      2.062646
   0.043      2.062198
   0.048      2.061688
   0.053      2.061117
   0.059      2.060482
   0.064      2.059783
   0.069      2.059020
   0.074      2.058191
   0.080      2.057294
   0.085      2.056329
   0.090      2.055295
   0.096      2.054189
   0.101      2.053011
   0.106      2.051759
   0.112      2.050430
   0.117      2.049024
   0.122      2.047538
   0.128      2.045971
   0.133      2.044320
   0.138      2.042582
   0.144      2.040757
   0.149      2.038841
   0.154      2.036833
   0.160      2.034729
   0.165      2.032527
   0.170      2.030224
   0.176      2.027819
   0.181      2.025307
   0.186      2.022688
   0.191      2.019957
   0.197      2.017112
   0.202      2.014151
   0.207      2.011071
   0.213      2.007869
   0.218      2.004543
   0.223      2.001090
   0.229      1.997508
   0.234      1.993794
   0.239      1.989947
   0.245      1.985964
   0.250      1.981844
   0.255      1.977584
   0.261      1.973184
   0.266      1.968642
   0.271      1.963957
   0.277      1.959129
   0.282      1.954156
   0.287      1.949039
   0.293      1.943777
   0.298      1.938371
   0.303      1.932821
   0.308      1.927128
   0.314      1.921294
   0.319      1.915319
   0.324      1.909206
   0.330      1.902956
   0.335      1.896571
   0.340      1.890055
   0.346      1.883410
   0.351      1.876638
   0.356      1.869744
   0.362      1.862730
   0.367      1.855600
   0.372      1.848357
   0.378      1.841007
   0.383      1.833552
   0.388      1.825997
   0.394      1.818346
   0.399      1.810603
   0.404      1.802773
   0.410      1.794860
   0.415      1.786869
   0.420      1.778803
   0.425      1.770668
   0.431      1.762467
   0.436      1.754206
   0.441      1.745887
   0.447      1.737516
   0.452      1.729097
   0.457      1.720634
   0.463      1.712131
   0.468      1.703592
   0.473      1.695021
   0.479      1.686421
   0.484      1.677796
   0.489      1.669151
   0.495      1.660487
   0.500      1.651810
   0.505      1.643122
   0.511      1.634426
   0.516      1.625725
   0.521      1.617023
   0.527      1.608322
   0.532      1.599625
   0.537      1.590934
   0.542      1.582253
   0.548      1.573584
   0.553      1.564929
   0.558      1.556290
   0.564      1.547671
   0.569      1.539071
   0.574      1.530495
   0.580      1.521943
   0.585      1.513418
   0.590      1.504922
   0.596      1.496455
   0.601      1.488019
   0.606      1.479617
   0.612      1.471250
   0.617      1.462918
   0.622      1.454623
   0.628      1.446367
   0.633      1.438150
   0.638      1.429974
   0.644      1.421840
   0.649      1.413748
   0.654      1.405700
   0.659      1.397696
   0.665      1.389737
   0.670      1.381825
   0.675      1.373959
   0.681      1.366140
   0.686      1.358368
   0.691      1.350646
   0.697      1.342972
   0.702      1.335347
   0.707      1.327772
   0.713      1.320248
   0.718      1.312773
   0.723      1.305350
   0.729      1.297977
   0.734      1.290656
   0.739      1.283386
   0.745      1.276167
   0.750      1.269001
   0.755      1.261886
   0.761      1.254823
   0.766      1.247812
   0.771      1.240853
   0.776      1.233946
   0.782      1.227091
   0.787      1.220289
   0.792      1.213538
   0.798      1.206838
   0.803      1.200191
   0.808      1.193595
   0.814      1.187051
   0.819      1.180558
   0.824      1.174116
   0.830      1.167725
   0.835      1.161385
   0.840      1.155096
   0.846      1.148857
   0.851      1.142668
   0.856      1.136530
   0.862      1.130441
   0.867      1.124401
   0.872      1.118410
   0.878      1.112469
   0.883      1.106576
   0.888      1.100731
   0.893      1.094935
   0.899      1.089186
   0.904      1.083485
   0.909      1.077831
   0.915      1.072223
   0.920      1.066662
   0.925      1.061148
   0.931      1.055679
   0.936      1.050255
   0.941      1.044877
   0.947      1.039544
   0.952      1.034255
   0.957      1.029010
   0.963      1.023809
   0.968      1.018651
   0.973      1.013537
   0.979      1.008465
   0.984      1.003436
   0.989      0.998448
   0.995      0.993502
   1.000      0.988598
   1.005      0.983735
   1.010      0.978912
   1.016      0.974129
   1.021      0.969386
   1.026      0.964683
   1.032      0.960019
   1.037      0.955394
   1.042      0.950807
   1.048      0.946259
   1.053      0.941748
   1.058      0.937275
   1.064      0.932838
   1.069      0.928439
   1.074      0.924076
   1.080      0.919749
   1.085      0.915457
   1.090      0.911201
   1.096      0.906980
   1.101      0.902794
   1.106      0.898642
   1.112      0.894524
   1.117      0.890440
   1.122      0.886389
   1.127      0.882371
   1.133      0.878386
   1.138      0.874434
   1.143      0.870513
   1.149      0.866625
   1.154      0.862767
   1.159      0.858941
   1.165      0.855146
   1.170      0.851381
   1.175      0.847647
   1.181      0.843942
   1.186      0.840267
   1.191      0.836622
   1.197      0.833005
   1.202      0.829417
   1.207      0.825858
   1.213      0.822327
   1.218      0.818823
   1.223      0.815348
   1.229      0.811900
   1.234      0.808478
   1.239      0.805084
   1.244      0.801716
   1.250      0.798375
   1.255      0.795059
   1.260      0.791769
   1.266      0.788505
   1.271      0.785265
   1.276      0.782051
   1.282      0.778862
   1.287      0.775697
   1.292      0.772556
   1.298      0.769439
   1.303      0.766346
   1.308      0.763277
   1.314      0.760230
   1.319      0.757207
   1.324      0.754206
   1.330      0.751228
   1.335      0.748273
   1.340      0.745339
   1.346      0.742428
   1.351      0.739538
   1.356      0.736670
   1.362      0.733822
   1.367      0.730996
   1.372      0.728191
   1.377      0.725406
   1.383      0.722642
   1.388      0.719898
   1.393      0.717174
   1.399      0.714470
   1.404      0.711785
   1.409      0.709120
   1.415      0.706474
   1.420      0.703847
   1.425      0.701239
   1.431      0.698649
   1.436      0.696078
   1.441      0.693526
   1.447      0.690991
   1.452      0.688474
   1.457      0.685976
   1.463      0.683494
   1.468      0.681031
   1.473      0.678584
   1.479      0.676155
   1.484      0.673742
   1.489      0.671346
   1.494      0.668967
   1.500      0.666604
   1.505      0.664258
   1.510      0.661927
   1.516      0.659613
   1.521      0.657314
   1.526      0.655031
   1.532      0.652764
   1.537      0.650512
   1.542      0.648275
   1.548      0.646053
   1.553      0.643846
   1.558      0.641654
   1.564      0.639477
   1.569      0.637314
   1.574      0.635165
   1.580      0.633031
   1.585      0.630910
   1.590      0.628804
   1.596      0.626712
   1.601      0.624633
   1.606      0.622568
   1.611      0.620516
   1.617      0.618478
   1.622      0.616452
   1.627      0.614440
   1.633      0.612441
   1.638      0.610455
   1.643      0.608481
   1.649      0.606520
   1.654      0.604572
   1.659      0.602636
   1.665      0.600712
   1.670      0.598800
   1.675      0.596900
   1.681      0.595013
   1.686      0.593137
   1.691      0.591273
   1.697      0.589420
   1.702      0.587579
   1.707      0.585749
   1.713      0.583931
   1.718      0.582124
   1.723      0.580328
   1.728      0.578543
   1.734      0.576768
   1.739      0.575005
   1.744      0.573252
   1.750      0.571510
   1.755      0.569779
   1.760      0.568058
   1.766      0.566347
   1.771      0.564647
   1.776      0.562956
   1.782      0.561276
   1.787      0.559606
   1.792      0.557945
   1.798      0.556295
   1.803      0.554654
   1.808      0.553022
   1.814      0.551401
   1.819      0.549788
   1.824      0.548186
   1.830      0.546592
   1.835      0.545008
   1.840      0.543433
   1.845      0.541867
   1.851      0.540310
   1.856      0.538761
   1.861      0.537222
   1.867      0.535692
   1.872      0.534170
   1.877      0.532656
   1.883      0.531152
   1.888      0.529656
   1.893      0.528168
   1.899      0.526688
   1.904      0.525217
   1.909      0.523754
   1.915      0.522299
   1.920      0.520852
   1.925      0.519414
   1.931      0.517983
   1.936      0.516560
   1.941      0.515144
   1.947      0.513737
   1.952      0.512337
   1.957      0.510945
   1.962      0.509560
   1.968      0.508183
   1.973      0.506813
   1.978      0.505451
   1.984      0.504096
   1.989      0.502748
   1.994      0.501407
   2.000      0.500074
   2.005      0.498747
   2.010      0.497428
   2.016      0.496115
   2.021      0.494810
   2.026      0.493511
   2.032      0.492219
   2.037      0.490934
   2.042      0.489656
   2.048      0.488384
   2.053      0.487118
   2.058      0.485860
   2.064      0.484608
   2.069      0.483362
   2.074      0.482122
   2.079      0.480889
   2.085      0.479663
   2.090      0.478442
   2.095      0.477228
   2.101      0.476020
   2.106      0.474818
   2.111      0.473622
   2.117      0.472431
