   0.004     -0.012400
   0.008     -0.142008
   0.012     -0.271615
   0.016     -0.405550
   0.020     -0.539934
   0.024     -0.674289
   0.028     -0.808463
   0.032     -0.942371
   0.036     -1.075949
   0.040     -1.209141
   0.044     -1.341895
   0.048     -1.474160
   0.052     -1.605886
   0.056     -1.737022
   0.060     -1.867518
   0.064     -1.997324
   0.068     -2.126389
   0.072     -2.254660
   0.076     -2.382087
   0.080     -2.508618
   0.084     -2.634200
   0.088     -2.758781
   0.092     -2.882308
   0.096     -3.004729
   0.100     -3.125990
   0.104     -3.246040
   0.108     -3.364824
   0.112     -3.482291
   0.116     -3.598387
   0.120     -3.713060
   0.124     -3.826257
   0.128     -3.937926
   0.132     -4.048015
   0.136     -4.156471
   0.140     -4.263243
   0.144     -4.368280
   0.148     -4.471530
   0.152     -4.572943
   0.156     -4.672467
   0.160     -4.770053
   0.164     -4.865651
   0.168     -4.959211
   0.172     -5.050686
   0.176     -5.140026
   0.180     -5.227185
   0.184     -5.312115
   0.188     -5.394770
   0.192     -5.475106
   0.196     -5.553077
   0.200     -5.628641
   0.204     -5.701756
   0.208     -5.772380
   0.212     -5.840474
   0.216     -5.905999
   0.220     -5.968920
   0.224     -6.029202
   0.228     -6.086811
   0.232     -6.141717
   0.236     -6.193892
   0.240     -6.243309
   0.244     -6.289944
   0.248     -6.333777
   0.252     -6.374789
   0.256     -6.412967
   0.260     -6.448297
   0.264     -6.480771
   0.268     -6.510386
   0.272     -6.537139
   0.276     -6.561035
   0.280     -6.582079
   0.284     -6.600284
   0.288     -6.615663
   0.292     -6.628238
   0.296     -6.638033
   0.300     -6.645075
   0.304     -6.649399
   0.308     -6.651042
   0.312     -6.650047
   0.316     -6.646461
   0.320     -6.640334
   0.324     -6.631723
   0.328     -6.620688
   0.332     -6.607292
   0.336     -6.591604
   0.340     -6.573695
   0.344     -6.553640
   0.348     -6.531517
   0.352     -6.507406
   0.356     -6.481392
   0.360     -6.453559
   0.364     -6.423995
   0.368     -6.392788
   0.372     -6.360027
   0.376     -6.325804
   0.380     -6.290208
   0.384     -6.253330
   0.388     -6.215260
   0.392     -6.176086
   0.396     -6.135896
   0.400     -6.094776
   0.404     -6.052810
   0.408     -6.010078
   0.412     -5.966660
   0.416     -5.922630
   0.420     -5.878061
   0.424     -5.833021
   0.428     -5.787576
   0.432     -5.741786
   0.436     -5.695708
   0.440     -5.649396
   0.444     -5.602899
   0.448     -5.556261
   0.452     -5.509524
   0.456     -5.462723
   0.460     -5.415893
   0.464     -5.369063
   0.468     -5.322258
   0.472     -5.275501
   0.476     -5.228811
   0.480     -5.182204
   0.484     -5.135695
   0.488     -5.089294
   0.492     -5.043010
   0.496     -4.996850
   0.500     -4.950819
   0.504     -4.904921
   0.508     -4.859159
   0.512     -4.813534
   0.516     -4.768046
   0.520     -4.722695
   0.524     -4.677481
   0.528     -4.632402
   0.532     -4.587458
   0.536     -4.542647
   0.540     -4.497967
   0.544     -4.453419
   0.548     -4.409000
   0.552     -4.364710
   0.556     -4.320549
   0.560     -4.276517
   0.564     -4.232613
   0.568     -4.188839
   0.572     -4.145196
   0.576     -4.101684
   0.580     -4.058306
   0.584     -4.015063
   0.588     -3.971958
   0.592     -3.928993
   0.596     -3.886171
   0.600     -3.843494
   0.604     -3.800966
   0.608     -3.758589
   0.612     -3.716368
   0.616     -3.674305
   0.620     -3.632404
   0.624     -3.590668
   0.628     -3.549101
   0.632     -3.507705
   0.636     -3.466485
   0.640     -3.425443
   0.644     -3.384583
   0.648     -3.343908
   0.652     -3.303421
   0.656     -3.263125
   0.660     -3.223024
   0.664     -3.183119
   0.668     -3.143414
   0.672     -3.103912
   0.676     -3.064614
   0.680     -3.025523
   0.684     -2.986643
   0.688     -2.947974
   0.692     -2.909519
   0.696     -2.871280
   0.700     -2.833260
   0.704     -2.795459
   0.708     -2.757880
   0.712     -2.720524
   0.716     -2.683392
   0.720     -2.646487
   0.724     -2.609810
   0.728     -2.573361
   0.732     -2.537143
   0.736     -2.501156
   0.740     -2.465401
   0.744     -2.429879
   0.748     -2.394591
   0.752     -2.359538
   0.756     -2.324721
   0.760     -2.290140
   0.764     -2.255797
   0.768     -2.221690
   0.772     -2.187821
   0.776     -2.154191
   0.780     -2.120800
   0.784     -2.087647
   0.788     -2.054734
   0.792     -2.022060
   0.796     -1.989625
   0.800     -1.957431
   0.804     -1.925475
   0.808     -1.893760
   0.812     -1.862284
   0.816     -1.831047
   0.820     -1.800050
   0.824     -1.769291
   0.828     -1.738772
   0.832     -1.708491
   0.836     -1.678448
   0.840     -1.648644
   0.844     -1.619076
   0.848     -1.589746
   0.852     -1.560652
   0.856     -1.531794
   0.860     -1.503172
   0.864     -1.474785
   0.868     -1.446632
   0.872     -1.418713
   0.876     -1.391027
   0.880     -1.363573
   0.884     -1.336351
   0.888     -1.309360
   0.892     -1.282599
   0.896     -1.256068
   0.900     -1.229765
   0.904     -1.203690
   0.908     -1.177842
   0.912     -1.152220
   0.916     -1.126823
   0.920     -1.101651
   0.924     -1.076702
   0.928     -1.051975
   0.932     -1.027470
   0.936     -1.003186
   0.940     -0.979121
   0.944     -0.955274
   0.948     -0.931645
   0.952     -0.908232
   0.956     -0.885035
   0.960     -0.862053
   0.964     -0.839283
   0.968     -0.816726
   0.972     -0.794380
   0.976     -0.772244
   0.980     -0.750317
   0.984     -0.728597
   0.988     -0.707085
   0.992     -0.685778
   0.996     -0.664675
   1.000     -0.643776
   1.004     -0.623079
   1.008     -0.602582
   1.012     -0.582286
   1.016     -0.562188
   1.020     -0.542288
   1.024     -0.522584
   1.028     -0.503075
   1.032     -0.483760
   1.036     -0.464638
   1.040     -0.445707
   1.044     -0.426966
   1.048     -0.408415
   1.052     -0.390052
   1.056     -0.371875
   1.060     -0.353884
   1.064     -0.336077
   1.068     -0.318453
   1.072     -0.301012
   1.076     -0.283750
   1.080     -0.266669
   1.084     -0.249766
   1.088     -0.233039
   1.092     -0.216489
   1.096     -0.200113
   1.100     -0.183911
   1.104     -0.167881
   1.108     -0.152023
   1.112     -0.136334
   1.116     -0.120813
   1.120     -0.105461
   1.124     -0.090274
   1.128     -0.075253
   1.132     -0.060395
   1.136     -0.045701
   1.140     -0.031168
   1.144     -0.016795
   1.148     -0.002581
   1.152      0.011474
   1.156      0.025373
   1.160      0.039116
   1.164      0.052704
   1.168      0.066139
   1.172      0.079422
   1.176      0.092553
   1.180      0.105535
   1.184      0.118368
   1.188      0.131053
   1.192      0.143592
   1.196      0.155985
   1.200      0.168234
   1.204      0.180340
   1.208      0.192303
   1.212      0.204126
   1.216      0.215809
   1.220      0.227353
   1.224      0.238759
   1.228      0.250029
   1.232      0.261163
   1.236      0.272163
   1.240      0.283030
   1.244      0.293764
   1.248      0.304367
   1.252      0.314839
   1.256      0.325183
   1.260      0.335398
   1.264      0.345487
   1.268      0.355449
   1.272      0.365286
   1.276      0.374999
   1.280      0.384590
   1.284      0.394058
   1.288      0.403405
   1.292      0.412633
   1.296      0.421741
   1.300      0.430732
   1.304      0.439605
   1.308      0.448362
   1.312      0.457004
   1.316      0.465532
   1.320      0.473947
   1.324      0.482250
   1.328      0.490441
   1.332      0.498522
   1.336      0.506494
   1.340      0.514357
   1.344      0.522113
   1.348      0.529762
   1.352      0.537305
   1.356      0.544743
   1.360      0.552077
   1.364      0.559309
   1.368      0.566438
   1.372      0.573465
   1.376      0.580393
   1.380      0.587221
   1.384      0.593950
   1.388      0.600581
   1.392      0.607115
   1.396      0.613553
   1.400      0.619896
   1.404      0.626144
   1.408      0.632299
   1.412      0.638360
   1.416      0.644330
   1.420      0.650208
   1.424      0.655996
   1.428      0.661695
   1.432      0.667304
   1.436      0.672826
   1.440      0.678260
   1.444      0.683608
   1.448      0.688870
   1.452      0.694047
   1.456      0.699139
   1.460      0.704149
   1.464      0.709075
   1.468      0.713920
   1.472      0.718683
   1.476      0.723366
   1.480      0.727969
   1.484      0.732493
   1.488      0.736939
   1.492      0.741307
   1.496      0.745598
   1.500      0.749813
   1.504      0.753952
   1.508      0.758016
   1.512      0.762006
   1.516      0.765923
   1.520      0.769767
   1.524      0.773538
   1.528      0.777239
   1.532      0.780868
   1.536      0.784427
   1.540      0.787917
   1.544      0.791337
   1.548      0.794690
   1.552      0.797974
   1.556      0.801192
   1.560      0.804343
   1.564      0.807429
   1.568      0.810449
   1.572      0.813405
   1.576      0.816297
   1.580      0.819125
   1.584      0.821891
   1.588      0.824595
   1.592      0.827237
   1.596      0.829818
   1.600      0.832338
   1.604      0.834799
   1.608      0.837200
   1.612      0.839543
   1.616      0.841827
   1.620      0.844054
   1.624      0.846224
   1.628      0.848337
   1.632      0.850395
   1.636      0.852397
   1.640      0.854344
   1.644      0.856236
   1.648      0.858075
   1.652      0.859860
   1.656      0.861593
   1.660      0.863273
   1.664      0.864901
   1.668      0.866478
   1.672      0.868005
   1.676      0.869480
   1.680      0.870907
   1.684      0.872283
   1.688      0.873611
   1.692      0.874891
   1.696      0.876123
   1.700      0.877307
   1.704      0.878444
   1.708      0.879535
   1.712      0.880580
   1.716      0.881579
   1.720      0.882533
   1.724      0.883443
   1.728      0.884308
   1.732      0.885129
   1.736      0.885907
   1.740      0.886642
   1.744      0.887335
   1.748      0.887986
   1.752      0.888595
   1.756      0.889163
   1.760      0.889690
   1.764      0.890176
   1.768      0.890623
   1.772      0.891030
   1.776      0.891399
   1.780      0.891728
   1.784      0.892019
   1.788      0.892272
   1.792      0.892487
   1.796      0.892666
   1.800      0.892807
   1.804      0.892912
   1.808      0.892982
   1.812      0.893015
   1.816      0.893013
   1.820      0.892977
   1.824      0.892906
   1.828      0.892800
   1.832      0.892661
   1.836      0.892489
   1.840      0.892283
   1.844      0.892045
   1.848      0.891774
   1.852      0.891471
   1.856      0.891137
   1.860      0.890771
   1.864      0.890374
   1.868      0.889947
   1.872      0.889489
   1.876      0.889001
   1.880      0.888483
   1.884      0.887937
   1.888      0.887361
   1.892      0.886756
   1.896      0.886123
   1.900      0.885462
   1.904      0.884773
   1.908      0.884057
   1.912      0.883313
   1.916      0.882543
   1.920      0.881746
   1.924      0.880923
   1.928      0.880074
   1.932      0.879199
   1.936      0.878299
   1.940      0.877374
   1.944      0.876424
   1.948      0.875450
   1.952      0.874452
   1.956      0.873429
   1.960      0.872383
   1.964      0.871313
   1.968      0.870221
   1.972      0.869105
   1.976      0.867967
   1.980      0.866807
   1.984      0.865625
   1.988      0.864421
   1.992      0.863195
   1.996      0.861948
   2.000      0.860680
   2.004      0.859392
   2.008      0.858083
   2.012      0.856753
   2.016      0.855404
   2.020      0.854035
   2.024      0.852646
   2.028      0.851239
   2.032      0.849812
   2.036      0.848366
   2.040      0.846902
   2.044      0.845420
   2.048      0.843919
   2.052      0.842401
   2.056      0.840865
   2.060      0.839312
   2.064      0.837742
   2.068      0.836154
   2.072      0.834550
   2.076      0.832930
   2.080      0.831293
   2.084      0.829640
   2.088      0.827972
   2.092      0.826288
   2.096      0.824588
   2.100      0.822873
   2.104      0.821143
   2.108      0.819399
   2.112      0.817639
   2.116      0.815866
   2.120      0.814078
   2.124      0.812276
   2.128      0.810461
   2.132      0.808632
   2.136      0.806789
   2.140      0.804934
   2.144      0.803065
   2.148      0.801183
   2.152      0.799289
   2.156      0.797383
   2.160      0.795464
   2.164      0.793533
   2.168      0.791590
   2.172      0.789636
   2.176      0.787670
   2.180      0.785692
   2.184      0.783704
   2.188      0.781704
   2.192      0.779694
   2.196      0.777673
   2.200      0.775641
   2.204      0.773599
   2.208      0.771547
   2.212      0.769485
   2.216      0.767413
   2.220      0.765332
   2.224      0.763241
   2.228      0.761140
   2.232      0.759031
   2.236      0.756912
   2.240      0.754785
   2.244      0.752649
   2.248      0.750504
   2.252      0.748351
   2.256      0.746190
   2.260      0.744020
   2.264      0.741843
   2.268      0.739658
   2.272      0.737465
   2.276      0.735265
   2.280      0.733057
   2.284      0.730842
   2.288      0.728620
   2.292      0.726391
   2.296      0.724155
   2.300      0.721913
   2.304      0.719664
   2.308      0.717408
   2.312      0.715147
   2.316      0.712879
   2.320      0.710605
   2.324      0.708326
   2.328      0.706040
   2.332      0.703749
   2.336      0.701453
   2.340      0.699151
   2.344      0.696844
   2.348      0.694532
   2.352      0.692215
   2.356      0.689893
   2.360      0.687567
   2.364      0.685236
   2.368      0.682900
   2.372      0.680560
   2.376      0.678215
   2.380      0.675867
   2.384      0.673514
   2.388      0.671158
   2.392      0.668798
   2.396      0.666434
   2.400      0.664066
   2.404      0.661696
   2.408      0.659321
   2.412      0.656944
   2.416      0.654563
   2.420      0.652180
   2.424      0.649793
   2.428      0.647404
   2.432      0.645011
   2.436      0.642617
   2.440      0.640220
   2.444      0.637820
   2.448      0.635418
   2.452      0.633014
   2.456      0.630608
   2.460      0.628199
   2.464      0.625789
   2.468      0.623377
   2.472      0.620964
   2.476      0.618548
   2.480      0.616131
   2.484      0.613713
   2.488      0.611293
   2.492      0.608873
   2.496      0.606450
   2.500      0.604027
   2.504      0.601603
   2.508      0.599178
   2.512      0.596752
   2.516      0.594326
   2.520      0.591899
   2.524      0.589471
   2.528      0.587043
   2.532      0.584614
   2.536      0.582185
   2.540      0.579756
   2.544      0.577327
   2.548      0.574897
   2.552      0.572468
   2.556      0.570039
   2.560      0.567609
   2.564      0.565181
   2.568      0.562752
   2.572      0.560324
   2.576      0.557896
   2.580      0.555469
   2.584      0.553043
   2.588      0.550617
   2.592      0.548192
   2.596      0.545768
   2.600      0.543345
   2.604      0.540923
   2.608      0.538501
   2.612      0.536081
   2.616      0.533662
   2.620      0.531245
   2.624      0.528829
   2.628      0.526414
   2.632      0.524000
   2.636      0.521588
   2.640      0.519178
   2.644      0.516770
   2.648      0.514363
   2.652      0.511957
   2.656      0.509554
   2.660      0.507153
   2.664      0.504753
   2.668      0.502356
   2.672      0.499961
   2.676      0.497568
   2.680      0.495177
   2.684      0.492788
   2.688      0.490402
   2.692      0.488018
   2.696      0.485636
   2.700      0.483257
   2.704      0.480880
   2.708      0.478507
   2.712      0.476135
   2.716      0.473767
   2.720      0.471401
   2.724      0.469038
   2.728      0.466678
   2.732      0.464321
   2.736      0.461967
   2.740      0.459615
   2.744      0.457267
   2.748      0.454922
   2.752      0.452581
   2.756      0.450242
   2.760      0.447907
   2.764      0.445575
   2.768      0.443246
   2.772      0.440921
   2.776      0.438599
   2.780      0.436281
   2.784      0.433966
   2.788      0.431655
   2.792      0.429348
   2.796      0.427044
   2.800      0.424744
   2.804      0.422447
   2.808      0.420155
   2.812      0.417866
   2.816      0.415581
   2.820      0.413301
   2.824      0.411024
   2.828      0.408751
   2.832      0.406482
   2.836      0.404218
   2.840      0.401957
   2.844      0.399701
   2.848      0.397449
   2.852      0.395201
   2.856      0.392957
   2.860      0.390718
   2.864      0.388483
   2.868      0.386252
   2.872      0.384026
   2.876      0.381804
   2.880      0.379587
   2.884      0.377375
   2.888      0.375167
   2.892      0.372963
   2.896      0.370765
   2.900      0.368570
   2.904      0.366381
   2.908      0.364196
   2.912      0.362016
   2.916      0.359841
   2.920      0.357671
   2.924      0.355506
   2.928      0.353345
   2.932      0.351190
   2.936      0.349039
   2.940      0.346893
   2.944      0.344753
   2.948      0.342617
   2.952      0.340487
   2.956      0.338361
   2.960      0.336241
   2.964      0.334126
   2.968      0.332016
   2.972      0.329911
   2.976      0.327811
   2.980      0.325717
   2.984      0.323628
   2.988      0.321545
   2.992      0.319466
   2.996      0.317393
   3.000      0.315326
   3.004      0.313264
   3.008      0.311207
   3.012      0.309156
   3.016      0.307110
   3.020      0.305069
   3.024      0.303035
   3.028      0.301005
   3.032      0.298982
   3.036      0.296964
   3.040      0.294951
   3.044      0.292945
   3.048      0.290944
   3.052      0.288948
   3.056      0.286958
   3.060      0.284974
   3.064      0.282996
   3.068      0.281024
   3.072      0.279057
   3.076      0.277096
   3.080      0.275141
   3.084      0.273192
   3.088      0.271248
   3.092      0.269311
   3.096      0.267379
   3.100      0.265453
   3.104      0.263534
   3.108      0.261620
   3.112      0.259712
   3.116      0.257810
   3.120      0.255914
   3.124      0.254024
   3.128      0.252140
   3.132      0.250263
   3.136      0.248391
   3.140      0.246525
   3.144      0.244666
   3.148      0.242812
   3.152      0.240965
   3.156      0.239124
   3.160      0.237289
   3.164      0.235460
   3.168      0.233637
   3.172      0.231821
   3.176      0.230010
   3.180      0.228206
   3.184      0.226409
   3.188      0.224617
   3.192      0.222832
   3.196      0.221053
   3.200      0.219280
   3.204      0.217514
   3.208      0.215754
   3.212      0.214000
   3.216      0.212253
   3.220      0.210511
   3.224      0.208777
   3.228      0.207048
   3.232      0.205326
   3.236      0.203611
   3.240      0.201902
   3.244      0.200199
   3.248      0.198503
   3.252      0.196813
   3.256      0.195130
   3.260      0.193453
   3.264      0.191782
   3.268      0.190118
   3.272      0.188461
   3.276      0.186810
   3.280      0.185165
   3.284      0.183527
   3.288      0.181896
   3.292      0.180271
   3.296      0.178652
   3.300      0.177041
   3.304      0.175435
   3.308      0.173837
   3.312      0.172245
   3.316      0.170659
   3.320      0.169080
   3.324      0.167508
   3.328      0.165942
   3.332      0.164383
   3.336      0.162831
   3.340      0.161285
   3.344      0.159746
   3.348      0.158213
   3.352      0.156687
   3.356      0.155168
   3.360      0.153656
   3.364      0.152150
   3.368      0.150651
   3.372      0.149158
   3.376      0.147673
   3.380      0.146193
   3.384      0.144721
   3.388      0.143256
   3.392      0.141797
   3.396      0.140345
   3.400      0.138899
   3.404      0.137460
   3.408      0.136028
   3.412      0.134603
   3.416      0.133185
   3.420      0.131773
   3.424      0.130368
   3.428      0.128970
   3.432      0.127579
   3.436      0.126195
   3.440      0.124817
   3.444      0.123446
   3.448      0.122082
   3.452      0.120725
   3.456      0.119374
   3.460      0.118030
   3.464      0.116694
   3.468      0.115364
   3.472      0.114040
   3.476      0.112724
   3.480      0.111415
   3.484      0.110112
   3.488      0.108816
   3.492      0.107527
   3.496      0.106245
   3.500      0.104970
   3.504      0.103702
   3.508      0.102441
   3.512      0.101186
   3.516      0.099938
   3.520      0.098698
   3.524      0.097464
   3.528      0.096237
   3.532      0.095017
   3.536      0.093804
   3.540      0.092598
   3.544      0.091398
   3.548      0.090206
   3.552      0.089021
   3.556      0.087842
   3.560      0.086671
   3.564      0.085506
   3.568      0.084349
   3.572      0.083198
   3.576      0.082054
   3.580      0.080917
   3.584      0.079788
   3.588      0.078665
   3.592      0.077549
   3.596      0.076440
   3.600      0.075338
   3.604      0.074243
   3.608      0.073155
   3.612      0.072074
   3.616      0.071001
   3.620      0.069934
   3.624      0.068874
   3.628      0.067821
   3.632      0.066775
   3.636      0.065736
   3.640      0.064704
   3.644      0.063679
   3.648      0.062661
   3.652      0.061651
   3.656      0.060647
   3.660      0.059650
   3.664      0.058660
   3.668      0.057677
   3.672      0.056702
   3.676      0.055733
   3.680      0.054772
   3.684      0.053817
   3.688      0.052869
   3.692      0.051929
   3.696      0.050996
   3.700      0.050069
   3.704      0.049150
   3.708      0.048238
   3.712      0.047332
   3.716      0.046434
   3.720      0.045543
   3.724      0.044659
   3.728      0.043782
   3.732      0.042912
   3.736      0.042049
   3.740      0.041194
   3.744      0.040345
   3.748      0.039503
   3.752      0.038669
   3.756      0.037841
   3.760      0.037021
   3.764      0.036207
   3.768      0.035401
   3.772      0.034602
   3.776      0.033809
   3.780      0.033024
   3.784      0.032246
   3.788      0.031475
   3.792      0.030711
   3.796      0.029954
   3.800      0.029204
   3.804      0.028461
   3.808      0.027726
   3.812      0.026997
   3.816      0.026275
   3.820      0.025560
   3.824      0.024853
   3.828      0.024152
   3.832      0.023458
   3.836      0.022772
   3.840      0.022092
   3.844      0.021419
   3.848      0.020754
   3.852      0.020095
   3.856      0.019443
   3.860      0.018798
   3.864      0.018160
   3.868      0.017529
   3.872      0.016905
   3.876      0.016288
   3.880      0.015678
   3.884      0.015075
   3.888      0.014478
   3.892      0.013889
   3.896      0.013306
   3.900      0.012730
   3.904      0.012161
   3.908      0.011598
   3.912      0.011042
   3.916      0.010493
   3.920      0.009951
   3.924      0.009415
   3.928      0.008886
   3.932      0.008364
   3.936      0.007848
   3.940      0.007338
   3.944      0.006835
   3.948      0.006339
   3.952      0.005849
   3.956      0.005365
   3.960      0.004887
   3.964      0.004416
   3.968      0.003950
   3.972      0.003490
   3.976      0.003037
   3.980      0.002588
   3.984      0.002146
   3.988      0.001708
   3.992      0.001275
   3.996      0.000847
   4.000      0.000422
   4.004      0.000000
