   0.004      0.007672
   0.008      0.087901
   0.012      0.168130
   0.016      0.251042
   0.020      0.334240
   0.024      0.417433
   0.028      0.500526
   0.032      0.583468
   0.036      0.666223
   0.040      0.748755
   0.044      0.831033
   0.048      0.913026
   0.052      0.994704
   0.056      1.076036
   0.060      1.156991
   0.064      1.237539
   0.068      1.317647
   0.072      1.397286
   0.076      1.476422
   0.080      1.555024
   0.084      1.633060
   0.088      1.710497
   0.092      1.787302
   0.096      1.863442
   0.100      1.938884
   0.104      2.013594
   0.108      2.087538
   0.112      2.160683
   0.116      2.232995
   0.120      2.304439
   0.124      2.374982
   0.128      2.444590
   0.132      2.513228
   0.136      2.580863
   0.140      2.647461
   0.144      2.712990
   0.148      2.777415
   0.152      2.840705
   0.156      2.902827
   0.160      2.963750
   0.164      3.023444
   0.168      3.081877
   0.172      3.139022
   0.176      3.194850
   0.180      3.249333
   0.184      3.302446
   0.188      3.354163
   0.192      3.404462
   0.196      3.453319
   0.200      3.500715
   0.204      3.546630
   0.208      3.591047
   0.212      3.633951
   0.216      3.675327
   0.220      3.715165
   0.224      3.753453
   0.228      3.790186
   0.232      3.825356
   0.236      3.858962
   0.240      3.891001
   0.244      3.921475
   0.248      3.950389
   0.252      3.977746
   0.256      4.003557
   0.260      4.027832
   0.264      4.050584
   0.268      4.071828
   0.272      4.091581
   0.276      4.109865
   0.280      4.126701
   0.284      4.142113
   0.288      4.156129
   0.292      4.168776
   0.296      4.180085
   0.300      4.190088
   0.304      4.198819
   0.308      4.206314
   0.312      4.212608
   0.316      4.217742
   0.320      4.221752
   0.324      4.224681
   0.328      4.226569
   0.332      4.227457
   0.336      4.227389
   0.340      4.226406
   0.344      4.224551
   0.348      4.221868
   0.352      4.218399
   0.356      4.214186
   0.360      4.209272
   0.364      4.203696
   0.368      4.197501
   0.372      4.190725
   0.376      4.183407
   0.380      4.175585
   0.384      4.167294
   0.388      4.158571
   0.392      4.149447
   0.396      4.139955
   0.400      4.130126
   0.404      4.119988
   0.408      4.109568
   0.412      4.098892
   0.416      4.087983
   0.420      4.076864
   0.424      4.065556
   0.428      4.054076
   0.432      4.042441
   0.436      4.030669
   0.440      4.018771
   0.444      4.006762
   0.448      3.994652
   0.452      3.982451
   0.456      3.970167
   0.460      3.957809
   0.464      3.945382
   0.468      3.932891
   0.472      3.920341
   0.476      3.907736
   0.480      3.895079
   0.484      3.882371
   0.488      3.869614
   0.492      3.856811
   0.496      3.843960
   0.500      3.831064
   0.504      3.818121
   0.508      3.805133
   0.512      3.792098
   0.516      3.779017
   0.520      3.765890
   0.524      3.752716
   0.528      3.739494
   0.532      3.726226
   0.536      3.712910
   0.540      3.699546
   0.544      3.686136
   0.548      3.672678
   0.552      3.659174
   0.556      3.645623
   0.560      3.632027
   0.564      3.618386
   0.568      3.604701
   0.572      3.590974
   0.576      3.577205
   0.580      3.563396
   0.584      3.549548
   0.588      3.535662
   0.592      3.521741
   0.596      3.507785
   0.600      3.493797
   0.604      3.479779
   0.608      3.465731
   0.612      3.451657
   0.616      3.437557
   0.620      3.423434
   0.624      3.409290
   0.628      3.395127
   0.632      3.380946
   0.636      3.366749
   0.640      3.352539
   0.644      3.338317
   0.648      3.324085
   0.652      3.309845
   0.656      3.295599
   0.660      3.281348
   0.664      3.267095
   0.668      3.252840
   0.672      3.238587
   0.676      3.224335
   0.680      3.210088
   0.684      3.195847
   0.688      3.181612
   0.692      3.167387
   0.696      3.153171
   0.700      3.138967
   0.704      3.124776
   0.708      3.110600
   0.712      3.096439
   0.716      3.082296
   0.720      3.068171
   0.724      3.054065
   0.728      3.039980
   0.732      3.025918
   0.736      3.011878
   0.740      2.997863
   0.744      2.983873
   0.748      2.969909
   0.752      2.955973
   0.756      2.942065
   0.760      2.928187
   0.764      2.914339
   0.768      2.900522
   0.772      2.886738
   0.776      2.872986
   0.780      2.859268
   0.784      2.845584
   0.788      2.831936
   0.792      2.818324
   0.796      2.804749
   0.800      2.791212
   0.804      2.777712
   0.808      2.764252
   0.812      2.750831
   0.816      2.737450
   0.820      2.724110
   0.824      2.710811
   0.828      2.697554
   0.832      2.684339
   0.836      2.671167
   0.840      2.658039
   0.844      2.644954
   0.848      2.631913
   0.852      2.618918
   0.856      2.605967
   0.860      2.593062
   0.864      2.580203
   0.868      2.567390
   0.872      2.554624
   0.876      2.541905
   0.880      2.529233
   0.884      2.516608
   0.888      2.504032
   0.892      2.491504
   0.896      2.479024
   0.900      2.466593
   0.904      2.454211
   0.908      2.441878
   0.912      2.429594
   0.916      2.417360
   0.920      2.405175
   0.924      2.393041
   0.928      2.380956
   0.932      2.368922
   0.936      2.356938
   0.940      2.345005
   0.944      2.333122
   0.948      2.321290
   0.952      2.309509
   0.956      2.297779
   0.960      2.286099
   0.964      2.274471
   0.968      2.262894
   0.972      2.251368
   0.976      2.239894
   0.980      2.228471
   0.984      2.217099
   0.988      2.205778
   0.992      2.194509
   0.996      2.183291
   1.000      2.172124
   1.004      2.161009
   1.008      2.149945
   1.012      2.138932
   1.016      2.127971
   1.020      2.117061
   1.024      2.106202
   1.028      2.095395
   1.032      2.084638
   1.036      2.073933
   1.040      2.063278
   1.044      2.052675
   1.048      2.042122
   1.052      2.031620
   1.056      2.021169
   1.060      2.010769
   1.064      2.000419
   1.068      1.990119
   1.072      1.979870
   1.076      1.969671
   1.080      1.959522
   1.084      1.949424
   1.088      1.939375
   1.092      1.929376
   1.096      1.919426
   1.100      1.909527
   1.104      1.899676
   1.108      1.889875
   1.112      1.880123
   1.116      1.870420
   1.120      1.860766
   1.124      1.851161
   1.128      1.841604
   1.132      1.832096
   1.136      1.822635
   1.140      1.813224
   1.144      1.803860
   1.148      1.794543
   1.152      1.785275
   1.156      1.776054
   1.160      1.766880
   1.164      1.757754
   1.168      1.748674
   1.172      1.739642
   1.176      1.730656
   1.180      1.721716
   1.184      1.712823
   1.188      1.703976
   1.192      1.695175
   1.196      1.686419
   1.200      1.677709
   1.204      1.669045
   1.208      1.660426
   1.212      1.651852
   1.216      1.643323
   1.220      1.634838
   1.224      1.626398
   1.228      1.618003
   1.232      1.609651
   1.236      1.601343
   1.240      1.593079
   1.244      1.584859
   1.248      1.576682
   1.252      1.568548
   1.256      1.560457
   1.260      1.552409
   1.264      1.544404
   1.268      1.536441
   1.272      1.528520
   1.276      1.520641
   1.280      1.512804
   1.284      1.505009
   1.288      1.497255
   1.292      1.489543
   1.296      1.481871
   1.300      1.474240
   1.304      1.466650
   1.308      1.459100
   1.312      1.451591
   1.316      1.444122
   1.320      1.436692
   1.324      1.429303
   1.328      1.421952
   1.332      1.414641
   1.336      1.407369
   1.340      1.400136
   1.344      1.392942
   1.348      1.385786
   1.352      1.378669
   1.356      1.371590
   1.360      1.364548
   1.364      1.357545
   1.368      1.350578
   1.372      1.343650
   1.376      1.336758
   1.380      1.329903
   1.384      1.323086
   1.388      1.316304
   1.392      1.309559
   1.396      1.302851
   1.400      1.296178
   1.404      1.289541
   1.408      1.282940
   1.412      1.276374
   1.416      1.269844
   1.420      1.263348
   1.424      1.256888
   1.428      1.250462
   1.432      1.244071
   1.436      1.237714
   1.440      1.231391
   1.444      1.225102
   1.448      1.218847
   1.452      1.212625
   1.456      1.206437
   1.460      1.200283
   1.464      1.194161
   1.468      1.188072
   1.472      1.182015
   1.476      1.175992
   1.480      1.170000
   1.484      1.164041
   1.488      1.158114
   1.492      1.152218
   1.496      1.146354
   1.500      1.140522
   1.504      1.134721
   1.508      1.128951
   1.512      1.123212
   1.516      1.117503
   1.520      1.111825
   1.524      1.106178
   1.528      1.100561
   1.532      1.094974
   1.536      1.089417
   1.540      1.083889
   1.544      1.078392
   1.548      1.072923
   1.552      1.067484
   1.556      1.062074
   1.560      1.056693
   1.564      1.051340
   1.568      1.046016
   1.572      1.040721
   1.576      1.035454
   1.580      1.030215
   1.584      1.025004
   1.588      1.019820
   1.592      1.014664
   1.596      1.009536
   1.600      1.004435
   1.604      0.999361
   1.608      0.994315
   1.612      0.989295
   1.616      0.984302
   1.620      0.979335
   1.624      0.974394
   1.628      0.969480
   1.632      0.964592
   1.636      0.959730
   1.640      0.954894
   1.644      0.950083
   1.648      0.945298
   1.652      0.940539
   1.656      0.935804
   1.660      0.931094
   1.664      0.926410
   1.668      0.921750
   1.672      0.917115
   1.676      0.912504
   1.680      0.907918
   1.684      0.903356
   1.688      0.898817
   1.692      0.894303
   1.696      0.889813
   1.700      0.885346
   1.704      0.880903
   1.708      0.876483
   1.712      0.872086
   1.716      0.867713
   1.720      0.863362
   1.724      0.859035
   1.728      0.854730
   1.732      0.850447
   1.736      0.846187
   1.740      0.841950
   1.744      0.837734
   1.748      0.833541
   1.752      0.829370
   1.756      0.825220
   1.760      0.821092
   1.764      0.816986
   1.768      0.812901
   1.772      0.808837
   1.776      0.804794
   1.780      0.800773
   1.784      0.796772
   1.788      0.792793
   1.792      0.788834
   1.796      0.784895
   1.800      0.780977
   1.804      0.777080
   1.808      0.773202
   1.812      0.769345
   1.816      0.765508
   1.820      0.761690
   1.824      0.757893
   1.828      0.754115
   1.832      0.750356
   1.836      0.746617
   1.840      0.742897
   1.844      0.739197
   1.848      0.735515
   1.852      0.731852
   1.856      0.728209
   1.860      0.724584
   1.864      0.720977
   1.868      0.717390
   1.872      0.713820
   1.876      0.710269
   1.880      0.706736
   1.884      0.703222
   1.888      0.699725
   1.892      0.696246
   1.896      0.692785
   1.900      0.689342
   1.904      0.685916
   1.908      0.682508
   1.912      0.679117
   1.916      0.675743
   1.920      0.672387
   1.924      0.669047
   1.928      0.665725
   1.932      0.662420
   1.936      0.659131
   1.940      0.655859
   1.944      0.652604
   1.948      0.649365
   1.952      0.646142
   1.956      0.642936
   1.960      0.639746
   1.964      0.636572
   1.968      0.633415
   1.972      0.630273
   1.976      0.627147
   1.980      0.624037
   1.984      0.620942
   1.988      0.617863
   1.992      0.614800
   1.996      0.611752
   2.000      0.608719
   2.004      0.605701
   2.008      0.602699
   2.012      0.599711
   2.016      0.596739
   2.020      0.593782
   2.024      0.590839
   2.028      0.587911
   2.032      0.584997
   2.036      0.582098
   2.040      0.579214
   2.044      0.576344
   2.048      0.573488
   2.052      0.570647
   2.056      0.567819
   2.060      0.565006
   2.064      0.562206
   2.068      0.559421
   2.072      0.556649
   2.076      0.553891
   2.080      0.551147
   2.084      0.548416
   2.088      0.545699
   2.092      0.542995
   2.096      0.540304
   2.100      0.537627
   2.104      0.534963
   2.108      0.532312
   2.112      0.529674
   2.116      0.527049
   2.120      0.524437
   2.124      0.521838
   2.128      0.519251
   2.132      0.516677
   2.136      0.514116
   2.140      0.511567
   2.144      0.509031
   2.148      0.506507
   2.152      0.503996
   2.156      0.501497
   2.160      0.499009
   2.164      0.496534
   2.168      0.494071
   2.172      0.491621
   2.176      0.489181
   2.180      0.486754
   2.184      0.484339
   2.188      0.481935
   2.192      0.479543
   2.196      0.477162
   2.200      0.474793
   2.204      0.472436
   2.208      0.470090
   2.212      0.467755
   2.216      0.465431
   2.220      0.463119
   2.224      0.460817
   2.228      0.458527
   2.232      0.456248
   2.236      0.453979
   2.240      0.451722
   2.244      0.449475
   2.248      0.447239
   2.252      0.445014
   2.256      0.442800
   2.260      0.440596
   2.264      0.438402
   2.268      0.436219
   2.272      0.434047
   2.276      0.431884
   2.280      0.429732
   2.284      0.427591
   2.288      0.425459
   2.292      0.423338
   2.296      0.421226
   2.300      0.419125
   2.304      0.417033
   2.308      0.414952
   2.312      0.412880
   2.316      0.410818
   2.320      0.408766
   2.324      0.406723
   2.328      0.404690
   2.332      0.402667
   2.336      0.400653
   2.340      0.398648
   2.344      0.396653
   2.348      0.394668
   2.352      0.392691
   2.356      0.390724
   2.360      0.388766
   2.364      0.386817
   2.368      0.384878
   2.372      0.382947
   2.376      0.381025
   2.380      0.379113
   2.384      0.377209
   2.388      0.375314
   2.392      0.373428
   2.396      0.371550
   2.400      0.369682
   2.404      0.367822
   2.408      0.365970
   2.412      0.364127
   2.416      0.362293
   2.420      0.360467
   2.424      0.358649
   2.428      0.356840
   2.432      0.355039
   2.436      0.353247
   2.440      0.351462
   2.444      0.349686
   2.448      0.347918
   2.452      0.346158
   2.456      0.344407
   2.460      0.342663
   2.464      0.340927
   2.468      0.339199
   2.472      0.337479
   2.476      0.335767
   2.480      0.334062
   2.484      0.332366
   2.488      0.330677
   2.492      0.328995
   2.496      0.327322
   2.500      0.325656
   2.504      0.323997
   2.508      0.322346
   2.512      0.320702
   2.516      0.319066
   2.520      0.317437
   2.524      0.315816
   2.528      0.314202
   2.532      0.312595
   2.536      0.310995
   2.540      0.309402
   2.544      0.307817
   2.548      0.306239
   2.552      0.304668
   2.556      0.303103
   2.560      0.301546
   2.564      0.299996
   2.568      0.298452
   2.572      0.296916
   2.576      0.295386
   2.580      0.293863
   2.584      0.292347
   2.588      0.290838
   2.592      0.289335
   2.596      0.287839
   2.600      0.286350
   2.604      0.284867
   2.608      0.283391
   2.612      0.281921
   2.616      0.280457
   2.620      0.279000
   2.624      0.277550
   2.628      0.276106
   2.632      0.274668
   2.636      0.273236
   2.640      0.271811
   2.644      0.270392
   2.648      0.268979
   2.652      0.267573
   2.656      0.266172
   2.660      0.264778
   2.664      0.263389
   2.668      0.262007
   2.672      0.260631
   2.676      0.259260
   2.680      0.257896
   2.684      0.256537
   2.688      0.255185
   2.692      0.253838
   2.696      0.252497
   2.700      0.251162
   2.704      0.249832
   2.708      0.248508
   2.712      0.247190
   2.716      0.245878
   2.720      0.244571
   2.724      0.243270
   2.728      0.241974
   2.732      0.240684
   2.736      0.239399
   2.740      0.238120
   2.744      0.236847
   2.748      0.235578
   2.752      0.234315
   2.756      0.233058
   2.760      0.231806
   2.764      0.230559
   2.768      0.229317
   2.772      0.228080
   2.776      0.226849
   2.780      0.225623
   2.784      0.224402
   2.788      0.223187
   2.792      0.221976
   2.796      0.220770
   2.800      0.219570
   2.804      0.218374
   2.808      0.217184
   2.812      0.215998
   2.816      0.214818
   2.820      0.213642
   2.824      0.212471
   2.828      0.211305
   2.832      0.210144
   2.836      0.208988
   2.840      0.207836
   2.844      0.206690
   2.848      0.205548
   2.852      0.204410
   2.856      0.203278
   2.860      0.202150
   2.864      0.201026
   2.868      0.199908
   2.872      0.198793
   2.876      0.197684
   2.880      0.196579
   2.884      0.195478
   2.888      0.194382
   2.892      0.193290
   2.896      0.192203
   2.900      0.191120
   2.904      0.190042
   2.908      0.188968
   2.912      0.187898
   2.916      0.186833
   2.920      0.185772
   2.924      0.184715
   2.928      0.183662
   2.932      0.182614
   2.936      0.181570
   2.940      0.180530
   2.944      0.179494
   2.948      0.178463
   2.952      0.177435
   2.956      0.176412
   2.960      0.175392
   2.964      0.174377
   2.968      0.173366
   2.972      0.172358
   2.976      0.171355
   2.980      0.170356
   2.984      0.169360
   2.988      0.168369
   2.992      0.167381
   2.996      0.166397
   3.000      0.165418
   3.004      0.164442
   3.008      0.163469
   3.012      0.162501
   3.016      0.161536
   3.020      0.160575
   3.024      0.159618
   3.028      0.158665
   3.032      0.157715
   3.036      0.156769
   3.040      0.155827
   3.044      0.154888
   3.048      0.153953
   3.052      0.153021
   3.056      0.152093
   3.060      0.151168
   3.064      0.150248
   3.068      0.149330
   3.072      0.148416
   3.076      0.147506
   3.080      0.146599
   3.084      0.145695
   3.088      0.144795
   3.092      0.143898
   3.096      0.143005
   3.100      0.142115
   3.104      0.141229
   3.108      0.140345
   3.112      0.139465
   3.116      0.138589
   3.120      0.137715
   3.124      0.136845
   3.128      0.135978
   3.132      0.135115
   3.136      0.134254
   3.140      0.133397
   3.144      0.132543
   3.148      0.131692
   3.152      0.130844
   3.156      0.129999
   3.160      0.129158
   3.164      0.128319
   3.168      0.127484
   3.172      0.126651
   3.176      0.125822
   3.180      0.124995
   3.184      0.124172
   3.188      0.123352
   3.192      0.122534
   3.196      0.121720
   3.200      0.120908
   3.204      0.120100
   3.208      0.119294
   3.212      0.118491
   3.216      0.117691
   3.220      0.116894
   3.224      0.116100
   3.228      0.115309
   3.232      0.114520
   3.236      0.113734
   3.240      0.112951
   3.244      0.112171
   3.248      0.111394
   3.252      0.110619
   3.256      0.109847
   3.260      0.109077
   3.264      0.108311
   3.268      0.107547
   3.272      0.106785
   3.276      0.106027
   3.280      0.105270
   3.284      0.104517
   3.288      0.103766
   3.292      0.103018
   3.296      0.102272
   3.300      0.101529
   3.304      0.100788
   3.308      0.100050
   3.312      0.099315
   3.316      0.098581
   3.320      0.097851
   3.324      0.097123
   3.328      0.096397
   3.332      0.095674
   3.336      0.094953
   3.340      0.094234
   3.344      0.093518
   3.348      0.092805
   3.352      0.092094
   3.356      0.091385
   3.360      0.090678
   3.364      0.089974
   3.368      0.089272
   3.372      0.088572
   3.376      0.087875
   3.380      0.087180
   3.384      0.086487
   3.388      0.085797
   3.392      0.085109
   3.396      0.084423
   3.400      0.083739
   3.404      0.083057
   3.408      0.082378
   3.412      0.081701
   3.416      0.081025
   3.420      0.080353
   3.424      0.079682
   3.428      0.079013
   3.432      0.078347
   3.436      0.077682
   3.440      0.077020
   3.444      0.076360
   3.448      0.075701
   3.452      0.075045
   3.456      0.074391
   3.460      0.073739
   3.464      0.073089
   3.468      0.072441
   3.472      0.071795
   3.476      0.071151
   3.480      0.070509
   3.484      0.069869
   3.488      0.069231
   3.492      0.068595
   3.496      0.067960
   3.500      0.067328
   3.504      0.066698
   3.508      0.066069
   3.512      0.065443
   3.516      0.064818
   3.520      0.064195
   3.524      0.063574
   3.528      0.062955
   3.532      0.062337
   3.536      0.061722
   3.540      0.061108
   3.544      0.060496
   3.548      0.059886
   3.552      0.059278
   3.556      0.058671
   3.560      0.058066
   3.564      0.057463
   3.568      0.056862
   3.572      0.056262
   3.576      0.055664
   3.580      0.055068
   3.584      0.054474
   3.588      0.053881
   3.592      0.053290
   3.596      0.052700
   3.600      0.052113
   3.604      0.051532
   3.608      0.050949
   3.612      0.050366
   3.616      0.049785
   3.620      0.049206
   3.624      0.048628
   3.628      0.048052
   3.632      0.047477
   3.636      0.046904
   3.640      0.046333
   3.644      0.045763
   3.648      0.045195
   3.652      0.044628
   3.656      0.044063
   3.660      0.043500
   3.664      0.042938
   3.668      0.042378
   3.672      0.041819
   3.676      0.041261
   3.680      0.040706
   3.684      0.040151
   3.688      0.039598
   3.692      0.039047
   3.696      0.038497
   3.700      0.037949
   3.704      0.037402
   3.708      0.036856
   3.712      0.036312
   3.716      0.035770
   3.720      0.035229
   3.724      0.034689
   3.728      0.034150
   3.732      0.033613
   3.736      0.033078
   3.740      0.032544
   3.744      0.032011
   3.748      0.031480
   3.752      0.030949
   3.756      0.030421
   3.760      0.029893
   3.764      0.029367
   3.768      0.028843
   3.772      0.028319
   3.776      0.027797
   3.780      0.027277
   3.784      0.026757
   3.788      0.026239
   3.792      0.025723
   3.796      0.025207
   3.800      0.024693
   3.804      0.024180
   3.808      0.023668
   3.812      0.023158
   3.816      0.022649
   3.820      0.022141
   3.824      0.021634
   3.828      0.021129
   3.832      0.020624
   3.836      0.020121
   3.840      0.019619
   3.844      0.019119
   3.848      0.018619
   3.852      0.018121
   3.856      0.017624
   3.860      0.017128
   3.864      0.016634
   3.868      0.016140
   3.872      0.015648
   3.876      0.015157
   3.880      0.014666
   3.884      0.014178
   3.888      0.013690
   3.892      0.013203
   3.896      0.012717
   3.900      0.012233
   3.904      0.011750
   3.908      0.011267
   3.912      0.010786
   3.916      0.010306
   3.920      0.009827
   3.924      0.009349
   3.928      0.008872
   3.932      0.008396
   3.936      0.007921
   3.940      0.007447
   3.944      0.006974
   3.948      0.006502
   3.952      0.006032
   3.956      0.005562
   3.960      0.005093
   3.964      0.004625
   3.968      0.004158
   3.972      0.003693
   3.976      0.003228
   3.980      0.002764
   3.984      0.002301
   3.988      0.001839
   3.992      0.001378
   3.996      0.000918
   4.000      0.000458
   4.004      0.000000
