   0.004      2.500678
   0.008      2.500940
   0.012      2.501202
   0.016      2.501583
   0.020      2.502086
   0.024      2.502738
   0.028      2.503540
   0.032      2.504491
   0.036      2.505590
   0.040      2.506839
   0.044      2.508237
   0.048      2.509785
   0.052      2.511484
   0.056      2.513333
   0.060      2.515335
   0.064      2.517489
   0.068      2.519796
   0.072      2.522255
   0.076      2.524869
   0.080      2.527636
   0.084      2.530558
   0.088      2.533634
   0.092      2.536865
   0.096      2.540251
   0.100      2.543793
   0.104      2.547490
   0.108      2.551343
   0.112      2.555352
   0.116      2.559516
   0.120      2.563836
   0.124      2.568312
   0.128      2.572944
   0.132      2.577731
   0.136      2.582674
   0.140      2.587772
   0.144      2.593025
   0.148      2.598432
   0.152      2.603993
   0.156      2.609708
   0.160      2.615576
   0.164      2.621596
   0.168      2.627769
   0.172      2.634092
   0.176      2.640565
   0.180      2.647188
   0.184      2.653959
   0.188      2.660878
   0.192      2.667943
   0.196      2.675152
   0.200      2.682505
   0.204      2.690001
   0.208      2.697637
   0.212      2.705412
   0.216      2.713325
   0.220      2.721373
   0.224      2.729555
   0.228      2.737869
   0.232      2.746312
   0.236      2.754883
   0.240      2.763580
   0.244      2.772398
   0.248      2.781337
   0.252      2.790394
   0.256      2.799565
   0.260      2.808848
   0.264      2.818240
   0.268      2.827738
   0.272      2.837338
   0.276      2.847038
   0.280      2.856833
   0.284      2.866719
   0.288      2.876694
   0.292      2.886754
   0.296      2.896893
   0.300      2.907109
   0.304      2.917396
   0.308      2.927751
   0.312      2.938169
   0.316      2.948646
   0.320      2.959175
   0.324      2.969754
   0.328      2.980375
   0.332      2.991036
   0.336      3.001729
   0.340      3.012450
   0.344      3.023194
   0.348      3.033954
   0.352      3.044725
   0.356      3.055501
   0.360      3.066276
   0.364      3.077044
   0.368      3.087800
   0.372      3.098536
   0.376      3.109247
   0.380      3.119926
   0.384      3.130567
   0.388      3.141163
   0.392      3.151707
   0.396      3.162194
   0.400      3.172616
   0.404      3.182967
   0.408      3.193239
   0.412      3.203427
   0.416      3.213523
   0.420      3.223520
   0.424      3.233412
   0.428      3.243191
   0.432      3.252852
   0.436      3.262386
   0.440      3.271786
   0.444      3.281047
   0.448      3.290162
   0.452      3.299122
   0.456      3.307922
   0.460      3.316555
   0.464      3.325014
   0.468      3.333293
   0.472      3.341384
   0.476      3.349282
   0.480      3.356979
   0.484      3.364471
   0.488      3.371749
   0.492      3.378810
   0.496      3.385645
   0.500      3.392250
   0.504      3.398619
   0.508      3.404746
   0.512      3.410626
   0.516      3.416254
   0.520      3.421624
   0.524      3.426733
   0.528      3.431575
   0.532      3.436145
   0.536      3.440440
   0.540      3.444456
   0.544      3.448189
   0.548      3.451635
   0.552      3.454792
   0.556      3.457655
   0.560      3.460223
   0.564      3.462493
   0.568      3.464463
   0.572      3.466130
   0.576      3.467493
   0.580      3.468551
   0.584      3.469302
   0.588      3.469746
   0.592      3.469881
   0.596      3.469708
   0.600      3.469227
   0.604      3.468436
   0.608      3.467338
   0.612      3.465933
   0.616      3.464221
   0.620      3.462204
   0.624      3.459883
   0.628      3.457260
   0.632      3.454337
   0.636      3.451116
   0.640      3.447599
   0.644      3.443790
   0.648      3.439690
   0.652      3.435303
   0.656      3.430632
   0.660      3.425681
   0.664      3.420453
   0.668      3.414952
   0.672      3.409182
   0.676      3.403146
   0.680      3.396850
   0.684      3.390297
   0.688      3.383492
   0.692      3.376440
   0.696      3.369144
   0.700      3.361611
   0.704      3.353845
   0.708      3.345851
   0.712      3.337634
   0.716      3.329200
   0.720      3.320552
   0.724      3.311697
   0.728      3.302640
   0.732      3.293386
   0.736      3.283941
   0.740      3.274309
   0.744      3.264496
   0.748      3.254507
   0.752      3.244348
   0.756      3.234024
   0.760      3.223540
   0.764      3.212902
   0.768      3.202114
   0.772      3.191182
   0.776      3.180110
   0.780      3.168905
   0.784      3.157570
   0.788      3.146111
   0.792      3.134533
   0.796      3.122840
   0.800      3.111038
   0.804      3.099130
   0.808      3.087121
   0.812      3.075017
   0.816      3.062820
   0.820      3.050536
   0.824      3.038169
   0.828      3.025723
   0.832      3.013201
   0.836      3.000609
   0.840      2.987949
   0.844      2.975226
   0.848      2.962443
   0.852      2.949604
   0.856      2.936713
   0.860      2.923772
   0.864      2.910785
   0.868      2.897756
   0.872      2.884687
   0.876      2.871581
   0.880      2.858442
   0.884      2.845273
   0.888      2.832075
   0.892      2.818853
   0.896      2.805609
   0.900      2.792344
   0.904      2.779063
   0.908      2.765766
   0.912      2.752457
   0.916      2.739138
   0.920      2.725811
   0.924      2.712478
   0.928      2.699141
   0.932      2.685803
   0.936      2.672464
   0.940      2.659128
   0.944      2.645796
   0.948      2.632469
   0.952      2.619150
   0.956      2.605840
   0.960      2.592541
   0.964      2.579254
   0.968      2.565981
   0.972      2.552723
   0.976      2.539481
   0.980      2.526258
   0.984      2.513054
   0.988      2.499871
   0.992      2.486710
   0.996      2.473572
   1.000      2.460458
   1.004      2.447369
   1.008      2.434307
   1.012      2.421273
   1.016      2.408267
   1.020      2.395291
   1.024      2.382345
   1.028      2.369431
   1.032      2.356549
   1.036      2.343700
   1.040      2.330885
   1.044      2.318106
   1.048      2.305361
   1.052      2.292653
   1.056      2.279983
   1.060      2.267350
   1.064      2.254755
   1.068      2.242200
   1.072      2.229684
   1.076      2.217209
   1.080      2.204775
   1.084      2.192382
   1.088      2.180031
   1.092      2.167723
   1.096      2.155458
   1.100      2.143236
   1.104      2.131059
   1.108      2.118925
   1.112      2.106837
   1.116      2.094794
   1.120      2.082797
   1.124      2.070845
   1.128      2.058940
   1.132      2.047082
   1.136      2.035271
   1.140      2.023507
   1.144      2.011791
   1.148      2.000122
   1.152      1.988502
   1.156      1.976931
   1.160      1.965408
   1.164      1.953934
   1.168      1.942509
   1.172      1.931133
   1.176      1.919807
   1.180      1.908531
   1.184      1.897305
   1.188      1.886128
   1.192      1.875002
   1.196      1.863926
   1.200      1.852900
   1.204      1.841925
   1.208      1.831001
   1.212      1.820127
   1.216      1.809304
   1.220      1.798532
   1.224      1.787811
   1.228      1.777141
   1.232      1.766522
   1.236      1.755954
   1.240      1.745438
   1.244      1.734972
   1.248      1.724557
   1.252      1.714194
   1.256      1.703882
   1.260      1.693621
   1.264      1.683411
   1.268      1.673253
   1.272      1.663145
   1.276      1.653089
   1.280      1.643083
   1.284      1.633129
   1.288      1.623226
   1.292      1.613373
   1.296      1.603572
   1.300      1.593821
   1.304      1.584121
   1.308      1.574471
   1.312      1.564872
   1.316      1.555324
   1.320      1.545825
   1.324      1.536378
   1.328      1.526980
   1.332      1.517633
   1.336      1.508335
   1.340      1.499087
   1.344      1.489890
   1.348      1.480741
   1.352      1.471643
   1.356      1.462593
   1.360      1.453594
   1.364      1.444643
   1.368      1.435741
   1.372      1.426888
   1.376      1.418084
   1.380      1.409328
   1.384      1.400621
   1.388      1.391962
   1.392      1.383351
   1.396      1.374789
   1.400      1.366274
   1.404      1.357807
   1.408      1.349387
   1.412      1.341015
   1.416      1.332690
   1.420      1.324412
   1.424      1.316181
   1.428      1.307996
   1.432      1.299858
   1.436      1.291767
   1.440      1.283721
   1.444      1.275722
   1.448      1.267768
   1.452      1.259861
   1.456      1.251998
   1.460      1.244181
   1.464      1.236409
   1.468      1.228682
   1.472      1.221000
   1.476      1.213362
   1.480      1.205768
   1.484      1.198219
   1.488      1.190714
   1.492      1.183252
   1.496      1.175835
   1.500      1.168460
   1.504      1.161129
   1.508      1.153841
   1.512      1.146595
   1.516      1.139393
   1.520      1.132233
   1.524      1.125115
   1.528      1.118039
   1.532      1.111005
   1.536      1.104012
   1.540      1.097061
   1.544      1.090152
   1.548      1.083283
   1.552      1.076455
   1.556      1.069669
   1.560      1.062922
   1.564      1.056216
   1.568      1.049550
   1.572      1.042924
   1.576      1.036337
   1.580      1.029790
   1.584      1.023282
   1.588      1.016814
   1.592      1.010384
   1.596      1.003993
   1.600      0.997640
   1.604      0.991326
   1.608      0.985050
   1.612      0.978812
   1.616      0.972611
   1.620      0.966449
   1.624      0.960323
   1.628      0.954234
   1.632      0.948183
   1.636      0.942168
   1.640      0.936190
   1.644      0.930248
   1.648      0.924342
   1.652      0.918472
   1.656      0.912638
   1.660      0.906840
   1.664      0.901077
   1.668      0.895349
   1.672      0.889656
   1.676      0.883998
   1.680      0.878374
   1.684      0.872785
   1.688      0.867230
   1.692      0.861709
   1.696      0.856222
   1.700      0.850769
   1.704      0.845349
   1.708      0.839962
   1.712      0.834608
   1.716      0.829288
   1.720      0.824000
   1.724      0.818744
   1.728      0.813521
   1.732      0.808330
   1.736      0.803171
   1.740      0.798044
   1.744      0.792949
   1.748      0.787885
   1.752      0.782852
   1.756      0.777850
   1.760      0.772879
   1.764      0.767939
   1.768      0.763029
   1.772      0.758150
   1.776      0.753301
   1.780      0.748482
   1.784      0.743692
   1.788      0.738933
   1.792      0.734203
   1.796      0.729502
   1.800      0.724830
   1.804      0.720187
   1.808      0.715573
   1.812      0.710987
   1.816      0.706430
   1.820      0.701901
   1.824      0.697401
   1.828      0.692928
   1.832      0.688483
   1.836      0.684066
   1.840      0.679676
   1.844      0.675313
   1.848      0.670977
   1.852      0.666669
   1.856      0.662387
   1.860      0.658132
   1.864      0.653903
   1.868      0.649700
   1.872      0.645524
   1.876      0.641374
   1.880      0.637249
   1.884      0.633150
   1.888      0.629077
   1.892      0.625029
   1.896      0.621006
   1.900      0.617008
   1.904      0.613036
   1.908      0.609087
   1.912      0.605164
   1.916      0.601265
   1.920      0.597390
   1.924      0.593539
   1.928      0.589712
   1.932      0.585909
   1.936      0.582130
   1.940      0.578375
   1.944      0.574642
   1.948      0.570933
   1.952      0.567247
   1.956      0.563585
   1.960      0.559944
   1.964      0.556327
   1.968      0.552732
   1.972      0.549160
   1.976      0.545609
   1.980      0.542081
   1.984      0.538575
   1.988      0.535091
   1.992      0.531628
   1.996      0.528187
   2.000      0.524767
   2.004      0.521369
   2.008      0.517992
   2.012      0.514636
   2.016      0.511301
   2.020      0.507986
   2.024      0.504692
   2.028      0.501419
   2.032      0.498166
   2.036      0.494933
   2.040      0.491721
   2.044      0.488528
   2.048      0.485356
   2.052      0.482203
   2.056      0.479069
   2.060      0.475955
   2.064      0.472861
   2.068      0.469786
   2.072      0.466730
   2.076      0.463692
   2.080      0.460674
   2.084      0.457675
   2.088      0.454694
   2.092      0.451732
   2.096      0.448788
   2.100      0.445862
   2.104      0.442955
   2.108      0.440065
   2.112      0.437194
   2.116      0.434340
   2.120      0.431504
   2.124      0.428686
   2.128      0.425885
   2.132      0.423101
   2.136      0.420335
   2.140      0.417586
   2.144      0.414854
   2.148      0.412139
   2.152      0.409441
   2.156      0.406759
   2.160      0.404094
   2.164      0.401446
   2.168      0.398813
   2.172      0.396198
   2.176      0.393598
   2.180      0.391014
   2.184      0.388447
   2.188      0.385895
   2.192      0.383359
   2.196      0.380839
   2.200      0.378334
   2.204      0.375845
   2.208      0.373371
   2.212      0.370912
   2.216      0.368469
   2.220      0.366040
   2.224      0.363627
   2.228      0.361228
   2.232      0.358845
   2.236      0.356476
   2.240      0.354121
   2.244      0.351781
   2.248      0.349455
   2.252      0.347144
   2.256      0.344847
   2.260      0.342564
   2.264      0.340295
   2.268      0.338040
   2.272      0.335799
   2.276      0.333571
   2.280      0.331357
   2.284      0.329157
   2.288      0.326970
   2.292      0.324797
   2.296      0.322637
   2.300      0.320490
   2.304      0.318356
   2.308      0.316236
   2.312      0.314128
   2.316      0.312033
   2.320      0.309951
   2.324      0.307882
   2.328      0.305825
   2.332      0.303781
   2.336      0.301750
   2.340      0.299730
   2.344      0.297723
   2.348      0.295729
   2.352      0.293746
   2.356      0.291776
   2.360      0.289817
   2.364      0.287870
   2.368      0.285936
   2.372      0.284013
   2.376      0.282101
   2.380      0.280201
   2.384      0.278313
   2.388      0.276436
   2.392      0.274571
   2.396      0.272716
   2.400      0.270873
   2.404      0.269042
   2.408      0.267221
   2.412      0.265411
   2.416      0.263612
   2.420      0.261824
   2.424      0.260047
   2.428      0.258280
   2.432      0.256525
   2.436      0.254779
   2.440      0.253044
   2.444      0.251320
   2.448      0.249606
   2.452      0.247902
   2.456      0.246209
   2.460      0.244525
   2.464      0.242852
   2.468      0.241189
   2.472      0.239536
   2.476      0.237892
   2.480      0.236259
   2.484      0.234635
   2.488      0.233021
   2.492      0.231416
   2.496      0.229821
   2.500      0.228236
   2.504      0.226660
   2.508      0.225093
   2.512      0.223536
   2.516      0.221988
   2.520      0.220449
   2.524      0.218919
   2.528      0.217398
   2.532      0.215887
   2.536      0.214384
   2.540      0.212890
   2.544      0.211405
   2.548      0.209929
   2.552      0.208461
   2.556      0.207002
   2.560      0.205552
   2.564      0.204110
   2.568      0.202677
   2.572      0.201252
   2.576      0.199835
   2.580      0.198427
   2.584      0.197027
   2.588      0.195635
   2.592      0.194252
   2.596      0.192876
   2.600      0.191509
   2.604      0.190149
   2.608      0.188798
   2.612      0.187454
   2.616      0.186118
   2.620      0.184790
   2.624      0.183469
   2.628      0.182157
   2.632      0.180852
   2.636      0.179554
   2.640      0.178264
   2.644      0.176981
   2.648      0.175706
   2.652      0.174438
   2.656      0.173178
   2.660      0.171924
   2.664      0.170678
   2.668      0.169439
   2.672      0.168207
   2.676      0.166983
   2.680      0.165765
   2.684      0.164554
   2.688      0.163350
   2.692      0.162153
   2.696      0.160963
   2.700      0.159780
   2.704      0.158603
   2.708      0.157433
   2.712      0.156270
   2.716      0.155113
   2.720      0.153963
   2.724      0.152819
   2.728      0.151682
   2.732      0.150551
   2.736      0.149427
   2.740      0.148309
   2.744      0.147197
   2.748      0.146091
   2.752      0.144992
   2.756      0.143899
   2.760      0.142812
   2.764      0.141731
   2.768      0.140656
   2.772      0.139587
   2.776      0.138524
   2.780      0.137466
   2.784      0.136415
   2.788      0.135370
   2.792      0.134330
   2.796      0.133296
   2.800      0.132268
   2.804      0.131245
   2.808      0.130228
   2.812      0.129217
   2.816      0.128211
   2.820      0.127211
   2.824      0.126216
   2.828      0.125227
   2.832      0.124243
   2.836      0.123264
   2.840      0.122291
   2.844      0.121323
   2.848      0.120360
   2.852      0.119402
   2.856      0.118450
   2.860      0.117503
   2.864      0.116561
   2.868      0.115624
   2.872      0.114692
   2.876      0.113764
   2.880      0.112842
   2.884      0.111925
   2.888      0.111013
   2.892      0.110105
   2.896      0.109203
   2.900      0.108305
   2.904      0.107412
   2.908      0.106523
   2.912      0.105640
   2.916      0.104761
   2.920      0.103886
   2.924      0.103016
   2.928      0.102151
   2.932      0.101290
   2.936      0.100434
   2.940      0.099582
   2.944      0.098735
   2.948      0.097892
   2.952      0.097053
   2.956      0.096219
   2.960      0.095389
   2.964      0.094563
   2.968      0.093741
   2.972      0.092924
   2.976      0.092111
   2.980      0.091302
   2.984      0.090497
   2.988      0.089696
   2.992      0.088899
   2.996      0.088106
   3.000      0.087317
   3.004      0.086533
   3.008      0.085752
   3.012      0.084975
   3.016      0.084202
   3.020      0.083432
   3.024      0.082667
   3.028      0.081905
   3.032      0.081147
   3.036      0.080393
   3.040      0.079643
   3.044      0.078896
   3.048      0.078153
   3.052      0.077413
   3.056      0.076677
   3.060      0.075945
   3.064      0.075216
   3.068      0.074491
   3.072      0.073769
   3.076      0.073051
   3.080      0.072336
   3.084      0.071625
   3.088      0.070917
   3.092      0.070212
   3.096      0.069510
   3.100      0.068812
   3.104      0.068118
   3.108      0.067426
   3.112      0.066738
   3.116      0.066053
   3.120      0.065371
   3.124      0.064692
   3.128      0.064016
   3.132      0.063344
   3.136      0.062675
   3.140      0.062008
   3.144      0.061345
   3.148      0.060685
   3.152      0.060027
   3.156      0.059373
   3.160      0.058722
   3.164      0.058073
   3.168      0.057427
   3.172      0.056785
   3.176      0.056145
   3.180      0.055508
   3.184      0.054874
   3.188      0.054242
   3.192      0.053614
   3.196      0.052988
   3.200      0.052364
   3.204      0.051744
   3.208      0.051126
   3.212      0.050511
   3.216      0.049898
   3.220      0.049288
   3.224      0.048681
   3.228      0.048076
   3.232      0.047474
   3.236      0.046874
   3.240      0.046277
   3.244      0.045682
   3.248      0.045090
   3.252      0.044500
   3.256      0.043912
   3.260      0.043327
   3.264      0.042745
   3.268      0.042164
   3.272      0.041586
   3.276      0.041011
   3.280      0.040437
   3.284      0.039866
   3.288      0.039298
   3.292      0.038731
   3.296      0.038167
   3.300      0.037605
   3.304      0.037045
   3.308      0.036487
   3.312      0.035931
   3.316      0.035378
   3.320      0.034826
   3.324      0.034277
   3.328      0.033730
   3.332      0.033184
   3.336      0.032641
   3.340      0.032100
   3.344      0.031561
   3.348      0.031024
   3.352      0.030488
   3.356      0.029955
   3.360      0.029424
   3.364      0.028894
   3.368      0.028367
   3.372      0.027841
   3.376      0.027317
   3.380      0.026795
   3.384      0.026275
   3.388      0.025757
   3.392      0.025240
   3.396      0.024725
   3.400      0.024212
   3.404      0.023701
   3.408      0.023191
   3.412      0.022683
   3.416      0.022177
   3.420      0.021672
   3.424      0.021169
   3.428      0.020668
   3.432      0.020169
   3.436      0.019670
   3.440      0.019174
   3.444      0.018679
   3.448      0.018186
   3.452      0.017694
   3.456      0.017204
   3.460      0.016715
   3.464      0.016228
   3.468      0.015742
   3.472      0.015258
   3.476      0.014775
   3.480      0.014293
   3.484      0.013813
   3.488      0.013335
   3.492      0.012857
   3.496      0.012382
   3.500      0.011907
   3.504      0.011434
   3.508      0.010962
   3.512      0.010492
   3.516      0.010022
   3.520      0.009554
   3.524      0.009088
   3.528      0.008622
   3.532      0.008158
   3.536      0.007695
   3.540      0.007233
   3.544      0.006773
   3.548      0.006314
   3.552      0.005855
   3.556      0.005398
   3.560      0.004943
   3.564      0.004488
   3.568      0.004034
   3.572      0.003582
   3.576      0.003130
   3.580      0.002680
   3.584      0.002231
   3.588      0.001783
   3.592      0.001335
   3.596      0.000889
   3.600      0.000444
   3.604      0.000000
