   0.000      1.413335
   0.009      1.413335
   0.018      1.413335
   0.027      1.413335
   0.036      1.413335
   0.045      1.413335
   0.053      1.413335
   0.062      1.413334
   0.071      1.413333
   0.080      1.413330
   0.089      1.413327
   0.098      1.413320
   0.107      1.413310
   0.116      1.413295
   0.125      1.413273
   0.134      1.413242
   0.143      1.413200
   0.151      1.413144
   0.160      1.413069
   0.169      1.412972
   0.178      1.412849
   0.187      1.412695
   0.196      1.412503
   0.205      1.412268
   0.214      1.411983
   0.223      1.411640
   0.232      1.411234
   0.241      1.410754
   0.249      1.410194
   0.258      1.409544
   0.267      1.408795
   0.276      1.407939
   0.285      1.406966
   0.294      1.405867
   0.303      1.404632
   0.312      1.403254
   0.321      1.401722
   0.330      1.400029
   0.339      1.398165
   0.347      1.396125
   0.356      1.393900
   0.365      1.391483
   0.374      1.388870
   0.383      1.386054
   0.392      1.383032
   0.401      1.379799
   0.410      1.376353
   0.419      1.372692
   0.428      1.368815
   0.437      1.364721
   0.445      1.360412
   0.454      1.355888
   0.463      1.351152
   0.472      1.346207
   0.481      1.341058
   0.490      1.335707
   0.499      1.330162
   0.508      1.324427
   0.517      1.318510
   0.526      1.312417
   0.534      1.306155
   0.543      1.299734
   0.552      1.293159
   0.561      1.286441
   0.570      1.279588
   0.579      1.272608
   0.588      1.265511
   0.597      1.258306
   0.606      1.251000
   0.615      1.243605
   0.624      1.236127
   0.632      1.228577
   0.641      1.220962
   0.650      1.213291
   0.659      1.205571
   0.668      1.197812
   0.677      1.190020
   0.686      1.182202
   0.695      1.174366
   0.704      1.166518
   0.713      1.158665
   0.722      1.150812
   0.730      1.142966
   0.739      1.135131
   0.748      1.127313
   0.757      1.119516
   0.766      1.111745
   0.775      1.104004
   0.784      1.096297
   0.793      1.088627
   0.802      1.080997
   0.811      1.073411
   0.820      1.065871
   0.828      1.058379
   0.837      1.050938
   0.846      1.043550
   0.855      1.036217
   0.864      1.028939
   0.873      1.021719
   0.882      1.014558
   0.891      1.007457
   0.900      1.000416
   0.909      0.993437
   0.918      0.986520
   0.926      0.979666
   0.935      0.972875
   0.944      0.966147
   0.953      0.959483
   0.962      0.952882
   0.971      0.946345
   0.980      0.939872
   0.989      0.933462
   0.998      0.927116
   1.007      0.920832
   1.016      0.914612
   1.024      0.908454
   1.033      0.902358
   1.042      0.896324
   1.051      0.890351
   1.060      0.884439
   1.069      0.878587
   1.078      0.872795
   1.087      0.867063
   1.096      0.861389
   1.105      0.855774
   1.114      0.850216
   1.122      0.844715
   1.131      0.839271
   1.140      0.833883
   1.149      0.828550
   1.158      0.823272
   1.167      0.818048
   1.176      0.812877
   1.185      0.807760
   1.194      0.802695
   1.203      0.797682
   1.212      0.792720
   1.220      0.787808
   1.229      0.782947
   1.238      0.778135
   1.247      0.773373
   1.256      0.768658
   1.265      0.763991
   1.274      0.759372
   1.283      0.754799
   1.292      0.750272
   1.301      0.745791
   1.310      0.741355
   1.318      0.736964
   1.327      0.732616
   1.336      0.728312
   1.345      0.724051
   1.354      0.719832
   1.363      0.715655
   1.372      0.711519
   1.381      0.707425
   1.390      0.703371
   1.399      0.699356
   1.408      0.695382
   1.416      0.691446
   1.425      0.687548
   1.434      0.683689
   1.443      0.679867
   1.452      0.676082
   1.461      0.672334
   1.470      0.668622
   1.479      0.664946
   1.488      0.661306
   1.497      0.657700
   1.505      0.654128
   1.514      0.650591
   1.523      0.647088
   1.532      0.643617
   1.541      0.640180
   1.550      0.636775
   1.559      0.633402
   1.568      0.630061
   1.577      0.626751
   1.586      0.623471
   1.595      0.620223
   1.603      0.617005
   1.612      0.613816
   1.621      0.610657
   1.630      0.607527
   1.639      0.604426
   1.648      0.601353
   1.657      0.598308
   1.666      0.595291
   1.675      0.592302
   1.684      0.589339
   1.693      0.586404
   1.701      0.583494
   1.710      0.580611
   1.719      0.577754
   1.728      0.574922
   1.737      0.572116
   1.746      0.569334
   1.755      0.566577
   1.764      0.563845
   1.773      0.561136
   1.782      0.558451
   1.791      0.555790
   1.799      0.553152
   1.808      0.550537
   1.817      0.547944
   1.826      0.545374
   1.835      0.542827
   1.844      0.540301
   1.853      0.537797
   1.862      0.535314
   1.871      0.532852
   1.880      0.530412
   1.889      0.527992
   1.897      0.525592
   1.906      0.523213
   1.915      0.520854
   1.924      0.518514
   1.933      0.516194
   1.942      0.513893
   1.951      0.511612
   1.960      0.509349
   1.969      0.507105
   1.978      0.504880
   1.987      0.502673
   1.995      0.500483
   2.004      0.498312
   2.013      0.496158
   2.022      0.494022
   2.031      0.491903
   2.040      0.489802
   2.049      0.487717
   2.058      0.485649
   2.067      0.483597
   2.076      0.481562
   2.085      0.479543
   2.093      0.477540
   2.102      0.475552
   2.111      0.473581
   2.120      0.471625
   2.129      0.469684
   2.138      0.467758
   2.147      0.465848
   2.156      0.463952
   2.165      0.462071
   2.174      0.460204
   2.183      0.458352
   2.191      0.456514
   2.200      0.454690
   2.209      0.452880
   2.218      0.451083
   2.227      0.449301
   2.236      0.447532
   2.245      0.445776
   2.254      0.444033
   2.263      0.442303
   2.272      0.440587
   2.281      0.438883
   2.289      0.437192
   2.298      0.435513
   2.307      0.433847
   2.316      0.432193
   2.325      0.430551
   2.334      0.428921
   2.343      0.427303
   2.352      0.425697
   2.361      0.424102
   2.370      0.422520
   2.379      0.420948
   2.387      0.419388
   2.396      0.417839
   2.405      0.416301
   2.414      0.414774
   2.423      0.413258
   2.432      0.411753
   2.441      0.410258
   2.450      0.408774
   2.459      0.407300
   2.468      0.405837
   2.476      0.404384
   2.485      0.402941
   2.494      0.401508
   2.503      0.400085
   2.512      0.398671
   2.521      0.397268
   2.530      0.395874
   2.539      0.394490
   2.548      0.393115
   2.557      0.391750
   2.566      0.390394
   2.574      0.389047
   2.583      0.387709
   2.592      0.386380
   2.601      0.385060
   2.610      0.383749
   2.619      0.382447
   2.628      0.381153
   2.637      0.379868
   2.646      0.378592
   2.655      0.377324
   2.664      0.376064
   2.672      0.374812
   2.681      0.373569
   2.690      0.372334
   2.699      0.371107
   2.708      0.369888
   2.717      0.368677
   2.726      0.367473
   2.735      0.366278
   2.744      0.365090
   2.753      0.363909
   2.762      0.362737
   2.770      0.361571
   2.779      0.360413
   2.788      0.359263
   2.797      0.358119
   2.806      0.356983
   2.815      0.355854
   2.824      0.354732
   2.833      0.353617
   2.842      0.352509
   2.851      0.351408
   2.860      0.350314
   2.868      0.349227
   2.877      0.348146
   2.886      0.347072
   2.895      0.346004
   2.904      0.344943
   2.913      0.343888
   2.922      0.342840
   2.931      0.341798
   2.940      0.340763
   2.949      0.339733
   2.958      0.338710
   2.966      0.337693
   2.975      0.336682
   2.984      0.335677
   2.993      0.334678
   3.002      0.333685
   3.011      0.332698
   3.020      0.331717
   3.029      0.330741
   3.038      0.329771
   3.047      0.328807
   3.056      0.327848
   3.064      0.326895
   3.073      0.325948
   3.082      0.325006
   3.091      0.324069
   3.100      0.323138
   3.109      0.322212
   3.118      0.321292
   3.127      0.320376
   3.136      0.319466
   3.145      0.318561
   3.154      0.317661
   3.162      0.316766
   3.171      0.315877
   3.180      0.314992
   3.189      0.314112
   3.198      0.313237
   3.207      0.312367
   3.216      0.311501
   3.225      0.310641
   3.234      0.309785
   3.243      0.308934
   3.252      0.308088
   3.260      0.307246
   3.269      0.306409
   3.278      0.305576
   3.287      0.304748
   3.296      0.303924
   3.305      0.303105
   3.314      0.302290
   3.323      0.301480
   3.332      0.300674
   3.341      0.299872
   3.350      0.299075
   3.358      0.298281
   3.367      0.297492
   3.376      0.296707
   3.385      0.295926
   3.394      0.295150
   3.403      0.294377
   3.412      0.293608
   3.421      0.292844
   3.430      0.292083
   3.439      0.291327
   3.447      0.290574
   3.456      0.289825
   3.465      0.289080
   3.474      0.288339
   3.483      0.287601
   3.492      0.286867
   3.501      0.286138
   3.510      0.285411
   3.519      0.284689
   3.528      0.283970
   3.537      0.283255
   3.545      0.282543
