   0.000      2.370368
   0.009      2.370439
   0.018      2.370553
   0.027      2.371049
   0.036      2.372310
   0.045      2.374749
   0.053      2.378907
   0.062      2.385324
   0.071      2.394314
   0.080      2.406076
   0.089      2.420547
   0.098      2.437492
   0.107      2.456590
   0.116      2.477436
   0.125      2.499653
   0.134      2.522892
   0.143      2.546859
   0.151      2.571287
   0.160      2.595947
   0.169      2.620658
   0.178      2.645250
   0.187      2.669577
   0.196      2.693508
   0.205      2.716930
   0.214      2.739733
   0.223      2.761822
   0.232      2.783098
   0.241      2.803486
   0.249      2.822898
   0.258      2.841259
   0.267      2.858495
   0.276      2.874543
   0.285      2.889332
   0.294      2.902804
   0.303      2.914900
   0.312      2.925565
   0.321      2.934744
   0.330      2.942395
   0.339      2.948467
   0.347      2.952922
   0.356      2.955719
   0.365      2.956828
   0.374      2.956211
   0.383      2.953845
   0.392      2.949705
   0.401      2.943770
   0.410      2.936020
   0.419      2.926445
   0.428      2.915033
   0.437      2.901777
   0.445      2.886674
   0.454      2.869726
   0.463      2.850935
   0.472      2.830308
   0.481      2.807855
   0.490      2.783592
   0.499      2.757532
   0.508      2.729697
   0.517      2.700111
   0.526      2.668798
   0.534      2.635786
   0.543      2.601106
   0.552      2.564798
   0.561      2.526893
   0.570      2.487432
   0.579      2.446458
   0.588      2.404014
   0.597      2.360149
   0.606      2.314909
   0.615      2.268347
   0.624      2.220517
   0.632      2.171474
   0.641      2.121274
   0.650      2.069978
   0.659      2.017648
   0.668      1.964344
   0.677      1.910134
   0.686      1.855083
   0.695      1.799259
   0.704      1.742731
   0.713      1.685571
   0.722      1.627850
   0.730      1.569643
   0.739      1.511023
   0.748      1.452065
   0.757      1.392849
   0.766      1.333449
   0.775      1.273943
   0.784      1.214411
   0.793      1.154931
   0.802      1.095583
   0.811      1.036445
   0.820      0.977597
   0.828      0.919116
   0.837      0.861085
   0.846      0.803577
   0.855      0.746672
   0.864      0.690445
   0.873      0.634972
   0.882      0.580327
   0.891      0.526581
   0.900      0.473805
   0.909      0.422068
   0.918      0.371438
   0.926      0.321977
   0.935      0.273747
   0.944      0.226808
   0.953      0.181217
   0.962      0.137025
   0.971      0.094285
   0.980      0.053042
   0.989      0.013339
   0.998     -0.024784
   1.007     -0.061294
   1.016     -0.096152
   1.024     -0.129340
   1.033     -0.160830
   1.042     -0.190603
   1.051     -0.218643
   1.060     -0.244945
   1.069     -0.269502
   1.078     -0.292311
   1.087     -0.313378
   1.096     -0.332713
   1.105     -0.350328
   1.114     -0.366242
   1.122     -0.380478
   1.131     -0.393063
   1.140     -0.404031
   1.149     -0.413416
   1.158     -0.421262
   1.167     -0.427614
   1.176     -0.432522
   1.185     -0.436037
   1.194     -0.438218
   1.203     -0.439128
   1.212     -0.438828
   1.220     -0.437386
   1.229     -0.434874
   1.238     -0.431364
   1.247     -0.426929
   1.256     -0.421648
   1.265     -0.415601
   1.274     -0.408865
   1.283     -0.401520
   1.292     -0.393653
   1.301     -0.385339
   1.310     -0.376660
   1.318     -0.367695
   1.327     -0.358528
   1.336     -0.349227
   1.345     -0.339866
   1.354     -0.330529
   1.363     -0.321274
   1.372     -0.312151
   1.381     -0.303206
   1.390     -0.294503
   1.399     -0.286050
   1.408     -0.277852
   1.416     -0.269899
   1.425     -0.262140
   1.434     -0.254603
   1.443     -0.247284
   1.452     -0.240172
   1.461     -0.233248
   1.470     -0.226516
   1.479     -0.219970
   1.488     -0.213605
   1.497     -0.207414
   1.505     -0.201394
   1.514     -0.195539
   1.523     -0.189845
   1.532     -0.184307
   1.541     -0.178920
   1.550     -0.173680
   1.559     -0.168584
   1.568     -0.163626
   1.577     -0.158804
   1.586     -0.154113
   1.595     -0.149550
   1.603     -0.145112
   1.612     -0.140794
   1.621     -0.136594
   1.630     -0.132508
   1.639     -0.128533
   1.648     -0.124667
   1.657     -0.120906
   1.666     -0.117248
   1.675     -0.113689
   1.684     -0.110228
   1.693     -0.106861
   1.701     -0.103586
   1.710     -0.100401
   1.719     -0.097303
   1.728     -0.094289
   1.737     -0.091359
   1.746     -0.088509
   1.755     -0.085737
   1.764     -0.083042
   1.773     -0.080422
   1.782     -0.077873
   1.791     -0.075396
   1.799     -0.072987
   1.808     -0.070645
   1.817     -0.068368
   1.826     -0.066155
   1.835     -0.064003
   1.844     -0.061912
   1.853     -0.059880
   1.862     -0.057904
   1.871     -0.055985
   1.880     -0.054120
   1.889     -0.052308
   1.897     -0.050547
   1.906     -0.048836
   1.915     -0.047175
   1.924     -0.045561
   1.933     -0.043993
   1.942     -0.042471
   1.951     -0.040993
   1.960     -0.039557
   1.969     -0.038164
   1.978     -0.036811
   1.987     -0.035498
   1.995     -0.034223
   2.004     -0.032986
   2.013     -0.031786
   2.022     -0.030621
   2.031     -0.029491
   2.040     -0.028395
   2.049     -0.027332
   2.058     -0.026301
   2.067     -0.025301
   2.076     -0.024332
   2.085     -0.023392
   2.093     -0.022481
   2.102     -0.021598
   2.111     -0.020742
   2.120     -0.019914
   2.129     -0.019110
   2.138     -0.018333
   2.147     -0.017579
   2.156     -0.016850
   2.165     -0.016143
   2.174     -0.015460
   2.183     -0.014798
   2.191     -0.014157
   2.200     -0.013538
   2.209     -0.012938
   2.218     -0.012359
   2.227     -0.011798
   2.236     -0.011256
   2.245     -0.010732
   2.254     -0.010226
   2.263     -0.009736
   2.272     -0.009263
   2.281     -0.008807
   2.289     -0.008366
   2.298     -0.007940
   2.307     -0.007529
   2.316     -0.007132
   2.325     -0.006750
   2.334     -0.006380
   2.343     -0.006025
   2.352     -0.005681
   2.361     -0.005350
   2.370     -0.005032
   2.379     -0.004724
   2.387     -0.004429
   2.396     -0.004144
   2.405     -0.003870
   2.414     -0.003606
   2.423     -0.003352
   2.432     -0.003108
   2.441     -0.002873
   2.450     -0.002648
   2.459     -0.002431
   2.468     -0.002223
   2.476     -0.002023
   2.485     -0.001831
   2.494     -0.001647
   2.503     -0.001471
   2.512     -0.001302
   2.521     -0.001140
   2.530     -0.000984
   2.539     -0.000836
   2.548     -0.000693
   2.557     -0.000557
   2.566     -0.000427
   2.574     -0.000302
   2.583     -0.000184
   2.592     -0.000070
   2.601      0.000038
   2.610      0.000142
   2.619      0.000240
   2.628      0.000334
   2.637      0.000423
   2.646      0.000508
   2.655      0.000589
   2.664      0.000665
   2.672      0.000738
   2.681      0.000807
   2.690      0.000873
   2.699      0.000935
   2.708      0.000994
   2.717      0.001049
   2.726      0.001102
   2.735      0.001151
   2.744      0.001198
   2.753      0.001242
   2.762      0.001283
   2.770      0.001322
   2.779      0.001359
   2.788      0.001393
   2.797      0.001425
   2.806      0.001455
   2.815      0.001482
   2.824      0.001508
   2.833      0.001533
   2.842      0.001555
   2.851      0.001576
   2.860      0.001595
   2.868      0.001612
   2.877      0.001628
   2.886      0.001643
   2.895      0.001656
   2.904      0.001669
   2.913      0.001680
   2.922      0.001690
   2.931      0.001698
   2.940      0.001706
   2.949      0.001713
   2.958      0.001719
   2.966      0.001724
   2.975      0.001729
   2.984      0.001732
   2.993      0.001735
   3.002      0.001738
   3.011      0.001739
   3.020      0.001740
   3.029      0.001741
   3.038      0.001741
   3.047      0.001741
   3.056      0.001740
   3.064      0.001739
   3.073      0.001737
   3.082      0.001735
   3.091      0.001733
   3.100      0.001730
   3.109      0.001728
   3.118      0.001725
   3.127      0.001721
   3.136      0.001718
   3.145      0.001714
   3.154      0.001711
   3.162      0.001707
   3.171      0.001703
   3.180      0.001699
   3.189      0.001694
   3.198      0.001690
   3.207      0.001686
   3.216      0.001681
   3.225      0.001677
   3.234      0.001673
   3.243      0.001668
   3.252      0.001664
   3.260      0.001659
   3.269      0.001655
   3.278      0.001650
   3.287      0.001646
   3.296      0.001641
   3.305      0.001637
   3.314      0.001633
   3.323      0.001628
   3.332      0.001624
   3.341      0.001619
   3.350      0.001615
   3.358      0.001611
   3.367      0.001607
   3.376      0.001602
   3.385      0.001598
   3.394      0.001594
   3.403      0.001590
   3.412      0.001586
   3.421      0.001582
   3.430      0.001577
   3.439      0.001573
   3.447      0.001569
   3.456      0.001565
   3.465      0.001561
   3.474      0.001557
   3.483      0.001553
   3.492      0.001549
   3.501      0.001545
   3.510      0.001541
   3.519      0.001537
   3.528      0.001534
   3.537      0.001530
   3.545      0.001526
