   0.000      0.676205
   0.009      0.676204
   0.018      0.676201
   0.027      0.676196
   0.036      0.676190
   0.045      0.676182
   0.053      0.676172
   0.062      0.676160
   0.071      0.676146
   0.080      0.676131
   0.089      0.676113
   0.098      0.676094
   0.107      0.676072
   0.116      0.676049
   0.125      0.676024
   0.134      0.675997
   0.143      0.675968
   0.151      0.675936
   0.160      0.675903
   0.169      0.675868
   0.178      0.675831
   0.187      0.675791
   0.196      0.675749
   0.205      0.675705
   0.214      0.675659
   0.223      0.675611
   0.232      0.675560
   0.241      0.675507
   0.249      0.675452
   0.258      0.675394
   0.267      0.675333
   0.276      0.675270
   0.285      0.675204
   0.294      0.675136
   0.303      0.675065
   0.312      0.674991
   0.321      0.674914
   0.330      0.674834
   0.339      0.674752
   0.347      0.674666
   0.356      0.674577
   0.365      0.674484
   0.374      0.674389
   0.383      0.674290
   0.392      0.674187
   0.401      0.674081
   0.410      0.673971
   0.419      0.673858
   0.428      0.673740
   0.437      0.673618
   0.445      0.673493
   0.454      0.673363
   0.463      0.673228
   0.472      0.673089
   0.481      0.672946
   0.490      0.672798
   0.499      0.672645
   0.508      0.672486
   0.517      0.672323
   0.526      0.672154
   0.534      0.671980
   0.543      0.671800
   0.552      0.671615
   0.561      0.671423
   0.570      0.671225
   0.579      0.671021
   0.588      0.670810
   0.597      0.670593
   0.606      0.670368
   0.615      0.670137
   0.624      0.669898
   0.632      0.669652
   0.641      0.669398
   0.650      0.669136
   0.659      0.668866
   0.668      0.668588
   0.677      0.668301
   0.686      0.668005
   0.695      0.667700
   0.704      0.667385
   0.713      0.667061
   0.722      0.666727
   0.730      0.666384
   0.739      0.666029
   0.748      0.665664
   0.757      0.665289
   0.766      0.664902
   0.775      0.664504
   0.784      0.664094
   0.793      0.663672
   0.802      0.663238
   0.811      0.662792
   0.820      0.662333
   0.828      0.661861
   0.837      0.661376
   0.846      0.660877
   0.855      0.660364
   0.864      0.659837
   0.873      0.659297
   0.882      0.658741
   0.891      0.658171
   0.900      0.657586
   0.909      0.656985
   0.918      0.656369
   0.926      0.655737
   0.935      0.655089
   0.944      0.654425
   0.953      0.653745
   0.962      0.653048
   0.971      0.652335
   0.980      0.651604
   0.989      0.650856
   0.998      0.650091
   1.007      0.649309
   1.016      0.648509
   1.024      0.647692
   1.033      0.646857
   1.042      0.646003
   1.051      0.645132
   1.060      0.644243
   1.069      0.643336
   1.078      0.642411
   1.087      0.641468
   1.096      0.640506
   1.105      0.639526
   1.114      0.638528
   1.122      0.637512
   1.131      0.636478
   1.140      0.635426
   1.149      0.634356
   1.158      0.633268
   1.167      0.632162
   1.176      0.631038
   1.185      0.629897
   1.194      0.628738
   1.203      0.627562
   1.212      0.626369
   1.220      0.625159
   1.229      0.623932
   1.238      0.622688
   1.247      0.621428
   1.256      0.620152
   1.265      0.618860
   1.274      0.617552
   1.283      0.616228
   1.292      0.614890
   1.301      0.613536
   1.310      0.612167
   1.318      0.610784
   1.327      0.609387
   1.336      0.607975
   1.345      0.606550
   1.354      0.605112
   1.363      0.603660
   1.372      0.602196
   1.381      0.600719
   1.390      0.599230
   1.399      0.597729
   1.408      0.596216
   1.416      0.594692
   1.425      0.593157
   1.434      0.591611
   1.443      0.590055
   1.452      0.588489
   1.461      0.586913
   1.470      0.585328
   1.479      0.583733
   1.488      0.582130
   1.497      0.580518
   1.505      0.578898
   1.514      0.577270
   1.523      0.575634
   1.532      0.573991
   1.541      0.572341
   1.550      0.570685
   1.559      0.569021
   1.568      0.567352
   1.577      0.565677
   1.586      0.563996
   1.595      0.562311
   1.603      0.560620
   1.612      0.558924
   1.621      0.557224
   1.630      0.555520
   1.639      0.553812
   1.648      0.552100
   1.657      0.550386
   1.666      0.548667
   1.675      0.546947
   1.684      0.545223
   1.693      0.543497
   1.701      0.541770
   1.710      0.540040
   1.719      0.538309
   1.728      0.536576
   1.737      0.534842
   1.746      0.533108
   1.755      0.531372
   1.764      0.529636
   1.773      0.527900
   1.782      0.526164
   1.791      0.524428
   1.799      0.522693
   1.808      0.520958
   1.817      0.519224
   1.826      0.517490
   1.835      0.515758
   1.844      0.514028
   1.853      0.512298
   1.862      0.510571
   1.871      0.508845
   1.880      0.507122
   1.889      0.505400
   1.897      0.503681
   1.906      0.501965
   1.915      0.500251
   1.924      0.498540
   1.933      0.496832
   1.942      0.495127
   1.951      0.493426
   1.960      0.491728
   1.969      0.490033
   1.978      0.488342
   1.987      0.486655
   1.995      0.484972
   2.004      0.483293
   2.013      0.481618
   2.022      0.479947
   2.031      0.478281
   2.040      0.476619
   2.049      0.474962
   2.058      0.473309
   2.067      0.471661
   2.076      0.470019
   2.085      0.468381
   2.093      0.466748
   2.102      0.465120
   2.111      0.463498
   2.120      0.461881
   2.129      0.460270
   2.138      0.458664
   2.147      0.457063
   2.156      0.455468
   2.165      0.453879
   2.174      0.452296
   2.183      0.450718
   2.191      0.449146
   2.200      0.447581
   2.209      0.446021
   2.218      0.444467
   2.227      0.442920
   2.236      0.441378
   2.245      0.439843
   2.254      0.438314
   2.263      0.436792
   2.272      0.435275
   2.281      0.433765
   2.289      0.432262
   2.298      0.430765
   2.307      0.429274
   2.316      0.427790
   2.325      0.426313
   2.334      0.424842
   2.343      0.423377
   2.352      0.421920
   2.361      0.420469
   2.370      0.419024
   2.379      0.417586
   2.387      0.416155
   2.396      0.414731
   2.405      0.413313
   2.414      0.411903
   2.423      0.410498
   2.432      0.409101
   2.441      0.407711
   2.450      0.406327
   2.459      0.404950
   2.468      0.403580
   2.476      0.402216
   2.485      0.400859
   2.494      0.399510
   2.503      0.398167
   2.512      0.396830
   2.521      0.395501
   2.530      0.394178
   2.539      0.392862
   2.548      0.391553
   2.557      0.390251
   2.566      0.388955
   2.574      0.387667
   2.583      0.386384
   2.592      0.385109
   2.601      0.383840
   2.610      0.382579
   2.619      0.381323
   2.628      0.380075
   2.637      0.378833
   2.646      0.377598
   2.655      0.376369
   2.664      0.375147
   2.672      0.373932
   2.681      0.372723
   2.690      0.371521
   2.699      0.370325
   2.708      0.369136
   2.717      0.367953
   2.726      0.366777
   2.735      0.365607
   2.744      0.364444
   2.753      0.363287
   2.762      0.362137
   2.770      0.360993
   2.779      0.359855
   2.788      0.358723
   2.797      0.357598
   2.806      0.356479
   2.815      0.355366
   2.824      0.354260
   2.833      0.353160
   2.842      0.352065
   2.851      0.350977
   2.860      0.349895
   2.868      0.348819
   2.877      0.347750
   2.886      0.346686
   2.895      0.345628
   2.904      0.344576
   2.913      0.343530
   2.922      0.342490
   2.931      0.341455
   2.940      0.340427
   2.949      0.339404
   2.958      0.338387
   2.966      0.337376
   2.975      0.336371
   2.984      0.335371
   2.993      0.334377
   3.002      0.333388
   3.011      0.332405
   3.020      0.331427
   3.029      0.330455
   3.038      0.329489
   3.047      0.328528
   3.056      0.327572
   3.064      0.326622
   3.073      0.325676
   3.082      0.324737
   3.091      0.323802
   3.100      0.322873
   3.109      0.321949
   3.118      0.321030
   3.127      0.320116
   3.136      0.319207
   3.145      0.318304
   3.154      0.317405
   3.162      0.316512
   3.171      0.315623
   3.180      0.314739
   3.189      0.313860
   3.198      0.312986
   3.207      0.312117
   3.216      0.311253
   3.225      0.310393
   3.234      0.309538
   3.243      0.308688
   3.252      0.307842
   3.260      0.307001
   3.269      0.306164
   3.278      0.305332
   3.287      0.304505
   3.296      0.303682
   3.305      0.302863
   3.314      0.302049
   3.323      0.301240
   3.332      0.300434
   3.341      0.299633
   3.350      0.298836
   3.358      0.298043
   3.367      0.297255
   3.376      0.296471
   3.385      0.295690
   3.394      0.294914
   3.403      0.294142
   3.412      0.293374
   3.421      0.292610
   3.430      0.291850
   3.439      0.291094
   3.447      0.290342
   3.456      0.289594
   3.465      0.288849
   3.474      0.288109
   3.483      0.287372
   3.492      0.286639
   3.501      0.285909
   3.510      0.285184
   3.519      0.284462
   3.528      0.283743
   3.537      0.283029
   3.545      0.282317
