   0.000      1.214927
   0.009      1.214927
   0.018      1.214927
   0.027      1.214927
   0.036      1.214927
   0.045      1.214927
   0.053      1.214927
   0.062      1.214926
   0.071      1.214924
   0.080      1.214921
   0.089      1.214916
   0.098      1.214907
   0.107      1.214893
   0.116      1.214872
   0.125      1.214842
   0.134      1.214799
   0.143      1.214741
   0.151      1.214663
   0.160      1.214561
   0.169      1.214428
   0.178      1.214260
   0.187      1.214049
   0.196      1.213788
   0.205      1.213469
   0.214      1.213083
   0.223      1.212622
   0.232      1.212075
   0.241      1.211433
   0.249      1.210685
   0.258      1.209821
   0.267      1.208829
   0.276      1.207700
   0.285      1.206423
   0.294      1.204986
   0.303      1.203381
   0.312      1.201597
   0.321      1.199625
   0.330      1.197457
   0.339      1.195085
   0.347      1.192503
   0.356      1.189704
   0.365      1.186684
   0.374      1.183439
   0.383      1.179966
   0.392      1.176265
   0.401      1.172335
   0.410      1.168178
   0.419      1.163795
   0.428      1.159190
   0.437      1.154368
   0.445      1.149336
   0.454      1.144099
   0.463      1.138667
   0.472      1.133048
   0.481      1.127251
   0.490      1.121288
   0.499      1.115170
   0.508      1.108908
   0.517      1.102516
   0.526      1.096005
   0.534      1.089389
   0.543      1.082680
   0.552      1.075893
   0.561      1.069040
   0.570      1.062134
   0.579      1.055188
   0.588      1.048215
   0.597      1.041227
   0.606      1.034237
   0.615      1.027254
   0.624      1.020291
   0.632      1.013358
   0.641      1.006464
   0.650      0.999619
   0.659      0.992831
   0.668      0.986108
   0.677      0.979457
   0.686      0.972884
   0.695      0.966396
   0.704      0.959998
   0.713      0.953694
   0.722      0.947488
   0.730      0.941384
   0.739      0.935384
   0.748      0.929490
   0.757      0.923704
   0.766      0.918027
   0.775      0.912459
   0.784      0.907002
   0.793      0.901653
   0.802      0.896414
   0.811      0.891282
   0.820      0.886256
   0.828      0.881334
   0.837      0.876515
   0.846      0.871797
   0.855      0.867176
   0.864      0.862650
   0.873      0.858217
   0.882      0.853873
   0.891      0.849616
   0.900      0.845441
   0.909      0.841346
   0.918      0.837328
   0.926      0.833383
   0.935      0.829508
   0.944      0.825700
   0.953      0.821954
   0.962      0.818268
   0.971      0.814639
   0.980      0.811063
   0.989      0.807537
   0.998      0.804059
   1.007      0.800624
   1.016      0.797230
   1.024      0.793875
   1.033      0.790555
   1.042      0.787268
   1.051      0.784011
   1.060      0.780782
   1.069      0.777579
   1.078      0.774400
   1.087      0.771242
   1.096      0.768104
   1.105      0.764984
   1.114      0.761879
   1.122      0.758790
   1.131      0.755713
   1.140      0.752648
   1.149      0.749594
   1.158      0.746550
   1.167      0.743514
   1.176      0.740485
   1.185      0.737464
   1.194      0.734448
   1.203      0.731438
   1.212      0.728434
   1.220      0.725433
   1.229      0.722437
   1.238      0.719445
   1.247      0.716457
   1.256      0.713472
   1.265      0.710491
   1.274      0.707513
   1.283      0.704539
   1.292      0.701568
   1.301      0.698601
   1.310      0.695638
   1.318      0.692679
   1.327      0.689723
   1.336      0.686773
   1.345      0.683826
   1.354      0.680885
   1.363      0.677948
   1.372      0.675018
   1.381      0.672092
   1.390      0.669173
   1.399      0.666261
   1.408      0.663355
   1.416      0.660456
   1.425      0.657564
   1.434      0.654680
   1.443      0.651804
   1.452      0.648937
   1.461      0.646078
   1.470      0.643228
   1.479      0.640387
   1.488      0.637556
   1.497      0.634735
   1.505      0.631924
   1.514      0.629123
   1.523      0.626333
   1.532      0.623554
   1.541      0.620786
   1.550      0.618029
   1.559      0.615285
   1.568      0.612552
   1.577      0.609831
   1.586      0.607122
   1.595      0.604426
   1.603      0.601743
   1.612      0.599072
   1.621      0.596415
   1.630      0.593770
   1.639      0.591139
   1.648      0.588521
   1.657      0.585917
   1.666      0.583326
   1.675      0.580749
   1.684      0.578186
   1.693      0.575637
   1.701      0.573101
   1.710      0.570580
   1.719      0.568073
   1.728      0.565580
   1.737      0.563102
   1.746      0.560637
   1.755      0.558187
   1.764      0.555751
   1.773      0.553330
   1.782      0.550923
   1.791      0.548531
   1.799      0.546153
   1.808      0.543789
   1.817      0.541440
   1.826      0.539105
   1.835      0.536785
   1.844      0.534479
   1.853      0.532187
   1.862      0.529910
   1.871      0.527647
   1.880      0.525398
   1.889      0.523164
   1.897      0.520944
   1.906      0.518738
   1.915      0.516546
   1.924      0.514369
   1.933      0.512205
   1.942      0.510056
   1.951      0.507920
   1.960      0.505798
   1.969      0.503691
   1.978      0.501597
   1.987      0.499517
   1.995      0.497450
   2.004      0.495397
   2.013      0.493358
   2.022      0.491332
   2.031      0.489320
   2.040      0.487321
   2.049      0.485335
   2.058      0.483363
   2.067      0.481403
   2.076      0.479457
   2.085      0.477524
   2.093      0.475603
   2.102      0.473696
   2.111      0.471801
   2.120      0.469919
   2.129      0.468050
   2.138      0.466193
   2.147      0.464349
   2.156      0.462517
   2.165      0.460697
   2.174      0.458890
   2.183      0.457094
   2.191      0.455311
   2.200      0.453540
   2.209      0.451781
   2.218      0.450033
   2.227      0.448298
   2.236      0.446574
   2.245      0.444861
   2.254      0.443160
   2.263      0.441471
   2.272      0.439793
   2.281      0.438126
   2.289      0.436470
   2.298      0.434826
   2.307      0.433192
   2.316      0.431570
   2.325      0.429958
   2.334      0.428357
   2.343      0.426767
   2.352      0.425188
   2.361      0.423619
   2.370      0.422060
   2.379      0.420512
   2.387      0.418974
   2.396      0.417446
   2.405      0.415929
   2.414      0.414422
   2.423      0.412924
   2.432      0.411437
   2.441      0.409959
   2.450      0.408491
   2.459      0.407033
   2.468      0.405585
   2.476      0.404146
   2.485      0.402716
   2.494      0.401296
   2.503      0.399886
   2.512      0.398484
   2.521      0.397092
   2.530      0.395709
   2.539      0.394334
   2.548      0.392969
   2.557      0.391613
   2.566      0.390265
   2.574      0.388927
   2.583      0.387596
   2.592      0.386275
   2.601      0.384962
   2.610      0.383658
   2.619      0.382361
   2.628      0.381074
   2.637      0.379794
   2.646      0.378523
   2.655      0.377260
   2.664      0.376005
   2.672      0.374758
   2.681      0.373519
   2.690      0.372287
   2.699      0.371064
   2.708      0.369848
   2.717      0.368640
   2.726      0.367440
   2.735      0.366247
   2.744      0.365062
   2.753      0.363884
   2.762      0.362713
   2.770      0.361550
   2.779      0.360394
   2.788      0.359245
   2.797      0.358103
   2.806      0.356969
   2.815      0.355841
   2.824      0.354721
   2.833      0.353607
   2.842      0.352500
   2.851      0.351400
   2.860      0.350307
   2.868      0.349220
   2.877      0.348140
   2.886      0.347066
   2.895      0.345999
   2.904      0.344939
   2.913      0.343885
   2.922      0.342837
   2.931      0.341796
   2.940      0.340760
   2.949      0.339731
   2.958      0.338709
   2.966      0.337692
   2.975      0.336681
   2.984      0.335676
   2.993      0.334678
   3.002      0.333685
   3.011      0.332698
   3.020      0.331716
   3.029      0.330741
   3.038      0.329771
   3.047      0.328807
   3.056      0.327848
   3.064      0.326895
   3.073      0.325948
   3.082      0.325006
   3.091      0.324069
   3.100      0.323138
   3.109      0.322212
   3.118      0.321292
   3.127      0.320376
   3.136      0.319466
   3.145      0.318561
   3.154      0.317661
   3.162      0.316766
   3.171      0.315877
   3.180      0.314992
   3.189      0.314112
   3.198      0.313237
   3.207      0.312367
   3.216      0.311501
   3.225      0.310641
   3.234      0.309785
   3.243      0.308934
   3.252      0.308088
   3.260      0.307246
   3.269      0.306409
   3.278      0.305576
   3.287      0.304748
   3.296      0.303924
   3.305      0.303105
   3.314      0.302290
   3.323      0.301480
   3.332      0.300674
   3.341      0.299872
   3.350      0.299075
   3.358      0.298281
   3.367      0.297492
   3.376      0.296707
   3.385      0.295926
   3.394      0.295150
   3.403      0.294377
   3.412      0.293608
   3.421      0.292844
   3.430      0.292083
   3.439      0.291327
   3.447      0.290574
   3.456      0.289825
   3.465      0.289080
   3.474      0.288339
   3.483      0.287601
   3.492      0.286867
   3.501      0.286138
   3.510      0.285411
   3.519      0.284689
   3.528      0.283970
   3.537      0.283255
   3.545      0.282543
