   0.000      1.490823
   0.006      1.490823
   0.012      1.490823
   0.019      1.490823
   0.025      1.490822
   0.031      1.490820
   0.037      1.490817
   0.044      1.490812
   0.050      1.490804
   0.056      1.490792
   0.062      1.490776
   0.069      1.490755
   0.075      1.490727
   0.081      1.490691
   0.087      1.490646
   0.094      1.490591
   0.100      1.490525
   0.106      1.490445
   0.112      1.490352
   0.119      1.490243
   0.125      1.490116
   0.131      1.489971
   0.137      1.489806
   0.144      1.489618
   0.150      1.489407
   0.156      1.489171
   0.162      1.488908
   0.169      1.488617
   0.175      1.488295
   0.181      1.487942
   0.187      1.487554
   0.194      1.487132
   0.200      1.486673
   0.206      1.486174
   0.212      1.485636
   0.219      1.485056
   0.225      1.484431
   0.231      1.483762
   0.237      1.483046
   0.244      1.482281
   0.250      1.481467
   0.256      1.480601
   0.262      1.479682
   0.269      1.478708
   0.275      1.477679
   0.281      1.476592
   0.287      1.475447
   0.294      1.474242
   0.300      1.472976
   0.306      1.471647
   0.312      1.470255
   0.319      1.468798
   0.325      1.467276
   0.331      1.465686
   0.337      1.464029
   0.344      1.462303
   0.350      1.460508
   0.356      1.458643
   0.362      1.456706
   0.369      1.454698
   0.375      1.452617
   0.381      1.450463
   0.387      1.448236
   0.394      1.445935
   0.400      1.443559
   0.406      1.441109
   0.412      1.438584
   0.419      1.435983
   0.425      1.433307
   0.431      1.430556
   0.437      1.427729
   0.444      1.424826
   0.450      1.421848
   0.456      1.418795
   0.462      1.415666
   0.469      1.412463
   0.475      1.409185
   0.481      1.405832
   0.487      1.402406
   0.494      1.398907
   0.500      1.395335
   0.506      1.391690
   0.512      1.387974
   0.519      1.384187
   0.525      1.380330
   0.531      1.376403
   0.537      1.372408
   0.544      1.368345
   0.550      1.364216
   0.556      1.360020
   0.562      1.355760
   0.569      1.351437
   0.575      1.347050
   0.581      1.342603
   0.587      1.338095
   0.594      1.333528
   0.600      1.328904
   0.606      1.324223
   0.612      1.319487
   0.619      1.314698
   0.625      1.309856
   0.631      1.304963
   0.637      1.300021
   0.644      1.295031
   0.650      1.289995
   0.656      1.284913
   0.662      1.279788
   0.669      1.274622
   0.675      1.269415
   0.681      1.264170
   0.687      1.258887
   0.694      1.253569
   0.700      1.248217
   0.706      1.242833
   0.712      1.237419
   0.719      1.231975
   0.725      1.226505
   0.731      1.221008
   0.737      1.215488
   0.744      1.209946
   0.750      1.204383
   0.756      1.198800
   0.762      1.193201
   0.769      1.187585
   0.775      1.181955
   0.781      1.176313
   0.787      1.170660
   0.794      1.164997
   0.800      1.159326
   0.806      1.153649
   0.812      1.147968
   0.819      1.142282
   0.825      1.136595
   0.831      1.130908
   0.837      1.125221
   0.844      1.119537
   0.850      1.113857
   0.856      1.108181
   0.862      1.102513
   0.869      1.096852
   0.875      1.091200
   0.881      1.085558
   0.887      1.079928
   0.894      1.074311
   0.900      1.068707
   0.906      1.063119
   0.912      1.057546
   0.919      1.051991
   0.925      1.046454
   0.931      1.040936
   0.937      1.035438
   0.944      1.029961
   0.950      1.024506
   0.956      1.019074
   0.962      1.013666
   0.969      1.008282
   0.975      1.002923
   0.981      0.997590
   0.987      0.992284
   0.994      0.987006
   1.000      0.981755
   1.006      0.976533
   1.012      0.971340
   1.019      0.966177
   1.025      0.961044
   1.031      0.955942
   1.037      0.950871
   1.044      0.945831
   1.050      0.940824
   1.056      0.935849
   1.062      0.930907
   1.069      0.925998
   1.075      0.921122
   1.081      0.916280
   1.087      0.911472
   1.094      0.906697
   1.100      0.901957
   1.106      0.897252
   1.112      0.892581
   1.119      0.887945
   1.125      0.883343
   1.131      0.878777
   1.137      0.874245
   1.144      0.869748
   1.150      0.865287
   1.156      0.860860
   1.162      0.856468
   1.169      0.852112
   1.175      0.847790
   1.181      0.843503
   1.187      0.839251
   1.194      0.835034
   1.200      0.830851
   1.206      0.826703
   1.212      0.822589
   1.219      0.818509
   1.225      0.814464
   1.231      0.810452
   1.237      0.806474
   1.244      0.802529
   1.250      0.798618
   1.256      0.794740
   1.262      0.790895
   1.269      0.787083
   1.275      0.783303
   1.281      0.779555
   1.287      0.775840
   1.294      0.772156
   1.300      0.768504
   1.306      0.764883
   1.312      0.761294
   1.319      0.757735
   1.325      0.754206
   1.331      0.750708
   1.337      0.747240
   1.344      0.743802
   1.350      0.740393
   1.356      0.737013
   1.362      0.733662
   1.369      0.730340
   1.375      0.727046
   1.381      0.723781
   1.387      0.720543
   1.394      0.717333
   1.400      0.714150
   1.406      0.710994
   1.412      0.707864
   1.419      0.704761
   1.425      0.701684
   1.431      0.698634
   1.437      0.695608
   1.444      0.692608
   1.450      0.689633
   1.456      0.686683
   1.462      0.683758
   1.469      0.680856
   1.475      0.677979
   1.481      0.675125
   1.487      0.672295
   1.494      0.669488
   1.500      0.666704
   1.506      0.663942
   1.512      0.661204
   1.519      0.658487
   1.525      0.655792
   1.531      0.653119
   1.537      0.650467
   1.544      0.647837
   1.550      0.645227
   1.556      0.642638
   1.562      0.640070
   1.569      0.637522
   1.575      0.634994
   1.581      0.632486
   1.587      0.629998
   1.594      0.627529
   1.600      0.625079
   1.606      0.622648
   1.612      0.620236
   1.619      0.617842
   1.625      0.615466
   1.631      0.613109
   1.637      0.610770
   1.644      0.608448
   1.650      0.606144
   1.656      0.603857
   1.662      0.601588
   1.669      0.599335
   1.675      0.597099
   1.681      0.594880
   1.687      0.592677
   1.694      0.590490
   1.700      0.588320
   1.706      0.586165
   1.712      0.584026
   1.718      0.581902
   1.725      0.579794
   1.731      0.577701
   1.737      0.575623
   1.743      0.573560
   1.750      0.571512
   1.756      0.569478
   1.762      0.567459
   1.768      0.565454
   1.775      0.563463
   1.781      0.561486
   1.787      0.559523
   1.793      0.557573
   1.800      0.555637
   1.806      0.553715
   1.812      0.551805
   1.818      0.549909
   1.825      0.548026
   1.831      0.546155
   1.837      0.544298
   1.843      0.542453
   1.850      0.540620
   1.856      0.538800
   1.862      0.536992
   1.868      0.535196
   1.875      0.533412
   1.881      0.531640
   1.887      0.529879
   1.893      0.528131
   1.900      0.526393
   1.906      0.524668
   1.912      0.522953
   1.918      0.521249
   1.925      0.519557
   1.931      0.517876
   1.937      0.516205
   1.943      0.514545
   1.950      0.512896
   1.956      0.511258
   1.962      0.509629
   1.968      0.508011
   1.975      0.506404
   1.981      0.504806
   1.987      0.503219
   1.993      0.501641
   2.000      0.500074
   2.006      0.498516
   2.012      0.496968
   2.018      0.495429
   2.025      0.493900
   2.031      0.492380
   2.037      0.490870
   2.043      0.489369
   2.050      0.487877
   2.056      0.486394
   2.062      0.484920
   2.068      0.483455
   2.075      0.481999
   2.081      0.480551
   2.087      0.479113
   2.093      0.477682
   2.100      0.476261
   2.106      0.474847
   2.112      0.473443
   2.118      0.472046
   2.125      0.470658
   2.131      0.469277
   2.137      0.467905
   2.143      0.466541
   2.150      0.465185
   2.156      0.463837
   2.162      0.462496
   2.168      0.461163
   2.175      0.459838
   2.181      0.458520
   2.187      0.457210
   2.193      0.455908
   2.200      0.454613
   2.206      0.453325
   2.212      0.452044
   2.218      0.450771
   2.225      0.449505
   2.231      0.448245
   2.237      0.446993
   2.243      0.445748
   2.250      0.444510
   2.256      0.443279
   2.262      0.442054
   2.268      0.440836
   2.275      0.439625
   2.281      0.438421
   2.287      0.437223
   2.293      0.436032
   2.300      0.434847
   2.306      0.433668
   2.312      0.432496
   2.318      0.431330
   2.325      0.430171
   2.331      0.429018
   2.337      0.427871
   2.343      0.426730
   2.350      0.425595
   2.356      0.424466
   2.362      0.423343
   2.368      0.422226
   2.375      0.421115
   2.381      0.420009
   2.387      0.418910
   2.393      0.417816
   2.400      0.416728
   2.406      0.415646
   2.412      0.414569
   2.418      0.413498
   2.425      0.412432
   2.431      0.411372
   2.437      0.410317
   2.443      0.409268
   2.450      0.408223
   2.456      0.407185
   2.462      0.406151
   2.468      0.405123
   2.475      0.404100
   2.481      0.403082
   2.487      0.402069
