   0.005      0.001409
   0.009      0.017306
   0.014      0.033203
   0.019      0.049929
   0.024      0.067218
   0.028      0.085229
   0.033      0.104173
   0.038      0.124286
   0.042      0.145827
   0.047      0.168788
   0.052      0.190946
   0.056      0.212391
   0.061      0.233319
   0.066      0.253856
   0.071      0.274083
   0.075      0.294054
   0.080      0.313805
   0.085      0.333363
   0.089      0.352746
   0.094      0.371966
   0.099      0.391032
   0.103      0.409953
   0.108      0.428732
   0.113      0.447374
   0.118      0.465882
   0.122      0.484259
   0.127      0.502506
   0.132      0.520627
   0.136      0.538624
   0.141      0.556498
   0.146      0.574251
   0.150      0.591887
   0.155      0.609405
   0.160      0.626808
   0.165      0.644096
   0.169      0.661270
   0.174      0.678331
   0.179      0.695280
   0.183      0.712116
   0.188      0.728842
   0.193      0.745455
   0.197      0.761958
   0.202      0.778351
   0.207      0.794633
   0.212      0.810804
   0.216      0.826866
   0.221      0.842817
   0.226      0.858659
   0.230      0.874391
   0.235      0.890013
   0.240      0.905526
   0.244      0.920929
   0.249      0.936223
   0.254      0.951407
   0.259      0.966482
   0.263      0.981448
   0.268      0.996304
   0.273      1.011051
   0.277      1.025689
   0.282      1.040218
   0.287      1.054637
   0.291      1.068948
   0.296      1.083149
   0.301      1.097241
   0.305      1.111224
   0.310      1.125098
   0.315      1.138863
   0.320      1.152520
   0.324      1.166067
   0.329      1.179505
   0.334      1.192835
   0.338      1.206055
   0.343      1.219167
   0.348      1.232171
   0.353      1.245065
   0.357      1.257851
   0.362      1.270528
   0.367      1.283097
   0.371      1.295557
   0.376      1.307909
   0.381      1.320152
   0.385      1.332288
   0.390      1.344314
   0.395      1.356233
   0.400      1.368044
   0.404      1.379746
   0.409      1.391340
   0.414      1.402827
   0.418      1.414206
   0.423      1.425476
   0.428      1.436640
   0.432      1.447695
   0.437      1.458643
   0.442      1.469484
   0.447      1.480217
   0.451      1.490843
   0.456      1.501362
   0.461      1.511773
   0.465      1.522078
   0.470      1.532276
   0.475      1.542367
   0.479      1.552351
   0.484      1.562229
   0.489      1.572000
   0.493      1.581665
   0.498      1.591224
   0.503      1.600676
   0.508      1.610023
   0.512      1.619264
   0.517      1.628399
   0.522      1.637428
   0.526      1.646352
   0.531      1.655170
   0.536      1.663883
   0.540      1.672491
   0.545      1.680994
   0.550      1.689392
   0.555      1.697686
   0.559      1.705875
   0.564      1.713959
   0.569      1.721940
   0.573      1.729816
   0.578      1.737588
   0.583      1.745256
   0.588      1.752821
   0.592      1.760282
   0.597      1.767640
   0.602      1.774895
   0.606      1.782046
   0.611      1.789095
   0.616      1.796041
   0.620      1.802885
   0.625      1.809626
   0.630      1.816265
   0.635      1.822802
   0.639      1.829238
   0.644      1.835571
   0.649      1.841804
   0.653      1.847935
   0.658      1.853965
   0.663      1.859894
   0.667      1.865722
   0.672      1.871450
   0.677      1.877078
   0.681      1.882606
   0.686      1.888033
   0.691      1.893361
   0.696      1.898590
   0.700      1.903719
   0.705      1.908749
   0.710      1.913681
   0.714      1.918513
   0.719      1.923248
   0.724      1.927884
   0.729      1.932422
   0.733      1.936862
   0.738      1.941205
   0.743      1.945450
   0.747      1.949598
   0.752      1.953650
   0.757      1.957605
   0.761      1.961463
   0.766      1.965225
   0.771      1.968891
   0.776      1.972462
   0.780      1.975937
   0.785      1.979317
   0.790      1.982602
   0.794      1.985792
   0.799      1.988888
   0.804      1.991889
   0.808      1.994797
   0.813      1.997611
   0.818      2.000331
   0.823      2.002958
   0.827      2.005492
   0.832      2.007934
   0.837      2.010283
   0.841      2.012540
   0.846      2.014705
   0.851      2.016778
   0.855      2.018760
   0.860      2.020651
   0.865      2.022452
   0.870      2.024161
   0.874      2.025781
   0.879      2.027310
   0.884      2.028750
   0.888      2.030101
   0.893      2.031362
   0.898      2.032534
   0.902      2.033618
   0.907      2.034614
   0.912      2.035522
   0.916      2.036342
   0.921      2.037075
   0.926      2.037721
   0.931      2.038280
   0.935      2.038753
   0.940      2.039140
   0.945      2.039440
   0.949      2.039656
   0.954      2.039786
   0.959      2.039831
   0.964      2.039792
   0.968      2.039669
   0.973      2.039461
   0.978      2.039171
   0.982      2.038797
   0.987      2.038340
   0.992      2.037800
   0.996      2.037179
   1.001      2.036475
   1.006      2.035690
   1.010      2.034824
   1.015      2.033877
   1.020      2.032849
   1.025      2.031742
   1.029      2.030554
   1.034      2.029287
   1.039      2.027942
   1.043      2.026517
   1.048      2.025014
   1.053      2.023434
   1.058      2.021776
   1.062      2.020040
   1.067      2.018228
   1.072      2.016339
   1.076      2.014375
   1.081      2.012335
   1.086      2.010219
   1.090      2.008029
   1.095      2.005764
   1.100      2.003426
   1.105      2.001013
   1.109      1.998528
   1.114      1.995970
   1.119      1.993339
   1.123      1.990636
   1.128      1.987862
   1.133      1.985017
   1.137      1.982101
   1.142      1.979115
   1.147      1.976059
   1.151      1.972934
   1.156      1.969740
   1.161      1.966477
   1.166      1.963147
   1.170      1.959749
   1.175      1.956284
   1.180      1.952752
   1.184      1.949154
   1.189      1.945490
   1.194      1.941761
   1.199      1.937968
   1.203      1.934110
   1.208      1.930188
   1.213      1.926204
   1.217      1.922156
   1.222      1.918046
   1.227      1.913874
   1.231      1.909641
   1.236      1.905347
   1.241      1.900993
   1.246      1.896579
   1.250      1.892106
   1.255      1.887574
   1.260      1.882984
   1.264      1.878336
   1.269      1.873631
   1.274      1.868869
   1.278      1.864051
   1.283      1.859178
   1.288      1.854249
   1.292      1.849266
   1.297      1.844229
   1.302      1.839139
   1.307      1.833996
   1.311      1.828800
   1.316      1.823553
   1.321      1.818255
   1.325      1.812906
   1.330      1.807507
   1.335      1.802058
   1.340      1.796560
   1.344      1.791014
   1.349      1.785421
   1.354      1.779780
   1.358      1.774092
   1.363      1.768359
   1.368      1.762579
   1.372      1.756755
   1.377      1.750887
   1.382      1.744975
   1.387      1.739020
   1.391      1.733022
   1.396      1.726983
   1.401      1.720902
   1.405      1.714780
   1.410      1.708618
   1.415      1.702417
   1.419      1.696177
   1.424      1.689898
   1.429      1.683582
   1.433      1.677229
   1.438      1.670839
   1.443      1.664413
   1.448      1.657952
   1.452      1.651456
   1.457      1.644926
   1.462      1.638362
   1.466      1.631766
   1.471      1.625138
   1.476      1.618478
   1.481      1.611787
   1.485      1.605065
   1.490      1.598314
   1.495      1.591533
   1.499      1.584724
   1.504      1.577888
   1.509      1.571023
   1.513      1.564132
   1.518      1.557215
   1.523      1.550273
   1.528      1.543306
   1.532      1.536314
   1.537      1.529299
   1.542      1.522261
   1.546      1.515200
   1.551      1.508118
   1.556      1.501015
   1.560      1.493891
   1.565      1.486747
   1.570      1.479583
   1.575      1.472401
   1.579      1.465201
   1.584      1.457984
   1.589      1.450749
   1.593      1.443498
   1.598      1.436232
   1.603      1.428950
   1.607      1.421654
   1.612      1.414344
   1.617      1.407021
   1.622      1.399685
   1.626      1.392337
   1.631      1.384977
   1.636      1.377607
   1.640      1.370226
   1.645      1.362835
   1.650      1.355435
   1.654      1.348027
   1.659      1.340610
   1.664      1.333186
   1.669      1.325756
   1.673      1.318319
   1.678      1.310876
   1.683      1.303428
   1.687      1.295975
   1.692      1.288519
   1.697      1.281058
   1.701      1.273595
   1.706      1.266130
   1.711      1.258663
   1.716      1.251194
   1.720      1.243725
   1.725      1.236256
   1.730      1.228786
   1.734      1.221318
   1.739      1.213851
   1.744      1.206386
   1.748      1.198924
   1.753      1.191464
   1.758      1.184008
   1.763      1.176556
   1.767      1.169108
   1.772      1.161666
   1.777      1.154229
   1.781      1.146798
   1.786      1.139373
   1.791      1.131955
   1.795      1.124545
   1.800      1.117143
   1.805      1.109749
   1.810      1.102364
   1.814      1.094989
   1.819      1.087623
   1.824      1.080267
   1.828      1.072923
   1.833      1.065589
   1.838      1.058267
   1.842      1.050958
   1.847      1.043660
   1.852      1.036376
   1.857      1.029105
   1.861      1.021848
   1.866      1.014605
   1.871      1.007377
   1.875      1.000164
   1.880      0.992966
   1.885      0.985785
   1.889      0.978619
   1.894      0.971470
   1.899      0.964338
   1.903      0.957224
   1.908      0.950128
   1.913      0.943049
   1.918      0.935990
   1.922      0.928949
   1.927      0.921927
   1.932      0.914926
   1.936      0.907944
   1.941      0.900982
   1.946      0.894042
   1.951      0.887122
   1.955      0.880223
   1.960      0.873347
   1.965      0.866492
   1.969      0.859660
   1.974      0.852850
   1.979      0.846063
   1.983      0.839300
   1.988      0.832560
   1.993      0.825844
   1.998      0.819152
   2.002      0.812484
   2.007      0.805841
   2.012      0.799223
   2.016      0.792631
   2.021      0.786064
   2.026      0.779522
   2.030      0.773007
   2.035      0.766518
   2.040      0.760055
   2.045      0.753619
   2.049      0.747211
   2.054      0.740829
   2.059      0.734475
   2.063      0.728148
   2.068      0.721850
   2.073      0.715579
   2.077      0.709337
   2.082      0.703123
   2.087      0.696938
   2.091      0.690782
   2.096      0.684654
   2.101      0.678556
   2.106      0.672488
   2.110      0.666449
   2.115      0.660440
   2.120      0.654461
   2.124      0.648512
   2.129      0.642593
   2.134      0.636704
   2.139      0.630846
   2.143      0.625019
   2.148      0.619223
   2.153      0.613457
   2.157      0.607723
   2.162      0.602020
   2.167      0.596348
   2.171      0.590707
   2.176      0.585098
   2.181      0.579521
   2.186      0.573976
   2.190      0.568462
   2.195      0.562980
   2.200      0.557530
   2.204      0.552113
   2.209      0.546727
   2.214      0.541374
   2.218      0.536053
   2.223      0.530764
   2.228      0.525508
   2.232      0.520285
   2.237      0.515094
   2.242      0.509936
   2.247      0.504810
   2.251      0.499717
   2.256      0.494657
   2.261      0.489629
   2.265      0.484635
   2.270      0.479673
   2.275      0.474744
   2.280      0.469848
   2.284      0.464985
   2.289      0.460155
   2.294      0.455357
   2.298      0.450593
   2.303      0.445862
   2.308      0.441163
   2.312      0.436498
   2.317      0.431865
   2.322      0.427265
   2.327      0.422698
   2.331      0.418164
   2.336      0.413663
   2.341      0.409195
   2.345      0.404760
   2.350      0.400357
   2.355      0.395987
   2.359      0.391649
   2.364      0.387344
   2.369      0.383072
   2.373      0.378832
   2.378      0.374625
   2.383      0.370450
   2.388      0.366307
   2.392      0.362197
   2.397      0.358120
   2.402      0.354074
   2.406      0.350061
   2.411      0.346080
   2.416      0.342130
   2.421      0.338213
   2.425      0.334328
   2.430      0.330474
   2.435      0.326652
   2.439      0.322862
   2.444      0.319103
   2.449      0.315376
   2.453      0.311680
   2.458      0.308016
   2.463      0.304382
   2.468      0.300780
   2.472      0.297209
   2.477      0.293668
   2.482      0.290158
   2.486      0.286679
   2.491      0.283231
   2.496      0.279813
   2.500      0.276425
   2.505      0.273068
   2.510      0.269740
   2.514      0.266443
   2.519      0.263176
   2.524      0.259938
   2.529      0.256730
   2.533      0.253551
   2.538      0.250402
   2.543      0.247282
   2.547      0.244191
   2.552      0.241129
   2.557      0.238096
   2.562      0.235092
   2.566      0.232116
   2.571      0.229169
   2.576      0.226250
   2.580      0.223360
   2.585      0.220497
   2.590      0.217662
   2.594      0.214855
   2.599      0.212076
   2.604      0.209324
   2.609      0.206599
   2.613      0.203902
   2.618      0.201231
   2.623      0.198588
   2.627      0.195971
   2.632      0.193381
   2.637      0.190817
   2.641      0.188279
   2.646      0.185768
   2.651      0.183282
   2.655      0.180823
   2.660      0.178389
   2.665      0.175980
   2.670      0.173597
   2.674      0.171239
   2.679      0.168906
   2.684      0.166598
   2.688      0.164314
   2.693      0.162055
   2.698      0.159821
   2.703      0.157610
   2.707      0.155424
   2.712      0.153262
   2.717      0.151123
   2.721      0.149008
   2.726      0.146916
   2.731      0.144848
   2.735      0.142803
   2.740      0.140780
   2.745      0.138781
   2.750      0.136803
   2.754      0.134849
   2.759      0.132916
   2.764      0.131006
   2.768      0.129118
   2.773      0.127251
   2.778      0.125406
   2.782      0.123582
   2.787      0.121780
   2.792      0.119999
   2.796      0.118238
   2.801      0.116499
   2.806      0.114780
   2.811      0.113081
   2.815      0.111403
   2.820      0.109745
   2.825      0.108107
   2.829      0.106489
   2.834      0.104890
   2.839      0.103310
   2.844      0.101750
   2.848      0.100210
   2.853      0.098688
   2.858      0.097184
   2.862      0.095700
   2.867      0.094234
   2.872      0.092786
   2.876      0.091357
   2.881      0.089945
   2.886      0.088551
   2.891      0.087175
   2.895      0.085817
   2.900      0.084475
   2.905      0.083151
   2.909      0.081844
   2.914      0.080554
   2.919      0.079281
   2.923      0.078024
   2.928      0.076784
   2.933      0.075559
   2.938      0.074351
   2.942      0.073159
   2.947      0.071983
   2.952      0.070822
   2.956      0.069677
   2.961      0.068547
   2.966      0.067432
   2.970      0.066332
   2.975      0.065248
   2.980      0.064177
   2.985      0.063122
   2.989      0.062081
   2.994      0.061054
   2.999      0.060041
   3.003      0.059043
   3.008      0.058058
   3.013      0.057086
   3.017      0.056129
   3.022      0.055185
   3.027      0.054254
   3.032      0.053336
   3.036      0.052431
   3.041      0.051539
   3.046      0.050660
   3.050      0.049793
   3.055      0.048939
   3.060      0.048097
   3.064      0.047267
   3.069      0.046449
   3.074      0.045643
   3.079      0.044849
   3.083      0.044067
   3.088      0.043296
   3.093      0.042536
   3.097      0.041788
   3.102      0.041050
   3.107      0.040324
   3.111      0.039608
   3.116      0.038904
   3.121      0.038209
   3.126      0.037526
   3.130      0.036852
   3.135      0.036189
   3.140      0.035536
   3.144      0.034893
   3.149      0.034260
   3.154      0.033636
   3.158      0.033023
   3.163      0.032418
   3.168      0.031823
   3.173      0.031238
   3.177      0.030661
   3.182      0.030094
   3.187      0.029535
   3.191      0.028986
   3.196      0.028445
   3.201      0.027912
   3.205      0.027388
   3.210      0.026873
   3.215      0.026366
   3.220      0.025867
   3.224      0.025376
   3.229      0.024893
   3.234      0.024417
   3.238      0.023950
   3.243      0.023490
   3.248      0.023038
   3.252      0.022593
   3.257      0.022156
   3.262      0.021726
   3.267      0.021303
   3.271      0.020887
   3.276      0.020478
   3.281      0.020076
   3.285      0.019680
   3.290      0.019292
   3.295      0.018910
   3.299      0.018534
   3.304      0.018165
   3.309      0.017802
   3.314      0.017445
   3.318      0.017095
   3.323      0.016751
   3.328      0.016412
   3.332      0.016080
   3.337      0.015753
   3.342      0.015432
   3.346      0.015116
   3.351      0.014807
   3.356      0.014502
   3.361      0.014203
   3.365      0.013910
   3.370      0.013621
   3.375      0.013338
   3.379      0.013060
   3.384      0.012787
   3.389      0.012519
   3.393      0.012255
   3.398      0.011997
   3.403      0.011743
   3.408      0.011494
   3.412      0.011249
   3.417      0.011009
   3.422      0.010774
   3.426      0.010542
   3.431      0.010315
   3.436      0.010093
   3.440      0.009874
   3.445      0.009660
   3.450      0.009449
   3.455      0.009243
   3.459      0.009040
   3.464      0.008842
   3.469      0.008647
   3.473      0.008455
   3.478      0.008268
   3.483      0.008084
   3.487      0.007904
   3.492      0.007727
   3.497      0.007554
   3.502      0.007384
   3.506      0.007217
   3.511      0.007054
   3.516      0.006893
   3.520      0.006736
   3.525      0.006582
   3.530      0.006432
   3.534      0.006284
   3.539      0.006139
   3.544      0.005997
   3.549      0.005858
   3.553      0.005722
   3.558      0.005588
   3.563      0.005457
   3.567      0.005329
   3.572      0.005204
   3.577      0.005081
   3.581      0.004960
   3.586      0.004842
   3.591      0.004727
   3.596      0.004614
   3.600      0.004503
   3.605      0.004395
   3.610      0.004289
   3.614      0.004185
   3.619      0.004083
   3.624      0.003984
   3.628      0.003886
   3.633      0.003791
   3.638      0.003698
   3.643      0.003606
   3.647      0.003517
   3.652      0.003430
   3.657      0.003344
   3.661      0.003261
   3.666      0.003179
   3.671      0.003099
   3.675      0.003021
   3.680      0.002944
   3.685      0.002870
   3.690      0.002796
   3.694      0.002725
   3.699      0.002655
   3.704      0.002587
   3.708      0.002520
   3.713      0.002455
   3.718      0.002391
   3.722      0.002329
   3.727      0.002268
   3.732      0.002208
   3.736      0.002150
   3.741      0.002093
   3.746      0.002038
   3.751      0.001983
   3.755      0.001930
   3.760      0.001879
   3.765      0.001828
   3.769      0.001779
   3.774      0.001731
   3.779      0.001684
   3.784      0.001638
   3.788      0.001593
   3.793      0.001550
   3.798      0.001507
   3.802      0.001465
   3.807      0.001425
   3.812      0.001385
   3.816      0.001346
   3.821      0.001309
   3.826      0.001272
   3.831      0.001236
   3.835      0.001201
   3.840      0.001167
   3.845      0.001134
   3.849      0.001101
   3.854      0.001069
   3.859      0.001039
   3.863      0.001009
   3.868      0.000979
   3.873      0.000951
   3.877      0.000923
   3.882      0.000896
   3.887      0.000869
   3.892      0.000844
   3.896      0.000819
   3.901      0.000794
   3.906      0.000771
   3.910      0.000747
   3.915      0.000725
   3.920      0.000703
   3.925      0.000682
   3.929      0.000661
   3.934      0.000641
   3.939      0.000621
   3.943      0.000602
   3.948      0.000583
   3.953      0.000565
   3.957      0.000547
   3.962      0.000530
   3.967      0.000514
   3.972      0.000497
   3.976      0.000482
   3.981      0.000466
   3.986      0.000451
   3.990      0.000437
   3.995      0.000423
   4.000      0.000409
   4.004      0.000396
   4.009      0.000383
   4.014      0.000370
   4.019      0.000358
   4.023      0.000346
   4.028      0.000335
   4.033      0.000324
   4.037      0.000313
   4.042      0.000302
   4.047      0.000292
   4.051      0.000282
   4.056      0.000273
   4.061      0.000263
   4.066      0.000254
   4.070      0.000245
   4.075      0.000237
   4.080      0.000229
   4.084      0.000221
   4.089      0.000213
   4.094      0.000205
   4.098      0.000198
   4.103      0.000191
   4.108      0.000184
   4.112      0.000178
   4.117      0.000171
   4.122      0.000165
   4.127      0.000159
   4.131      0.000153
   4.136      0.000147
   4.141      0.000142
   4.145      0.000137
   4.150      0.000132
   4.155      0.000127
   4.160      0.000122
   4.164      0.000117
   4.169      0.000113
   4.174      0.000108
   4.178      0.000104
   4.183      0.000100
   4.188      0.000096
   4.192      0.000093
   4.197      0.000089
   4.202      0.000085
   4.207      0.000082
   4.211      0.000079
   4.216      0.000076
   4.221      0.000072
   4.225      0.000070
   4.230      0.000067
   4.235      0.000064
   4.239      0.000061
   4.244      0.000059
   4.249      0.000056
   4.253      0.000054
   4.258      0.000052
   4.263      0.000049
   4.268      0.000047
   4.272      0.000045
   4.277      0.000043
   4.282      0.000041
   4.286      0.000040
   4.291      0.000038
   4.296      0.000036
   4.301      0.000035
   4.305      0.000033
   4.310      0.000031
   4.315      0.000030
   4.319      0.000029
   4.324      0.000027
   4.329      0.000026
   4.333      0.000025
   4.338      0.000024
   4.343      0.000023
   4.348      0.000021
   4.352      0.000020
   4.357      0.000019
   4.362      0.000018
   4.366      0.000018
   4.371      0.000017
   4.376      0.000016
   4.380      0.000015
   4.385      0.000014
   4.390      0.000014
   4.394      0.000013
   4.399      0.000012
   4.404      0.000012
   4.409      0.000011
   4.413      0.000010
   4.418      0.000010
   4.423      0.000009
   4.427      0.000009
   4.432      0.000008
   4.437      0.000008
   4.442      0.000007
   4.446      0.000007
   4.451      0.000007
   4.456      0.000006
   4.460      0.000006
   4.465      0.000005
   4.470      0.000005
   4.474      0.000005
   4.479      0.000005
   4.484      0.000004
   4.489      0.000004
   4.493      0.000004
   4.498      0.000003
   4.503      0.000003
   4.507      0.000003
   4.512      0.000003
   4.517      0.000003
   4.521      0.000002
   4.526      0.000002
   4.531      0.000002
   4.535      0.000002
   4.540      0.000002
   4.545      0.000002
   4.550      0.000002
   4.554      0.000001
   4.559      0.000001
   4.564      0.000001
   4.568      0.000001
   4.573      0.000001
   4.578      0.000001
   4.583      0.000001
   4.587      0.000001
   4.592      0.000001
   4.597      0.000001
   4.601      0.000001
   4.606      0.000001
   4.611      0.000000
   4.615      0.000000
   4.620      0.000000
   4.625      0.000000
   4.630      0.000000
   4.634      0.000000
   4.639      0.000000
   4.644      0.000000
   4.648      0.000000
   4.653      0.000000
   4.658      0.000000
   4.662      0.000000
   4.667      0.000000
   4.672      0.000000
   4.676      0.000000
   4.681      0.000000
   4.686      0.000000
   4.691      0.000000
   4.695      0.000000
   4.700      0.000000
   4.705      0.000000
