   0.005      2.736950
   0.009      2.748764
   0.014      2.760578
   0.019      2.789483
   0.024      2.836842
   0.028      2.903451
   0.033      2.990387
   0.038      3.098874
   0.042      3.230478
   0.047      3.381228
   0.052      3.503261
   0.056      3.600475
   0.061      3.679016
   0.066      3.743141
   0.071      3.795893
   0.075      3.839500
   0.080      3.875633
   0.085      3.905569
   0.089      3.930302
   0.094      3.950615
   0.099      3.967138
   0.103      3.980385
   0.108      3.990777
   0.113      3.998666
   0.118      4.004350
   0.122      4.008083
   0.127      4.010082
   0.132      4.010538
   0.136      4.009619
   0.141      4.007470
   0.146      4.004224
   0.150      3.999991
   0.155      3.994873
   0.160      3.988955
   0.165      3.982315
   0.169      3.975021
   0.174      3.967133
   0.179      3.958705
   0.183      3.949784
   0.188      3.940415
   0.193      3.930635
   0.197      3.920480
   0.202      3.909982
   0.207      3.899169
   0.212      3.888068
   0.216      3.876702
   0.221      3.865093
   0.226      3.853261
   0.230      3.841224
   0.235      3.828999
   0.240      3.816602
   0.244      3.804047
   0.249      3.791347
   0.254      3.778513
   0.259      3.765559
   0.263      3.752493
   0.268      3.739325
   0.273      3.726066
   0.277      3.712722
   0.282      3.699302
   0.287      3.685813
   0.291      3.672263
   0.296      3.658656
   0.301      3.645000
   0.305      3.631300
   0.310      3.617561
   0.315      3.603788
   0.320      3.589986
   0.324      3.576158
   0.329      3.562310
   0.334      3.548445
   0.338      3.534566
   0.343      3.520677
   0.348      3.506781
   0.353      3.492882
   0.357      3.478981
   0.362      3.465082
   0.367      3.451187
   0.371      3.437299
   0.376      3.423420
   0.381      3.409552
   0.385      3.395697
   0.390      3.381856
   0.395      3.368033
   0.400      3.354228
   0.404      3.340443
   0.409      3.326680
   0.414      3.312940
   0.418      3.299225
   0.423      3.285535
   0.428      3.271873
   0.432      3.258239
   0.437      3.244634
   0.442      3.231059
   0.447      3.217516
   0.451      3.204005
   0.456      3.190528
   0.461      3.177085
   0.465      3.163676
   0.470      3.150303
   0.475      3.136967
   0.479      3.123668
   0.484      3.110406
   0.489      3.097183
   0.493      3.083998
   0.498      3.070853
   0.503      3.057748
   0.508      3.044684
   0.512      3.031660
   0.517      3.018678
   0.522      3.005737
   0.526      2.992839
   0.531      2.979983
   0.536      2.967170
   0.540      2.954400
   0.545      2.941673
   0.550      2.928990
   0.555      2.916351
   0.559      2.903756
   0.564      2.891206
   0.569      2.878700
   0.573      2.866239
   0.578      2.853824
   0.583      2.841453
   0.588      2.829127
   0.592      2.816847
   0.597      2.804613
   0.602      2.792424
   0.606      2.780282
   0.611      2.768185
   0.616      2.756133
   0.620      2.744128
   0.625      2.732170
   0.630      2.720257
   0.635      2.708390
   0.639      2.696570
   0.644      2.684795
   0.649      2.673068
   0.653      2.661386
   0.658      2.649750
   0.663      2.638161
   0.667      2.626618
   0.672      2.615122
   0.677      2.603671
   0.681      2.592267
   0.686      2.580909
   0.691      2.569597
   0.696      2.558330
   0.700      2.547110
   0.705      2.535936
   0.710      2.524808
   0.714      2.513726
   0.719      2.502689
   0.724      2.491698
   0.729      2.480752
   0.733      2.469852
   0.738      2.458998
   0.743      2.448188
   0.747      2.437424
   0.752      2.426705
   0.757      2.416031
   0.761      2.405402
   0.766      2.394818
   0.771      2.384279
   0.776      2.373784
   0.780      2.363334
   0.785      2.352928
   0.790      2.342566
   0.794      2.332248
   0.799      2.321975
   0.804      2.311745
   0.808      2.301559
   0.813      2.291417
   0.818      2.281318
   0.823      2.271263
   0.827      2.261251
   0.832      2.251282
   0.837      2.241356
   0.841      2.231473
   0.846      2.221632
   0.851      2.211834
   0.855      2.202078
   0.860      2.192365
   0.865      2.182694
   0.870      2.173065
   0.874      2.163477
   0.879      2.153932
   0.884      2.144428
   0.888      2.134965
   0.893      2.125544
   0.898      2.116163
   0.902      2.106824
   0.907      2.097525
   0.912      2.088267
   0.916      2.079050
   0.921      2.069873
   0.926      2.060736
   0.931      2.051639
   0.935      2.042582
   0.940      2.033565
   0.945      2.024587
   0.949      2.015649
   0.954      2.006750
   0.959      1.997890
   0.964      1.989069
   0.968      1.980287
   0.973      1.971543
   0.978      1.962838
   0.982      1.954171
   0.987      1.945543
   0.992      1.936952
   0.996      1.928400
   1.001      1.919885
   1.006      1.911408
   1.010      1.902968
   1.015      1.894565
   1.020      1.886199
   1.025      1.877871
   1.029      1.869579
   1.034      1.861323
   1.039      1.853105
   1.043      1.844922
   1.048      1.836776
   1.053      1.828665
   1.058      1.820591
   1.062      1.812552
   1.067      1.804549
   1.072      1.796581
   1.076      1.788648
   1.081      1.780750
   1.086      1.772888
   1.090      1.765060
   1.095      1.757267
   1.100      1.749508
   1.105      1.741783
   1.109      1.734093
   1.114      1.726437
   1.119      1.718814
   1.123      1.711225
   1.128      1.703670
   1.133      1.696148
   1.137      1.688660
   1.142      1.681204
   1.147      1.673782
   1.151      1.666392
   1.156      1.659035
   1.161      1.651711
   1.166      1.644419
   1.170      1.637159
   1.175      1.629931
   1.180      1.622735
   1.184      1.615571
   1.189      1.608439
   1.194      1.601338
   1.199      1.594268
   1.203      1.587230
   1.208      1.580222
   1.213      1.573246
   1.217      1.566301
   1.222      1.559386
   1.227      1.552501
   1.231      1.545647
   1.236      1.538823
   1.241      1.532030
   1.246      1.525266
   1.250      1.518532
   1.255      1.511828
   1.260      1.505153
   1.264      1.498508
   1.269      1.491892
   1.274      1.485305
   1.278      1.478747
   1.283      1.472218
   1.288      1.465717
   1.292      1.459245
   1.297      1.452802
   1.302      1.446387
   1.307      1.440000
   1.311      1.433641
   1.316      1.427311
   1.321      1.421008
   1.325      1.414732
   1.330      1.408484
   1.335      1.402264
   1.340      1.396071
   1.344      1.389905
   1.349      1.383766
   1.354      1.377654
   1.358      1.371569
   1.363      1.365510
   1.368      1.359478
   1.372      1.353472
   1.377      1.347493
   1.382      1.341540
   1.387      1.335613
   1.391      1.329711
   1.396      1.323836
   1.401      1.317986
   1.405      1.312162
   1.410      1.306363
   1.415      1.300589
   1.419      1.294841
   1.424      1.289118
   1.429      1.283419
   1.433      1.277746
   1.438      1.272097
   1.443      1.266473
   1.448      1.260873
   1.452      1.255298
   1.457      1.249746
   1.462      1.244219
   1.466      1.238716
   1.471      1.233237
   1.476      1.227782
   1.481      1.222351
   1.485      1.216943
   1.490      1.211558
   1.495      1.206197
   1.499      1.200859
   1.504      1.195544
   1.509      1.190253
   1.513      1.184984
   1.518      1.179738
   1.523      1.174514
   1.528      1.169313
   1.532      1.164135
   1.537      1.158979
   1.542      1.153846
   1.546      1.148734
   1.551      1.143645
   1.556      1.138577
   1.560      1.133532
   1.565      1.128508
   1.570      1.123506
   1.575      1.118525
   1.579      1.113566
   1.584      1.108628
   1.589      1.103712
   1.593      1.098816
   1.598      1.093942
   1.603      1.089088
   1.607      1.084256
   1.612      1.079444
   1.617      1.074652
   1.622      1.069882
   1.626      1.065132
   1.631      1.060402
   1.636      1.055692
   1.640      1.051003
   1.645      1.046333
   1.650      1.041684
   1.654      1.037054
   1.659      1.032445
   1.664      1.027855
   1.669      1.023284
   1.673      1.018733
   1.678      1.014202
   1.683      1.009690
   1.687      1.005197
   1.692      1.000723
   1.697      0.996268
   1.701      0.991832
   1.706      0.987415
   1.711      0.983017
   1.716      0.978638
   1.720      0.974277
   1.725      0.969935
   1.730      0.965611
   1.734      0.961305
   1.739      0.957018
   1.744      0.952749
   1.748      0.948498
   1.753      0.944265
   1.758      0.940050
   1.763      0.935853
   1.767      0.931674
   1.772      0.927512
   1.777      0.923368
   1.781      0.919241
   1.786      0.915132
   1.791      0.911040
   1.795      0.906965
   1.800      0.902908
   1.805      0.898867
   1.810      0.894844
   1.814      0.890838
   1.819      0.886848
   1.824      0.882875
   1.828      0.878919
   1.833      0.874980
   1.838      0.871057
   1.842      0.867150
   1.847      0.863260
   1.852      0.859387
   1.857      0.855529
   1.861      0.851688
   1.866      0.847863
   1.871      0.844053
   1.875      0.840260
   1.880      0.836483
   1.885      0.832721
   1.889      0.828975
   1.894      0.825245
   1.899      0.821530
   1.903      0.817831
   1.908      0.814147
   1.913      0.810479
   1.918      0.806826
   1.922      0.803188
   1.927      0.799565
   1.932      0.795957
   1.936      0.792365
   1.941      0.788787
   1.946      0.785224
   1.951      0.781676
   1.955      0.778142
   1.960      0.774624
   1.965      0.771119
   1.969      0.767630
   1.974      0.764155
   1.979      0.760694
   1.983      0.757247
   1.988      0.753815
   1.993      0.750397
   1.998      0.746993
   2.002      0.743603
   2.007      0.740227
   2.012      0.736865
   2.016      0.733517
   2.021      0.730183
   2.026      0.726862
   2.030      0.723555
   2.035      0.720262
   2.040      0.716982
   2.045      0.713715
   2.049      0.710463
   2.054      0.707223
   2.059      0.703997
   2.063      0.700784
   2.068      0.697584
   2.073      0.694397
   2.077      0.691223
   2.082      0.688063
   2.087      0.684915
   2.091      0.681780
   2.096      0.678658
   2.101      0.675548
   2.106      0.672452
   2.110      0.669367
   2.115      0.666296
   2.120      0.663237
   2.124      0.660190
   2.129      0.657156
   2.134      0.654134
   2.139      0.651125
   2.143      0.648128
   2.148      0.645142
   2.153      0.642169
   2.157      0.639209
   2.162      0.636260
   2.167      0.633323
   2.171      0.630398
   2.176      0.627484
   2.181      0.624583
   2.186      0.621693
   2.190      0.618815
   2.195      0.615949
   2.200      0.613094
   2.204      0.610250
   2.209      0.607419
   2.214      0.604598
   2.218      0.601789
   2.223      0.598991
   2.228      0.596205
   2.232      0.593429
   2.237      0.590665
   2.242      0.587912
   2.247      0.585170
   2.251      0.582439
   2.256      0.579719
   2.261      0.577010
   2.265      0.574312
   2.270      0.571624
   2.275      0.568948
   2.280      0.566282
   2.284      0.563626
   2.289      0.560981
   2.294      0.558347
   2.298      0.555723
   2.303      0.553110
   2.308      0.550507
   2.312      0.547915
   2.317      0.545333
   2.322      0.542761
   2.327      0.540199
   2.331      0.537648
   2.336      0.535106
   2.341      0.532575
   2.345      0.530054
   2.350      0.527543
   2.355      0.525041
   2.359      0.522550
   2.364      0.520069
   2.369      0.517597
   2.373      0.515135
   2.378      0.512683
   2.383      0.510240
   2.388      0.507807
   2.392      0.505384
   2.397      0.502970
   2.402      0.500566
   2.406      0.498171
   2.411      0.495786
   2.416      0.493410
   2.421      0.491043
   2.425      0.488686
   2.430      0.486337
   2.435      0.483999
   2.439      0.481669
   2.444      0.479348
   2.449      0.477037
   2.453      0.474734
   2.458      0.472440
   2.463      0.470156
   2.468      0.467880
   2.472      0.465613
   2.477      0.463355
   2.482      0.461106
   2.486      0.458866
   2.491      0.456634
   2.496      0.454411
   2.500      0.452197
   2.505      0.449991
   2.510      0.447794
   2.514      0.445605
   2.519      0.443425
   2.524      0.441253
   2.529      0.439090
   2.533      0.436935
   2.538      0.434788
   2.543      0.432650
   2.547      0.430519
   2.552      0.428398
   2.557      0.426284
   2.562      0.424178
   2.566      0.422081
   2.571      0.419991
   2.576      0.417910
   2.580      0.415836
   2.585      0.413771
   2.590      0.411713
   2.594      0.409664
   2.599      0.407622
   2.604      0.405588
   2.609      0.403562
   2.613      0.401543
   2.618      0.399532
   2.623      0.397529
   2.627      0.395534
   2.632      0.393546
   2.637      0.391566
   2.641      0.389593
   2.646      0.387628
   2.651      0.385670
   2.655      0.383719
   2.660      0.381777
   2.665      0.379841
   2.670      0.377913
   2.674      0.375992
   2.679      0.374078
   2.684      0.372172
   2.688      0.370272
   2.693      0.368380
   2.698      0.366495
   2.703      0.364617
   2.707      0.362747
   2.712      0.360883
   2.717      0.359026
   2.721      0.357176
   2.726      0.355333
   2.731      0.353497
   2.735      0.351668
   2.740      0.349846
   2.745      0.348031
   2.750      0.346222
   2.754      0.344420
   2.759      0.342625
   2.764      0.340837
   2.768      0.339055
   2.773      0.337280
   2.778      0.335511
   2.782      0.333750
   2.787      0.331994
   2.792      0.330245
   2.796      0.328503
   2.801      0.326767
   2.806      0.325037
   2.811      0.323314
   2.815      0.321597
   2.820      0.319887
   2.825      0.318183
   2.829      0.316485
   2.834      0.314793
   2.839      0.313108
   2.844      0.311429
   2.848      0.309756
   2.853      0.308089
   2.858      0.306428
   2.862      0.304774
   2.867      0.303125
   2.872      0.301482
   2.876      0.299846
   2.881      0.298215
   2.886      0.296591
   2.891      0.294972
   2.895      0.293359
   2.900      0.291752
   2.905      0.290151
   2.909      0.288556
   2.914      0.286966
   2.919      0.285382
   2.923      0.283804
   2.928      0.282232
   2.933      0.280665
   2.938      0.279104
   2.942      0.277549
   2.947      0.275999
   2.952      0.274455
   2.956      0.272916
   2.961      0.271383
   2.966      0.269855
   2.970      0.268333
   2.975      0.266816
   2.980      0.265305
   2.985      0.263799
   2.989      0.262299
   2.994      0.260804
   2.999      0.259314
   3.003      0.257829
   3.008      0.256350
   3.013      0.254876
   3.017      0.253407
   3.022      0.251944
   3.027      0.250485
   3.032      0.249032
   3.036      0.247584
   3.041      0.246141
   3.046      0.244703
   3.050      0.243270
   3.055      0.241843
   3.060      0.240420
   3.064      0.239002
   3.069      0.237589
   3.074      0.236182
   3.079      0.234779
   3.083      0.233381
   3.088      0.231988
   3.093      0.230599
   3.097      0.229216
   3.102      0.227837
   3.107      0.226464
   3.111      0.225095
   3.116      0.223730
   3.121      0.222371
   3.126      0.221016
   3.130      0.219666
   3.135      0.218320
   3.140      0.216979
   3.144      0.215643
   3.149      0.214311
   3.154      0.212984
   3.158      0.211662
   3.163      0.210344
   3.168      0.209030
   3.173      0.207721
   3.177      0.206417
   3.182      0.205117
   3.187      0.203821
   3.191      0.202530
   3.196      0.201243
   3.201      0.199961
   3.205      0.198683
   3.210      0.197409
   3.215      0.196140
   3.220      0.194874
   3.224      0.193613
   3.229      0.192357
   3.234      0.191104
   3.238      0.189856
   3.243      0.188612
   3.248      0.187372
   3.252      0.186137
   3.257      0.184905
   3.262      0.183678
   3.267      0.182454
   3.271      0.181235
   3.276      0.180020
   3.281      0.178809
   3.285      0.177601
   3.290      0.176398
   3.295      0.175199
   3.299      0.174004
   3.304      0.172812
   3.309      0.171625
   3.314      0.170442
   3.318      0.169262
   3.323      0.168086
   3.328      0.166915
   3.332      0.165747
   3.337      0.164582
   3.342      0.163422
   3.346      0.162265
   3.351      0.161113
   3.356      0.159964
   3.361      0.158818
   3.365      0.157677
   3.370      0.156539
   3.375      0.155404
   3.379      0.154274
   3.384      0.153147
   3.389      0.152023
   3.393      0.150904
   3.398      0.149787
   3.403      0.148675
   3.408      0.147566
   3.412      0.146460
   3.417      0.145359
   3.422      0.144260
   3.426      0.143165
   3.431      0.142074
   3.436      0.140986
   3.440      0.139901
   3.445      0.138820
   3.450      0.137742
   3.455      0.136668
   3.459      0.135597
   3.464      0.134529
   3.469      0.133465
   3.473      0.132404
   3.478      0.131347
   3.483      0.130292
   3.487      0.129241
   3.492      0.128194
   3.497      0.127149
   3.502      0.126108
   3.506      0.125070
   3.511      0.124035
   3.516      0.123004
   3.520      0.121975
   3.525      0.120950
   3.530      0.119928
   3.534      0.118909
   3.539      0.117893
   3.544      0.116880
   3.549      0.115871
   3.553      0.114864
   3.558      0.113861
   3.563      0.112860
   3.567      0.111863
   3.572      0.110869
   3.577      0.109877
   3.581      0.108889
   3.586      0.107903
   3.591      0.106921
   3.596      0.105941
   3.600      0.104965
   3.605      0.103991
   3.610      0.103021
   3.614      0.102053
   3.619      0.101088
   3.624      0.100126
   3.628      0.099167
   3.633      0.098210
   3.638      0.097257
   3.643      0.096306
   3.647      0.095358
   3.652      0.094413
   3.657      0.093471
   3.661      0.092531
   3.666      0.091594
   3.671      0.090660
   3.675      0.089729
   3.680      0.088800
   3.685      0.087874
   3.690      0.086951
   3.694      0.086030
   3.699      0.085112
   3.704      0.084197
   3.708      0.083285
   3.713      0.082375
   3.718      0.081467
   3.722      0.080562
   3.727      0.079660
   3.732      0.078761
   3.736      0.077864
   3.741      0.076969
   3.746      0.076077
   3.751      0.075188
   3.755      0.074301
   3.760      0.073417
   3.765      0.072535
   3.769      0.071656
   3.774      0.070779
   3.779      0.069904
   3.784      0.069032
   3.788      0.068163
   3.793      0.067296
   3.798      0.066431
   3.802      0.065569
   3.807      0.064709
   3.812      0.063852
   3.816      0.062997
   3.821      0.062144
   3.826      0.061294
   3.831      0.060446
   3.835      0.059600
   3.840      0.058757
   3.845      0.057916
   3.849      0.057077
   3.854      0.056240
   3.859      0.055406
   3.863      0.054574
   3.868      0.053745
   3.873      0.052917
   3.877      0.052092
   3.882      0.051269
   3.887      0.050449
   3.892      0.049630
   3.896      0.048814
   3.901      0.048000
   3.906      0.047188
   3.910      0.046379
   3.915      0.045571
   3.920      0.044766
   3.925      0.043962
   3.929      0.043161
   3.934      0.042362
   3.939      0.041565
   3.943      0.040771
   3.948      0.039978
   3.953      0.039187
   3.957      0.038399
   3.962      0.037612
   3.967      0.036828
   3.972      0.036045
   3.976      0.035265
   3.981      0.034487
   3.986      0.033710
   3.990      0.032936
   3.995      0.032164
   4.000      0.031393
   4.004      0.030625
   4.009      0.029859
   4.014      0.029094
   4.019      0.028332
   4.023      0.027571
   4.028      0.026812
   4.033      0.026056
   4.037      0.025301
   4.042      0.024548
   4.047      0.023797
   4.051      0.023047
   4.056      0.022300
   4.061      0.021555
   4.066      0.020811
   4.070      0.020069
   4.075      0.019329
   4.080      0.018591
   4.084      0.017854
   4.089      0.017120
   4.094      0.016387
   4.098      0.015656
   4.103      0.014927
   4.108      0.014199
   4.112      0.013473
   4.117      0.012749
   4.122      0.012027
   4.127      0.011306
   4.131      0.010587
   4.136      0.009870
   4.141      0.009154
   4.145      0.008440
   4.150      0.007728
   4.155      0.007017
   4.160      0.006308
   4.164      0.005601
   4.169      0.004895
   4.174      0.004191
   4.178      0.003489
   4.183      0.002788
   4.188      0.002089
   4.192      0.001391
   4.197      0.000695
   4.202      0.000000
