   0.000      1.040319
   0.007      1.040319
   0.014      1.040319
   0.022      1.040318
   0.029      1.040318
   0.036      1.040318
   0.043      1.040317
   0.050      1.040316
   0.057      1.040315
   0.065      1.040313
   0.072      1.040309
   0.079      1.040305
   0.086      1.040300
   0.093      1.040293
   0.101      1.040284
   0.108      1.040273
   0.115      1.040259
   0.122      1.040243
   0.129      1.040223
   0.136      1.040200
   0.144      1.040173
   0.151      1.040142
   0.158      1.040106
   0.165      1.040064
   0.172      1.040017
   0.179      1.039964
   0.187      1.039904
   0.194      1.039836
   0.201      1.039760
   0.208      1.039676
   0.215      1.039583
   0.223      1.039480
   0.230      1.039367
   0.237      1.039243
   0.244      1.039107
   0.251      1.038958
   0.258      1.038797
   0.266      1.038621
   0.273      1.038431
   0.280      1.038226
   0.287      1.038004
   0.294      1.037766
   0.302      1.037509
   0.309      1.037235
   0.316      1.036941
   0.323      1.036627
   0.330      1.036292
   0.337      1.035935
   0.345      1.035556
   0.352      1.035153
   0.359      1.034726
   0.366      1.034275
   0.373      1.033797
   0.381      1.033293
   0.388      1.032761
   0.395      1.032201
   0.402      1.031612
   0.409      1.030993
   0.416      1.030343
   0.424      1.029662
   0.431      1.028949
   0.438      1.028203
   0.445      1.027424
   0.452      1.026611
   0.460      1.025762
   0.467      1.024879
   0.474      1.023959
   0.481      1.023003
   0.488      1.022009
   0.495      1.020978
   0.503      1.019909
   0.510      1.018801
   0.517      1.017654
   0.524      1.016468
   0.531      1.015242
   0.538      1.013975
   0.546      1.012669
   0.553      1.011322
   0.560      1.009934
   0.567      1.008505
   0.574      1.007035
   0.582      1.005524
   0.589      1.003972
   0.596      1.002378
   0.603      1.000743
   0.610      0.999067
   0.617      0.997350
   0.625      0.995593
   0.632      0.993794
   0.639      0.991955
   0.646      0.990076
   0.653      0.988156
   0.661      0.986197
   0.668      0.984199
   0.675      0.982162
   0.682      0.980086
   0.689      0.977972
   0.696      0.975821
   0.704      0.973632
   0.711      0.971407
   0.718      0.969146
   0.725      0.966850
   0.732      0.964518
   0.740      0.962152
   0.747      0.959753
   0.754      0.957321
   0.761      0.954856
   0.768      0.952360
   0.775      0.949833
   0.783      0.947276
   0.790      0.944689
   0.797      0.942074
   0.804      0.939430
   0.811      0.936759
   0.818      0.934062
   0.826      0.931339
   0.833      0.928592
   0.840      0.925820
   0.847      0.923024
   0.854      0.920206
   0.862      0.917366
   0.869      0.914505
   0.876      0.911624
   0.883      0.908723
   0.890      0.905804
   0.897      0.902866
   0.905      0.899912
   0.912      0.896941
   0.919      0.893954
   0.926      0.890952
   0.933      0.887936
   0.941      0.884907
   0.948      0.881865
   0.955      0.878810
   0.962      0.875745
   0.969      0.872669
   0.976      0.869583
   0.984      0.866487
   0.991      0.863383
   0.998      0.860271
   1.005      0.857152
   1.012      0.854027
   1.020      0.850895
   1.027      0.847758
   1.034      0.844616
   1.041      0.841470
   1.048      0.838320
   1.055      0.835168
   1.063      0.832013
   1.070      0.828856
   1.077      0.825697
   1.084      0.822538
   1.091      0.819379
   1.099      0.816219
   1.106      0.813061
   1.113      0.809903
   1.120      0.806748
   1.127      0.803594
   1.134      0.800443
   1.142      0.797295
   1.149      0.794150
   1.156      0.791009
   1.163      0.787873
   1.170      0.784741
   1.177      0.781614
   1.185      0.778492
   1.192      0.775377
   1.199      0.772267
   1.206      0.769164
   1.213      0.766067
   1.221      0.762978
   1.228      0.759896
   1.235      0.756822
   1.242      0.753756
   1.249      0.750698
   1.256      0.747649
   1.264      0.744608
   1.271      0.741577
   1.278      0.738555
   1.285      0.735542
   1.292      0.732540
   1.300      0.729547
   1.307      0.726565
   1.314      0.723593
   1.321      0.720632
   1.328      0.717682
   1.335      0.714743
   1.343      0.711815
   1.350      0.708898
   1.357      0.705993
   1.364      0.703099
   1.371      0.700218
   1.379      0.697348
   1.386      0.694491
   1.393      0.691646
   1.400      0.688813
   1.407      0.685992
   1.414      0.683185
   1.422      0.680390
   1.429      0.677607
   1.436      0.674838
   1.443      0.672082
   1.450      0.669339
   1.457      0.666609
   1.465      0.663892
   1.472      0.661188
   1.479      0.658498
   1.486      0.655821
   1.493      0.653158
   1.501      0.650508
   1.508      0.647871
   1.515      0.645249
   1.522      0.642640
   1.529      0.640044
   1.536      0.637463
   1.544      0.634895
   1.551      0.632340
   1.558      0.629800
   1.565      0.627273
   1.572      0.624760
   1.580      0.622261
   1.587      0.619776
   1.594      0.617304
   1.601      0.614847
   1.608      0.612403
   1.615      0.609972
   1.623      0.607556
   1.630      0.605153
   1.637      0.602765
   1.644      0.600389
   1.651      0.598028
   1.659      0.595680
   1.666      0.593346
   1.673      0.591025
   1.680      0.588719
   1.687      0.586425
   1.694      0.584145
   1.702      0.581879
   1.709      0.579626
   1.716      0.577387
   1.723      0.575161
   1.730      0.572948
   1.738      0.570749
   1.745      0.568563
   1.752      0.566390
   1.759      0.564230
   1.766      0.562083
   1.773      0.559950
   1.781      0.557829
   1.788      0.555721
   1.795      0.553626
   1.802      0.551545
   1.809      0.549475
   1.816      0.547419
   1.824      0.545375
   1.831      0.543344
   1.838      0.541325
   1.845      0.539319
   1.852      0.537326
   1.860      0.535344
   1.867      0.533375
   1.874      0.531419
   1.881      0.529474
   1.888      0.527541
   1.895      0.525621
   1.903      0.523712
   1.910      0.521816
   1.917      0.519931
   1.924      0.518058
   1.931      0.516197
   1.939      0.514347
   1.946      0.512509
   1.953      0.510682
   1.960      0.508867
   1.967      0.507063
   1.974      0.505271
   1.982      0.503489
   1.989      0.501719
   1.996      0.499960
   2.003      0.498212
   2.010      0.496475
   2.018      0.494748
   2.025      0.493033
   2.032      0.491328
   2.039      0.489634
   2.046      0.487950
   2.053      0.486277
   2.061      0.484614
   2.068      0.482962
   2.075      0.481320
   2.082      0.479688
   2.089      0.478066
   2.096      0.476455
   2.104      0.474853
   2.111      0.473262
   2.118      0.471680
   2.125      0.470108
   2.132      0.468546
   2.140      0.466993
   2.147      0.465450
   2.154      0.463917
   2.161      0.462393
   2.168      0.460878
   2.175      0.459373
   2.183      0.457877
   2.190      0.456390
   2.197      0.454912
   2.204      0.453443
   2.211      0.451983
   2.219      0.450532
   2.226      0.449090
   2.233      0.447657
   2.240      0.446232
   2.247      0.444816
   2.254      0.443409
   2.262      0.442010
   2.269      0.440620
   2.276      0.439238
   2.283      0.437864
   2.290      0.436499
   2.298      0.435141
   2.305      0.433792
   2.312      0.432451
   2.319      0.431118
   2.326      0.429793
   2.333      0.428476
   2.341      0.427166
   2.348      0.425864
   2.355      0.424570
   2.362      0.423284
   2.369      0.422005
   2.377      0.420734
   2.384      0.419470
   2.391      0.418214
   2.398      0.416965
   2.405      0.415723
   2.412      0.414488
   2.420      0.413261
   2.427      0.412040
   2.434      0.410827
   2.441      0.409621
   2.448      0.408422
   2.455      0.407229
   2.463      0.406044
   2.470      0.404865
   2.477      0.403693
   2.484      0.402528
   2.491      0.401369
   2.499      0.400217
   2.506      0.399071
   2.513      0.397932
   2.520      0.396799
   2.527      0.395673
   2.534      0.394553
   2.542      0.393439
   2.549      0.392331
   2.556      0.391230
   2.563      0.390134
   2.570      0.389045
   2.578      0.387962
   2.585      0.386885
   2.592      0.385813
   2.599      0.384748
   2.606      0.383688
   2.613      0.382635
   2.621      0.381587
   2.628      0.380544
   2.635      0.379508
   2.642      0.378476
   2.649      0.377451
   2.657      0.376431
   2.664      0.375416
   2.671      0.374407
   2.678      0.373404
   2.685      0.372405
   2.692      0.371412
   2.700      0.370425
   2.707      0.369442
   2.714      0.368465
   2.721      0.367493
   2.728      0.366526
   2.736      0.365564
   2.743      0.364607
   2.750      0.363655
   2.757      0.362708
   2.764      0.361766
   2.771      0.360828
   2.779      0.359896
   2.786      0.358969
   2.793      0.358046
   2.800      0.357128
   2.807      0.356214
   2.814      0.355306
   2.822      0.354402
   2.829      0.353502
   2.836      0.352607
   2.843      0.351717
   2.850      0.350831
   2.858      0.349949
