   0.000      1.022437
   0.007      1.022437
   0.014      1.022437
   0.022      1.022437
   0.029      1.022436
   0.036      1.022435
   0.043      1.022433
   0.050      1.022430
   0.057      1.022425
   0.065      1.022417
   0.072      1.022407
   0.079      1.022393
   0.086      1.022374
   0.093      1.022351
   0.101      1.022321
   0.108      1.022285
   0.115      1.022240
   0.122      1.022186
   0.129      1.022122
   0.136      1.022047
   0.144      1.021959
   0.151      1.021857
   0.158      1.021740
   0.165      1.021606
   0.172      1.021455
   0.179      1.021283
   0.187      1.021091
   0.194      1.020876
   0.201      1.020637
   0.208      1.020372
   0.215      1.020080
   0.223      1.019759
   0.230      1.019407
   0.237      1.019023
   0.244      1.018604
   0.251      1.018150
   0.258      1.017658
   0.266      1.017127
   0.273      1.016556
   0.280      1.015942
   0.287      1.015284
   0.294      1.014580
   0.302      1.013829
   0.309      1.013029
   0.316      1.012178
   0.323      1.011276
   0.330      1.010321
   0.337      1.009311
   0.345      1.008245
   0.352      1.007122
   0.359      1.005941
   0.366      1.004701
   0.373      1.003400
   0.381      1.002038
   0.388      1.000614
   0.395      0.999127
   0.402      0.997577
   0.409      0.995963
   0.416      0.994285
   0.424      0.992542
   0.431      0.990734
   0.438      0.988861
   0.445      0.986923
   0.452      0.984921
   0.460      0.982854
   0.467      0.980722
   0.474      0.978527
   0.481      0.976269
   0.488      0.973948
   0.495      0.971566
   0.503      0.969123
   0.510      0.966621
   0.517      0.964060
   0.524      0.961442
   0.531      0.958768
   0.538      0.956041
   0.546      0.953260
   0.553      0.950428
   0.560      0.947548
   0.567      0.944620
   0.574      0.941646
   0.582      0.938629
   0.589      0.935571
   0.596      0.932473
   0.603      0.929339
   0.610      0.926170
   0.617      0.922968
   0.625      0.919737
   0.632      0.916477
   0.639      0.913193
   0.646      0.909885
   0.653      0.906557
   0.661      0.903211
   0.668      0.899849
   0.675      0.896475
   0.682      0.893089
   0.689      0.889695
   0.696      0.886296
   0.704      0.882893
   0.711      0.879488
   0.718      0.876085
   0.725      0.872685
   0.732      0.869291
   0.740      0.865904
   0.747      0.862527
   0.754      0.859162
   0.761      0.855811
   0.768      0.852475
   0.775      0.849157
   0.783      0.845858
   0.790      0.842580
   0.797      0.839324
   0.804      0.836092
   0.811      0.832886
   0.818      0.829707
   0.826      0.826555
   0.833      0.823433
   0.840      0.820341
   0.847      0.817280
   0.854      0.814252
   0.862      0.811256
   0.869      0.808295
   0.876      0.805367
   0.883      0.802475
   0.890      0.799618
   0.897      0.796797
   0.905      0.794012
   0.912      0.791263
   0.919      0.788551
   0.926      0.785876
   0.933      0.783237
   0.941      0.780635
   0.948      0.778069
   0.955      0.775539
   0.962      0.773046
   0.969      0.770588
   0.976      0.768165
   0.984      0.765777
   0.991      0.763423
   0.998      0.761103
   1.005      0.758816
   1.012      0.756561
   1.020      0.754338
   1.027      0.752147
   1.034      0.749985
   1.041      0.747853
   1.048      0.745749
   1.055      0.743673
   1.063      0.741624
   1.070      0.739600
   1.077      0.737602
   1.084      0.735627
   1.091      0.733676
   1.099      0.731746
   1.106      0.729838
   1.113      0.727949
   1.120      0.726079
   1.127      0.724227
   1.134      0.722392
   1.142      0.720573
   1.149      0.718769
   1.156      0.716979
   1.163      0.715201
   1.170      0.713436
   1.177      0.711681
   1.185      0.709936
   1.192      0.708200
   1.199      0.706473
   1.206      0.704752
   1.213      0.703037
   1.221      0.701328
   1.228      0.699624
   1.235      0.697923
   1.242      0.696224
   1.249      0.694528
   1.256      0.692834
   1.264      0.691140
   1.271      0.689445
   1.278      0.687750
   1.285      0.686054
   1.292      0.684355
   1.300      0.682654
   1.307      0.680950
   1.314      0.679242
   1.321      0.677530
   1.328      0.675814
   1.335      0.674092
   1.343      0.672365
   1.350      0.670631
   1.357      0.668892
   1.364      0.667146
   1.371      0.665394
   1.379      0.663634
   1.386      0.661868
   1.393      0.660093
   1.400      0.658312
   1.407      0.656522
   1.414      0.654725
   1.422      0.652919
   1.429      0.651106
   1.436      0.649285
   1.443      0.647455
   1.450      0.645618
   1.457      0.643772
   1.465      0.641919
   1.472      0.640057
   1.479      0.638188
   1.486      0.636312
   1.493      0.634427
   1.501      0.632536
   1.508      0.630637
   1.515      0.628731
   1.522      0.626819
   1.529      0.624900
   1.536      0.622974
   1.544      0.621042
   1.551      0.619105
   1.558      0.617162
   1.565      0.615213
   1.572      0.613260
   1.580      0.611302
   1.587      0.609339
   1.594      0.607372
   1.601      0.605402
   1.608      0.603427
   1.615      0.601450
   1.623      0.599470
   1.630      0.597487
   1.637      0.595502
   1.644      0.593516
   1.651      0.591528
   1.659      0.589538
   1.666      0.587548
   1.673      0.585557
   1.680      0.583566
   1.687      0.581575
   1.694      0.579585
   1.702      0.577596
   1.709      0.575607
   1.716      0.573621
   1.723      0.571636
   1.730      0.569653
   1.738      0.567672
   1.745      0.565694
   1.752      0.563719
   1.759      0.561748
   1.766      0.559780
   1.773      0.557816
   1.781      0.555856
   1.788      0.553901
   1.795      0.551950
   1.802      0.550004
   1.809      0.548064
   1.816      0.546128
   1.824      0.544199
   1.831      0.542275
   1.838      0.540358
   1.845      0.538447
   1.852      0.536542
   1.860      0.534644
   1.867      0.532753
   1.874      0.530869
   1.881      0.528992
   1.888      0.527123
   1.895      0.525262
   1.903      0.523408
   1.910      0.521562
   1.917      0.519724
   1.924      0.517894
   1.931      0.516072
   1.939      0.514259
   1.946      0.512454
   1.953      0.510658
   1.960      0.508871
   1.967      0.507092
   1.974      0.505323
   1.982      0.503562
   1.989      0.501810
   1.996      0.500067
   2.003      0.498334
   2.010      0.496609
   2.018      0.494894
   2.025      0.493188
   2.032      0.491492
   2.039      0.489804
   2.046      0.488127
   2.053      0.486458
   2.061      0.484799
   2.068      0.483149
   2.075      0.481509
   2.082      0.479878
   2.089      0.478257
   2.096      0.476645
   2.104      0.475042
   2.111      0.473449
   2.118      0.471865
   2.125      0.470290
   2.132      0.468725
   2.140      0.467169
   2.147      0.465623
   2.154      0.464085
   2.161      0.462557
   2.168      0.461038
   2.175      0.459529
   2.183      0.458028
   2.190      0.456537
   2.197      0.455054
   2.204      0.453581
   2.211      0.452116
   2.219      0.450660
   2.226      0.449213
   2.233      0.447775
   2.240      0.446346
   2.247      0.444925
   2.254      0.443513
   2.262      0.442110
   2.269      0.440715
   2.276      0.439329
   2.283      0.437951
   2.290      0.436581
   2.298      0.435220
   2.305      0.433867
   2.312      0.432522
   2.319      0.431185
   2.326      0.429856
   2.333      0.428535
   2.341      0.427223
   2.348      0.425918
   2.355      0.424621
   2.362      0.423331
   2.369      0.422050
   2.377      0.420776
   2.384      0.419509
   2.391      0.418250
   2.398      0.416999
   2.405      0.415755
   2.412      0.414518
   2.420      0.413289
   2.427      0.412066
   2.434      0.410851
   2.441      0.409643
   2.448      0.408442
   2.455      0.407248
   2.463      0.406061
   2.470      0.404881
   2.477      0.403708
   2.484      0.402541
   2.491      0.401381
   2.499      0.400228
   2.506      0.399082
   2.513      0.397941
   2.520      0.396808
   2.527      0.395681
   2.534      0.394560
   2.542      0.393445
   2.549      0.392337
   2.556      0.391235
   2.563      0.390139
   2.570      0.389049
   2.578      0.387966
   2.585      0.386888
   2.592      0.385816
   2.599      0.384751
   2.606      0.383691
   2.613      0.382637
   2.621      0.381588
   2.628      0.380546
   2.635      0.379509
   2.642      0.378478
   2.649      0.377452
   2.657      0.376432
   2.664      0.375417
   2.671      0.374408
   2.678      0.373404
   2.685      0.372406
   2.692      0.371413
   2.700      0.370425
   2.707      0.369442
   2.714      0.368465
   2.721      0.367493
   2.728      0.366526
   2.736      0.365564
   2.743      0.364607
   2.750      0.363655
   2.757      0.362708
   2.764      0.361766
   2.771      0.360829
   2.779      0.359896
   2.786      0.358969
   2.793      0.358046
   2.800      0.357128
   2.807      0.356214
   2.814      0.355306
   2.822      0.354402
   2.829      0.353502
   2.836      0.352607
   2.843      0.351717
   2.850      0.350831
   2.858      0.349949
