   0.000      1.145255
   0.007      1.145241
   0.014      1.145197
   0.022      1.145124
   0.029      1.145022
   0.036      1.144891
   0.043      1.144730
   0.050      1.144540
   0.057      1.144319
   0.065      1.144069
   0.072      1.143788
   0.079      1.143476
   0.086      1.143133
   0.093      1.142759
   0.101      1.142352
   0.108      1.141914
   0.115      1.141442
   0.122      1.140937
   0.129      1.140398
   0.136      1.139824
   0.144      1.139215
   0.151      1.138570
   0.158      1.137889
   0.165      1.137170
   0.172      1.136413
   0.179      1.135618
   0.187      1.134782
   0.194      1.133906
   0.201      1.132988
   0.208      1.132028
   0.215      1.131025
   0.223      1.129977
   0.230      1.128884
   0.237      1.127744
   0.244      1.126557
   0.251      1.125322
   0.258      1.124037
   0.266      1.122701
   0.273      1.121314
   0.280      1.119874
   0.287      1.118380
   0.294      1.116832
   0.302      1.115227
   0.309      1.113565
   0.316      1.111846
   0.323      1.110067
   0.330      1.108228
   0.337      1.106329
   0.345      1.104367
   0.352      1.102343
   0.359      1.100256
   0.366      1.098104
   0.373      1.095887
   0.381      1.093605
   0.388      1.091257
   0.395      1.088843
   0.402      1.086362
   0.409      1.083814
   0.416      1.081199
   0.424      1.078518
   0.431      1.075769
   0.438      1.072954
   0.445      1.070073
   0.452      1.067127
   0.460      1.064115
   0.467      1.061039
   0.474      1.057901
   0.481      1.054700
   0.488      1.051439
   0.495      1.048118
   0.503      1.044739
   0.510      1.041304
   0.517      1.037816
   0.524      1.034275
   0.531      1.030683
   0.538      1.027044
   0.546      1.023360
   0.553      1.019633
   0.560      1.015865
   0.567      1.012060
   0.574      1.008220
   0.582      1.004348
   0.589      1.000448
   0.596      0.996522
   0.603      0.992573
   0.610      0.988605
   0.617      0.984620
   0.625      0.980623
   0.632      0.976616
   0.639      0.972602
   0.646      0.968585
   0.653      0.964568
   0.661      0.960554
   0.668      0.956546
   0.675      0.952547
   0.682      0.948561
   0.689      0.944590
   0.696      0.940636
   0.704      0.936704
   0.711      0.932795
   0.718      0.928911
   0.725      0.925056
   0.732      0.921232
   0.740      0.917440
   0.747      0.913683
   0.754      0.909962
   0.761      0.906280
   0.768      0.902638
   0.775      0.899037
   0.783      0.895479
   0.790      0.891965
   0.797      0.888495
   0.804      0.885072
   0.811      0.881695
   0.818      0.878365
   0.826      0.875083
   0.833      0.871849
   0.840      0.868663
   0.847      0.865525
   0.854      0.862435
   0.862      0.859393
   0.869      0.856398
   0.876      0.853451
   0.883      0.850550
   0.890      0.847695
   0.897      0.844886
   0.905      0.842121
   0.912      0.839399
   0.919      0.836720
   0.926      0.834083
   0.933      0.831485
   0.941      0.828927
   0.948      0.826407
   0.955      0.823923
   0.962      0.821474
   0.969      0.819059
   0.976      0.816676
   0.984      0.814325
   0.991      0.812002
   0.998      0.809707
   1.005      0.807439
   1.012      0.805195
   1.020      0.802974
   1.027      0.800775
   1.034      0.798596
   1.041      0.796435
   1.048      0.794292
   1.055      0.792163
   1.063      0.790049
   1.070      0.787947
   1.077      0.785857
   1.084      0.783776
   1.091      0.781703
   1.099      0.779636
   1.106      0.777576
   1.113      0.775520
   1.120      0.773466
   1.127      0.771415
   1.134      0.769364
   1.142      0.767313
   1.149      0.765260
   1.156      0.763205
   1.163      0.761146
   1.170      0.759083
   1.177      0.757015
   1.185      0.754941
   1.192      0.752861
   1.199      0.750772
   1.206      0.748676
   1.213      0.746571
   1.221      0.744457
   1.228      0.742333
   1.235      0.740200
   1.242      0.738055
   1.249      0.735900
   1.256      0.733734
   1.264      0.731556
   1.271      0.729367
   1.278      0.727167
   1.285      0.724954
   1.292      0.722730
   1.300      0.720494
   1.307      0.718246
   1.314      0.715986
   1.321      0.713715
   1.328      0.711432
   1.335      0.709138
   1.343      0.706833
   1.350      0.704517
   1.357      0.702190
   1.364      0.699853
   1.371      0.697507
   1.379      0.695150
   1.386      0.692784
   1.393      0.690409
   1.400      0.688026
   1.407      0.685635
   1.414      0.683236
   1.422      0.680830
   1.429      0.678417
   1.436      0.675998
   1.443      0.673573
   1.450      0.671143
   1.457      0.668708
   1.465      0.666270
   1.472      0.663827
   1.479      0.661382
   1.486      0.658933
   1.493      0.656483
   1.501      0.654031
   1.508      0.651578
   1.515      0.649124
   1.522      0.646671
   1.529      0.644218
   1.536      0.641766
   1.544      0.639316
   1.551      0.636867
   1.558      0.634421
   1.565      0.631978
   1.572      0.629539
   1.580      0.627104
   1.587      0.624672
   1.594      0.622246
   1.601      0.619825
   1.608      0.617410
   1.615      0.615001
   1.623      0.612598
   1.630      0.610203
   1.637      0.607814
   1.644      0.605433
   1.651      0.603060
   1.659      0.600696
   1.666      0.598340
   1.673      0.595993
   1.680      0.593656
   1.687      0.591328
   1.694      0.589009
   1.702      0.586701
   1.709      0.584403
   1.716      0.582116
   1.723      0.579840
   1.730      0.577574
   1.738      0.575320
   1.745      0.573077
   1.752      0.570845
   1.759      0.568626
   1.766      0.566418
   1.773      0.564222
   1.781      0.562038
   1.788      0.559866
   1.795      0.557707
   1.802      0.555561
   1.809      0.553426
   1.816      0.551305
   1.824      0.549196
   1.831      0.547099
   1.838      0.545016
   1.845      0.542945
   1.852      0.540887
   1.860      0.538842
   1.867      0.536810
   1.874      0.534791
   1.881      0.532785
   1.888      0.530791
   1.895      0.528811
   1.903      0.526843
   1.910      0.524888
   1.917      0.522946
   1.924      0.521017
   1.931      0.519100
   1.939      0.517197
   1.946      0.515306
   1.953      0.513427
   1.960      0.511561
   1.967      0.509707
   1.974      0.507866
   1.982      0.506038
   1.989      0.504221
   1.996      0.502417
   2.003      0.500625
   2.010      0.498845
   2.018      0.497077
   2.025      0.495321
   2.032      0.493577
   2.039      0.491845
   2.046      0.490124
   2.053      0.488415
   2.061      0.486717
   2.068      0.485031
   2.075      0.483356
   2.082      0.481692
   2.089      0.480040
   2.096      0.478398
   2.104      0.476768
   2.111      0.475148
   2.118      0.473540
   2.125      0.471941
   2.132      0.470354
   2.140      0.468777
   2.147      0.467210
   2.154      0.465654
   2.161      0.464108
   2.168      0.462572
   2.175      0.461046
   2.183      0.459530
   2.190      0.458024
   2.197      0.456528
   2.204      0.455041
   2.211      0.453564
   2.219      0.452096
   2.226      0.450638
   2.233      0.449190
   2.240      0.447750
   2.247      0.446320
   2.254      0.444899
   2.262      0.443486
   2.269      0.442083
   2.276      0.440689
   2.283      0.439303
   2.290      0.437926
   2.298      0.436557
   2.305      0.435197
   2.312      0.433846
   2.319      0.432503
   2.326      0.431168
   2.333      0.429841
   2.341      0.428523
   2.348      0.427212
   2.355      0.425910
   2.362      0.424615
   2.369      0.423329
   2.377      0.422050
   2.384      0.420779
   2.391      0.419515
   2.398      0.418259
   2.405      0.417010
   2.412      0.415769
   2.420      0.414536
   2.427      0.413309
   2.434      0.412090
   2.441      0.410878
   2.448      0.409673
   2.455      0.408475
   2.463      0.407284
   2.470      0.406100
   2.477      0.404923
   2.484      0.403753
   2.491      0.402589
   2.499      0.401432
   2.506      0.400282
   2.513      0.399139
   2.520      0.398001
   2.527      0.396871
   2.534      0.395746
   2.542      0.394628
   2.549      0.393517
   2.556      0.392411
   2.563      0.391312
   2.570      0.390219
   2.578      0.389132
   2.585      0.388051
   2.592      0.386976
   2.599      0.385907
   2.606      0.384844
   2.613      0.383787
   2.621      0.382736
   2.628      0.381690
   2.635      0.380650
   2.642      0.379615
   2.649      0.378587
   2.657      0.377563
   2.664      0.376546
   2.671      0.375534
   2.678      0.374527
   2.685      0.373525
   2.692      0.372529
   2.700      0.371539
   2.707      0.370553
   2.714      0.369573
   2.721      0.368598
   2.728      0.367628
   2.736      0.366663
   2.743      0.365703
   2.750      0.364748
   2.757      0.363798
   2.764      0.362853
   2.771      0.361913
   2.779      0.360978
   2.786      0.360048
   2.793      0.359122
   2.800      0.358201
   2.807      0.357285
   2.814      0.356374
   2.822      0.355467
   2.829      0.354565
   2.836      0.353667
   2.843      0.352774
   2.850      0.351885
   2.858      0.351001
