   0.005      0.001253
   0.011      0.014396
   0.016      0.027540
   0.022      0.041131
   0.027      0.054782
   0.032      0.068447
   0.038      0.082116
   0.043      0.095784
   0.049      0.109449
   0.054      0.123110
   0.059      0.136765
   0.065      0.150415
   0.070      0.164058
   0.076      0.177692
   0.081      0.191319
   0.086      0.204936
   0.092      0.218544
   0.097      0.232141
   0.103      0.245727
   0.108      0.259300
   0.113      0.272862
   0.119      0.286409
   0.124      0.299943
   0.130      0.313462
   0.135      0.326966
   0.140      0.340453
   0.146      0.353923
   0.151      0.367375
   0.157      0.380809
   0.162      0.394224
   0.167      0.407618
   0.173      0.420992
   0.178      0.434344
   0.184      0.447674
   0.189      0.460981
   0.194      0.474263
   0.200      0.487521
   0.205      0.500753
   0.211      0.513959
   0.216      0.527137
   0.221      0.540287
   0.227      0.553408
   0.232      0.566499
   0.238      0.579559
   0.243      0.592587
   0.248      0.605583
   0.254      0.618545
   0.259      0.631472
   0.265      0.644364
   0.270      0.657220
   0.275      0.670038
   0.281      0.682818
   0.286      0.695558
   0.292      0.708258
   0.297      0.720917
   0.302      0.733534
   0.308      0.746107
   0.313      0.758635
   0.319      0.771118
   0.324      0.783555
   0.329      0.795944
   0.335      0.808284
   0.340      0.820575
   0.346      0.832815
   0.351      0.845002
   0.356      0.857137
   0.362      0.869218
   0.367      0.881243
   0.373      0.893212
   0.378      0.905123
   0.383      0.916975
   0.389      0.928767
   0.394      0.940498
   0.400      0.952167
   0.405      0.963772
   0.410      0.975313
   0.416      0.986787
   0.421      0.998195
   0.427      1.009534
   0.432      1.020803
   0.437      1.032002
   0.443      1.043128
   0.448      1.054181
   0.454      1.065159
   0.459      1.076061
   0.464      1.086886
   0.470      1.097633
   0.475      1.108300
   0.481      1.118886
   0.486      1.129389
   0.491      1.139809
   0.497      1.150143
   0.502      1.160392
   0.508      1.170552
   0.513      1.180624
   0.518      1.190606
   0.524      1.200495
   0.529      1.210292
   0.535      1.219995
   0.540      1.229602
   0.545      1.239113
   0.551      1.248525
   0.556      1.257837
   0.562      1.267049
   0.567      1.276158
   0.572      1.285164
   0.578      1.294065
   0.583      1.302860
   0.589      1.311547
   0.594      1.320125
   0.599      1.328594
   0.605      1.336950
   0.610      1.345195
   0.616      1.353325
   0.621      1.361339
   0.626      1.369238
   0.632      1.377018
   0.637      1.384679
   0.643      1.392220
   0.648      1.399639
   0.653      1.406935
   0.659      1.414107
   0.664      1.421154
   0.670      1.428075
   0.675      1.434867
   0.680      1.441531
   0.686      1.448065
   0.691      1.454467
   0.697      1.460738
   0.702      1.466874
   0.707      1.472877
   0.713      1.478743
   0.718      1.484474
   0.724      1.490066
   0.729      1.495520
   0.734      1.500833
   0.740      1.506007
   0.745      1.511038
   0.751      1.515927
   0.756      1.520672
   0.761      1.525273
   0.767      1.529728
   0.772      1.534038
   0.778      1.538200
   0.783      1.542215
   0.788      1.546080
   0.794      1.549797
   0.799      1.553363
   0.805      1.556779
   0.810      1.560043
   0.815      1.563156
   0.821      1.566115
   0.826      1.568921
   0.832      1.571574
   0.837      1.574072
   0.842      1.576415
   0.848      1.578602
   0.853      1.580634
   0.859      1.582510
   0.864      1.584229
   0.869      1.585792
   0.875      1.587197
   0.880      1.588445
   0.886      1.589534
   0.891      1.590466
   0.896      1.591240
   0.902      1.591856
   0.907      1.592313
   0.913      1.592611
   0.918      1.592751
   0.923      1.592732
   0.929      1.592555
   0.934      1.592220
   0.940      1.591726
   0.945      1.591073
   0.950      1.590263
   0.956      1.589294
   0.961      1.588168
   0.967      1.586884
   0.972      1.585443
   0.977      1.583845
   0.983      1.582090
   0.988      1.580180
   0.994      1.578113
   0.999      1.575891
   1.004      1.573514
   1.010      1.570983
   1.015      1.568299
   1.021      1.565461
   1.026      1.562470
   1.031      1.559327
   1.037      1.556034
   1.042      1.552589
   1.048      1.548995
   1.053      1.545252
   1.058      1.541360
   1.064      1.537321
   1.069      1.533135
   1.075      1.528804
   1.080      1.524328
   1.085      1.519708
   1.091      1.514945
   1.096      1.510040
   1.102      1.504995
   1.107      1.499810
   1.112      1.494486
   1.118      1.489024
   1.123      1.483426
   1.129      1.477692
   1.134      1.471825
   1.139      1.465824
   1.145      1.459692
   1.150      1.453430
   1.156      1.447038
   1.161      1.440519
   1.166      1.433873
   1.172      1.427101
   1.177      1.420206
   1.183      1.413189
   1.188      1.406050
   1.193      1.398792
   1.199      1.391416
   1.204      1.383923
   1.210      1.376315
   1.215      1.368593
   1.220      1.360758
   1.226      1.352813
   1.231      1.344759
   1.237      1.336597
   1.242      1.328330
   1.247      1.319957
   1.253      1.311482
   1.258      1.302905
   1.264      1.294229
   1.269      1.285455
   1.274      1.276584
   1.280      1.267618
   1.285      1.258560
   1.291      1.249409
   1.296      1.240169
   1.301      1.230841
   1.307      1.221426
   1.312      1.211926
   1.318      1.202344
   1.323      1.192680
   1.328      1.182936
   1.334      1.173114
   1.339      1.163215
   1.345      1.153242
   1.350      1.143196
   1.355      1.133079
   1.361      1.122892
   1.366      1.112637
   1.372      1.102317
   1.377      1.091931
   1.382      1.081483
   1.388      1.070974
   1.393      1.060406
   1.399      1.049780
   1.404      1.039098
   1.409      1.028361
   1.415      1.017572
   1.420      1.006732
   1.426      0.995843
   1.431      0.984906
   1.436      0.973923
   1.442      0.962896
   1.447      0.951826
   1.453      0.940715
   1.458      0.929565
   1.463      0.918376
   1.469      0.907152
   1.474      0.895893
   1.480      0.884601
   1.485      0.873278
   1.490      0.861924
   1.496      0.850543
   1.501      0.839135
   1.507      0.827701
   1.512      0.816244
   1.517      0.804765
   1.523      0.793266
   1.528      0.781747
   1.534      0.770211
   1.539      0.758658
   1.544      0.747091
   1.550      0.735511
   1.555      0.723919
   1.561      0.712316
   1.566      0.700705
   1.571      0.689086
   1.577      0.677462
   1.582      0.665832
   1.588      0.654200
   1.593      0.642565
   1.598      0.630930
   1.604      0.619295
   1.609      0.607662
   1.615      0.596033
   1.620      0.584409
   1.625      0.572790
   1.631      0.561179
   1.636      0.549576
   1.642      0.537983
   1.647      0.526401
   1.652      0.514831
   1.658      0.503275
   1.663      0.491733
   1.669      0.480206
   1.674      0.468697
   1.679      0.457206
   1.685      0.445734
   1.690      0.434282
   1.696      0.422852
   1.701      0.411444
   1.706      0.400060
   1.712      0.388700
   1.717      0.377367
   1.723      0.366060
   1.728      0.354781
   1.733      0.343531
   1.739      0.332310
   1.744      0.321121
   1.750      0.309964
   1.755      0.298839
   1.760      0.287748
   1.766      0.276692
   1.771      0.265671
   1.777      0.254687
   1.782      0.243741
   1.787      0.232832
   1.793      0.221963
   1.798      0.211135
   1.804      0.200347
   1.809      0.189601
   1.814      0.178897
   1.820      0.168237
   1.825      0.157621
   1.831      0.147050
   1.836      0.136525
   1.841      0.126047
   1.847      0.115616
   1.852      0.105233
   1.858      0.094899
   1.863      0.084614
   1.868      0.074379
   1.874      0.064196
   1.879      0.054064
   1.885      0.043984
   1.890      0.033957
   1.895      0.023984
   1.901      0.014065
   1.906      0.004201
   1.912     -0.005608
   1.917     -0.015361
   1.922     -0.025057
   1.928     -0.034696
   1.933     -0.044277
   1.939     -0.053800
   1.944     -0.063264
   1.949     -0.072669
   1.955     -0.082014
   1.960     -0.091298
   1.966     -0.100521
   1.971     -0.109683
   1.976     -0.118784
   1.982     -0.127822
   1.987     -0.136797
   1.993     -0.145709
   1.998     -0.154557
   2.003     -0.163341
   2.009     -0.172061
   2.014     -0.180715
   2.020     -0.189305
   2.025     -0.197829
   2.030     -0.206286
   2.036     -0.214678
   2.041     -0.223003
   2.047     -0.231260
   2.052     -0.239450
   2.057     -0.247573
   2.063     -0.255627
   2.068     -0.263614
   2.074     -0.271531
   2.079     -0.279380
   2.084     -0.287159
   2.090     -0.294869
   2.095     -0.302510
   2.101     -0.310080
   2.106     -0.317581
   2.111     -0.325011
   2.117     -0.332370
   2.122     -0.339659
   2.128     -0.346877
   2.133     -0.354024
   2.138     -0.361099
   2.144     -0.368103
   2.149     -0.375035
   2.155     -0.381896
   2.160     -0.388684
   2.165     -0.395401
   2.171     -0.402045
   2.176     -0.408617
   2.182     -0.415117
   2.187     -0.421544
   2.192     -0.427899
   2.198     -0.434181
   2.203     -0.440390
   2.209     -0.446527
   2.214     -0.452591
   2.219     -0.458582
   2.225     -0.464500
   2.230     -0.470345
   2.236     -0.476117
   2.241     -0.481816
   2.246     -0.487443
   2.252     -0.492996
   2.257     -0.498477
   2.263     -0.503884
   2.268     -0.509219
   2.273     -0.514481
   2.279     -0.519670
   2.284     -0.524786
   2.290     -0.529829
   2.295     -0.534800
   2.300     -0.539699
   2.306     -0.544525
   2.311     -0.549278
   2.317     -0.553959
   2.322     -0.558568
   2.327     -0.563105
   2.333     -0.567570
   2.338     -0.571963
   2.344     -0.576285
   2.349     -0.580534
   2.354     -0.584713
   2.360     -0.588820
   2.365     -0.592856
   2.371     -0.596820
   2.376     -0.600714
   2.381     -0.604538
   2.387     -0.608291
   2.392     -0.611973
   2.398     -0.615586
   2.403     -0.619129
   2.408     -0.622601
   2.414     -0.626005
   2.419     -0.629339
   2.425     -0.632604
   2.430     -0.635800
   2.435     -0.638928
   2.441     -0.641987
   2.446     -0.644978
   2.452     -0.647902
   2.457     -0.650757
   2.462     -0.653546
   2.468     -0.656267
   2.473     -0.658921
   2.479     -0.661509
   2.484     -0.664031
   2.489     -0.666486
   2.495     -0.668876
   2.500     -0.671200
   2.506     -0.673459
   2.511     -0.675654
   2.516     -0.677784
   2.522     -0.679849
   2.527     -0.681851
   2.533     -0.683789
   2.538     -0.685664
   2.543     -0.687476
   2.549     -0.689225
   2.554     -0.690912
   2.560     -0.692537
   2.565     -0.694101
   2.570     -0.695603
   2.576     -0.697044
   2.581     -0.698425
   2.587     -0.699746
   2.592     -0.701006
   2.597     -0.702208
   2.603     -0.703350
   2.608     -0.704433
   2.614     -0.705458
   2.619     -0.706425
   2.624     -0.707335
   2.630     -0.708187
   2.635     -0.708982
   2.641     -0.709721
   2.646     -0.710404
   2.651     -0.711031
   2.657     -0.711603
   2.662     -0.712120
   2.668     -0.712583
   2.673     -0.712991
   2.678     -0.713346
   2.684     -0.713648
   2.689     -0.713896
   2.695     -0.714092
   2.700     -0.714237
   2.705     -0.714329
   2.711     -0.714369
   2.716     -0.714359
   2.722     -0.714299
   2.727     -0.714189
   2.732     -0.714029
   2.738     -0.713820
   2.743     -0.713563
   2.749     -0.713257
   2.754     -0.712903
   2.759     -0.712503
   2.765     -0.712055
   2.770     -0.711561
   2.776     -0.711020
   2.781     -0.710434
   2.786     -0.709803
   2.792     -0.709127
   2.797     -0.708407
   2.803     -0.707643
   2.808     -0.706836
   2.813     -0.705985
   2.819     -0.705093
   2.824     -0.704158
   2.830     -0.703181
   2.835     -0.702163
   2.840     -0.701105
   2.846     -0.700006
   2.851     -0.698867
   2.857     -0.697689
   2.862     -0.696472
   2.867     -0.695217
   2.873     -0.693923
   2.878     -0.692592
   2.884     -0.691224
   2.889     -0.689819
   2.894     -0.688377
   2.900     -0.686900
   2.905     -0.685388
   2.911     -0.683840
   2.916     -0.682258
   2.921     -0.680643
   2.927     -0.678993
   2.932     -0.677310
   2.938     -0.675595
   2.943     -0.673848
   2.948     -0.672068
   2.954     -0.670258
   2.959     -0.668416
   2.965     -0.666544
   2.970     -0.664642
   2.975     -0.662710
   2.981     -0.660750
   2.986     -0.658760
   2.992     -0.656742
   2.997     -0.654697
   3.002     -0.652624
   3.008     -0.650524
   3.013     -0.648398
   3.019     -0.646245
   3.024     -0.644067
   3.029     -0.641864
   3.035     -0.639636
   3.040     -0.637383
   3.046     -0.635107
   3.051     -0.632807
   3.056     -0.630484
   3.062     -0.628138
   3.067     -0.625770
   3.073     -0.623380
   3.078     -0.620969
   3.083     -0.618537
   3.089     -0.616085
   3.094     -0.613612
   3.100     -0.611119
   3.105     -0.608607
   3.110     -0.606077
   3.116     -0.603527
   3.121     -0.600960
   3.127     -0.598375
   3.132     -0.595772
   3.137     -0.593153
   3.143     -0.590517
   3.148     -0.587865
   3.154     -0.585197
   3.159     -0.582514
   3.164     -0.579817
   3.170     -0.577104
   3.175     -0.574377
   3.181     -0.571637
   3.186     -0.568883
   3.191     -0.566116
   3.197     -0.563337
   3.202     -0.560545
   3.208     -0.557741
   3.213     -0.554926
   3.218     -0.552100
   3.224     -0.549262
   3.229     -0.546415
   3.235     -0.543557
   3.240     -0.540690
   3.245     -0.537813
   3.251     -0.534927
   3.256     -0.532033
   3.262     -0.529130
   3.267     -0.526219
   3.272     -0.523301
   3.278     -0.520375
   3.283     -0.517442
   3.289     -0.514503
   3.294     -0.511558
   3.299     -0.508606
   3.305     -0.505649
   3.310     -0.502687
   3.316     -0.499720
   3.321     -0.496748
   3.326     -0.493771
   3.332     -0.490791
   3.337     -0.487807
   3.343     -0.484820
   3.348     -0.481829
   3.353     -0.478836
   3.359     -0.475840
   3.364     -0.472842
   3.370     -0.469842
   3.375     -0.466841
   3.380     -0.463838
   3.386     -0.460834
   3.391     -0.457829
   3.397     -0.454824
   3.402     -0.451819
   3.407     -0.448814
   3.413     -0.445809
   3.418     -0.442805
   3.424     -0.439802
   3.429     -0.436800
   3.434     -0.433799
   3.440     -0.430800
   3.445     -0.427803
   3.451     -0.424809
   3.456     -0.421816
   3.461     -0.418827
   3.467     -0.415840
   3.472     -0.412857
   3.478     -0.409877
   3.483     -0.406900
   3.488     -0.403928
   3.494     -0.400959
   3.499     -0.397995
   3.505     -0.395036
   3.510     -0.392081
   3.515     -0.389132
   3.521     -0.386187
   3.526     -0.383248
   3.532     -0.380315
   3.537     -0.377388
   3.542     -0.374467
   3.548     -0.371552
   3.553     -0.368643
   3.559     -0.365741
   3.564     -0.362846
   3.569     -0.359958
   3.575     -0.357078
   3.580     -0.354204
   3.586     -0.351339
   3.591     -0.348481
   3.596     -0.345631
   3.602     -0.342789
   3.607     -0.339956
   3.613     -0.337131
   3.618     -0.334315
   3.623     -0.331507
   3.629     -0.328709
   3.634     -0.325920
   3.640     -0.323140
   3.645     -0.320369
   3.650     -0.317608
   3.656     -0.314857
   3.661     -0.312116
   3.667     -0.309385
   3.672     -0.306664
   3.677     -0.303953
   3.683     -0.301253
   3.688     -0.298563
   3.694     -0.295884
   3.699     -0.293216
   3.704     -0.290558
   3.710     -0.287912
   3.715     -0.285277
   3.721     -0.282654
   3.726     -0.280041
   3.731     -0.277441
   3.737     -0.274852
   3.742     -0.272274
   3.748     -0.269709
   3.753     -0.267155
   3.758     -0.264614
   3.764     -0.262085
   3.769     -0.259568
   3.775     -0.257063
   3.780     -0.254571
   3.785     -0.252091
   3.791     -0.249624
   3.796     -0.247169
   3.802     -0.244728
   3.807     -0.242299
   3.812     -0.239883
   3.818     -0.237480
   3.823     -0.235090
   3.829     -0.232713
   3.834     -0.230350
   3.839     -0.227999
   3.845     -0.225662
   3.850     -0.223339
   3.856     -0.221028
   3.861     -0.218732
   3.866     -0.216448
   3.872     -0.214179
   3.877     -0.211923
   3.883     -0.209681
   3.888     -0.207452
   3.893     -0.205237
   3.899     -0.203036
   3.904     -0.200849
   3.910     -0.198676
   3.915     -0.196517
   3.920     -0.194372
   3.926     -0.192240
   3.931     -0.190123
   3.937     -0.188020
   3.942     -0.185931
   3.947     -0.183856
   3.953     -0.181795
   3.958     -0.179748
   3.964     -0.177715
   3.969     -0.175697
   3.974     -0.173692
   3.980     -0.171702
   3.985     -0.169726
   3.991     -0.167764
   3.996     -0.165817
   4.001     -0.163884
   4.007     -0.161965
   4.012     -0.160060
   4.018     -0.158169
   4.023     -0.156293
   4.028     -0.154431
   4.034     -0.152583
   4.039     -0.150749
   4.045     -0.148930
   4.050     -0.147125
   4.055     -0.145334
   4.061     -0.143557
   4.066     -0.141794
   4.072     -0.140046
   4.077     -0.138311
   4.082     -0.136591
   4.088     -0.134885
   4.093     -0.133193
   4.099     -0.131515
   4.104     -0.129851
   4.109     -0.128201
   4.115     -0.126565
   4.120     -0.124943
   4.126     -0.123335
   4.131     -0.121740
   4.136     -0.120160
   4.142     -0.118593
   4.147     -0.117041
   4.153     -0.115502
   4.158     -0.113977
   4.163     -0.112465
   4.169     -0.110967
   4.174     -0.109483
   4.180     -0.108012
   4.185     -0.106555
   4.190     -0.105112
   4.196     -0.103682
   4.201     -0.102265
   4.207     -0.100862
   4.212     -0.099472
   4.217     -0.098095
   4.223     -0.096731
   4.228     -0.095381
   4.234     -0.094044
   4.239     -0.092720
   4.244     -0.091409
   4.250     -0.090111
   4.255     -0.088825
   4.261     -0.087553
   4.266     -0.086294
   4.271     -0.085047
   4.277     -0.083813
   4.282     -0.082591
   4.288     -0.081383
   4.293     -0.080186
   4.298     -0.079003
   4.304     -0.077831
   4.309     -0.076672
   4.315     -0.075526
   4.320     -0.074391
   4.325     -0.073269
   4.331     -0.072158
   4.336     -0.071060
   4.342     -0.069974
   4.347     -0.068900
   4.352     -0.067837
   4.358     -0.066787
   4.363     -0.065748
   4.369     -0.064720
   4.374     -0.063705
   4.379     -0.062701
   4.385     -0.061708
   4.390     -0.060726
   4.396     -0.059756
   4.401     -0.058798
   4.406     -0.057850
   4.412     -0.056913
   4.417     -0.055988
   4.423     -0.055073
   4.428     -0.054170
   4.433     -0.053277
   4.439     -0.052395
   4.444     -0.051523
   4.450     -0.050662
   4.455     -0.049812
   4.460     -0.048972
   4.466     -0.048143
   4.471     -0.047323
   4.477     -0.046515
   4.482     -0.045716
   4.487     -0.044927
   4.493     -0.044148
   4.498     -0.043380
   4.504     -0.042621
   4.509     -0.041872
   4.514     -0.041132
   4.520     -0.040403
   4.525     -0.039683
   4.531     -0.038972
   4.536     -0.038271
   4.541     -0.037579
   4.547     -0.036896
   4.552     -0.036223
   4.558     -0.035558
   4.563     -0.034903
   4.568     -0.034257
   4.574     -0.033619
   4.579     -0.032991
   4.585     -0.032371
   4.590     -0.031759
   4.595     -0.031157
   4.601     -0.030563
   4.606     -0.029977
   4.612     -0.029400
   4.617     -0.028831
   4.622     -0.028270
   4.628     -0.027717
   4.633     -0.027172
   4.639     -0.026636
   4.644     -0.026107
   4.649     -0.025586
   4.655     -0.025073
   4.660     -0.024567
   4.666     -0.024070
   4.671     -0.023579
   4.676     -0.023096
   4.682     -0.022621
   4.687     -0.022153
   4.693     -0.021692
   4.698     -0.021238
   4.703     -0.020792
   4.709     -0.020352
   4.714     -0.019919
   4.720     -0.019494
   4.725     -0.019075
   4.730     -0.018662
   4.736     -0.018257
   4.741     -0.017858
   4.747     -0.017466
   4.752     -0.017080
   4.757     -0.016700
   4.763     -0.016327
   4.768     -0.015960
   4.774     -0.015599
   4.779     -0.015244
   4.784     -0.014895
   4.790     -0.014553
   4.795     -0.014216
   4.801     -0.013885
   4.806     -0.013559
   4.811     -0.013240
   4.817     -0.012926
   4.822     -0.012618
   4.828     -0.012315
   4.833     -0.012017
   4.838     -0.011725
   4.844     -0.011438
   4.849     -0.011157
   4.855     -0.010880
   4.860     -0.010609
   4.865     -0.010343
   4.871     -0.010082
   4.876     -0.009825
   4.882     -0.009574
   4.887     -0.009327
   4.892     -0.009085
   4.898     -0.008848
   4.903     -0.008615
   4.909     -0.008387
   4.914     -0.008163
   4.919     -0.007944
   4.925     -0.007729
   4.930     -0.007518
   4.936     -0.007312
   4.941     -0.007110
   4.946     -0.006911
   4.952     -0.006717
   4.957     -0.006527
   4.963     -0.006341
   4.968     -0.006159
   4.973     -0.005981
   4.979     -0.005806
   4.984     -0.005636
   4.990     -0.005468
   4.995     -0.005305
   5.000     -0.005145
   5.006     -0.004989
   5.011     -0.004836
   5.017     -0.004686
   5.022     -0.004540
   5.027     -0.004397
   5.033     -0.004257
   5.038     -0.004121
   5.044     -0.003988
   5.049     -0.003858
   5.054     -0.003731
   5.060     -0.003606
   5.065     -0.003485
   5.071     -0.003367
   5.076     -0.003252
   5.081     -0.003139
   5.087     -0.003029
   5.092     -0.002922
   5.098     -0.002818
   5.103     -0.002716
   5.108     -0.002617
   5.114     -0.002520
   5.119     -0.002426
   5.125     -0.002335
   5.130     -0.002245
   5.135     -0.002158
   5.141     -0.002074
   5.146     -0.001991
   5.152     -0.001911
   5.157     -0.001833
   5.162     -0.001758
   5.168     -0.001684
   5.173     -0.001613
   5.179     -0.001543
   5.184     -0.001476
   5.189     -0.001410
   5.195     -0.001347
   5.200     -0.001285
   5.206     -0.001225
   5.211     -0.001167
   5.216     -0.001111
   5.222     -0.001056
   5.227     -0.001003
   5.233     -0.000952
   5.238     -0.000903
   5.243     -0.000855
   5.249     -0.000808
   5.254     -0.000764
   5.260     -0.000720
   5.265     -0.000678
   5.270     -0.000638
   5.276     -0.000599
   5.281     -0.000561
   5.287     -0.000525
   5.292     -0.000490
   5.297     -0.000456
   5.303     -0.000424
   5.308     -0.000393
   5.314     -0.000362
   5.319     -0.000333
   5.324     -0.000306
   5.330     -0.000279
   5.335     -0.000253
   5.341     -0.000229
   5.346     -0.000205
   5.351     -0.000182
   5.357     -0.000161
   5.362     -0.000140
   5.368     -0.000120
   5.373     -0.000101
   5.378     -0.000082
   5.384     -0.000065
   5.389     -0.000048
   5.395     -0.000031
   5.400     -0.000015
   5.405      0.000000
