   0.006     -0.001031
   0.011      0.000516
   0.017      0.002062
   0.023      0.004638
   0.029      0.008242
   0.034      0.012872
   0.040      0.018524
   0.046      0.025195
   0.051      0.032881
   0.057      0.041576
   0.063      0.051275
   0.068      0.061971
   0.074      0.073658
   0.080      0.086328
   0.086      0.099972
   0.091      0.114581
   0.097      0.130146
   0.103      0.146657
   0.108      0.164103
   0.114      0.182472
   0.120      0.201752
   0.125      0.221932
   0.131      0.242996
   0.137      0.264932
   0.143      0.287726
   0.148      0.311362
   0.154      0.335825
   0.160      0.361098
   0.165      0.387166
   0.171      0.414011
   0.177      0.441616
   0.182      0.469963
   0.188      0.499032
   0.194      0.528806
   0.200      0.559264
   0.205      0.590386
   0.211      0.622153
   0.217      0.654544
   0.222      0.687536
   0.228      0.721110
   0.234      0.755242
   0.239      0.789912
   0.245      0.825095
   0.251      0.860769
   0.257      0.896912
   0.262      0.933499
   0.268      0.970506
   0.274      1.007910
   0.279      1.045687
   0.285      1.083811
   0.291      1.122259
   0.296      1.161005
   0.302      1.200025
   0.308      1.239293
   0.314      1.278784
   0.319      1.318472
   0.325      1.358334
   0.331      1.398341
   0.336      1.438471
   0.342      1.478696
   0.348      1.518991
   0.353      1.559331
   0.359      1.599690
   0.365      1.640043
   0.370      1.680365
   0.376      1.720630
   0.382      1.760813
   0.388      1.800889
   0.393      1.840834
   0.399      1.880623
   0.405      1.920231
   0.410      1.959634
   0.416      1.998808
   0.422      2.037730
   0.427      2.076377
   0.433      2.114724
   0.439      2.152750
   0.445      2.190432
   0.450      2.227747
   0.456      2.264675
   0.462      2.301193
   0.467      2.337281
   0.473      2.372919
   0.479      2.408086
   0.485      2.442763
   0.490      2.476930
   0.496      2.510569
   0.502      2.543662
   0.507      2.576191
   0.513      2.608139
   0.519      2.639490
   0.524      2.670227
   0.530      2.700335
   0.536      2.729799
   0.541      2.758605
   0.547      2.786739
   0.553      2.814188
   0.559      2.840940
   0.564      2.866982
   0.570      2.892303
   0.576      2.916892
   0.581      2.940740
   0.587      2.963838
   0.593      2.986176
   0.599      3.007746
   0.604      3.028540
   0.610      3.048553
   0.616      3.067778
   0.621      3.086209
   0.627      3.103841
   0.633      3.120671
   0.638      3.136694
   0.644      3.151907
   0.650      3.166309
   0.655      3.179898
   0.661      3.192672
   0.667      3.204631
   0.673      3.215776
   0.678      3.226106
   0.684      3.235624
   0.690      3.244332
   0.695      3.252231
   0.701      3.259325
   0.707      3.265619
   0.713      3.271115
   0.718      3.275819
   0.724      3.279736
   0.730      3.282871
   0.735      3.285233
   0.741      3.286826
   0.747      3.287658
   0.752      3.287738
   0.758      3.287074
   0.764      3.285673
   0.770      3.283545
   0.775      3.280700
   0.781      3.277148
   0.787      3.272898
   0.792      3.267962
   0.798      3.262350
   0.804      3.256073
   0.809      3.249144
   0.815      3.241574
   0.821      3.233375
   0.827      3.224560
   0.832      3.215141
   0.838      3.205132
   0.844      3.194545
   0.849      3.183394
   0.855      3.171692
   0.861      3.159452
   0.866      3.146690
   0.872      3.133418
   0.878      3.119651
   0.884      3.105403
   0.889      3.090687
   0.895      3.075519
   0.901      3.059913
   0.906      3.043883
   0.912      3.027443
   0.918      3.010608
   0.923      2.993392
   0.929      2.975810
   0.935      2.957876
   0.941      2.939605
   0.946      2.921010
   0.952      2.902105
   0.958      2.882906
   0.963      2.863426
   0.969      2.843678
   0.975      2.823677
   0.980      2.803436
   0.986      2.782969
   0.992      2.762289
   0.998      2.741410
   1.003      2.720344
   1.009      2.699104
   1.015      2.677703
   1.020      2.656154
   1.026      2.634469
   1.032      2.612659
   1.037      2.590738
   1.043      2.568716
   1.049      2.546605
   1.054      2.524417
   1.060      2.502162
   1.066      2.479851
   1.072      2.457495
   1.077      2.435104
   1.083      2.412689
   1.089      2.390258
   1.094      2.367822
   1.100      2.345391
   1.106      2.322972
   1.111      2.300576
   1.117      2.278210
   1.123      2.255883
   1.129      2.233603
   1.134      2.211378
   1.140      2.189216
   1.146      2.167124
   1.151      2.145108
   1.157      2.123177
   1.163      2.101336
   1.169      2.079592
   1.174      2.057951
   1.180      2.036419
   1.186      2.015002
   1.191      1.993704
   1.197      1.972532
   1.203      1.951489
   1.208      1.930582
   1.214      1.909814
   1.220      1.889189
   1.226      1.868712
   1.231      1.848387
   1.237      1.828217
   1.243      1.808205
   1.248      1.788355
   1.254      1.768670
   1.260      1.749153
   1.265      1.729806
   1.271      1.710632
   1.277      1.691633
   1.282      1.672811
   1.288      1.654168
   1.294      1.635707
   1.300      1.617427
   1.305      1.599332
   1.311      1.581422
   1.317      1.563699
   1.322      1.546163
   1.328      1.528815
   1.334      1.511656
   1.340      1.494686
   1.345      1.477907
   1.351      1.461318
   1.357      1.444920
   1.362      1.428712
   1.368      1.412694
   1.374      1.396867
   1.379      1.381231
   1.385      1.365784
   1.391      1.350527
   1.397      1.335458
   1.402      1.320578
   1.408      1.305886
   1.414      1.291380
   1.419      1.277060
   1.425      1.262926
   1.431      1.248975
   1.436      1.235207
   1.442      1.221621
   1.448      1.208216
   1.454      1.194990
   1.459      1.181942
   1.465      1.169071
   1.471      1.156375
   1.476      1.143853
   1.482      1.131503
   1.488      1.119324
   1.493      1.107313
   1.499      1.095471
   1.505      1.083794
   1.510      1.072282
   1.516      1.060932
   1.522      1.049742
   1.528      1.038712
   1.533      1.027839
   1.539      1.017121
   1.545      1.006557
   1.550      0.996144
   1.556      0.985882
   1.562      0.975767
   1.568      0.965798
   1.573      0.955974
   1.579      0.946292
   1.585      0.936750
   1.590      0.927346
   1.596      0.918080
   1.602      0.908948
   1.607      0.899948
   1.613      0.891080
   1.619      0.882340
   1.625      0.873728
   1.630      0.865240
   1.636      0.856876
   1.642      0.848633
   1.647      0.840509
   1.653      0.832503
   1.659      0.824612
   1.664      0.816836
   1.670      0.809171
   1.676      0.801616
   1.681      0.794169
   1.687      0.786829
   1.693      0.779594
   1.699      0.772461
   1.704      0.765429
   1.710      0.758497
   1.716      0.751662
   1.721      0.744923
   1.727      0.738278
   1.733      0.731725
   1.739      0.725263
   1.744      0.718890
   1.750      0.712604
   1.756      0.706404
   1.761      0.700288
   1.767      0.694255
   1.773      0.688303
   1.778      0.682430
   1.784      0.676635
   1.790      0.670916
   1.796      0.665273
   1.801      0.659702
   1.807      0.654204
   1.813      0.648776
   1.818      0.643418
   1.824      0.638127
   1.830      0.632902
   1.835      0.627743
   1.841      0.622647
   1.847      0.617614
   1.853      0.612642
   1.858      0.607729
   1.864      0.602876
   1.870      0.598080
   1.875      0.593340
   1.881      0.588656
   1.887      0.584025
   1.892      0.579447
   1.898      0.574922
   1.904      0.570447
   1.909      0.566021
   1.915      0.561644
   1.921      0.557315
   1.927      0.553033
   1.932      0.548796
   1.938      0.544605
   1.944      0.540457
   1.949      0.536352
   1.955      0.532289
   1.961      0.528268
   1.967      0.524287
   1.972      0.520346
   1.978      0.516444
   1.984      0.512579
   1.989      0.508753
   1.995      0.504963
   2.001      0.501209
   2.006      0.497491
   2.012      0.493807
   2.018      0.490158
   2.023      0.486542
   2.029      0.482959
   2.035      0.479408
   2.041      0.475889
   2.046      0.472402
   2.052      0.468945
   2.058      0.465519
   2.063      0.462122
   2.069      0.458755
   2.075      0.455417
   2.081      0.452107
   2.086      0.448825
   2.092      0.445571
   2.098      0.442345
   2.103      0.439145
   2.109      0.435972
   2.115      0.432826
   2.120      0.429705
   2.126      0.426610
   2.132      0.423540
   2.138      0.420496
   2.143      0.417476
   2.149      0.414481
   2.155      0.411510
   2.160      0.408563
   2.166      0.405640
   2.172      0.402740
   2.177      0.399864
   2.183      0.397011
   2.189      0.394180
   2.195      0.391373
   2.200      0.388587
   2.206      0.385824
   2.212      0.383083
   2.217      0.380364
   2.223      0.377666
   2.229      0.374990
   2.234      0.372334
   2.240      0.369700
   2.246      0.367087
   2.252      0.364494
   2.257      0.361921
   2.263      0.359368
   2.269      0.356836
   2.274      0.354323
   2.280      0.351830
   2.286      0.349356
   2.291      0.346901
   2.297      0.344466
   2.303      0.342049
   2.308      0.339651
   2.314      0.337271
   2.320      0.334910
   2.326      0.332567
   2.331      0.330242
   2.337      0.327935
   2.343      0.325645
   2.348      0.323373
   2.354      0.321118
   2.360      0.318881
   2.365      0.316660
   2.371      0.314456
   2.377      0.312269
   2.383      0.310099
   2.388      0.307944
   2.394      0.305806
   2.400      0.303684
   2.405      0.301578
   2.411      0.299488
   2.417      0.297414
   2.422      0.295354
   2.428      0.293311
   2.434      0.291282
   2.440      0.289269
   2.445      0.287270
   2.451      0.285287
   2.457      0.283318
   2.462      0.281363
   2.468      0.279423
   2.474      0.277497
   2.480      0.275585
   2.485      0.273688
   2.491      0.271804
   2.497      0.269934
   2.502      0.268078
   2.508      0.266235
   2.514      0.264405
   2.519      0.262589
   2.525      0.260786
   2.531      0.258996
   2.537      0.257219
   2.542      0.255455
   2.548      0.253703
   2.554      0.251964
   2.559      0.250238
   2.565      0.248524
   2.571      0.246822
   2.576      0.245132
   2.582      0.243455
   2.588      0.241789
   2.594      0.240135
   2.599      0.238493
   2.605      0.236862
   2.611      0.235243
   2.616      0.233636
   2.622      0.232039
   2.628      0.230454
   2.633      0.228880
   2.639      0.227317
   2.645      0.225766
   2.651      0.224224
   2.656      0.222694
   2.662      0.221174
   2.668      0.219665
   2.673      0.218167
   2.679      0.216678
   2.685      0.215200
   2.690      0.213733
   2.696      0.212275
   2.702      0.210827
   2.708      0.209390
   2.713      0.207962
   2.719      0.206544
   2.725      0.205136
   2.730      0.203737
   2.736      0.202348
   2.742      0.200968
   2.747      0.199598
   2.753      0.198237
   2.759      0.196885
   2.764      0.195542
   2.770      0.194209
   2.776      0.192884
   2.782      0.191568
   2.787      0.190261
   2.793      0.188963
   2.799      0.187674
   2.804      0.186393
   2.810      0.185121
   2.816      0.183857
   2.821      0.182602
   2.827      0.181355
   2.833      0.180116
   2.839      0.178886
   2.844      0.177663
   2.850      0.176449
   2.856      0.175242
   2.861      0.174044
   2.867      0.172853
   2.873      0.171671
   2.879      0.170496
   2.884      0.169328
   2.890      0.168169
   2.896      0.167017
   2.901      0.165872
   2.907      0.164735
   2.913      0.163605
   2.918      0.162482
   2.924      0.161367
   2.930      0.160259
   2.936      0.159158
   2.941      0.158064
   2.947      0.156977
   2.953      0.155897
   2.958      0.154824
   2.964      0.153758
   2.970      0.152699
   2.975      0.151646
   2.981      0.150600
   2.987      0.149561
   2.993      0.148529
   2.998      0.147502
   3.004      0.146483
   3.010      0.145470
   3.015      0.144463
   3.021      0.143462
   3.027      0.142468
   3.032      0.141480
   3.038      0.140498
   3.044      0.139522
   3.050      0.138553
   3.055      0.137589
   3.061      0.136631
   3.067      0.135680
   3.072      0.134734
   3.078      0.133794
   3.084      0.132860
   3.089      0.131932
   3.095      0.131009
   3.101      0.130092
   3.107      0.129181
   3.112      0.128275
   3.118      0.127375
   3.124      0.126480
   3.129      0.125590
   3.135      0.124707
   3.141      0.123828
   3.146      0.122955
   3.152      0.122087
   3.158      0.121224
   3.163      0.120367
   3.169      0.119514
   3.175      0.118667
   3.181      0.117825
   3.186      0.116988
   3.192      0.116156
   3.198      0.115329
   3.203      0.114507
   3.209      0.113689
   3.215      0.112877
   3.220      0.112069
   3.226      0.111266
   3.232      0.110468
   3.238      0.109675
   3.243      0.108886
   3.249      0.108102
   3.255      0.107323
   3.260      0.106548
   3.266      0.105777
   3.272      0.105011
   3.278      0.104250
   3.283      0.103493
   3.289      0.102740
   3.295      0.101992
   3.300      0.101248
   3.306      0.100509
   3.312      0.099773
   3.317      0.099042
   3.323      0.098315
   3.329      0.097592
   3.335      0.096874
   3.340      0.096159
   3.346      0.095449
   3.352      0.094742
   3.357      0.094040
   3.363      0.093342
   3.369      0.092647
   3.374      0.091957
   3.380      0.091270
   3.386      0.090587
   3.392      0.089909
   3.397      0.089233
   3.403      0.088562
   3.409      0.087895
   3.414      0.087231
   3.420      0.086571
   3.426      0.085914
   3.431      0.085261
   3.437      0.084612
   3.443      0.083966
   3.449      0.083324
   3.454      0.082686
   3.460      0.082051
   3.466      0.081419
   3.471      0.080791
   3.477      0.080167
   3.483      0.079545
   3.488      0.078928
   3.494      0.078313
   3.500      0.077702
   3.506      0.077094
   3.511      0.076490
   3.517      0.075888
   3.523      0.075290
   3.528      0.074695
   3.534      0.074104
   3.540      0.073515
   3.545      0.072930
   3.551      0.072348
   3.557      0.071768
   3.562      0.071192
   3.568      0.070619
   3.574      0.070049
   3.580      0.069482
   3.585      0.068918
   3.591      0.068357
   3.597      0.067799
   3.602      0.067244
   3.608      0.066692
   3.614      0.066142
   3.619      0.065596
   3.625      0.065052
   3.631      0.064511
   3.637      0.063973
   3.642      0.063437
   3.648      0.062905
   3.654      0.062375
   3.659      0.061848
   3.665      0.061323
   3.671      0.060801
   3.677      0.060282
   3.682      0.059766
   3.688      0.059252
   3.694      0.058740
   3.699      0.058232
   3.705      0.057725
   3.711      0.057222
   3.716      0.056721
   3.722      0.056222
   3.728      0.055726
   3.734      0.055232
   3.739      0.054741
   3.745      0.054252
   3.751      0.053766
   3.756      0.053281
   3.762      0.052800
   3.768      0.052321
   3.773      0.051844
   3.779      0.051369
   3.785      0.050897
   3.791      0.050426
   3.796      0.049959
   3.802      0.049493
   3.808      0.049030
   3.813      0.048569
   3.819      0.048110
   3.825      0.047653
   3.830      0.047199
   3.836      0.046746
   3.842      0.046296
   3.848      0.045848
   3.853      0.045402
   3.859      0.044958
   3.865      0.044516
   3.870      0.044077
   3.876      0.043639
   3.882      0.043203
   3.887      0.042770
   3.893      0.042338
   3.899      0.041908
   3.905      0.041481
   3.910      0.041055
   3.916      0.040631
   3.922      0.040209
   3.927      0.039789
   3.933      0.039371
   3.939      0.038955
   3.944      0.038541
   3.950      0.038128
   3.956      0.037717
   3.962      0.037309
   3.967      0.036902
   3.973      0.036497
   3.979      0.036093
   3.984      0.035692
   3.990      0.035292
   3.996      0.034894
   4.001      0.034497
   4.007      0.034103
   4.013      0.033710
   4.019      0.033318
   4.024      0.032929
   4.030      0.032541
   4.036      0.032155
   4.041      0.031770
   4.047      0.031387
   4.053      0.031006
   4.058      0.030626
   4.064      0.030248
   4.070      0.029871
   4.075      0.029496
   4.081      0.029123
   4.087      0.028751
   4.093      0.028381
   4.098      0.028012
   4.104      0.027644
   4.110      0.027279
   4.115      0.026914
   4.121      0.026551
   4.127      0.026190
   4.133      0.025830
   4.138      0.025471
   4.144      0.025114
   4.150      0.024759
   4.155      0.024404
   4.161      0.024051
   4.167      0.023700
   4.172      0.023350
   4.178      0.023001
   4.184      0.022654
   4.189      0.022307
   4.195      0.021963
   4.201      0.021619
   4.207      0.021277
   4.212      0.020936
   4.218      0.020597
   4.224      0.020259
   4.229      0.019922
   4.235      0.019586
   4.241      0.019251
   4.247      0.018918
   4.252      0.018586
   4.258      0.018255
   4.264      0.017925
   4.269      0.017597
   4.275      0.017270
   4.281      0.016944
   4.286      0.016619
   4.292      0.016295
   4.298      0.015972
   4.304      0.015651
   4.309      0.015331
   4.315      0.015011
   4.321      0.014693
   4.326      0.014376
   4.332      0.014060
   4.338      0.013745
   4.343      0.013432
   4.349      0.013119
   4.355      0.012807
   4.361      0.012497
   4.366      0.012187
   4.372      0.011878
   4.378      0.011571
   4.383      0.011264
   4.389      0.010959
   4.395      0.010654
   4.400      0.010350
   4.406      0.010048
   4.412      0.009746
   4.418      0.009445
   4.423      0.009145
   4.429      0.008847
   4.435      0.008549
   4.440      0.008252
   4.446      0.007956
   4.452      0.007660
   4.457      0.007366
   4.463      0.007073
   4.469      0.006780
   4.474      0.006488
   4.480      0.006198
   4.486      0.005908
   4.492      0.005618
   4.497      0.005330
   4.503      0.005043
   4.509      0.004756
   4.514      0.004470
   4.520      0.004185
   4.526      0.003901
   4.532      0.003617
   4.537      0.003335
   4.543      0.003053
   4.549      0.002771
   4.554      0.002491
   4.560      0.002211
   4.566      0.001932
   4.571      0.001654
   4.577      0.001377
   4.583      0.001100
   4.588      0.000824
   4.594      0.000549
   4.600      0.000274
   4.606      0.000000
