   0.000      1.867887
   0.008      1.867887
   0.015      1.867887
   0.023      1.867887
   0.030      1.867887
   0.038      1.867887
   0.045      1.867886
   0.053      1.867885
   0.061      1.867883
   0.068      1.867880
   0.076      1.867873
   0.083      1.867863
   0.091      1.867846
   0.099      1.867822
   0.106      1.867786
   0.114      1.867736
   0.121      1.867668
   0.129      1.867576
   0.136      1.867455
   0.144      1.867298
   0.152      1.867098
   0.159      1.866846
   0.167      1.866535
   0.174      1.866153
   0.182      1.865691
   0.189      1.865135
   0.197      1.864476
   0.205      1.863698
   0.212      1.862790
   0.220      1.861736
   0.227      1.860524
   0.235      1.859137
   0.243      1.857562
   0.250      1.855783
   0.258      1.853787
   0.265      1.851558
   0.273      1.849083
   0.280      1.846348
   0.288      1.843341
   0.296      1.840049
   0.303      1.836461
   0.311      1.832568
   0.318      1.828360
   0.326      1.823830
   0.333      1.818971
   0.341      1.813778
   0.349      1.808247
   0.356      1.802376
   0.364      1.796164
   0.371      1.789612
   0.379      1.782722
   0.387      1.775497
   0.394      1.767941
   0.402      1.760062
   0.409      1.751866
   0.417      1.743363
   0.424      1.734561
   0.432      1.725472
   0.440      1.716106
   0.447      1.706478
   0.455      1.696599
   0.462      1.686483
   0.470      1.676145
   0.477      1.665600
   0.485      1.654862
   0.493      1.643947
   0.500      1.632869
   0.508      1.621645
   0.515      1.610289
   0.523      1.598816
   0.531      1.587242
   0.538      1.575580
   0.546      1.563845
   0.553      1.552051
   0.561      1.540211
   0.568      1.528338
   0.576      1.516443
   0.584      1.504540
   0.591      1.492638
   0.599      1.480749
   0.606      1.468883
   0.614      1.457048
   0.621      1.445255
   0.629      1.433510
   0.637      1.421822
   0.644      1.410197
   0.652      1.398643
   0.659      1.387165
   0.667      1.375768
   0.675      1.364458
   0.682      1.353239
   0.690      1.342115
   0.697      1.331090
   0.705      1.320166
   0.712      1.309347
   0.720      1.298635
   0.728      1.288031
   0.735      1.277538
   0.743      1.267158
   0.750      1.256890
   0.758      1.246737
   0.765      1.236698
   0.773      1.226775
   0.781      1.216966
   0.788      1.207274
   0.796      1.197697
   0.803      1.188234
   0.811      1.178887
   0.818      1.169653
   0.826      1.160532
   0.834      1.151525
   0.841      1.142629
   0.849      1.133843
   0.856      1.125168
   0.864      1.116601
   0.872      1.108142
   0.879      1.099789
   0.887      1.091541
   0.894      1.083397
   0.902      1.075355
   0.909      1.067415
   0.917      1.059574
   0.925      1.051833
   0.932      1.044188
   0.940      1.036639
   0.947      1.029185
   0.955      1.021824
   0.962      1.014555
   0.970      1.007376
   0.978      1.000286
   0.985      0.993284
   0.993      0.986368
   1.000      0.979537
   1.008      0.972790
   1.016      0.966126
   1.023      0.959542
   1.031      0.953039
   1.038      0.946615
   1.046      0.940268
   1.053      0.933997
   1.061      0.927801
   1.069      0.921679
   1.076      0.915630
   1.084      0.909653
   1.091      0.903746
   1.099      0.897909
   1.106      0.892139
   1.114      0.886438
   1.122      0.880802
   1.129      0.875232
   1.137      0.869726
   1.144      0.864283
   1.152      0.858903
   1.160      0.853583
   1.167      0.848325
   1.175      0.843125
   1.182      0.837985
   1.190      0.832901
   1.197      0.827875
   1.205      0.822905
   1.213      0.817990
   1.220      0.813129
   1.228      0.808321
   1.235      0.803567
   1.243      0.798864
   1.250      0.794212
   1.258      0.789611
   1.266      0.785059
   1.273      0.780556
   1.281      0.776101
   1.288      0.771694
   1.296      0.767334
   1.304      0.763019
   1.311      0.758750
   1.319      0.754526
   1.326      0.750346
   1.334      0.746210
   1.341      0.742116
   1.349      0.738065
   1.357      0.734055
   1.364      0.730086
   1.372      0.726158
   1.379      0.722269
   1.387      0.718421
   1.394      0.714610
   1.402      0.710838
   1.410      0.707104
   1.417      0.703407
   1.425      0.699747
   1.432      0.696123
   1.440      0.692534
   1.448      0.688981
   1.455      0.685462
   1.463      0.681978
   1.470      0.678527
   1.478      0.675110
   1.485      0.671725
   1.493      0.668373
   1.501      0.665053
   1.508      0.661765
   1.516      0.658507
   1.523      0.655281
   1.531      0.652084
   1.538      0.648918
   1.546      0.645781
   1.554      0.642673
   1.561      0.639594
   1.569      0.636544
   1.576      0.633521
   1.584      0.630526
   1.592      0.627558
   1.599      0.624617
   1.607      0.621703
   1.614      0.618815
   1.622      0.615953
   1.629      0.613116
   1.637      0.610305
   1.645      0.607519
   1.652      0.604757
   1.660      0.602020
   1.667      0.599306
   1.675      0.596617
   1.682      0.593950
   1.690      0.591307
   1.698      0.588687
   1.705      0.586089
   1.713      0.583514
   1.720      0.580961
   1.728      0.578429
   1.736      0.575919
   1.743      0.573430
   1.751      0.570962
   1.758      0.568514
   1.766      0.566088
   1.773      0.563681
   1.781      0.561294
   1.789      0.558927
   1.796      0.556580
   1.804      0.554252
   1.811      0.551943
   1.819      0.549653
   1.826      0.547381
   1.834      0.545128
   1.842      0.542893
   1.849      0.540675
   1.857      0.538476
   1.864      0.536294
   1.872      0.534130
   1.880      0.531982
   1.887      0.529852
   1.895      0.527738
   1.902      0.525641
   1.910      0.523561
   1.917      0.521496
   1.925      0.519448
   1.933      0.517415
   1.940      0.515398
   1.948      0.513397
   1.955      0.511411
   1.963      0.509439
   1.970      0.507483
   1.978      0.505542
   1.986      0.503616
   1.993      0.501704
   2.001      0.499806
   2.008      0.497922
   2.016      0.496053
   2.024      0.494197
   2.031      0.492355
   2.039      0.490527
   2.046      0.488712
   2.054      0.486910
   2.061      0.485121
   2.069      0.483346
   2.077      0.481583
   2.084      0.479833
   2.092      0.478096
   2.099      0.476371
   2.107      0.474658
   2.114      0.472958
   2.122      0.471270
   2.130      0.469594
   2.137      0.467929
   2.145      0.466276
   2.152      0.464635
   2.160      0.463005
   2.167      0.461387
   2.175      0.459780
   2.183      0.458184
   2.190      0.456599
   2.198      0.455025
   2.205      0.453461
   2.213      0.451909
   2.221      0.450367
   2.228      0.448835
   2.236      0.447314
   2.243      0.445803
   2.251      0.444302
   2.258      0.442811
   2.266      0.441330
   2.274      0.439859
   2.281      0.438398
   2.289      0.436946
   2.296      0.435504
   2.304      0.434072
   2.311      0.432649
   2.319      0.431235
   2.327      0.429830
   2.334      0.428435
   2.342      0.427048
   2.349      0.425671
   2.357      0.424302
   2.365      0.422942
   2.372      0.421591
   2.380      0.420248
   2.387      0.418914
   2.395      0.417588
   2.402      0.416271
   2.410      0.414962
   2.418      0.413661
   2.425      0.412368
   2.433      0.411084
   2.440      0.409807
   2.448      0.408538
   2.455      0.407277
   2.463      0.406024
   2.471      0.404779
   2.478      0.403541
   2.486      0.402311
   2.493      0.401088
   2.501      0.399872
   2.509      0.398664
   2.516      0.397464
   2.524      0.396270
   2.531      0.395084
   2.539      0.393904
   2.546      0.392732
   2.554      0.391566
   2.562      0.390408
   2.569      0.389256
   2.577      0.388111
   2.584      0.386973
   2.592      0.385842
   2.599      0.384717
   2.607      0.383599
   2.615      0.382487
   2.622      0.381381
   2.630      0.380282
   2.637      0.379189
   2.645      0.378103
   2.653      0.377023
   2.660      0.375948
   2.668      0.374880
   2.675      0.373818
   2.683      0.372762
   2.690      0.371712
   2.698      0.370668
   2.706      0.369630
   2.713      0.368597
   2.721      0.367571
   2.728      0.366550
   2.736      0.365534
   2.743      0.364525
   2.751      0.363520
   2.759      0.362522
   2.766      0.361528
   2.774      0.360541
   2.781      0.359558
   2.789      0.358581
   2.797      0.357609
   2.804      0.356643
   2.812      0.355682
   2.819      0.354726
   2.827      0.353775
   2.834      0.352829
   2.842      0.351888
   2.850      0.350952
   2.857      0.350021
   2.865      0.349095
   2.872      0.348174
   2.880      0.347258
   2.887      0.346346
   2.895      0.345440
   2.903      0.344538
   2.910      0.343640
   2.918      0.342748
   2.925      0.341860
   2.933      0.340976
   2.941      0.340098
   2.948      0.339223
   2.956      0.338354
   2.963      0.337488
   2.971      0.336627
   2.978      0.335771
   2.986      0.334919
   2.994      0.334071
   3.001      0.333227
   3.009      0.332388
   3.016      0.331552
