   0.000      3.478036
   0.008      3.478120
   0.015      3.478760
   0.023      3.480698
   0.030      3.485751
   0.038      3.495763
   0.045      3.512102
   0.053      3.535567
   0.061      3.565775
   0.068      3.601780
   0.076      3.642418
   0.083      3.686591
   0.091      3.733291
   0.099      3.781795
   0.106      3.831519
   0.114      3.882014
   0.121      3.932901
   0.129      3.983850
   0.136      4.034612
   0.144      4.084941
   0.152      4.134640
   0.159      4.183502
   0.167      4.231356
   0.174      4.278013
   0.182      4.323334
   0.189      4.367139
   0.197      4.409335
   0.205      4.449904
   0.212      4.488521
   0.220      4.525080
   0.227      4.559437
   0.235      4.591484
   0.243      4.621088
   0.250      4.648151
   0.258      4.672558
   0.265      4.694199
   0.273      4.712991
   0.280      4.728841
   0.288      4.741664
   0.296      4.751385
   0.303      4.757938
   0.311      4.761255
   0.318      4.761282
   0.326      4.757969
   0.333      4.751276
   0.341      4.741166
   0.349      4.727613
   0.356      4.710595
   0.364      4.690099
   0.371      4.666120
   0.379      4.638658
   0.387      4.607726
   0.394      4.573333
   0.402      4.535506
   0.409      4.494273
   0.417      4.449672
   0.424      4.401747
   0.432      4.350546
   0.440      4.296124
   0.447      4.238549
   0.455      4.177885
   0.462      4.114208
   0.470      4.047601
   0.477      3.978148
   0.485      3.905942
   0.493      3.831080
   0.500      3.753663
   0.508      3.673800
   0.515      3.591601
   0.523      3.507184
   0.531      3.420666
   0.538      3.332176
   0.546      3.241839
   0.553      3.149790
   0.561      3.056160
   0.568      2.961093
   0.576      2.864728
   0.584      2.767208
   0.591      2.668683
   0.599      2.569301
   0.606      2.469212
   0.614      2.368571
   0.621      2.267533
   0.629      2.166250
   0.637      2.064882
   0.644      1.963586
   0.652      1.862517
   0.659      1.761834
   0.667      1.661690
   0.675      1.562259
   0.682      1.463738
   0.690      1.366255
   0.697      1.269919
   0.705      1.174874
   0.712      1.081278
   0.720      0.989281
   0.728      0.899017
   0.735      0.810623
   0.743      0.724230
   0.750      0.639964
   0.758      0.557946
   0.765      0.478292
   0.773      0.401109
   0.781      0.326503
   0.788      0.254567
   0.796      0.185392
   0.803      0.119054
   0.811      0.055632
   0.818     -0.004817
   0.826     -0.062231
   0.834     -0.116564
   0.841     -0.167782
   0.849     -0.215854
   0.856     -0.260761
   0.864     -0.302493
   0.872     -0.341052
   0.879     -0.376444
   0.887     -0.408693
   0.894     -0.437826
   0.902     -0.463882
   0.909     -0.486910
   0.917     -0.506968
   0.925     -0.524122
   0.932     -0.538448
   0.940     -0.550030
   0.947     -0.558963
   0.955     -0.565345
   0.962     -0.569287
   0.970     -0.570901
   0.978     -0.570314
   0.985     -0.567651
   0.993     -0.563045
   1.000     -0.556639
   1.008     -0.548573
   1.016     -0.538994
   1.023     -0.528052
   1.031     -0.515902
   1.038     -0.502692
   1.046     -0.488577
   1.053     -0.473717
   1.061     -0.458257
   1.069     -0.442346
   1.076     -0.426139
   1.084     -0.409776
   1.091     -0.393390
   1.099     -0.377112
   1.106     -0.361078
   1.114     -0.345390
   1.122     -0.330151
   1.129     -0.315464
   1.137     -0.301412
   1.144     -0.288048
   1.152     -0.275421
   1.160     -0.263587
   1.167     -0.252544
   1.175     -0.242278
   1.182     -0.232756
   1.190     -0.223917
   1.197     -0.215704
   1.205     -0.208034
   1.213     -0.200771
   1.220     -0.193702
   1.228     -0.186888
   1.235     -0.180289
   1.243     -0.173900
   1.250     -0.167741
   1.258     -0.161766
   1.266     -0.155968
   1.273     -0.150353
   1.281     -0.144942
   1.288     -0.139710
   1.296     -0.134650
   1.304     -0.129758
   1.311     -0.125027
   1.319     -0.120454
   1.326     -0.116031
   1.334     -0.111756
   1.341     -0.107624
   1.349     -0.103630
   1.357     -0.099769
   1.364     -0.096038
   1.372     -0.092433
   1.379     -0.088949
   1.387     -0.085583
   1.394     -0.082331
   1.402     -0.079190
   1.410     -0.076156
   1.417     -0.073226
   1.425     -0.070396
   1.432     -0.067662
   1.440     -0.065024
   1.448     -0.062477
   1.455     -0.060018
   1.463     -0.057645
   1.470     -0.055355
   1.478     -0.053145
   1.485     -0.051012
   1.493     -0.048955
   1.501     -0.046971
   1.508     -0.045057
   1.516     -0.043211
   1.523     -0.041431
   1.531     -0.039716
   1.538     -0.038062
   1.546     -0.036468
   1.554     -0.034932
   1.561     -0.033452
   1.569     -0.032025
   1.576     -0.030652
   1.584     -0.029329
   1.592     -0.028056
   1.599     -0.026829
   1.607     -0.025648
   1.614     -0.024512
   1.622     -0.023419
   1.629     -0.022367
   1.637     -0.021355
   1.645     -0.020382
   1.652     -0.019445
   1.660     -0.018545
   1.667     -0.017681
   1.675     -0.016850
   1.682     -0.016051
   1.690     -0.015283
   1.698     -0.014547
   1.705     -0.013838
   1.713     -0.013159
   1.720     -0.012507
   1.728     -0.011881
   1.736     -0.011281
   1.743     -0.010705
   1.751     -0.010152
   1.758     -0.009623
   1.766     -0.009115
   1.773     -0.008628
   1.781     -0.008162
   1.789     -0.007716
   1.796     -0.007289
   1.804     -0.006880
   1.811     -0.006488
   1.819     -0.006113
   1.826     -0.005755
   1.834     -0.005412
   1.842     -0.005084
   1.849     -0.004771
   1.857     -0.004472
   1.864     -0.004186
   1.872     -0.003913
   1.880     -0.003653
   1.887     -0.003405
   1.895     -0.003168
   1.902     -0.002942
   1.910     -0.002727
   1.917     -0.002521
   1.925     -0.002326
   1.933     -0.002140
   1.940     -0.001963
   1.948     -0.001794
   1.955     -0.001634
   1.963     -0.001482
   1.970     -0.001337
   1.978     -0.001200
   1.986     -0.001069
   1.993     -0.000945
   2.001     -0.000828
   2.008     -0.000716
   2.016     -0.000611
   2.024     -0.000511
   2.031     -0.000417
   2.039     -0.000328
   2.046     -0.000243
   2.054     -0.000164
   2.061     -0.000088
   2.069     -0.000017
   2.077      0.000050
   2.084      0.000113
   2.092      0.000172
   2.099      0.000229
   2.107      0.000282
   2.114      0.000331
   2.122      0.000377
   2.130      0.000421
   2.137      0.000462
   2.145      0.000500
   2.152      0.000535
   2.160      0.000569
   2.167      0.000600
   2.175      0.000629
   2.183      0.000656
   2.190      0.000681
   2.198      0.000705
   2.205      0.000726
   2.213      0.000747
   2.221      0.000765
   2.228      0.000782
   2.236      0.000798
   2.243      0.000812
   2.251      0.000826
   2.258      0.000838
   2.266      0.000849
   2.274      0.000859
   2.281      0.000868
   2.289      0.000876
   2.296      0.000884
   2.304      0.000890
   2.311      0.000896
   2.319      0.000902
   2.327      0.000906
   2.334      0.000911
   2.342      0.000914
   2.349      0.000917
   2.357      0.000920
   2.365      0.000922
   2.372      0.000924
   2.380      0.000925
   2.387      0.000926
   2.395      0.000927
   2.402      0.000927
   2.410      0.000928
   2.418      0.000927
   2.425      0.000927
   2.433      0.000927
   2.440      0.000926
   2.448      0.000925
   2.455      0.000924
   2.463      0.000923
   2.471      0.000921
   2.478      0.000920
   2.486      0.000918
   2.493      0.000916
   2.501      0.000915
   2.509      0.000913
   2.516      0.000911
   2.524      0.000909
   2.531      0.000906
   2.539      0.000904
   2.546      0.000902
   2.554      0.000900
   2.562      0.000897
   2.569      0.000895
   2.577      0.000893
   2.584      0.000890
   2.592      0.000888
   2.599      0.000886
   2.607      0.000883
   2.615      0.000881
   2.622      0.000878
   2.630      0.000876
   2.637      0.000873
   2.645      0.000871
   2.653      0.000868
   2.660      0.000866
   2.668      0.000864
   2.675      0.000861
   2.683      0.000859
   2.690      0.000856
   2.698      0.000854
   2.706      0.000852
   2.713      0.000849
   2.721      0.000847
   2.728      0.000844
   2.736      0.000842
   2.743      0.000840
   2.751      0.000837
   2.759      0.000835
   2.766      0.000833
   2.774      0.000831
   2.781      0.000828
   2.789      0.000826
   2.797      0.000824
   2.804      0.000822
   2.812      0.000819
   2.819      0.000817
   2.827      0.000815
   2.834      0.000813
   2.842      0.000811
   2.850      0.000808
   2.857      0.000806
   2.865      0.000804
   2.872      0.000802
   2.880      0.000800
   2.887      0.000798
   2.895      0.000796
   2.903      0.000794
   2.910      0.000792
   2.918      0.000790
   2.925      0.000788
   2.933      0.000786
   2.941      0.000783
   2.948      0.000781
   2.956      0.000779
   2.963      0.000777
   2.971      0.000775
   2.978      0.000774
   2.986      0.000772
   2.994      0.000770
   3.001      0.000768
   3.009      0.000766
   3.016      0.000764
