   0.000      1.039733
   0.008      1.039733
   0.015      1.039733
   0.023      1.039733
   0.030      1.039733
   0.038      1.039732
   0.045      1.039732
   0.053      1.039731
   0.061      1.039730
   0.068      1.039728
   0.076      1.039725
   0.083      1.039722
   0.091      1.039718
   0.099      1.039712
   0.106      1.039705
   0.114      1.039696
   0.121      1.039685
   0.129      1.039672
   0.136      1.039656
   0.144      1.039637
   0.152      1.039616
   0.159      1.039591
   0.167      1.039562
   0.174      1.039529
   0.182      1.039491
   0.189      1.039448
   0.197      1.039400
   0.205      1.039346
   0.212      1.039286
   0.220      1.039220
   0.227      1.039146
   0.235      1.039064
   0.243      1.038974
   0.250      1.038876
   0.258      1.038769
   0.265      1.038652
   0.273      1.038524
   0.280      1.038386
   0.288      1.038237
   0.296      1.038075
   0.303      1.037901
   0.311      1.037714
   0.318      1.037513
   0.326      1.037298
   0.333      1.037068
   0.341      1.036822
   0.349      1.036560
   0.356      1.036281
   0.364      1.035985
   0.371      1.035670
   0.379      1.035336
   0.387      1.034983
   0.394      1.034609
   0.402      1.034215
   0.409      1.033799
   0.417      1.033360
   0.424      1.032899
   0.432      1.032413
   0.440      1.031903
   0.447      1.031368
   0.455      1.030807
   0.462      1.030220
   0.470      1.029605
   0.477      1.028962
   0.485      1.028291
   0.493      1.027590
   0.500      1.026859
   0.508      1.026097
   0.515      1.025304
   0.523      1.024479
   0.531      1.023621
   0.538      1.022730
   0.546      1.021804
   0.553      1.020844
   0.561      1.019848
   0.568      1.018817
   0.576      1.017748
   0.584      1.016643
   0.591      1.015500
   0.599      1.014319
   0.606      1.013098
   0.614      1.011839
   0.621      1.010539
   0.629      1.009200
   0.637      1.007819
   0.644      1.006397
   0.652      1.004934
   0.659      1.003428
   0.667      1.001880
   0.675      1.000289
   0.682      0.998655
   0.690      0.996978
   0.697      0.995257
   0.705      0.993492
   0.712      0.991683
   0.720      0.989829
   0.728      0.987931
   0.735      0.985989
   0.743      0.984002
   0.750      0.981971
   0.758      0.979894
   0.765      0.977773
   0.773      0.975608
   0.781      0.973398
   0.788      0.971143
   0.796      0.968845
   0.803      0.966502
   0.811      0.964115
   0.818      0.961686
   0.826      0.959212
   0.834      0.956696
   0.841      0.954138
   0.849      0.951537
   0.856      0.948895
   0.864      0.946212
   0.872      0.943488
   0.879      0.940724
   0.887      0.937921
   0.894      0.935079
   0.902      0.932198
   0.909      0.929281
   0.917      0.926326
   0.925      0.923335
   0.932      0.920310
   0.940      0.917249
   0.947      0.914156
   0.955      0.911029
   0.962      0.907871
   0.970      0.904682
   0.978      0.901462
   0.985      0.898214
   0.993      0.894938
   1.000      0.891634
   1.008      0.888304
   1.016      0.884950
   1.023      0.881571
   1.031      0.878169
   1.038      0.874745
   1.046      0.871300
   1.053      0.867836
   1.061      0.864353
   1.069      0.860851
   1.076      0.857334
   1.084      0.853800
   1.091      0.850253
   1.099      0.846692
   1.106      0.843118
   1.114      0.839533
   1.122      0.835938
   1.129      0.832334
   1.137      0.828722
   1.144      0.825103
   1.152      0.821477
   1.160      0.817847
   1.167      0.814212
   1.175      0.810575
   1.182      0.806935
   1.190      0.803294
   1.197      0.799653
   1.205      0.796013
   1.213      0.792374
   1.220      0.788738
   1.228      0.785105
   1.235      0.781476
   1.243      0.777853
   1.250      0.774235
   1.258      0.770623
   1.266      0.767019
   1.273      0.763423
   1.281      0.759836
   1.288      0.756259
   1.296      0.752691
   1.304      0.749134
   1.311      0.745589
   1.319      0.742056
   1.326      0.738535
   1.334      0.735027
   1.341      0.731534
   1.349      0.728054
   1.357      0.724589
   1.364      0.721139
   1.372      0.717705
   1.379      0.714287
   1.387      0.710885
   1.394      0.707500
   1.402      0.704132
   1.410      0.700782
   1.417      0.697449
   1.425      0.694135
   1.432      0.690840
   1.440      0.687563
   1.448      0.684305
   1.455      0.681066
   1.463      0.677846
   1.470      0.674647
   1.478      0.671467
   1.485      0.668307
   1.493      0.665167
   1.501      0.662048
   1.508      0.658949
   1.516      0.655870
   1.523      0.652812
   1.531      0.649775
   1.538      0.646758
   1.546      0.643763
   1.554      0.640788
   1.561      0.637834
   1.569      0.634901
   1.576      0.631989
   1.584      0.629098
   1.592      0.626228
   1.599      0.623379
   1.607      0.620550
   1.614      0.617743
   1.622      0.614956
   1.629      0.612190
   1.637      0.609445
   1.645      0.606721
   1.652      0.604017
   1.660      0.601333
   1.667      0.598670
   1.675      0.596027
   1.682      0.593405
   1.690      0.590803
   1.698      0.588220
   1.705      0.585658
   1.713      0.583115
   1.720      0.580592
   1.728      0.578088
   1.736      0.575604
   1.743      0.573139
   1.751      0.570694
   1.758      0.568267
   1.766      0.565859
   1.773      0.563470
   1.781      0.561100
   1.789      0.558748
   1.796      0.556414
   1.804      0.554099
   1.811      0.551801
   1.819      0.549521
   1.826      0.547260
   1.834      0.545015
   1.842      0.542788
   1.849      0.540578
   1.857      0.538386
   1.864      0.536210
   1.872      0.534051
   1.880      0.531909
   1.887      0.529783
   1.895      0.527674
   1.902      0.525580
   1.910      0.523503
   1.917      0.521442
   1.925      0.519396
   1.933      0.517366
   1.940      0.515351
   1.948      0.513351
   1.955      0.511367
   1.963      0.509397
   1.970      0.507443
   1.978      0.505503
   1.986      0.503577
   1.993      0.501666
   2.001      0.499769
   2.008      0.497886
   2.016      0.496017
   2.024      0.494162
   2.031      0.492321
   2.039      0.490493
   2.046      0.488678
   2.054      0.486877
   2.061      0.485089
   2.069      0.483313
   2.077      0.481551
   2.084      0.479801
   2.092      0.478064
   2.099      0.476339
   2.107      0.474627
   2.114      0.472927
   2.122      0.471238
   2.130      0.469562
   2.137      0.467898
   2.145      0.466245
   2.152      0.464604
   2.160      0.462974
   2.167      0.461356
   2.175      0.459749
   2.183      0.458153
   2.190      0.456568
   2.198      0.454994
   2.205      0.453431
   2.213      0.451878
   2.221      0.450336
   2.228      0.448805
   2.236      0.447284
   2.243      0.445773
   2.251      0.444272
   2.258      0.442781
   2.266      0.441301
   2.274      0.439830
   2.281      0.438369
   2.289      0.436917
   2.296      0.435475
   2.304      0.434043
   2.311      0.432620
   2.319      0.431206
   2.327      0.429802
   2.334      0.428406
   2.342      0.427020
   2.349      0.425642
   2.357      0.424274
   2.365      0.422914
   2.372      0.421563
   2.380      0.420220
   2.387      0.418886
   2.395      0.417561
   2.402      0.416244
   2.410      0.414935
   2.418      0.413634
   2.425      0.412341
   2.433      0.411057
   2.440      0.409780
   2.448      0.408512
   2.455      0.407251
   2.463      0.405998
   2.471      0.404752
   2.478      0.403515
   2.486      0.402284
   2.493      0.401062
   2.501      0.399846
   2.509      0.398638
   2.516      0.397438
   2.524      0.396244
   2.531      0.395058
   2.539      0.393878
   2.546      0.392706
   2.554      0.391541
   2.562      0.390383
   2.569      0.389231
   2.577      0.388086
   2.584      0.386948
   2.592      0.385817
   2.599      0.384692
   2.607      0.383574
   2.615      0.382462
   2.622      0.381356
   2.630      0.380257
   2.637      0.379165
   2.645      0.378078
   2.653      0.376998
   2.660      0.375924
   2.668      0.374856
   2.675      0.373794
   2.683      0.372738
   2.690      0.371688
   2.698      0.370644
   2.706      0.369606
   2.713      0.368573
   2.721      0.367547
   2.728      0.366526
   2.736      0.365510
   2.743      0.364501
   2.751      0.363497
   2.759      0.362498
   2.766      0.361505
   2.774      0.360517
   2.781      0.359535
   2.789      0.358558
   2.797      0.357586
   2.804      0.356620
   2.812      0.355658
   2.819      0.354702
   2.827      0.353751
   2.834      0.352806
   2.842      0.351865
   2.850      0.350929
   2.857      0.349998
   2.865      0.349072
   2.872      0.348151
   2.880      0.347235
   2.887      0.346324
   2.895      0.345417
   2.903      0.344515
   2.910      0.343618
   2.918      0.342725
   2.925      0.341838
   2.933      0.340954
   2.941      0.340075
   2.948      0.339201
   2.956      0.338332
   2.963      0.337466
   2.971      0.336605
   2.978      0.335749
   2.986      0.334897
   2.994      0.334049
   3.001      0.333205
   3.009      0.332366
   3.016      0.331531
