   0.000      1.343689
   0.008      1.343689
   0.015      1.343689
   0.023      1.343689
   0.030      1.343689
   0.038      1.343689
   0.045      1.343688
   0.053      1.343688
   0.061      1.343686
   0.068      1.343682
   0.076      1.343676
   0.083      1.343667
   0.091      1.343652
   0.099      1.343629
   0.106      1.343597
   0.114      1.343552
   0.121      1.343490
   0.129      1.343406
   0.136      1.343297
   0.144      1.343156
   0.152      1.342977
   0.159      1.342752
   0.167      1.342475
   0.174      1.342136
   0.182      1.341727
   0.189      1.341239
   0.197      1.340660
   0.205      1.339982
   0.212      1.339193
   0.220      1.338282
   0.227      1.337239
   0.235      1.336052
   0.243      1.334711
   0.250      1.333206
   0.258      1.331526
   0.265      1.329662
   0.273      1.327606
   0.280      1.325348
   0.288      1.322882
   0.296      1.320202
   0.303      1.317302
   0.311      1.314179
   0.318      1.310830
   0.326      1.307253
   0.333      1.303449
   0.341      1.299418
   0.349      1.295163
   0.356      1.290687
   0.364      1.285997
   0.371      1.281097
   0.379      1.275997
   0.387      1.270704
   0.394      1.265227
   0.402      1.259579
   0.409      1.253770
   0.417      1.247813
   0.424      1.241720
   0.432      1.235506
   0.440      1.229183
   0.447      1.222766
   0.455      1.216269
   0.462      1.209707
   0.470      1.203093
   0.477      1.196443
   0.485      1.189770
   0.493      1.183087
   0.500      1.176408
   0.508      1.169745
   0.515      1.163111
   0.523      1.156515
   0.531      1.149970
   0.538      1.143485
   0.546      1.137069
   0.553      1.130730
   0.561      1.124476
   0.568      1.118314
   0.576      1.112249
   0.584      1.106286
   0.591      1.100430
   0.599      1.094684
   0.606      1.089050
   0.614      1.083530
   0.621      1.078125
   0.629      1.072837
   0.637      1.067663
   0.644      1.062604
   0.652      1.057658
   0.659      1.052824
   0.667      1.048098
   0.675      1.043478
   0.682      1.038960
   0.690      1.034542
   0.697      1.030218
   0.705      1.025986
   0.712      1.021841
   0.720      1.017778
   0.728      1.013792
   0.735      1.009879
   0.743      1.006034
   0.750      1.002253
   0.758      0.998530
   0.765      0.994860
   0.773      0.991240
   0.781      0.987664
   0.788      0.984129
   0.796      0.980628
   0.803      0.977159
   0.811      0.973718
   0.818      0.970299
   0.826      0.966900
   0.834      0.963518
   0.841      0.960147
   0.849      0.956787
   0.856      0.953433
   0.864      0.950083
   0.872      0.946734
   0.879      0.943384
   0.887      0.940031
   0.894      0.936672
   0.902      0.933307
   0.909      0.929933
   0.917      0.926549
   0.925      0.923155
   0.932      0.919748
   0.940      0.916328
   0.947      0.912895
   0.955      0.909447
   0.962      0.905985
   0.970      0.902508
   0.978      0.899016
   0.985      0.895509
   0.993      0.891987
   1.000      0.888450
   1.008      0.884899
   1.016      0.881334
   1.023      0.877755
   1.031      0.874163
   1.038      0.870559
   1.046      0.866944
   1.053      0.863317
   1.061      0.859680
   1.069      0.856034
   1.076      0.852380
   1.084      0.848718
   1.091      0.845049
   1.099      0.841375
   1.106      0.837695
   1.114      0.834012
   1.122      0.830327
   1.129      0.826639
   1.137      0.822950
   1.144      0.819261
   1.152      0.815574
   1.160      0.811888
   1.167      0.808205
   1.175      0.804525
   1.182      0.800851
   1.190      0.797181
   1.197      0.793518
   1.205      0.789862
   1.213      0.786214
   1.220      0.782574
   1.228      0.778943
   1.235      0.775323
   1.243      0.771713
   1.250      0.768115
   1.258      0.764528
   1.266      0.760954
   1.273      0.757393
   1.281      0.753845
   1.288      0.750312
   1.296      0.746793
   1.304      0.743289
   1.311      0.739801
   1.319      0.736328
   1.326      0.732872
   1.334      0.729432
   1.341      0.726010
   1.349      0.722604
   1.357      0.719216
   1.364      0.715846
   1.372      0.712494
   1.379      0.709160
   1.387      0.705845
   1.394      0.702548
   1.402      0.699270
   1.410      0.696011
   1.417      0.692772
   1.425      0.689552
   1.432      0.686351
   1.440      0.683170
   1.448      0.680008
   1.455      0.676866
   1.463      0.673744
   1.470      0.670642
   1.478      0.667559
   1.485      0.664497
   1.493      0.661455
   1.501      0.658432
   1.508      0.655430
   1.516      0.652447
   1.523      0.649484
   1.531      0.646542
   1.538      0.643619
   1.546      0.640716
   1.554      0.637833
   1.561      0.634970
   1.569      0.632127
   1.576      0.629303
   1.584      0.626499
   1.592      0.623715
   1.599      0.620950
   1.607      0.618205
   1.614      0.615479
   1.622      0.612772
   1.629      0.610084
   1.637      0.607416
   1.645      0.604767
   1.652      0.602136
   1.660      0.599525
   1.667      0.596932
   1.675      0.594358
   1.682      0.591802
   1.690      0.589265
   1.698      0.586746
   1.705      0.584245
   1.713      0.581762
   1.720      0.579298
   1.728      0.576851
   1.736      0.574422
   1.743      0.572010
   1.751      0.569616
   1.758      0.567240
   1.766      0.564881
   1.773      0.562538
   1.781      0.560213
   1.789      0.557905
   1.796      0.555614
   1.804      0.553339
   1.811      0.551081
   1.819      0.548839
   1.826      0.546614
   1.834      0.544405
   1.842      0.542211
   1.849      0.540034
   1.857      0.537873
   1.864      0.535727
   1.872      0.533596
   1.880      0.531482
   1.887      0.529382
   1.895      0.527298
   1.902      0.525228
   1.910      0.523174
   1.917      0.521134
   1.925      0.519109
   1.933      0.517099
   1.940      0.515103
   1.948      0.513122
   1.955      0.511154
   1.963      0.509201
   1.970      0.507262
   1.978      0.505336
   1.986      0.503425
   1.993      0.501526
   2.001      0.499642
   2.008      0.497771
   2.016      0.495913
   2.024      0.494068
   2.031      0.492236
   2.039      0.490417
   2.046      0.488611
   2.054      0.486818
   2.061      0.485037
   2.069      0.483269
   2.077      0.481513
   2.084      0.479769
   2.092      0.478037
   2.099      0.476318
   2.107      0.474610
   2.114      0.472915
   2.122      0.471231
   2.130      0.469558
   2.137      0.467897
   2.145      0.466248
   2.152      0.464610
   2.160      0.462983
   2.167      0.461367
   2.175      0.459762
   2.183      0.458168
   2.190      0.456585
   2.198      0.455013
   2.205      0.453451
   2.213      0.451900
   2.221      0.450359
   2.228      0.448828
   2.236      0.447308
   2.243      0.445798
   2.251      0.444298
   2.258      0.442807
   2.266      0.441327
   2.274      0.439857
   2.281      0.438396
   2.289      0.436945
   2.296      0.435503
   2.304      0.434071
   2.311      0.432648
   2.319      0.431234
   2.327      0.429830
   2.334      0.428434
   2.342      0.427048
   2.349      0.425670
   2.357      0.424302
   2.365      0.422942
   2.372      0.421591
   2.380      0.420248
   2.387      0.418914
   2.395      0.417588
   2.402      0.416271
   2.410      0.414962
   2.418      0.413661
   2.425      0.412368
   2.433      0.411084
   2.440      0.409807
   2.448      0.408538
   2.455      0.407277
   2.463      0.406024
   2.471      0.404779
   2.478      0.403541
   2.486      0.402311
   2.493      0.401088
   2.501      0.399872
   2.509      0.398664
   2.516      0.397464
   2.524      0.396270
   2.531      0.395084
   2.539      0.393904
   2.546      0.392732
   2.554      0.391566
   2.562      0.390408
   2.569      0.389256
   2.577      0.388111
   2.584      0.386973
   2.592      0.385842
   2.599      0.384717
   2.607      0.383599
   2.615      0.382487
   2.622      0.381381
   2.630      0.380282
   2.637      0.379189
   2.645      0.378103
   2.653      0.377023
   2.660      0.375948
   2.668      0.374880
   2.675      0.373818
   2.683      0.372762
   2.690      0.371712
   2.698      0.370668
   2.706      0.369630
   2.713      0.368597
   2.721      0.367571
   2.728      0.366550
   2.736      0.365534
   2.743      0.364525
   2.751      0.363520
   2.759      0.362522
   2.766      0.361528
   2.774      0.360541
   2.781      0.359558
   2.789      0.358581
   2.797      0.357609
   2.804      0.356643
   2.812      0.355682
   2.819      0.354726
   2.827      0.353775
   2.834      0.352829
   2.842      0.351888
   2.850      0.350952
   2.857      0.350021
   2.865      0.349095
   2.872      0.348174
   2.880      0.347258
   2.887      0.346346
   2.895      0.345440
   2.903      0.344538
   2.910      0.343640
   2.918      0.342748
   2.925      0.341860
   2.933      0.340976
   2.941      0.340098
   2.948      0.339223
   2.956      0.338354
   2.963      0.337488
   2.971      0.336627
   2.978      0.335771
   2.986      0.334919
   2.994      0.334071
   3.001      0.333227
   3.009      0.332388
   3.016      0.331552
