   0.005     -0.001372
   0.011      0.000686
   0.016      0.002744
   0.022      0.006171
   0.027      0.010967
   0.032      0.017126
   0.038      0.024645
   0.043      0.033518
   0.049      0.043739
   0.054      0.055301
   0.059      0.068195
   0.065      0.082411
   0.070      0.097940
   0.076      0.114770
   0.081      0.132890
   0.086      0.152285
   0.092      0.172942
   0.097      0.194846
   0.103      0.217982
   0.108      0.242332
   0.113      0.267879
   0.119      0.294604
   0.124      0.322489
   0.130      0.351512
   0.135      0.381654
   0.140      0.412891
   0.146      0.445203
   0.151      0.478564
   0.157      0.512952
   0.162      0.548341
   0.167      0.584706
   0.173      0.622021
   0.178      0.660258
   0.184      0.699391
   0.189      0.739390
   0.194      0.780227
   0.200      0.821872
   0.205      0.864296
   0.211      0.907468
   0.216      0.951357
   0.221      0.995932
   0.227      1.041159
   0.232      1.087007
   0.238      1.133443
   0.243      1.180434
   0.248      1.227946
   0.254      1.275944
   0.259      1.324395
   0.265      1.373264
   0.270      1.422517
   0.275      1.472117
   0.281      1.522031
   0.286      1.572221
   0.292      1.622654
   0.297      1.673293
   0.302      1.724103
   0.308      1.775047
   0.313      1.826091
   0.319      1.877197
   0.324      1.928332
   0.329      1.979458
   0.335      2.030542
   0.340      2.081546
   0.346      2.132436
   0.351      2.183178
   0.356      2.233736
   0.362      2.284076
   0.367      2.334164
   0.373      2.383966
   0.378      2.433448
   0.383      2.482578
   0.389      2.531324
   0.394      2.579652
   0.400      2.627531
   0.405      2.674930
   0.410      2.721818
   0.416      2.768166
   0.421      2.813943
   0.427      2.859121
   0.432      2.903672
   0.437      2.947568
   0.443      2.990781
   0.448      3.033287
   0.454      3.075059
   0.459      3.116073
   0.464      3.156304
   0.470      3.195730
   0.475      3.234328
   0.481      3.272077
   0.486      3.308956
   0.491      3.344945
   0.497      3.380025
   0.502      3.414179
   0.508      3.447388
   0.513      3.479637
   0.518      3.510910
   0.524      3.541193
   0.529      3.570473
   0.535      3.598736
   0.540      3.625972
   0.545      3.652168
   0.551      3.677317
   0.556      3.701409
   0.562      3.724435
   0.567      3.746390
   0.572      3.767267
   0.578      3.787062
   0.583      3.805770
   0.589      3.823388
   0.594      3.839913
   0.599      3.855346
   0.605      3.869685
   0.610      3.882931
   0.616      3.895085
   0.621      3.906150
   0.626      3.916129
   0.632      3.925025
   0.637      3.932845
   0.643      3.939593
   0.648      3.945276
   0.653      3.949901
   0.659      3.953477
   0.664      3.956012
   0.670      3.957516
   0.675      3.957998
   0.680      3.957471
   0.686      3.955945
   0.691      3.953434
   0.697      3.949948
   0.702      3.945504
   0.707      3.940113
   0.713      3.933791
   0.718      3.926554
   0.724      3.918416
   0.729      3.909394
   0.734      3.899505
   0.740      3.888765
   0.745      3.877191
   0.751      3.864803
   0.756      3.851617
   0.761      3.837652
   0.767      3.822928
   0.772      3.807462
   0.778      3.791275
   0.783      3.774385
   0.788      3.756814
   0.794      3.738579
   0.799      3.719702
   0.805      3.700202
   0.810      3.680100
   0.815      3.659416
   0.821      3.638171
   0.826      3.616385
   0.832      3.594078
   0.837      3.571270
   0.842      3.547983
   0.848      3.524236
   0.853      3.500050
   0.859      3.475444
   0.864      3.450440
   0.869      3.425056
   0.875      3.399312
   0.880      3.373229
   0.886      3.346825
   0.891      3.320119
   0.896      3.293131
   0.902      3.265880
   0.907      3.238384
   0.913      3.210660
   0.918      3.182728
   0.923      3.154605
   0.929      3.126308
   0.934      3.097855
   0.940      3.069262
   0.945      3.040545
   0.950      3.011722
   0.956      2.982807
   0.961      2.953817
   0.967      2.924766
   0.972      2.895670
   0.977      2.866542
   0.983      2.837397
   0.988      2.808248
   0.994      2.779110
   0.999      2.749994
   1.004      2.720914
   1.010      2.691882
   1.015      2.662909
   1.021      2.634007
   1.026      2.605187
   1.031      2.576460
   1.037      2.547837
   1.042      2.519327
   1.048      2.490940
   1.053      2.462685
   1.058      2.434571
   1.064      2.406606
   1.069      2.378800
   1.075      2.351158
   1.080      2.323690
   1.085      2.296402
   1.091      2.269302
   1.096      2.242394
   1.102      2.215686
   1.107      2.189183
   1.112      2.162891
   1.118      2.136815
   1.123      2.110960
   1.129      2.085329
   1.134      2.059929
   1.139      2.034762
   1.145      2.009832
   1.150      1.985143
   1.156      1.960697
   1.161      1.936498
   1.166      1.912548
   1.172      1.888850
   1.177      1.865405
   1.183      1.842216
   1.188      1.819284
   1.193      1.796610
   1.199      1.774197
   1.204      1.752044
   1.210      1.730153
   1.215      1.708524
   1.220      1.687158
   1.226      1.666055
   1.231      1.645215
   1.237      1.624638
   1.242      1.604323
   1.247      1.584271
   1.253      1.564480
   1.258      1.544950
   1.264      1.525680
   1.269      1.506670
   1.274      1.487917
   1.280      1.469421
   1.285      1.451181
   1.291      1.433195
   1.296      1.415461
   1.301      1.397978
   1.307      1.380745
   1.312      1.363758
   1.318      1.347017
   1.323      1.330519
   1.328      1.314263
   1.334      1.298246
   1.339      1.282466
   1.345      1.266921
   1.350      1.251608
   1.355      1.236525
   1.361      1.221671
   1.366      1.207041
   1.372      1.192634
   1.377      1.178447
   1.382      1.164479
   1.388      1.150725
   1.393      1.137184
   1.399      1.123852
   1.404      1.110728
   1.409      1.097808
   1.415      1.085090
   1.420      1.072571
   1.426      1.060249
   1.431      1.048120
   1.436      1.036182
   1.442      1.024432
   1.447      1.012868
   1.453      1.001486
   1.458      0.990284
   1.463      0.979260
   1.469      0.968409
   1.474      0.957731
   1.480      0.947221
   1.485      0.936878
   1.490      0.926698
   1.496      0.916680
   1.501      0.906819
   1.507      0.897114
   1.512      0.887562
   1.517      0.878161
   1.523      0.868907
   1.528      0.859798
   1.534      0.850832
   1.539      0.842006
   1.544      0.833317
   1.550      0.824763
   1.555      0.816342
   1.561      0.808051
   1.566      0.799888
   1.571      0.791850
   1.577      0.783935
   1.582      0.776141
   1.588      0.768465
   1.593      0.760905
   1.598      0.753459
   1.604      0.746124
   1.609      0.738898
   1.615      0.731780
   1.620      0.724766
   1.625      0.717856
   1.631      0.711046
   1.636      0.704335
   1.642      0.697721
   1.647      0.691201
   1.652      0.684775
   1.658      0.678439
   1.663      0.672192
   1.669      0.666032
   1.674      0.659958
   1.679      0.653967
   1.685      0.648057
   1.690      0.642228
   1.696      0.636477
   1.701      0.630802
   1.706      0.625203
   1.712      0.619676
   1.717      0.614222
   1.723      0.608837
   1.728      0.603522
   1.733      0.598273
   1.739      0.593090
   1.744      0.587972
   1.750      0.582917
   1.755      0.577923
   1.760      0.572989
   1.766      0.568114
   1.771      0.563297
   1.777      0.558537
   1.782      0.553832
   1.787      0.549180
   1.793      0.544582
   1.798      0.540036
   1.804      0.535540
   1.809      0.531094
   1.814      0.526697
   1.820      0.522347
   1.825      0.518044
   1.831      0.513787
   1.836      0.509575
   1.841      0.505407
   1.847      0.501282
   1.852      0.497199
   1.858      0.493158
   1.863      0.489158
   1.868      0.485197
   1.874      0.481276
   1.879      0.477394
   1.885      0.473549
   1.890      0.469742
   1.895      0.465971
   1.901      0.462236
   1.906      0.458537
   1.912      0.454873
   1.917      0.451243
   1.922      0.447647
   1.928      0.444084
   1.933      0.440554
   1.939      0.437057
   1.944      0.433592
   1.949      0.430158
   1.955      0.426755
   1.960      0.423383
   1.966      0.420042
   1.971      0.416730
   1.976      0.413449
   1.982      0.410196
   1.987      0.406973
   1.993      0.403778
   1.998      0.400611
   2.003      0.397473
   2.009      0.394362
   2.014      0.391279
   2.020      0.388223
   2.025      0.385194
   2.030      0.382192
   2.036      0.379216
   2.041      0.376266
   2.047      0.373342
   2.052      0.370443
   2.057      0.367570
   2.063      0.364721
   2.068      0.361898
   2.074      0.359099
   2.079      0.356324
   2.084      0.353573
   2.090      0.350846
   2.095      0.348143
   2.101      0.345463
   2.106      0.342806
   2.111      0.340171
   2.117      0.337560
   2.122      0.334970
   2.128      0.332403
   2.133      0.329858
   2.138      0.327334
   2.144      0.324832
   2.149      0.322351
   2.155      0.319891
   2.160      0.317452
   2.165      0.315034
   2.171      0.312636
   2.176      0.310258
   2.182      0.307901
   2.187      0.305563
   2.192      0.303244
   2.198      0.300946
   2.203      0.298666
   2.209      0.296405
   2.214      0.294164
   2.219      0.291941
   2.225      0.289736
   2.230      0.287550
   2.236      0.285382
   2.241      0.283232
   2.246      0.281099
   2.252      0.278984
   2.257      0.276887
   2.263      0.274807
   2.268      0.272744
   2.273      0.270698
   2.279      0.268668
   2.284      0.266656
   2.290      0.264659
   2.295      0.262679
   2.300      0.260715
   2.306      0.258768
   2.311      0.256835
   2.317      0.254919
   2.322      0.253018
   2.327      0.251132
   2.333      0.249262
   2.338      0.247407
   2.344      0.245566
   2.349      0.243741
   2.354      0.241930
   2.360      0.240133
   2.365      0.238351
   2.371      0.236583
   2.376      0.234830
   2.381      0.233090
   2.387      0.231364
   2.392      0.229652
   2.398      0.227953
   2.403      0.226268
   2.408      0.224596
   2.414      0.222937
   2.419      0.221291
   2.425      0.219659
   2.430      0.218039
   2.435      0.216432
   2.441      0.214837
   2.446      0.213255
   2.452      0.211685
   2.457      0.210128
   2.462      0.208582
   2.468      0.207049
   2.473      0.205528
   2.479      0.204018
   2.484      0.202520
   2.489      0.201034
   2.495      0.199559
   2.500      0.198095
   2.506      0.196643
   2.511      0.195202
   2.516      0.193772
   2.522      0.192353
   2.527      0.190944
   2.533      0.189547
   2.538      0.188160
   2.543      0.186784
   2.549      0.185418
   2.554      0.184063
   2.560      0.182717
   2.565      0.181383
   2.570      0.180058
   2.576      0.178743
   2.581      0.177438
   2.587      0.176143
   2.592      0.174858
   2.597      0.173582
   2.603      0.172316
   2.608      0.171059
   2.614      0.169812
   2.619      0.168574
   2.624      0.167345
   2.630      0.166126
   2.635      0.164915
   2.641      0.163713
   2.646      0.162521
   2.651      0.161337
   2.657      0.160162
   2.662      0.158996
   2.668      0.157838
   2.673      0.156689
   2.678      0.155548
   2.684      0.154415
   2.689      0.153291
   2.695      0.152175
   2.700      0.151067
   2.705      0.149968
   2.711      0.148876
   2.716      0.147792
   2.722      0.146716
   2.727      0.145648
   2.732      0.144588
   2.738      0.143535
   2.743      0.142490
   2.749      0.141452
   2.754      0.140422
   2.759      0.139399
   2.765      0.138384
   2.770      0.137376
   2.776      0.136375
   2.781      0.135381
   2.786      0.134394
   2.792      0.133415
   2.797      0.132442
   2.803      0.131476
   2.808      0.130517
   2.813      0.129565
   2.819      0.128620
   2.824      0.127681
   2.830      0.126749
   2.835      0.125823
   2.840      0.124904
   2.846      0.123992
   2.851      0.123085
   2.857      0.122186
   2.862      0.121292
   2.867      0.120405
   2.873      0.119523
   2.878      0.118648
   2.884      0.117779
   2.889      0.116916
   2.894      0.116059
   2.900      0.115208
   2.905      0.114363
   2.911      0.113524
   2.916      0.112690
   2.921      0.111862
   2.927      0.111040
   2.932      0.110224
   2.938      0.109413
   2.943      0.108607
   2.948      0.107807
   2.954      0.107013
   2.959      0.106223
   2.965      0.105440
   2.970      0.104661
   2.975      0.103888
   2.981      0.103120
   2.986      0.102357
   2.992      0.101600
   2.997      0.100847
   3.002      0.100099
   3.008      0.099357
   3.013      0.098619
   3.019      0.097887
   3.024      0.097159
   3.029      0.096436
   3.035      0.095718
   3.040      0.095005
   3.046      0.094296
   3.051      0.093592
   3.056      0.092893
   3.062      0.092198
   3.067      0.091508
   3.073      0.090822
   3.078      0.090141
   3.083      0.089465
   3.089      0.088792
   3.094      0.088125
   3.100      0.087461
   3.105      0.086802
   3.110      0.086147
   3.116      0.085497
   3.121      0.084850
   3.127      0.084208
   3.132      0.083570
   3.137      0.082936
   3.143      0.082306
   3.148      0.081680
   3.154      0.081058
   3.159      0.080440
   3.164      0.079826
   3.170      0.079216
   3.175      0.078610
   3.181      0.078008
   3.186      0.077410
   3.191      0.076815
   3.197      0.076224
   3.202      0.075637
   3.208      0.075053
   3.213      0.074473
   3.218      0.073897
   3.224      0.073325
   3.229      0.072756
   3.235      0.072190
   3.240      0.071628
   3.245      0.071070
   3.251      0.070515
   3.256      0.069963
   3.262      0.069415
   3.267      0.068870
   3.272      0.068329
   3.278      0.067791
   3.283      0.067256
   3.289      0.066724
   3.294      0.066196
   3.299      0.065671
   3.305      0.065149
   3.310      0.064631
   3.316      0.064115
   3.321      0.063603
   3.326      0.063093
   3.332      0.062587
   3.337      0.062084
   3.343      0.061584
   3.348      0.061087
   3.353      0.060592
   3.359      0.060101
   3.364      0.059613
   3.370      0.059128
   3.375      0.058645
   3.380      0.058165
   3.386      0.057688
   3.391      0.057214
   3.397      0.056743
   3.402      0.056275
   3.407      0.055809
   3.413      0.055346
   3.418      0.054886
   3.424      0.054428
   3.429      0.053973
   3.434      0.053521
   3.440      0.053071
   3.445      0.052624
   3.451      0.052179
   3.456      0.051737
   3.461      0.051298
   3.467      0.050861
   3.472      0.050427
   3.478      0.049995
   3.483      0.049565
   3.488      0.049138
   3.494      0.048713
   3.499      0.048291
   3.505      0.047871
   3.510      0.047454
   3.515      0.047038
   3.521      0.046625
   3.526      0.046215
   3.532      0.045807
   3.537      0.045401
   3.542      0.044997
   3.548      0.044595
   3.553      0.044196
   3.559      0.043799
   3.564      0.043404
   3.569      0.043011
   3.575      0.042620
   3.580      0.042232
   3.586      0.041845
   3.591      0.041461
   3.596      0.041079
   3.602      0.040699
   3.607      0.040320
   3.613      0.039944
   3.618      0.039570
   3.623      0.039198
   3.629      0.038828
   3.634      0.038460
   3.640      0.038093
   3.645      0.037729
   3.650      0.037367
   3.656      0.037006
   3.661      0.036647
   3.667      0.036291
   3.672      0.035936
   3.677      0.035583
   3.683      0.035232
   3.688      0.034882
   3.694      0.034534
   3.699      0.034189
   3.704      0.033844
   3.710      0.033502
   3.715      0.033161
   3.721      0.032823
   3.726      0.032485
   3.731      0.032150
   3.737      0.031816
   3.742      0.031484
   3.748      0.031154
   3.753      0.030825
   3.758      0.030497
   3.764      0.030172
   3.769      0.029848
   3.775      0.029525
   3.780      0.029205
   3.785      0.028885
   3.791      0.028568
   3.796      0.028251
   3.802      0.027937
   3.807      0.027624
   3.812      0.027312
   3.818      0.027002
   3.823      0.026693
   3.829      0.026386
   3.834      0.026080
   3.839      0.025776
   3.845      0.025473
   3.850      0.025171
   3.856      0.024871
   3.861      0.024572
   3.866      0.024275
   3.872      0.023979
   3.877      0.023684
   3.883      0.023391
   3.888      0.023099
   3.893      0.022809
   3.899      0.022519
   3.904      0.022231
   3.910      0.021944
   3.915      0.021659
   3.920      0.021375
   3.926      0.021092
   3.931      0.020810
   3.937      0.020530
   3.942      0.020251
   3.947      0.019972
   3.953      0.019696
   3.958      0.019420
   3.964      0.019146
   3.969      0.018872
   3.974      0.018600
   3.980      0.018329
   3.985      0.018059
   3.991      0.017791
   3.996      0.017523
   4.001      0.017257
   4.007      0.016991
   4.012      0.016727
   4.018      0.016464
   4.023      0.016202
   4.028      0.015941
   4.034      0.015681
   4.039      0.015422
   4.045      0.015164
   4.050      0.014907
   4.055      0.014651
   4.061      0.014396
   4.066      0.014142
   4.072      0.013889
   4.077      0.013638
   4.082      0.013387
   4.088      0.013137
   4.093      0.012888
   4.099      0.012639
   4.104      0.012392
   4.109      0.012146
   4.115      0.011901
   4.120      0.011656
   4.126      0.011413
   4.131      0.011170
   4.136      0.010929
   4.142      0.010688
   4.147      0.010448
   4.153      0.010209
   4.158      0.009970
   4.163      0.009733
   4.169      0.009496
   4.174      0.009260
   4.180      0.009025
   4.185      0.008791
   4.190      0.008558
   4.196      0.008325
   4.201      0.008094
   4.207      0.007863
   4.212      0.007632
   4.217      0.007403
   4.223      0.007174
   4.228      0.006946
   4.234      0.006719
   4.239      0.006492
   4.244      0.006267
   4.250      0.006042
   4.255      0.005817
   4.261      0.005594
   4.266      0.005371
   4.271      0.005148
   4.277      0.004927
   4.282      0.004706
   4.288      0.004485
   4.293      0.004266
   4.298      0.004047
   4.304      0.003828
   4.309      0.003611
   4.315      0.003394
   4.320      0.003177
   4.325      0.002961
   4.331      0.002746
   4.336      0.002532
   4.342      0.002317
   4.347      0.002104
   4.352      0.001891
   4.358      0.001679
   4.363      0.001467
   4.369      0.001256
   4.374      0.001045
   4.379      0.000835
   4.385      0.000626
   4.390      0.000417
   4.396      0.000208
   4.401      0.000000
