   0.005     -0.000788
   0.011      0.000394
   0.016      0.001577
   0.022      0.003547
   0.027      0.006303
   0.032      0.009844
   0.038      0.014167
   0.043      0.019270
   0.049      0.025150
   0.054      0.031802
   0.059      0.039223
   0.065      0.047407
   0.070      0.056351
   0.076      0.066047
   0.081      0.076490
   0.086      0.087672
   0.092      0.099587
   0.097      0.112226
   0.103      0.125582
   0.108      0.139645
   0.113      0.154407
   0.119      0.169857
   0.124      0.185984
   0.130      0.202779
   0.135      0.220231
   0.140      0.238326
   0.146      0.257054
   0.151      0.276402
   0.157      0.296356
   0.162      0.316904
   0.167      0.338031
   0.173      0.359723
   0.178      0.381966
   0.184      0.404744
   0.189      0.428042
   0.194      0.451844
   0.200      0.476134
   0.205      0.500894
   0.211      0.526110
   0.216      0.551761
   0.221      0.577833
   0.227      0.604305
   0.232      0.631161
   0.238      0.658381
   0.243      0.685947
   0.248      0.713839
   0.254      0.742038
   0.259      0.770525
   0.265      0.799279
   0.270      0.828282
   0.275      0.857511
   0.281      0.886947
   0.286      0.916569
   0.292      0.946357
   0.297      0.976289
   0.302      1.006345
   0.308      1.036503
   0.313      1.066742
   0.319      1.097040
   0.324      1.127376
   0.329      1.157730
   0.335      1.188078
   0.340      1.218401
   0.346      1.248675
   0.351      1.278881
   0.356      1.308996
   0.362      1.338999
   0.367      1.368869
   0.373      1.398584
   0.378      1.428125
   0.383      1.457469
   0.389      1.486597
   0.394      1.515486
   0.400      1.544118
   0.405      1.572472
   0.410      1.600528
   0.416      1.628267
   0.421      1.655668
   0.427      1.682712
   0.432      1.709382
   0.437      1.735658
   0.443      1.761522
   0.448      1.786956
   0.454      1.811942
   0.459      1.836465
   0.464      1.860505
   0.470      1.884049
   0.475      1.907078
   0.481      1.929579
   0.486      1.951535
   0.491      1.972932
   0.497      1.993757
   0.502      2.013994
   0.508      2.033632
   0.513      2.052658
   0.518      2.071059
   0.524      2.088824
   0.529      2.105941
   0.535      2.122400
   0.540      2.138192
   0.545      2.153305
   0.551      2.167733
   0.556      2.181466
   0.562      2.194496
   0.567      2.206816
   0.572      2.218420
   0.578      2.229302
   0.583      2.239455
   0.589      2.248876
   0.594      2.257559
   0.599      2.265501
   0.605      2.272699
   0.610      2.279150
   0.616      2.284852
   0.621      2.289804
   0.626      2.294004
   0.632      2.297452
   0.637      2.300149
   0.643      2.302095
   0.648      2.303291
   0.653      2.303740
   0.659      2.303443
   0.664      2.302403
   0.670      2.300624
   0.675      2.298110
   0.680      2.294864
   0.686      2.290892
   0.691      2.286200
   0.697      2.280791
   0.702      2.274673
   0.707      2.267853
   0.713      2.260337
   0.718      2.252133
   0.724      2.243248
   0.729      2.233691
   0.734      2.223470
   0.740      2.212594
   0.745      2.201072
   0.751      2.188913
   0.756      2.176128
   0.761      2.162727
   0.767      2.148719
   0.772      2.134115
   0.778      2.118927
   0.783      2.103165
   0.788      2.086841
   0.794      2.069965
   0.799      2.052550
   0.805      2.034607
   0.810      2.016148
   0.815      1.997186
   0.821      1.977732
   0.826      1.957799
   0.832      1.937398
   0.837      1.916543
   0.842      1.895247
   0.848      1.873520
   0.853      1.851377
   0.859      1.828829
   0.864      1.805890
   0.869      1.782572
   0.875      1.758887
   0.880      1.734849
   0.886      1.710469
   0.891      1.685761
   0.896      1.660737
   0.902      1.635409
   0.907      1.609790
   0.913      1.583892
   0.918      1.557728
   0.923      1.531309
   0.929      1.504648
   0.934      1.477757
   0.940      1.450648
   0.945      1.423332
   0.950      1.395821
   0.956      1.368127
   0.961      1.340262
   0.967      1.312236
   0.972      1.284061
   0.977      1.255748
   0.983      1.227308
   0.988      1.198752
   0.994      1.170091
   0.999      1.141335
   1.004      1.112494
   1.010      1.083579
   1.015      1.054601
   1.021      1.025568
   1.026      0.996491
   1.031      0.967380
   1.037      0.938244
   1.042      0.909092
   1.048      0.879934
   1.053      0.850779
   1.058      0.821635
   1.064      0.792512
   1.069      0.763418
   1.075      0.734361
   1.080      0.705350
   1.085      0.676393
   1.091      0.647497
   1.096      0.618671
   1.102      0.589923
   1.107      0.561259
   1.112      0.532687
   1.118      0.504214
   1.123      0.475847
   1.129      0.447594
   1.134      0.419459
   1.139      0.391452
   1.145      0.363576
   1.150      0.335840
   1.156      0.308248
   1.161      0.280806
   1.166      0.253521
   1.172      0.226399
   1.177      0.199443
   1.183      0.172660
   1.188      0.146055
   1.193      0.119632
   1.199      0.093397
   1.204      0.067355
   1.210      0.041509
   1.215      0.015864
   1.220     -0.009575
   1.226     -0.034805
   1.231     -0.059822
   1.237     -0.084621
   1.242     -0.109199
   1.247     -0.133553
   1.253     -0.157679
   1.258     -0.181574
   1.264     -0.205234
   1.269     -0.228657
   1.274     -0.251840
   1.280     -0.274780
   1.285     -0.297474
   1.291     -0.319920
   1.296     -0.342115
   1.301     -0.364058
   1.307     -0.385745
   1.312     -0.407175
   1.318     -0.428346
   1.323     -0.449256
   1.328     -0.469903
   1.334     -0.490286
   1.339     -0.510403
   1.345     -0.530253
   1.350     -0.549834
   1.355     -0.569145
   1.361     -0.588185
   1.366     -0.606954
   1.372     -0.625449
   1.377     -0.643670
   1.382     -0.661616
   1.388     -0.679288
   1.393     -0.696683
   1.399     -0.713802
   1.404     -0.730643
   1.409     -0.747208
   1.415     -0.763495
   1.420     -0.779505
   1.426     -0.795236
   1.431     -0.810690
   1.436     -0.825866
   1.442     -0.840764
   1.447     -0.855384
   1.453     -0.869727
   1.458     -0.883793
   1.463     -0.897582
   1.469     -0.911094
   1.474     -0.924331
   1.480     -0.937292
   1.485     -0.949979
   1.490     -0.962392
   1.496     -0.974531
   1.501     -0.986398
   1.507     -0.997992
   1.512     -1.009316
   1.517     -1.020370
   1.523     -1.031155
   1.528     -1.041672
   1.534     -1.051922
   1.539     -1.061906
   1.544     -1.071625
   1.550     -1.081081
   1.555     -1.090275
   1.561     -1.099208
   1.566     -1.107881
   1.571     -1.116297
   1.577     -1.124455
   1.582     -1.132358
   1.588     -1.140007
   1.593     -1.147405
   1.598     -1.154551
   1.604     -1.161448
   1.609     -1.168098
   1.615     -1.174502
   1.620     -1.180663
   1.625     -1.186581
   1.631     -1.192258
   1.636     -1.197697
   1.642     -1.202899
   1.647     -1.207866
   1.652     -1.212600
   1.658     -1.217104
   1.663     -1.221378
   1.669     -1.225425
   1.674     -1.229247
   1.679     -1.232846
   1.685     -1.236225
   1.690     -1.239385
   1.696     -1.242328
   1.701     -1.245057
   1.706     -1.247574
   1.712     -1.249881
   1.717     -1.251981
   1.723     -1.253875
   1.728     -1.255566
   1.733     -1.257057
   1.739     -1.258350
   1.744     -1.259447
   1.750     -1.260350
   1.755     -1.261063
   1.760     -1.261587
   1.766     -1.261926
   1.771     -1.262081
   1.777     -1.262056
   1.782     -1.261852
   1.787     -1.261473
   1.793     -1.260920
   1.798     -1.260198
   1.804     -1.259308
   1.809     -1.258253
   1.814     -1.257036
   1.820     -1.255660
   1.825     -1.254127
   1.831     -1.252440
   1.836     -1.250602
   1.841     -1.248615
   1.847     -1.246484
   1.852     -1.244210
   1.858     -1.241796
   1.863     -1.239245
   1.868     -1.236561
   1.874     -1.233745
   1.879     -1.230802
   1.885     -1.227733
   1.890     -1.224543
   1.895     -1.221233
   1.901     -1.217806
   1.906     -1.214267
   1.912     -1.210617
   1.917     -1.206859
   1.922     -1.202998
   1.928     -1.199034
   1.933     -1.194973
   1.939     -1.190815
   1.944     -1.186565
   1.949     -1.182226
   1.955     -1.177799
   1.960     -1.173289
   1.966     -1.168698
   1.971     -1.164029
   1.976     -1.159285
   1.982     -1.154468
   1.987     -1.149581
   1.993     -1.144628
   1.998     -1.139611
   2.003     -1.134532
   2.009     -1.129395
   2.014     -1.124201
   2.020     -1.118954
   2.025     -1.113656
   2.030     -1.108310
   2.036     -1.102918
   2.041     -1.097482
   2.047     -1.092005
   2.052     -1.086489
   2.057     -1.080936
   2.063     -1.075349
   2.068     -1.069729
   2.074     -1.064080
   2.079     -1.058402
   2.084     -1.052698
   2.090     -1.046970
   2.095     -1.041220
   2.101     -1.035450
   2.106     -1.029661
   2.111     -1.023856
   2.117     -1.018035
   2.122     -1.012202
   2.128     -1.006357
   2.133     -1.000502
   2.138     -0.994639
   2.144     -0.988769
   2.149     -0.982894
   2.155     -0.977015
   2.160     -0.971134
   2.165     -0.965251
   2.171     -0.959369
   2.176     -0.953489
   2.182     -0.947611
   2.187     -0.941738
   2.192     -0.935869
   2.198     -0.930008
   2.203     -0.924153
   2.209     -0.918308
   2.214     -0.912472
   2.219     -0.906647
   2.225     -0.900833
   2.230     -0.895032
   2.236     -0.889244
   2.241     -0.883470
   2.246     -0.877712
   2.252     -0.871970
   2.257     -0.866244
   2.263     -0.860536
   2.268     -0.854846
   2.273     -0.849174
   2.279     -0.843523
   2.284     -0.837891
   2.290     -0.832281
   2.295     -0.826691
   2.300     -0.821124
   2.306     -0.815579
   2.311     -0.810056
   2.317     -0.804558
   2.322     -0.799083
   2.327     -0.793632
   2.333     -0.788207
   2.338     -0.782806
   2.344     -0.777431
   2.349     -0.772081
   2.354     -0.766758
   2.360     -0.761461
   2.365     -0.756191
   2.371     -0.750948
   2.376     -0.745733
   2.381     -0.740545
   2.387     -0.735384
   2.392     -0.730252
   2.398     -0.725147
   2.403     -0.720072
   2.408     -0.715024
   2.414     -0.710005
   2.419     -0.705015
   2.425     -0.700054
   2.430     -0.695122
   2.435     -0.690219
   2.441     -0.685345
   2.446     -0.680500
   2.452     -0.675685
   2.457     -0.670898
   2.462     -0.666142
   2.468     -0.661414
   2.473     -0.656716
   2.479     -0.652048
   2.484     -0.647408
   2.489     -0.642799
   2.495     -0.638218
   2.500     -0.633667
   2.506     -0.629145
   2.511     -0.624653
   2.516     -0.620189
   2.522     -0.615755
   2.527     -0.611350
   2.533     -0.606974
   2.538     -0.602627
   2.543     -0.598308
   2.549     -0.594019
   2.554     -0.589758
   2.560     -0.585525
   2.565     -0.581321
   2.570     -0.577146
   2.576     -0.572999
   2.581     -0.568879
   2.587     -0.564788
   2.592     -0.560725
   2.597     -0.556689
   2.603     -0.552681
   2.608     -0.548701
   2.614     -0.544748
   2.619     -0.540822
   2.624     -0.536923
   2.630     -0.533051
   2.635     -0.529206
   2.641     -0.525387
   2.646     -0.521595
   2.651     -0.517829
   2.657     -0.514090
   2.662     -0.510376
   2.668     -0.506688
   2.673     -0.503026
   2.678     -0.499389
   2.684     -0.495778
   2.689     -0.492192
   2.695     -0.488631
   2.700     -0.485095
   2.705     -0.481583
   2.711     -0.478096
   2.716     -0.474634
   2.722     -0.471196
   2.727     -0.467781
   2.732     -0.464391
   2.738     -0.461024
   2.743     -0.457681
   2.749     -0.454361
   2.754     -0.451064
   2.759     -0.447791
   2.765     -0.444540
   2.770     -0.441312
   2.776     -0.438106
   2.781     -0.434923
   2.786     -0.431762
   2.792     -0.428623
   2.797     -0.425506
   2.803     -0.422411
   2.808     -0.419337
   2.813     -0.416284
   2.819     -0.413253
   2.824     -0.410243
   2.830     -0.407253
   2.835     -0.404285
   2.840     -0.401337
   2.846     -0.398409
   2.851     -0.395501
   2.857     -0.392614
   2.862     -0.389747
   2.867     -0.386899
   2.873     -0.384071
   2.878     -0.381262
   2.884     -0.378473
   2.889     -0.375703
   2.894     -0.372952
   2.900     -0.370219
   2.905     -0.367506
   2.911     -0.364811
   2.916     -0.362134
   2.921     -0.359476
   2.927     -0.356835
   2.932     -0.354213
   2.938     -0.351608
   2.943     -0.349022
   2.948     -0.346452
   2.954     -0.343900
   2.959     -0.341366
   2.965     -0.338848
   2.970     -0.336348
   2.975     -0.333864
   2.981     -0.331397
   2.986     -0.328946
   2.992     -0.326512
   2.997     -0.324094
   3.002     -0.321693
   3.008     -0.319307
   3.013     -0.316938
   3.019     -0.314584
   3.024     -0.312245
   3.029     -0.309923
   3.035     -0.307615
   3.040     -0.305323
   3.046     -0.303047
   3.051     -0.300785
   3.056     -0.298538
   3.062     -0.296306
   3.067     -0.294088
   3.073     -0.291885
   3.078     -0.289697
   3.083     -0.287522
   3.089     -0.285362
   3.094     -0.283216
   3.100     -0.281084
   3.105     -0.278966
   3.110     -0.276862
   3.116     -0.274771
   3.121     -0.272694
   3.127     -0.270630
   3.132     -0.268579
   3.137     -0.266542
   3.143     -0.264518
   3.148     -0.262506
   3.154     -0.260508
   3.159     -0.258522
   3.164     -0.256549
   3.170     -0.254589
   3.175     -0.252641
   3.181     -0.250705
   3.186     -0.248782
   3.191     -0.246871
   3.197     -0.244972
   3.202     -0.243085
   3.208     -0.241209
   3.213     -0.239346
   3.218     -0.237494
   3.224     -0.235654
   3.229     -0.233825
   3.235     -0.232008
   3.240     -0.230202
   3.245     -0.228407
   3.251     -0.226624
   3.256     -0.224851
   3.262     -0.223089
   3.267     -0.221339
   3.272     -0.219599
   3.278     -0.217869
   3.283     -0.216151
   3.289     -0.214443
   3.294     -0.212745
   3.299     -0.211058
   3.305     -0.209380
   3.310     -0.207714
   3.316     -0.206057
   3.321     -0.204410
   3.326     -0.202773
   3.332     -0.201146
   3.337     -0.199529
   3.343     -0.197922
   3.348     -0.196324
   3.353     -0.194735
   3.359     -0.193157
   3.364     -0.191587
   3.370     -0.190027
   3.375     -0.188476
   3.380     -0.186935
   3.386     -0.185402
   3.391     -0.183879
   3.397     -0.182364
   3.402     -0.180859
   3.407     -0.179362
   3.413     -0.177874
   3.418     -0.176395
   3.424     -0.174924
   3.429     -0.173462
   3.434     -0.172008
   3.440     -0.170563
   3.445     -0.169126
   3.451     -0.167697
   3.456     -0.166276
   3.461     -0.164864
   3.467     -0.163460
   3.472     -0.162064
   3.478     -0.160675
   3.483     -0.159295
   3.488     -0.157922
   3.494     -0.156557
   3.499     -0.155200
   3.505     -0.153851
   3.510     -0.152509
   3.515     -0.151175
   3.521     -0.149848
   3.526     -0.148528
   3.532     -0.147216
   3.537     -0.145911
   3.542     -0.144613
   3.548     -0.143323
   3.553     -0.142039
   3.559     -0.140763
   3.564     -0.139494
   3.569     -0.138231
   3.575     -0.136976
   3.580     -0.135727
   3.586     -0.134485
   3.591     -0.133250
   3.596     -0.132021
   3.602     -0.130799
   3.607     -0.129584
   3.613     -0.128375
   3.618     -0.127173
   3.623     -0.125977
   3.629     -0.124787
   3.634     -0.123604
   3.640     -0.122427
   3.645     -0.121256
   3.650     -0.120091
   3.656     -0.118932
   3.661     -0.117780
   3.667     -0.116633
   3.672     -0.115493
   3.677     -0.114358
   3.683     -0.113229
   3.688     -0.112106
   3.694     -0.110989
   3.699     -0.109877
   3.704     -0.108771
   3.710     -0.107671
   3.715     -0.106576
   3.721     -0.105487
   3.726     -0.104403
   3.731     -0.103325
   3.737     -0.102252
   3.742     -0.101185
   3.748     -0.100123
   3.753     -0.099066
   3.758     -0.098014
   3.764     -0.096968
   3.769     -0.095927
   3.775     -0.094891
   3.780     -0.093859
   3.785     -0.092833
   3.791     -0.091812
   3.796     -0.090796
   3.802     -0.089785
   3.807     -0.088778
   3.812     -0.087777
   3.818     -0.086780
   3.823     -0.085788
   3.829     -0.084800
   3.834     -0.083817
   3.839     -0.082839
   3.845     -0.081866
   3.850     -0.080897
   3.856     -0.079932
   3.861     -0.078972
   3.866     -0.078016
   3.872     -0.077065
   3.877     -0.076118
   3.883     -0.075176
   3.888     -0.074237
   3.893     -0.073303
   3.899     -0.072374
   3.904     -0.071448
   3.910     -0.070526
   3.915     -0.069609
   3.920     -0.068696
   3.926     -0.067786
   3.931     -0.066881
   3.937     -0.065980
   3.942     -0.065082
   3.947     -0.064189
   3.953     -0.063299
   3.958     -0.062413
   3.964     -0.061531
   3.969     -0.060653
   3.974     -0.059778
   3.980     -0.058908
   3.985     -0.058040
   3.991     -0.057177
   3.996     -0.056317
   4.001     -0.055461
   4.007     -0.054608
   4.012     -0.053758
   4.018     -0.052913
   4.023     -0.052070
   4.028     -0.051231
   4.034     -0.050396
   4.039     -0.049563
   4.045     -0.048734
   4.050     -0.047909
   4.055     -0.047086
   4.061     -0.046267
   4.066     -0.045451
   4.072     -0.044639
   4.077     -0.043829
   4.082     -0.043023
   4.088     -0.042219
   4.093     -0.041419
   4.099     -0.040621
   4.104     -0.039827
   4.109     -0.039036
   4.115     -0.038247
   4.120     -0.037462
   4.126     -0.036679
   4.131     -0.035900
   4.136     -0.035123
   4.142     -0.034349
   4.147     -0.033577
   4.153     -0.032809
   4.158     -0.032043
   4.163     -0.031280
   4.169     -0.030520
   4.174     -0.029762
   4.180     -0.029007
   4.185     -0.028254
   4.190     -0.027504
   4.196     -0.026757
   4.201     -0.026012
   4.207     -0.025269
   4.212     -0.024529
   4.217     -0.023792
   4.223     -0.023057
   4.228     -0.022324
   4.234     -0.021594
   4.239     -0.020866
   4.244     -0.020140
   4.250     -0.019417
   4.255     -0.018696
   4.261     -0.017977
   4.266     -0.017260
   4.271     -0.016546
   4.277     -0.015834
   4.282     -0.015123
   4.288     -0.014415
   4.293     -0.013710
   4.298     -0.013006
   4.304     -0.012304
   4.309     -0.011604
   4.315     -0.010907
   4.320     -0.010211
   4.325     -0.009517
   4.331     -0.008826
   4.336     -0.008136
   4.342     -0.007448
   4.347     -0.006762
   4.352     -0.006078
   4.358     -0.005395
   4.363     -0.004715
   4.369     -0.004036
   4.374     -0.003359
   4.379     -0.002684
   4.385     -0.002010
   4.390     -0.001339
   4.396     -0.000668
   4.401      0.000000
