   0.000      2.128305
   0.007      2.128305
   0.014      2.128305
   0.022      2.128305
   0.029      2.128305
   0.036      2.128304
   0.043      2.128304
   0.050      2.128302
   0.057      2.128299
   0.065      2.128293
   0.072      2.128283
   0.079      2.128266
   0.086      2.128241
   0.093      2.128202
   0.101      2.128146
   0.108      2.128068
   0.115      2.127961
   0.122      2.127818
   0.129      2.127629
   0.136      2.127385
   0.144      2.127075
   0.151      2.126686
   0.158      2.126205
   0.165      2.125618
   0.172      2.124907
   0.179      2.124056
   0.187      2.123048
   0.194      2.121864
   0.201      2.120484
   0.208      2.118889
   0.215      2.117059
   0.223      2.114973
   0.230      2.112611
   0.237      2.109954
   0.244      2.106982
   0.251      2.103677
   0.258      2.100020
   0.266      2.095996
   0.273      2.091588
   0.280      2.086784
   0.287      2.081569
   0.294      2.075935
   0.302      2.069871
   0.309      2.063372
   0.316      2.056433
   0.323      2.049050
   0.330      2.041224
   0.337      2.032955
   0.345      2.024248
   0.352      2.015108
   0.359      2.005542
   0.366      1.995561
   0.373      1.985174
   0.381      1.974396
   0.388      1.963241
   0.395      1.951724
   0.402      1.939863
   0.409      1.927676
   0.416      1.915181
   0.424      1.902398
   0.431      1.889349
   0.438      1.876053
   0.445      1.862532
   0.452      1.848808
   0.460      1.834900
   0.467      1.820831
   0.474      1.806620
   0.481      1.792290
   0.488      1.777859
   0.495      1.763347
   0.503      1.748772
   0.510      1.734153
   0.517      1.719508
   0.524      1.704852
   0.531      1.690201
   0.538      1.675571
   0.546      1.660974
   0.553      1.646425
   0.560      1.631934
   0.567      1.617515
   0.574      1.603176
   0.582      1.588928
   0.589      1.574779
   0.596      1.560738
   0.603      1.546811
   0.610      1.533005
   0.617      1.519326
   0.625      1.505780
   0.632      1.492369
   0.639      1.479099
   0.646      1.465973
   0.653      1.452994
   0.661      1.440163
   0.668      1.427483
   0.675      1.414956
   0.682      1.402582
   0.689      1.390362
   0.696      1.378297
   0.704      1.366386
   0.711      1.354630
   0.718      1.343029
   0.725      1.331580
   0.732      1.320285
   0.740      1.309141
   0.747      1.298148
   0.754      1.287304
   0.761      1.276608
   0.768      1.266059
   0.775      1.255654
   0.783      1.245392
   0.790      1.235272
   0.797      1.225291
   0.804      1.215448
   0.811      1.205741
   0.818      1.196167
   0.826      1.186725
   0.833      1.177413
   0.840      1.168229
   0.847      1.159171
   0.854      1.150237
   0.862      1.141424
   0.869      1.132732
   0.876      1.124157
   0.883      1.115699
   0.890      1.107354
   0.897      1.099122
   0.905      1.091000
   0.912      1.082986
   0.919      1.075079
   0.926      1.067276
   0.933      1.059576
   0.941      1.051978
   0.948      1.044478
   0.955      1.037077
   0.962      1.029771
   0.969      1.022560
   0.976      1.015442
   0.984      1.008414
   0.991      1.001477
   0.998      0.994627
   1.005      0.987864
   1.012      0.981186
   1.020      0.974591
   1.027      0.968079
   1.034      0.961647
   1.041      0.955295
   1.048      0.949022
   1.055      0.942824
   1.063      0.936703
   1.070      0.930656
   1.077      0.924681
   1.084      0.918779
   1.091      0.912947
   1.099      0.907185
   1.106      0.901491
   1.113      0.895864
   1.120      0.890303
   1.127      0.884808
   1.134      0.879376
   1.142      0.874007
   1.149      0.868701
   1.156      0.863455
   1.163      0.858269
   1.170      0.853143
   1.177      0.848074
   1.185      0.843062
   1.192      0.838107
   1.199      0.833208
   1.206      0.828362
   1.213      0.823571
   1.221      0.818832
   1.228      0.814145
   1.235      0.809510
   1.242      0.804925
   1.249      0.800390
   1.256      0.795903
   1.264      0.791465
   1.271      0.787074
   1.278      0.782730
   1.285      0.778432
   1.292      0.774179
   1.300      0.769971
   1.307      0.765807
   1.314      0.761686
   1.321      0.757608
   1.328      0.753572
   1.335      0.749577
   1.343      0.745624
   1.350      0.741710
   1.357      0.737836
   1.364      0.734002
   1.371      0.730206
   1.379      0.726447
   1.386      0.722727
   1.393      0.719043
   1.400      0.715395
   1.407      0.711784
   1.414      0.708208
   1.422      0.704666
   1.429      0.701159
   1.436      0.697686
   1.443      0.694247
   1.450      0.690840
   1.457      0.687466
   1.465      0.684124
   1.472      0.680814
   1.479      0.677535
   1.486      0.674286
   1.493      0.671068
   1.501      0.667880
   1.508      0.664722
   1.515      0.661592
   1.522      0.658492
   1.529      0.655420
   1.536      0.652375
   1.544      0.649359
   1.551      0.646370
   1.558      0.643407
   1.565      0.640472
   1.572      0.637562
   1.580      0.634679
   1.587      0.631821
   1.594      0.628988
   1.601      0.626180
   1.608      0.623397
   1.615      0.620638
   1.623      0.617903
   1.630      0.615191
   1.637      0.612503
   1.644      0.609838
   1.651      0.607196
   1.659      0.604577
   1.666      0.601979
   1.673      0.599404
   1.680      0.596850
   1.687      0.594318
   1.694      0.591806
   1.702      0.589316
   1.709      0.586847
   1.716      0.584397
   1.723      0.581968
   1.730      0.579559
   1.738      0.577170
   1.745      0.574799
   1.752      0.572449
   1.759      0.570117
   1.766      0.567804
   1.773      0.565509
   1.781      0.563233
   1.788      0.560975
   1.795      0.558734
   1.802      0.556512
   1.809      0.554306
   1.816      0.552119
   1.824      0.549948
   1.831      0.547794
   1.838      0.545657
   1.845      0.543536
   1.852      0.541432
   1.860      0.539343
   1.867      0.537271
   1.874      0.535215
   1.881      0.533174
   1.888      0.531148
   1.895      0.529138
   1.903      0.527143
   1.910      0.525163
   1.917      0.523197
   1.924      0.521246
   1.931      0.519310
   1.939      0.517387
   1.946      0.515479
   1.953      0.513585
   1.960      0.511705
   1.967      0.509838
   1.974      0.507985
   1.982      0.506145
   1.989      0.504319
   1.996      0.502505
   2.003      0.500705
   2.010      0.498917
   2.018      0.497142
   2.025      0.495380
   2.032      0.493630
   2.039      0.491892
   2.046      0.490167
   2.053      0.488453
   2.061      0.486751
   2.068      0.485062
   2.075      0.483384
   2.082      0.481717
   2.089      0.480062
   2.096      0.478418
   2.104      0.476785
   2.111      0.475164
   2.118      0.473553
   2.125      0.471953
   2.132      0.470364
   2.140      0.468786
   2.147      0.467218
   2.154      0.465661
   2.161      0.464114
   2.168      0.462577
   2.175      0.461051
   2.183      0.459534
   2.190      0.458028
   2.197      0.456531
   2.204      0.455044
   2.211      0.453566
   2.219      0.452099
   2.226      0.450640
   2.233      0.449191
   2.240      0.447752
   2.247      0.446321
   2.254      0.444900
   2.262      0.443487
   2.269      0.442084
   2.276      0.440689
   2.283      0.439303
   2.290      0.437926
   2.298      0.436558
   2.305      0.435198
   2.312      0.433846
   2.319      0.432503
   2.326      0.431168
   2.333      0.429841
   2.341      0.428523
   2.348      0.427212
   2.355      0.425910
   2.362      0.424615
   2.369      0.423329
   2.377      0.422050
   2.384      0.420779
   2.391      0.419515
   2.398      0.418259
   2.405      0.417010
   2.412      0.415769
   2.420      0.414536
   2.427      0.413309
   2.434      0.412090
   2.441      0.410878
   2.448      0.409673
   2.455      0.408475
   2.463      0.407284
   2.470      0.406100
   2.477      0.404923
   2.484      0.403753
   2.491      0.402589
   2.499      0.401432
   2.506      0.400282
   2.513      0.399139
   2.520      0.398001
   2.527      0.396871
   2.534      0.395746
   2.542      0.394628
   2.549      0.393517
   2.556      0.392411
   2.563      0.391312
   2.570      0.390219
   2.578      0.389132
   2.585      0.388051
   2.592      0.386976
   2.599      0.385907
   2.606      0.384844
   2.613      0.383787
   2.621      0.382736
   2.628      0.381690
   2.635      0.380650
   2.642      0.379615
   2.649      0.378587
   2.657      0.377563
   2.664      0.376546
   2.671      0.375534
   2.678      0.374527
   2.685      0.373525
   2.692      0.372529
   2.700      0.371539
   2.707      0.370553
   2.714      0.369573
   2.721      0.368598
   2.728      0.367628
   2.736      0.366663
   2.743      0.365703
   2.750      0.364748
   2.757      0.363798
   2.764      0.362853
   2.771      0.361913
   2.779      0.360978
   2.786      0.360048
   2.793      0.359122
   2.800      0.358201
   2.807      0.357285
   2.814      0.356374
   2.822      0.355467
   2.829      0.354565
   2.836      0.353667
   2.843      0.352774
   2.850      0.351885
   2.858      0.351001
