   0.000      4.428537
   0.007      4.429019
   0.014      4.429942
   0.022      4.433966
   0.029      4.444261
   0.036      4.463750
   0.043      4.493971
   0.050      4.534507
   0.057      4.583559
   0.065      4.639068
   0.072      4.699208
   0.079      4.762614
   0.086      4.828223
   0.093      4.895267
   0.101      4.963138
   0.108      5.031365
   0.115      5.099548
   0.122      5.167331
   0.129      5.234409
   0.136      5.300481
   0.144      5.365382
   0.151      5.428940
   0.158      5.490729
   0.165      5.550512
   0.172      5.608078
   0.179      5.663180
   0.187      5.715614
   0.194      5.765164
   0.201      5.811638
   0.208      5.854837
   0.215      5.894577
   0.223      5.930683
   0.230      5.962981
   0.237      5.991314
   0.244      6.015527
   0.251      6.035489
   0.258      6.051058
   0.266      6.062112
   0.273      6.068536
   0.280      6.070245
   0.287      6.067131
   0.294      6.059124
   0.302      6.046160
   0.309      6.028178
   0.316      6.005134
   0.323      5.977000
   0.330      5.943750
   0.337      5.905387
   0.345      5.861909
   0.352      5.813337
   0.359      5.759696
   0.366      5.701027
   0.373      5.637384
   0.381      5.568839
   0.388      5.495456
   0.395      5.417327
   0.402      5.334557
   0.409      5.247256
   0.416      5.155534
   0.424      5.059536
   0.431      4.959395
   0.438      4.855261
   0.445      4.747302
   0.452      4.635684
   0.460      4.520587
   0.467      4.402194
   0.474      4.280704
   0.481      4.156319
   0.488      4.029249
   0.495      3.899709
   0.503      3.767924
   0.510      3.634124
   0.517      3.498537
   0.524      3.361410
   0.531      3.222979
   0.538      3.083497
   0.546      2.943211
   0.553      2.802375
   0.560      2.661247
   0.567      2.520080
   0.574      2.379132
   0.582      2.238661
   0.589      2.098928
   0.596      1.960183
   0.603      1.822685
   0.610      1.686683
   0.617      1.552424
   0.625      1.420154
   0.632      1.290111
   0.639      1.162526
   0.646      1.037628
   0.653      0.915632
   0.661      0.796753
   0.668      0.681188
   0.675      0.569126
   0.682      0.460756
   0.689      0.356270
   0.696      0.255844
   0.704      0.159594
   0.711      0.067611
   0.718     -0.019977
   0.725     -0.103064
   0.732     -0.181564
   0.740     -0.255410
   0.747     -0.324542
   0.754     -0.388928
   0.761     -0.448543
   0.768     -0.503387
   0.775     -0.553470
   0.783     -0.598824
   0.790     -0.639495
   0.797     -0.675548
   0.804     -0.707063
   0.811     -0.734138
   0.818     -0.756887
   0.826     -0.775436
   0.833     -0.789930
   0.840     -0.800528
   0.847     -0.807401
   0.854     -0.810728
   0.862     -0.810712
   0.869     -0.807556
   0.876     -0.801473
   0.883     -0.792697
   0.890     -0.781450
   0.897     -0.767974
   0.905     -0.752518
   0.912     -0.735316
   0.919     -0.716620
   0.926     -0.696686
   0.933     -0.675750
   0.941     -0.654051
   0.948     -0.631842
   0.955     -0.609342
   0.962     -0.586763
   0.969     -0.564330
   0.976     -0.542237
   0.984     -0.520648
   0.991     -0.499734
   0.998     -0.479644
   1.005     -0.460477
   1.012     -0.442314
   1.020     -0.425252
   1.027     -0.409289
   1.034     -0.394404
   1.041     -0.380540
   1.048     -0.367612
   1.055     -0.355521
   1.063     -0.344121
   1.070     -0.333065
   1.077     -0.322356
   1.084     -0.311968
   1.091     -0.301879
   1.099     -0.292118
   1.106     -0.282625
   1.113     -0.273385
   1.120     -0.264423
   1.127     -0.255744
   1.134     -0.247323
   1.142     -0.239152
   1.149     -0.231221
   1.156     -0.223526
   1.163     -0.216056
   1.170     -0.208807
   1.177     -0.201772
   1.185     -0.194943
   1.192     -0.188316
   1.199     -0.181884
   1.206     -0.175641
   1.213     -0.169582
   1.221     -0.163701
   1.228     -0.157993
   1.235     -0.152453
   1.242     -0.147076
   1.249     -0.141858
   1.256     -0.136793
   1.264     -0.131878
   1.271     -0.127106
   1.278     -0.122478
   1.285     -0.117985
   1.292     -0.113625
   1.300     -0.109394
   1.307     -0.105288
   1.314     -0.101306
   1.321     -0.097440
   1.328     -0.093690
   1.335     -0.090052
   1.343     -0.086522
   1.350     -0.083098
   1.357     -0.079777
   1.364     -0.076555
   1.371     -0.073430
   1.379     -0.070400
   1.386     -0.067461
   1.393     -0.064610
   1.400     -0.061847
   1.407     -0.059167
   1.414     -0.056570
   1.422     -0.054051
   1.429     -0.051609
   1.436     -0.049244
   1.443     -0.046950
   1.450     -0.044727
   1.457     -0.042574
   1.465     -0.040487
   1.472     -0.038466
   1.479     -0.036508
   1.486     -0.034611
   1.493     -0.032774
   1.501     -0.030996
   1.508     -0.029274
   1.515     -0.027607
   1.522     -0.025992
   1.529     -0.024430
   1.536     -0.022919
   1.544     -0.021456
   1.551     -0.020041
   1.558     -0.018672
   1.565     -0.017348
   1.572     -0.016068
   1.580     -0.014830
   1.587     -0.013634
   1.594     -0.012478
   1.601     -0.011360
   1.608     -0.010280
   1.615     -0.009237
   1.623     -0.008229
   1.630     -0.007257
   1.637     -0.006318
   1.644     -0.005411
   1.651     -0.004537
   1.659     -0.003693
   1.666     -0.002879
   1.673     -0.002094
   1.680     -0.001337
   1.687     -0.000608
   1.694      0.000095
   1.702      0.000772
   1.709      0.001424
   1.716      0.002052
   1.723      0.002656
   1.730      0.003238
   1.738      0.003797
   1.745      0.004334
   1.752      0.004851
   1.759      0.005348
   1.766      0.005826
   1.773      0.006283
   1.781      0.006724
   1.788      0.007145
   1.795      0.007550
   1.802      0.007938
   1.809      0.008310
   1.816      0.008666
   1.824      0.009007
   1.831      0.009333
   1.838      0.009645
   1.845      0.009942
   1.852      0.010227
   1.860      0.010499
   1.867      0.010758
   1.874      0.011005
   1.881      0.011240
   1.888      0.011464
   1.895      0.011678
   1.903      0.011880
   1.910      0.012073
   1.917      0.012255
   1.924      0.012428
   1.931      0.012592
   1.939      0.012747
   1.946      0.012893
   1.953      0.013031
   1.960      0.013161
   1.967      0.013283
   1.974      0.013398
   1.982      0.013506
   1.989      0.013607
   1.996      0.013701
   2.003      0.013788
   2.010      0.013870
   2.018      0.013946
   2.025      0.014016
   2.032      0.014081
   2.039      0.014140
   2.046      0.014194
   2.053      0.014244
   2.061      0.014289
   2.068      0.014329
   2.075      0.014365
   2.082      0.014397
   2.089      0.014425
   2.096      0.014449
   2.104      0.014470
   2.111      0.014487
   2.118      0.014501
   2.125      0.014512
   2.132      0.014520
   2.140      0.014524
   2.147      0.014527
   2.154      0.014526
   2.161      0.014523
   2.168      0.014518
   2.175      0.014510
   2.183      0.014501
   2.190      0.014489
   2.197      0.014475
   2.204      0.014460
   2.211      0.014443
   2.219      0.014424
   2.226      0.014403
   2.233      0.014382
   2.240      0.014358
   2.247      0.014334
   2.254      0.014308
   2.262      0.014282
   2.269      0.014254
   2.276      0.014225
   2.283      0.014195
   2.290      0.014164
   2.298      0.014133
   2.305      0.014101
   2.312      0.014068
   2.319      0.014034
   2.326      0.014000
   2.333      0.013966
   2.341      0.013931
   2.348      0.013895
   2.355      0.013859
   2.362      0.013823
   2.369      0.013786
   2.377      0.013750
   2.384      0.013713
   2.391      0.013675
   2.398      0.013638
   2.405      0.013600
   2.412      0.013562
   2.420      0.013525
   2.427      0.013487
   2.434      0.013449
   2.441      0.013411
   2.448      0.013373
   2.455      0.013335
   2.463      0.013297
   2.470      0.013259
   2.477      0.013221
   2.484      0.013184
   2.491      0.013146
   2.499      0.013109
   2.506      0.013072
   2.513      0.013035
   2.520      0.012998
   2.527      0.012961
   2.534      0.012924
   2.542      0.012888
   2.549      0.012852
   2.556      0.012815
   2.563      0.012780
   2.570      0.012744
   2.578      0.012708
   2.585      0.012673
   2.592      0.012638
   2.599      0.012603
   2.606      0.012568
   2.613      0.012534
   2.621      0.012499
   2.628      0.012465
   2.635      0.012431
   2.642      0.012398
   2.649      0.012364
   2.657      0.012331
   2.664      0.012297
   2.671      0.012264
   2.678      0.012231
   2.685      0.012199
   2.692      0.012166
   2.700      0.012134
   2.707      0.012102
   2.714      0.012070
   2.721      0.012038
   2.728      0.012006
   2.736      0.011975
   2.743      0.011943
   2.750      0.011912
   2.757      0.011881
   2.764      0.011850
   2.771      0.011819
   2.779      0.011789
   2.786      0.011759
   2.793      0.011728
   2.800      0.011698
   2.807      0.011668
   2.814      0.011639
   2.822      0.011609
   2.829      0.011579
   2.836      0.011550
   2.843      0.011521
   2.850      0.011492
   2.858      0.011463
