   0.000      1.261062
   0.007      1.261062
   0.014      1.261062
   0.022      1.261062
   0.029      1.261062
   0.036      1.261061
   0.043      1.261060
   0.050      1.261058
   0.057      1.261055
   0.065      1.261050
   0.072      1.261044
   0.079      1.261036
   0.086      1.261025
   0.093      1.261010
   0.101      1.260993
   0.108      1.260971
   0.115      1.260944
   0.122      1.260911
   0.129      1.260873
   0.136      1.260827
   0.144      1.260774
   0.151      1.260713
   0.158      1.260642
   0.165      1.260561
   0.172      1.260469
   0.179      1.260365
   0.187      1.260249
   0.194      1.260118
   0.201      1.259972
   0.208      1.259811
   0.215      1.259632
   0.223      1.259436
   0.230      1.259220
   0.237      1.258984
   0.244      1.258727
   0.251      1.258446
   0.258      1.258142
   0.266      1.257813
   0.273      1.257458
   0.280      1.257075
   0.287      1.256664
   0.294      1.256223
   0.302      1.255750
   0.309      1.255245
   0.316      1.254706
   0.323      1.254133
   0.330      1.253523
   0.337      1.252875
   0.345      1.252189
   0.352      1.251462
   0.359      1.250694
   0.366      1.249884
   0.373      1.249030
   0.381      1.248131
   0.388      1.247185
   0.395      1.246192
   0.402      1.245151
   0.409      1.244059
   0.416      1.242917
   0.424      1.241722
   0.431      1.240474
   0.438      1.239172
   0.445      1.237815
   0.452      1.236401
   0.460      1.234930
   0.467      1.233401
   0.474      1.231813
   0.481      1.230164
   0.488      1.228455
   0.495      1.226684
   0.503      1.224850
   0.510      1.222954
   0.517      1.220993
   0.524      1.218968
   0.531      1.216878
   0.538      1.214723
   0.546      1.212501
   0.553      1.210213
   0.560      1.207858
   0.567      1.205436
   0.574      1.202947
   0.582      1.200389
   0.589      1.197765
   0.596      1.195072
   0.603      1.192312
   0.610      1.189484
   0.617      1.186588
   0.625      1.183624
   0.632      1.180594
   0.639      1.177496
   0.646      1.174331
   0.653      1.171101
   0.661      1.167804
   0.668      1.164443
   0.675      1.161016
   0.682      1.157526
   0.689      1.153972
   0.696      1.150356
   0.704      1.146678
   0.711      1.142940
   0.718      1.139142
   0.725      1.135285
   0.732      1.131370
   0.740      1.127399
   0.747      1.123372
   0.754      1.119291
   0.761      1.115157
   0.768      1.110972
   0.775      1.106736
   0.783      1.102452
   0.790      1.098120
   0.797      1.093742
   0.804      1.089320
   0.811      1.084855
   0.818      1.080349
   0.826      1.075804
   0.833      1.071220
   0.840      1.066600
   0.847      1.061946
   0.854      1.057259
   0.862      1.052541
   0.869      1.047793
   0.876      1.043018
   0.883      1.038217
   0.890      1.033391
   0.897      1.028544
   0.905      1.023675
   0.912      1.018788
   0.919      1.013884
   0.926      1.008965
   0.933      1.004031
   0.941      0.999086
   0.948      0.994131
   0.955      0.989168
   0.962      0.984197
   0.969      0.979222
   0.976      0.974242
   0.984      0.969261
   0.991      0.964280
   0.998      0.959300
   1.005      0.954322
   1.012      0.949349
   1.020      0.944381
   1.027      0.939420
   1.034      0.934467
   1.041      0.929525
   1.048      0.924593
   1.055      0.919674
   1.063      0.914768
   1.070      0.909877
   1.077      0.905001
   1.084      0.900143
   1.091      0.895302
   1.099      0.890481
   1.106      0.885680
   1.113      0.880899
   1.120      0.876140
   1.127      0.871404
   1.134      0.866692
   1.142      0.862003
   1.149      0.857340
   1.156      0.852702
   1.163      0.848091
   1.170      0.843507
   1.177      0.838950
   1.185      0.834421
   1.192      0.829921
   1.199      0.825450
   1.206      0.821008
   1.213      0.816596
   1.221      0.812214
   1.228      0.807863
   1.235      0.803543
   1.242      0.799254
   1.249      0.794996
   1.256      0.790770
   1.264      0.786575
   1.271      0.782413
   1.278      0.778283
   1.285      0.774184
   1.292      0.770119
   1.300      0.766085
   1.307      0.762084
   1.314      0.758115
   1.321      0.754179
   1.328      0.750275
   1.335      0.746403
   1.343      0.742564
   1.350      0.738757
   1.357      0.734982
   1.364      0.731239
   1.371      0.727527
   1.379      0.723848
   1.386      0.720201
   1.393      0.716584
   1.400      0.713000
   1.407      0.709446
   1.414      0.705923
   1.422      0.702431
   1.429      0.698970
   1.436      0.695539
   1.443      0.692138
   1.450      0.688767
   1.457      0.685426
   1.465      0.682114
   1.472      0.678831
   1.479      0.675577
   1.486      0.672352
   1.493      0.669156
   1.501      0.665988
   1.508      0.662847
   1.515      0.659734
   1.522      0.656649
   1.529      0.653591
   1.536      0.650560
   1.544      0.647555
   1.551      0.644577
   1.558      0.641625
   1.565      0.638698
   1.572      0.635797
   1.580      0.632921
   1.587      0.630071
   1.594      0.627245
   1.601      0.624443
   1.608      0.621666
   1.615      0.618913
   1.623      0.616183
   1.630      0.613476
   1.637      0.610793
   1.644      0.608133
   1.651      0.605495
   1.659      0.602880
   1.666      0.600286
   1.673      0.597715
   1.680      0.595165
   1.687      0.592637
   1.694      0.590129
   1.702      0.587643
   1.709      0.585177
   1.716      0.582731
   1.723      0.580306
   1.730      0.577900
   1.738      0.575514
   1.745      0.573148
   1.752      0.570801
   1.759      0.568473
   1.766      0.566163
   1.773      0.563872
   1.781      0.561600
   1.788      0.559346
   1.795      0.557109
   1.802      0.554891
   1.809      0.552690
   1.816      0.550506
   1.824      0.548339
   1.831      0.546189
   1.838      0.544056
   1.845      0.541940
   1.852      0.539840
   1.860      0.537756
   1.867      0.535688
   1.874      0.533636
   1.881      0.531600
   1.888      0.529579
   1.895      0.527573
   1.903      0.525582
   1.910      0.523607
   1.917      0.521646
   1.924      0.519699
   1.931      0.517768
   1.939      0.515850
   1.946      0.513947
   1.953      0.512057
   1.960      0.510182
   1.967      0.508320
   1.974      0.506471
   1.982      0.504636
   1.989      0.502815
   1.996      0.501006
   2.003      0.499210
   2.010      0.497428
   2.018      0.495657
   2.025      0.493900
   2.032      0.492155
   2.039      0.490422
   2.046      0.488701
   2.053      0.486992
   2.061      0.485295
   2.068      0.483610
   2.075      0.481937
   2.082      0.480275
   2.089      0.478625
   2.096      0.476986
   2.104      0.475358
   2.111      0.473741
   2.118      0.472135
   2.125      0.470540
   2.132      0.468956
   2.140      0.467382
   2.147      0.465819
   2.154      0.464266
   2.161      0.462724
   2.168      0.461191
   2.175      0.459669
   2.183      0.458157
   2.190      0.456655
   2.197      0.455163
   2.204      0.453680
   2.211      0.452207
   2.219      0.450744
   2.226      0.449290
   2.233      0.447845
   2.240      0.446410
   2.247      0.444983
   2.254      0.443566
   2.262      0.442158
   2.269      0.440759
   2.276      0.439368
   2.283      0.437987
   2.290      0.436614
   2.298      0.435249
   2.305      0.433893
   2.312      0.432546
   2.319      0.431207
   2.326      0.429876
   2.333      0.428553
   2.341      0.427239
   2.348      0.425932
   2.355      0.424634
   2.362      0.423343
   2.369      0.422060
   2.377      0.420785
   2.384      0.419517
   2.391      0.418258
   2.398      0.417005
   2.405      0.415761
   2.412      0.414523
   2.420      0.413293
   2.427      0.412070
   2.434      0.410855
   2.441      0.409646
   2.448      0.408445
   2.455      0.407251
   2.463      0.406064
   2.470      0.404883
   2.477      0.403710
   2.484      0.402543
   2.491      0.401383
   2.499      0.400229
   2.506      0.399083
   2.513      0.397942
   2.520      0.396809
   2.527      0.395681
   2.534      0.394560
   2.542      0.393446
   2.549      0.392337
   2.556      0.391235
   2.563      0.390140
   2.570      0.389050
   2.578      0.387966
   2.585      0.386888
   2.592      0.385817
   2.599      0.384751
   2.606      0.383691
   2.613      0.382637
   2.621      0.381589
   2.628      0.380546
   2.635      0.379509
   2.642      0.378478
   2.649      0.377452
   2.657      0.376432
   2.664      0.375417
   2.671      0.374408
   2.678      0.373404
   2.685      0.372406
   2.692      0.371413
   2.700      0.370425
   2.707      0.369442
   2.714      0.368465
   2.721      0.367493
   2.728      0.366526
   2.736      0.365564
   2.743      0.364607
   2.750      0.363655
   2.757      0.362708
   2.764      0.361766
   2.771      0.360829
   2.779      0.359896
   2.786      0.358969
   2.793      0.358046
   2.800      0.357128
   2.807      0.356214
   2.814      0.355306
   2.822      0.354402
   2.829      0.353502
   2.836      0.352607
   2.843      0.351717
   2.850      0.350831
   2.858      0.349949
