   0.000      0.919311
   0.007      0.919310
   0.014      0.919305
   0.022      0.919296
   0.029      0.919285
   0.036      0.919269
   0.043      0.919251
   0.050      0.919229
   0.057      0.919204
   0.065      0.919175
   0.072      0.919142
   0.079      0.919106
   0.086      0.919067
   0.093      0.919024
   0.101      0.918977
   0.108      0.918927
   0.115      0.918873
   0.122      0.918815
   0.129      0.918753
   0.136      0.918688
   0.144      0.918618
   0.151      0.918544
   0.158      0.918466
   0.165      0.918384
   0.172      0.918298
   0.179      0.918207
   0.187      0.918112
   0.194      0.918012
   0.201      0.917907
   0.208      0.917798
   0.215      0.917683
   0.223      0.917564
   0.230      0.917439
   0.237      0.917310
   0.244      0.917174
   0.251      0.917033
   0.258      0.916886
   0.266      0.916734
   0.273      0.916575
   0.280      0.916410
   0.287      0.916239
   0.294      0.916060
   0.302      0.915875
   0.309      0.915683
   0.316      0.915484
   0.323      0.915278
   0.330      0.915063
   0.337      0.914841
   0.345      0.914610
   0.352      0.914371
   0.359      0.914124
   0.366      0.913867
   0.373      0.913601
   0.381      0.913326
   0.388      0.913040
   0.395      0.912745
   0.402      0.912439
   0.409      0.912122
   0.416      0.911795
   0.424      0.911455
   0.431      0.911104
   0.438      0.910740
   0.445      0.910364
   0.452      0.909975
   0.460      0.909573
   0.467      0.909157
   0.474      0.908726
   0.481      0.908282
   0.488      0.907821
   0.495      0.907346
   0.503      0.906855
   0.510      0.906347
   0.517      0.905822
   0.524      0.905280
   0.531      0.904721
   0.538      0.904143
   0.546      0.903546
   0.553      0.902931
   0.560      0.902295
   0.567      0.901640
   0.574      0.900964
   0.582      0.900267
   0.589      0.899548
   0.596      0.898808
   0.603      0.898045
   0.610      0.897259
   0.617      0.896449
   0.625      0.895616
   0.632      0.894759
   0.639      0.893876
   0.646      0.892969
   0.653      0.892036
   0.661      0.891078
   0.668      0.890093
   0.675      0.889081
   0.682      0.888043
   0.689      0.886977
   0.696      0.885884
   0.704      0.884763
   0.711      0.883614
   0.718      0.882436
   0.725      0.881230
   0.732      0.879995
   0.740      0.878732
   0.747      0.877439
   0.754      0.876118
   0.761      0.874767
   0.768      0.873387
   0.775      0.871978
   0.783      0.870539
   0.790      0.869072
   0.797      0.867575
   0.804      0.866049
   0.811      0.864495
   0.818      0.862911
   0.826      0.861299
   0.833      0.859659
   0.840      0.857991
   0.847      0.856295
   0.854      0.854571
   0.862      0.852819
   0.869      0.851041
   0.876      0.849237
   0.883      0.847405
   0.890      0.845548
   0.897      0.843666
   0.905      0.841758
   0.912      0.839826
   0.919      0.837870
   0.926      0.835890
   0.933      0.833886
   0.941      0.831860
   0.948      0.829812
   0.955      0.827742
   0.962      0.825650
   0.969      0.823538
   0.976      0.821406
   0.984      0.819254
   0.991      0.817082
   0.998      0.814893
   1.005      0.812685
   1.012      0.810459
   1.020      0.808217
   1.027      0.805958
   1.034      0.803683
   1.041      0.801393
   1.048      0.799088
   1.055      0.796769
   1.063      0.794436
   1.070      0.792089
   1.077      0.789730
   1.084      0.787359
   1.091      0.784976
   1.099      0.782582
   1.106      0.780177
   1.113      0.777762
   1.120      0.775338
   1.127      0.772904
   1.134      0.770462
   1.142      0.768011
   1.149      0.765553
   1.156      0.763087
   1.163      0.760615
   1.170      0.758136
   1.177      0.755651
   1.185      0.753161
   1.192      0.750666
   1.199      0.748166
   1.206      0.745662
   1.213      0.743155
   1.221      0.740644
   1.228      0.738130
   1.235      0.735613
   1.242      0.733094
   1.249      0.730574
   1.256      0.728052
   1.264      0.725529
   1.271      0.723005
   1.278      0.720481
   1.285      0.717957
   1.292      0.715433
   1.300      0.712910
   1.307      0.710388
   1.314      0.707867
   1.321      0.705347
   1.328      0.702830
   1.335      0.700315
   1.343      0.697802
   1.350      0.695292
   1.357      0.692785
   1.364      0.690281
   1.371      0.687781
   1.379      0.685284
   1.386      0.682792
   1.393      0.680304
   1.400      0.677821
   1.407      0.675342
   1.414      0.672868
   1.422      0.670399
   1.429      0.667936
   1.436      0.665478
   1.443      0.663027
   1.450      0.660581
   1.457      0.658141
   1.465      0.655708
   1.472      0.653281
   1.479      0.650861
   1.486      0.648448
   1.493      0.646042
   1.501      0.643643
   1.508      0.641252
   1.515      0.638868
   1.522      0.636491
   1.529      0.634123
   1.536      0.631762
   1.544      0.629409
   1.551      0.627065
   1.558      0.624729
   1.565      0.622401
   1.572      0.620081
   1.580      0.617771
   1.587      0.615469
   1.594      0.613175
   1.601      0.610891
   1.608      0.608616
   1.615      0.606350
   1.623      0.604092
   1.630      0.601845
   1.637      0.599606
   1.644      0.597377
   1.651      0.595157
   1.659      0.592947
   1.666      0.590746
   1.673      0.588555
   1.680      0.586374
   1.687      0.584202
   1.694      0.582041
   1.702      0.579889
   1.709      0.577747
   1.716      0.575614
   1.723      0.573492
   1.730      0.571380
   1.738      0.569278
   1.745      0.567186
   1.752      0.565104
   1.759      0.563032
   1.766      0.560970
   1.773      0.558918
   1.781      0.556876
   1.788      0.554845
   1.795      0.552824
   1.802      0.550813
   1.809      0.548812
   1.816      0.546822
   1.824      0.544841
   1.831      0.542871
   1.838      0.540911
   1.845      0.538962
   1.852      0.537022
   1.860      0.535093
   1.867      0.533174
   1.874      0.531265
   1.881      0.529367
   1.888      0.527478
   1.895      0.525600
   1.903      0.523732
   1.910      0.521874
   1.917      0.520026
   1.924      0.518188
   1.931      0.516361
   1.939      0.514543
   1.946      0.512736
   1.953      0.510938
   1.960      0.509151
   1.967      0.507373
   1.974      0.505606
   1.982      0.503848
   1.989      0.502100
   1.996      0.500362
   2.003      0.498634
   2.010      0.496916
   2.018      0.495208
   2.025      0.493509
   2.032      0.491820
   2.039      0.490140
   2.046      0.488471
   2.053      0.486810
   2.061      0.485160
   2.068      0.483519
   2.075      0.481887
   2.082      0.480265
   2.089      0.478652
   2.096      0.477049
   2.104      0.475455
   2.111      0.473870
   2.118      0.472294
   2.125      0.470728
   2.132      0.469171
   2.140      0.467623
   2.147      0.466084
   2.154      0.464553
   2.161      0.463032
   2.168      0.461520
   2.175      0.460017
   2.183      0.458523
   2.190      0.457037
   2.197      0.455560
   2.204      0.454092
   2.211      0.452632
   2.219      0.451181
   2.226      0.449739
   2.233      0.448305
   2.240      0.446879
   2.247      0.445462
   2.254      0.444054
   2.262      0.442653
   2.269      0.441261
   2.276      0.439877
   2.283      0.438501
   2.290      0.437134
   2.298      0.435774
   2.305      0.434422
   2.312      0.433079
   2.319      0.431743
   2.326      0.430415
   2.333      0.429095
   2.341      0.427783
   2.348      0.426478
   2.355      0.425181
   2.362      0.423892
   2.369      0.422610
   2.377      0.421335
   2.384      0.420068
   2.391      0.418809
   2.398      0.417557
   2.405      0.416312
   2.412      0.415074
   2.420      0.413844
   2.427      0.412620
   2.434      0.411404
   2.441      0.410195
   2.448      0.408993
   2.455      0.407797
   2.463      0.406609
   2.470      0.405427
   2.477      0.404253
   2.484      0.403084
   2.491      0.401923
   2.499      0.400768
   2.506      0.399620
   2.513      0.398478
   2.520      0.397343
   2.527      0.396215
   2.534      0.395092
   2.542      0.393976
   2.549      0.392866
   2.556      0.391763
   2.563      0.390665
   2.570      0.389574
   2.578      0.388489
   2.585      0.387410
   2.592      0.386337
   2.599      0.385270
   2.606      0.384208
   2.613      0.383153
   2.621      0.382103
   2.628      0.381059
   2.635      0.380021
   2.642      0.378988
   2.649      0.377961
   2.657      0.376939
   2.664      0.375923
   2.671      0.374913
   2.678      0.373908
   2.685      0.372908
   2.692      0.371914
   2.700      0.370924
   2.707      0.369941
   2.714      0.368962
   2.721      0.367988
   2.728      0.367020
   2.736      0.366057
   2.743      0.365098
   2.750      0.364145
   2.757      0.363197
   2.764      0.362253
   2.771      0.361315
   2.779      0.360381
   2.786      0.359453
   2.793      0.358528
   2.800      0.357609
   2.807      0.356695
   2.814      0.355785
   2.822      0.354879
   2.829      0.353979
   2.836      0.353082
   2.843      0.352191
   2.850      0.351304
   2.858      0.350421
