   0.000      1.241271
   0.007      1.241271
   0.014      1.241271
   0.022      1.241271
   0.029      1.241271
   0.036      1.241270
   0.043      1.241270
   0.050      1.241270
   0.057      1.241269
   0.065      1.241267
   0.072      1.241263
   0.079      1.241258
   0.086      1.241249
   0.093      1.241236
   0.101      1.241218
   0.108      1.241192
   0.115      1.241156
   0.122      1.241108
   0.129      1.241044
   0.136      1.240962
   0.144      1.240857
   0.151      1.240726
   0.158      1.240563
   0.165      1.240364
   0.172      1.240123
   0.179      1.239833
   0.187      1.239490
   0.194      1.239085
   0.201      1.238613
   0.208      1.238067
   0.215      1.237439
   0.223      1.236723
   0.230      1.235910
   0.237      1.234995
   0.244      1.233970
   0.251      1.232829
   0.258      1.231565
   0.266      1.230173
   0.273      1.228647
   0.280      1.226982
   0.287      1.225174
   0.294      1.223221
   0.302      1.221118
   0.309      1.218864
   0.316      1.216458
   0.323      1.213900
   0.330      1.211190
   0.337      1.208329
   0.345      1.205320
   0.352      1.202166
   0.359      1.198871
   0.366      1.195440
   0.373      1.191877
   0.381      1.188190
   0.388      1.184385
   0.395      1.180469
   0.402      1.176451
   0.409      1.172339
   0.416      1.168142
   0.424      1.163868
   0.431      1.159527
   0.438      1.155129
   0.445      1.150683
   0.452      1.146198
   0.460      1.141685
   0.467      1.137152
   0.474      1.132608
   0.481      1.128063
   0.488      1.123524
   0.495      1.119001
   0.503      1.114501
   0.510      1.110032
   0.517      1.105600
   0.524      1.101211
   0.531      1.096873
   0.538      1.092589
   0.546      1.088366
   0.553      1.084207
   0.560      1.080116
   0.567      1.076095
   0.574      1.072149
   0.582      1.068278
   0.589      1.064484
   0.596      1.060769
   0.603      1.057132
   0.610      1.053574
   0.617      1.050094
   0.625      1.046691
   0.632      1.043364
   0.639      1.040111
   0.646      1.036931
   0.653      1.033820
   0.661      1.030777
   0.668      1.027798
   0.675      1.024879
   0.682      1.022019
   0.689      1.019212
   0.696      1.016456
   0.704      1.013746
   0.711      1.011078
   0.718      1.008449
   0.725      1.005855
   0.732      1.003290
   0.740      1.000752
   0.747      0.998236
   0.754      0.995738
   0.761      0.993254
   0.768      0.990781
   0.775      0.988314
   0.783      0.985849
   0.790      0.983384
   0.797      0.980915
   0.804      0.978438
   0.811      0.975950
   0.818      0.973449
   0.826      0.970932
   0.833      0.968395
   0.840      0.965837
   0.847      0.963256
   0.854      0.960649
   0.862      0.958014
   0.869      0.955350
   0.876      0.952655
   0.883      0.949928
   0.890      0.947168
   0.897      0.944374
   0.905      0.941546
   0.912      0.938681
   0.919      0.935781
   0.926      0.932845
   0.933      0.929873
   0.941      0.926864
   0.948      0.923820
   0.955      0.920740
   0.962      0.917626
   0.969      0.914476
   0.976      0.911293
   0.984      0.908077
   0.991      0.904829
   0.998      0.901550
   1.005      0.898242
   1.012      0.894904
   1.020      0.891539
   1.027      0.888147
   1.034      0.884730
   1.041      0.881290
   1.048      0.877828
   1.055      0.874344
   1.063      0.870842
   1.070      0.867321
   1.077      0.863784
   1.084      0.860231
   1.091      0.856665
   1.099      0.853086
   1.106      0.849497
   1.113      0.845898
   1.120      0.842291
   1.127      0.838678
   1.134      0.835059
   1.142      0.831435
   1.149      0.827809
   1.156      0.824181
   1.163      0.820552
   1.170      0.816924
   1.177      0.813297
   1.185      0.809674
   1.192      0.806054
   1.199      0.802438
   1.206      0.798829
   1.213      0.795226
   1.221      0.791630
   1.228      0.788043
   1.235      0.784465
   1.242      0.780896
   1.249      0.777339
   1.256      0.773792
   1.264      0.770258
   1.271      0.766735
   1.278      0.763226
   1.285      0.759731
   1.292      0.756250
   1.300      0.752783
   1.307      0.749332
   1.314      0.745896
   1.321      0.742476
   1.328      0.739073
   1.335      0.735686
   1.343      0.732316
   1.350      0.728963
   1.357      0.725629
   1.364      0.722312
   1.371      0.719013
   1.379      0.715732
   1.386      0.712470
   1.393      0.709227
   1.400      0.706002
   1.407      0.702797
   1.414      0.699611
   1.422      0.696444
   1.429      0.693296
   1.436      0.690168
   1.443      0.687060
   1.450      0.683971
   1.457      0.680902
   1.465      0.677853
   1.472      0.674823
   1.479      0.671813
   1.486      0.668823
   1.493      0.665853
   1.501      0.662902
   1.508      0.659972
   1.515      0.657061
   1.522      0.654170
   1.529      0.651298
   1.536      0.648447
   1.544      0.645614
   1.551      0.642802
   1.558      0.640009
   1.565      0.637235
   1.572      0.634481
   1.580      0.631746
   1.587      0.629030
   1.594      0.626333
   1.601      0.623656
   1.608      0.620997
   1.615      0.618357
   1.623      0.615736
   1.630      0.613134
   1.637      0.610550
   1.644      0.607985
   1.651      0.605438
   1.659      0.602909
   1.666      0.600399
   1.673      0.597906
   1.680      0.595431
   1.687      0.592975
   1.694      0.590536
   1.702      0.588114
   1.709      0.585710
   1.716      0.583323
   1.723      0.580954
   1.730      0.578601
   1.738      0.576266
   1.745      0.573947
   1.752      0.571645
   1.759      0.569360
   1.766      0.567091
   1.773      0.564838
   1.781      0.562602
   1.788      0.560382
   1.795      0.558177
   1.802      0.555989
   1.809      0.553816
   1.816      0.551659
   1.824      0.549517
   1.831      0.547391
   1.838      0.545280
   1.845      0.543184
   1.852      0.541103
   1.860      0.539037
   1.867      0.536985
   1.874      0.534948
   1.881      0.532926
   1.888      0.530918
   1.895      0.528924
   1.903      0.526944
   1.910      0.524979
   1.917      0.523027
   1.924      0.521089
   1.931      0.519164
   1.939      0.517253
   1.946      0.515356
   1.953      0.513472
   1.960      0.511601
   1.967      0.509743
   1.974      0.507898
   1.982      0.506065
   1.989      0.504246
   1.996      0.502439
   2.003      0.500644
   2.010      0.498862
   2.018      0.497092
   2.025      0.495335
   2.032      0.493589
   2.039      0.491856
   2.046      0.490134
   2.053      0.488424
   2.061      0.486725
   2.068      0.485038
   2.075      0.483363
   2.082      0.481699
   2.089      0.480046
   2.096      0.478404
   2.104      0.476773
   2.111      0.475153
   2.118      0.473544
   2.125      0.471945
   2.132      0.470357
   2.140      0.468780
   2.147      0.467213
   2.154      0.465657
   2.161      0.464111
   2.168      0.462574
   2.175      0.461048
   2.183      0.459532
   2.190      0.458026
   2.197      0.456529
   2.204      0.455043
   2.211      0.453566
   2.219      0.452098
   2.226      0.450640
   2.233      0.449191
   2.240      0.447751
   2.247      0.446321
   2.254      0.444899
   2.262      0.443487
   2.269      0.442084
   2.276      0.440689
   2.283      0.439303
   2.290      0.437926
   2.298      0.436558
   2.305      0.435198
   2.312      0.433846
   2.319      0.432503
   2.326      0.431168
   2.333      0.429841
   2.341      0.428523
   2.348      0.427212
   2.355      0.425910
   2.362      0.424615
   2.369      0.423329
   2.377      0.422050
   2.384      0.420779
   2.391      0.419515
   2.398      0.418259
   2.405      0.417010
   2.412      0.415769
   2.420      0.414536
   2.427      0.413309
   2.434      0.412090
   2.441      0.410878
   2.448      0.409673
   2.455      0.408475
   2.463      0.407284
   2.470      0.406100
   2.477      0.404923
   2.484      0.403753
   2.491      0.402589
   2.499      0.401432
   2.506      0.400282
   2.513      0.399139
   2.520      0.398001
   2.527      0.396871
   2.534      0.395746
   2.542      0.394628
   2.549      0.393517
   2.556      0.392411
   2.563      0.391312
   2.570      0.390219
   2.578      0.389132
   2.585      0.388051
   2.592      0.386976
   2.599      0.385907
   2.606      0.384844
   2.613      0.383787
   2.621      0.382736
   2.628      0.381690
   2.635      0.380650
   2.642      0.379615
   2.649      0.378587
   2.657      0.377563
   2.664      0.376546
   2.671      0.375534
   2.678      0.374527
   2.685      0.373525
   2.692      0.372529
   2.700      0.371539
   2.707      0.370553
   2.714      0.369573
   2.721      0.368598
   2.728      0.367628
   2.736      0.366663
   2.743      0.365703
   2.750      0.364748
   2.757      0.363798
   2.764      0.362853
   2.771      0.361913
   2.779      0.360978
   2.786      0.360048
   2.793      0.359122
   2.800      0.358201
   2.807      0.357285
   2.814      0.356374
   2.822      0.355467
   2.829      0.354565
   2.836      0.353667
   2.843      0.352774
   2.850      0.351885
   2.858      0.351001
