   0.005      0.000970
   0.011      0.011149
   0.016      0.021328
   0.022      0.031854
   0.027      0.042426
   0.032      0.053010
   0.038      0.063597
   0.043      0.074184
   0.049      0.084769
   0.054      0.095352
   0.059      0.105932
   0.065      0.116508
   0.070      0.127079
   0.076      0.137646
   0.081      0.148208
   0.086      0.158763
   0.092      0.169313
   0.097      0.179856
   0.103      0.190392
   0.108      0.200921
   0.113      0.211442
   0.119      0.221955
   0.124      0.232459
   0.130      0.242954
   0.135      0.253440
   0.140      0.263916
   0.146      0.274382
   0.151      0.284838
   0.157      0.295282
   0.162      0.305715
   0.167      0.316136
   0.173      0.326545
   0.178      0.336941
   0.184      0.347324
   0.189      0.357694
   0.194      0.368050
   0.200      0.378392
   0.205      0.388720
   0.211      0.399032
   0.216      0.409329
   0.221      0.419610
   0.227      0.429875
   0.232      0.440123
   0.238      0.450355
   0.243      0.460569
   0.248      0.470765
   0.254      0.480943
   0.259      0.491102
   0.265      0.501243
   0.270      0.511364
   0.275      0.521466
   0.281      0.531547
   0.286      0.541608
   0.292      0.551648
   0.297      0.561667
   0.302      0.571664
   0.308      0.581639
   0.313      0.591591
   0.319      0.601521
   0.324      0.611427
   0.329      0.621310
   0.335      0.631169
   0.340      0.641003
   0.346      0.650813
   0.351      0.660597
   0.356      0.670356
   0.362      0.680089
   0.367      0.689795
   0.373      0.699475
   0.378      0.709128
   0.383      0.718753
   0.389      0.728351
   0.394      0.737920
   0.400      0.747461
   0.405      0.756972
   0.410      0.766454
   0.416      0.775907
   0.421      0.785329
   0.427      0.794720
   0.432      0.804081
   0.437      0.813410
   0.443      0.822708
   0.448      0.831974
   0.454      0.841207
   0.459      0.850407
   0.464      0.859574
   0.470      0.868707
   0.475      0.877807
   0.481      0.886872
   0.486      0.895902
   0.491      0.904897
   0.497      0.913856
   0.502      0.922780
   0.508      0.931667
   0.513      0.940518
   0.518      0.949331
   0.524      0.958107
   0.529      0.966845
   0.535      0.975545
   0.540      0.984207
   0.545      0.992829
   0.551      1.001412
   0.556      1.009955
   0.562      1.018457
   0.567      1.026920
   0.572      1.035341
   0.578      1.043721
   0.583      1.052059
   0.589      1.060355
   0.594      1.068608
   0.599      1.076819
   0.605      1.084986
   0.610      1.093109
   0.616      1.101189
   0.621      1.109223
   0.626      1.117213
   0.632      1.125158
   0.637      1.133057
   0.643      1.140909
   0.648      1.148716
   0.653      1.156475
   0.659      1.164187
   0.664      1.171851
   0.670      1.179467
   0.675      1.187035
   0.680      1.194554
   0.686      1.202023
   0.691      1.209443
   0.697      1.216812
   0.702      1.224131
   0.707      1.231400
   0.713      1.238616
   0.718      1.245781
   0.724      1.252894
   0.729      1.259954
   0.734      1.266962
   0.740      1.273916
   0.745      1.280816
   0.751      1.287662
   0.756      1.294453
   0.761      1.301189
   0.767      1.307870
   0.772      1.314495
   0.778      1.321064
   0.783      1.327576
   0.788      1.334031
   0.794      1.340429
   0.799      1.346768
   0.805      1.353050
   0.810      1.359272
   0.815      1.365436
   0.821      1.371540
   0.826      1.377584
   0.832      1.383568
   0.837      1.389491
   0.842      1.395353
   0.848      1.401153
   0.853      1.406891
   0.859      1.412567
   0.864      1.418180
   0.869      1.423730
   0.875      1.429217
   0.880      1.434639
   0.886      1.439997
   0.891      1.445290
   0.896      1.450519
   0.902      1.455681
   0.907      1.460778
   0.913      1.465808
   0.918      1.470771
   0.923      1.475667
   0.929      1.480496
   0.934      1.485257
   0.940      1.489949
   0.945      1.494573
   0.950      1.499128
   0.956      1.503613
   0.961      1.508028
   0.967      1.512374
   0.972      1.516648
   0.977      1.520852
   0.983      1.524985
   0.988      1.529045
   0.994      1.533034
   0.999      1.536951
   1.004      1.540794
   1.010      1.544565
   1.015      1.548262
   1.021      1.551886
   1.026      1.555435
   1.031      1.558910
   1.037      1.562310
   1.042      1.565636
   1.048      1.568885
   1.053      1.572059
   1.058      1.575157
   1.064      1.578179
   1.069      1.581124
   1.075      1.583993
   1.080      1.586784
   1.085      1.589497
   1.091      1.592133
   1.096      1.594691
   1.102      1.597170
   1.107      1.599571
   1.112      1.601893
   1.118      1.604136
   1.123      1.606299
   1.129      1.608383
   1.134      1.610388
   1.139      1.612312
   1.145      1.614156
   1.150      1.615920
   1.156      1.617603
   1.161      1.619205
   1.166      1.620726
   1.172      1.622166
   1.177      1.623525
   1.183      1.624802
   1.188      1.625997
   1.193      1.627111
   1.199      1.628143
   1.204      1.629092
   1.210      1.629960
   1.215      1.630745
   1.220      1.631447
   1.226      1.632067
   1.231      1.632605
   1.237      1.633060
   1.242      1.633432
   1.247      1.633721
   1.253      1.633928
   1.258      1.634051
   1.264      1.634092
   1.269      1.634050
   1.274      1.633924
   1.280      1.633716
   1.285      1.633425
   1.291      1.633052
   1.296      1.632595
   1.301      1.632055
   1.307      1.631433
   1.312      1.630728
   1.318      1.629941
   1.323      1.629071
   1.328      1.628118
   1.334      1.627084
   1.339      1.625967
   1.345      1.624768
   1.350      1.623487
   1.355      1.622125
   1.361      1.620681
   1.366      1.619156
   1.372      1.617549
   1.377      1.615862
   1.382      1.614094
   1.388      1.612245
   1.393      1.610317
   1.399      1.608308
   1.404      1.606219
   1.409      1.604051
   1.415      1.601804
   1.420      1.599478
   1.426      1.597074
   1.431      1.594591
   1.436      1.592031
   1.442      1.589393
   1.447      1.586678
   1.453      1.583886
   1.458      1.581018
   1.463      1.578073
   1.469      1.575054
   1.474      1.571959
   1.480      1.568789
   1.485      1.565545
   1.490      1.562228
   1.496      1.558837
   1.501      1.555373
   1.507      1.551838
   1.512      1.548230
   1.517      1.544551
   1.523      1.540801
   1.528      1.536981
   1.534      1.533092
   1.539      1.529133
   1.544      1.525106
   1.550      1.521011
   1.555      1.516849
   1.561      1.512620
   1.566      1.508325
   1.571      1.503965
   1.577      1.499539
   1.582      1.495050
   1.588      1.490497
   1.593      1.485882
   1.598      1.481204
   1.604      1.476465
   1.609      1.471665
   1.615      1.466805
   1.620      1.461886
   1.625      1.456909
   1.631      1.451873
   1.636      1.446781
   1.642      1.441632
   1.647      1.436427
   1.652      1.431168
   1.658      1.425855
   1.663      1.420489
   1.669      1.415070
   1.674      1.409600
   1.679      1.404079
   1.685      1.398508
   1.690      1.392887
   1.696      1.387219
   1.701      1.381502
   1.706      1.375740
   1.712      1.369931
   1.717      1.364077
   1.723      1.358180
   1.728      1.352239
   1.733      1.346255
   1.739      1.340230
   1.744      1.334165
   1.750      1.328059
   1.755      1.321915
   1.760      1.315732
   1.766      1.309513
   1.771      1.303257
   1.777      1.296966
   1.782      1.290640
   1.787      1.284281
   1.793      1.277889
   1.798      1.271466
   1.804      1.265011
   1.809      1.258526
   1.814      1.252013
   1.820      1.245471
   1.825      1.238902
   1.831      1.232306
   1.836      1.225685
   1.841      1.219039
   1.847      1.212369
   1.852      1.205677
   1.858      1.198963
   1.863      1.192227
   1.868      1.185472
   1.874      1.178697
   1.879      1.171904
   1.885      1.165093
   1.890      1.158265
   1.895      1.151422
   1.901      1.144564
   1.906      1.137692
   1.912      1.130807
   1.917      1.123909
   1.922      1.117000
   1.928      1.110080
   1.933      1.103151
   1.939      1.096212
   1.944      1.089266
   1.949      1.082312
   1.955      1.075351
   1.960      1.068385
   1.966      1.061415
   1.971      1.054440
   1.976      1.047462
   1.982      1.040481
   1.987      1.033499
   1.993      1.026516
   1.998      1.019533
   2.003      1.012550
   2.009      1.005569
   2.014      0.998590
   2.020      0.991614
   2.025      0.984641
   2.030      0.977673
   2.036      0.970710
   2.041      0.963752
   2.047      0.956801
   2.052      0.949857
   2.057      0.942921
   2.063      0.935993
   2.068      0.929075
   2.074      0.922166
   2.079      0.915267
   2.084      0.908380
   2.090      0.901505
   2.095      0.894641
   2.101      0.887791
   2.106      0.880954
   2.111      0.874131
   2.117      0.867323
   2.122      0.860530
   2.128      0.853753
   2.133      0.846993
   2.138      0.840249
   2.144      0.833523
   2.149      0.826814
   2.155      0.820124
   2.160      0.813453
   2.165      0.806802
   2.171      0.800170
   2.176      0.793559
   2.182      0.786969
   2.187      0.780400
   2.192      0.773853
   2.198      0.767328
   2.203      0.760825
   2.209      0.754346
   2.214      0.747890
   2.219      0.741458
   2.225      0.735050
   2.230      0.728667
   2.236      0.722309
   2.241      0.715977
   2.246      0.709670
   2.252      0.703389
   2.257      0.697134
   2.263      0.690906
   2.268      0.684706
   2.273      0.678532
   2.279      0.672386
   2.284      0.666269
   2.290      0.660179
   2.295      0.654118
   2.300      0.648086
   2.306      0.642083
   2.311      0.636109
   2.317      0.630165
   2.322      0.624251
   2.327      0.618366
   2.333      0.612512
   2.338      0.606688
   2.344      0.600895
   2.349      0.595133
   2.354      0.589402
   2.360      0.583703
   2.365      0.578035
   2.371      0.572398
   2.376      0.566793
   2.381      0.561221
   2.387      0.555680
   2.392      0.550172
   2.398      0.544696
   2.403      0.539252
   2.408      0.533842
   2.414      0.528464
   2.419      0.523119
   2.425      0.517807
   2.430      0.512529
   2.435      0.507283
   2.441      0.502071
   2.446      0.496892
   2.452      0.491747
   2.457      0.486636
   2.462      0.481558
   2.468      0.476514
   2.473      0.471503
   2.479      0.466527
   2.484      0.461584
   2.489      0.456676
   2.495      0.451801
   2.500      0.446960
   2.506      0.442154
   2.511      0.437381
   2.516      0.432643
   2.522      0.427938
   2.527      0.423268
   2.533      0.418632
   2.538      0.414030
   2.543      0.409462
   2.549      0.404928
   2.554      0.400428
   2.560      0.395963
   2.565      0.391531
   2.570      0.387134
   2.576      0.382770
   2.581      0.378441
   2.587      0.374145
   2.592      0.369883
   2.597      0.365655
   2.603      0.361461
   2.608      0.357300
   2.614      0.353174
   2.619      0.349081
   2.624      0.345021
   2.630      0.340995
   2.635      0.337002
   2.641      0.333043
   2.646      0.329117
   2.651      0.325224
   2.657      0.321364
   2.662      0.317537
   2.668      0.313743
   2.673      0.309982
   2.678      0.306254
   2.684      0.302558
   2.689      0.298895
   2.695      0.295264
   2.700      0.291666
   2.705      0.288099
   2.711      0.284565
   2.716      0.281063
   2.722      0.277592
   2.727      0.274153
   2.732      0.270746
   2.738      0.267370
   2.743      0.264026
   2.749      0.260713
   2.754      0.257431
   2.759      0.254180
   2.765      0.250960
   2.770      0.247770
   2.776      0.244612
   2.781      0.241483
   2.786      0.238385
   2.792      0.235317
   2.797      0.232279
   2.803      0.229271
   2.808      0.226293
   2.813      0.223344
   2.819      0.220424
   2.824      0.217534
   2.830      0.214673
   2.835      0.211841
   2.840      0.209038
   2.846      0.206263
   2.851      0.203517
   2.857      0.200799
   2.862      0.198109
   2.867      0.195447
   2.873      0.192813
   2.878      0.190206
   2.884      0.187627
   2.889      0.185076
   2.894      0.182551
   2.900      0.180054
   2.905      0.177583
   2.911      0.175139
   2.916      0.172721
   2.921      0.170330
   2.927      0.167964
   2.932      0.165625
   2.938      0.163312
   2.943      0.161023
   2.948      0.158761
   2.954      0.156524
   2.959      0.154311
   2.965      0.152124
   2.970      0.149961
   2.975      0.147823
   2.981      0.145709
   2.986      0.143619
   2.992      0.141553
   2.997      0.139511
   3.002      0.137493
   3.008      0.135498
   3.013      0.133527
   3.019      0.131578
   3.024      0.129653
   3.029      0.127750
   3.035      0.125870
   3.040      0.124012
   3.046      0.122176
   3.051      0.120362
   3.056      0.118570
   3.062      0.116800
   3.067      0.115051
   3.073      0.113324
   3.078      0.111617
   3.083      0.109932
   3.089      0.108267
   3.094      0.106623
   3.100      0.104999
   3.105      0.103396
   3.110      0.101813
   3.116      0.100249
   3.121      0.098705
   3.127      0.097181
   3.132      0.095676
   3.137      0.094190
   3.143      0.092723
   3.148      0.091275
   3.154      0.089846
   3.159      0.088435
   3.164      0.087042
   3.170      0.085668
   3.175      0.084311
   3.181      0.082972
   3.186      0.081651
   3.191      0.080348
   3.197      0.079061
   3.202      0.077792
   3.208      0.076539
   3.213      0.075304
   3.218      0.074085
   3.224      0.072882
   3.229      0.071696
   3.235      0.070526
   3.240      0.069371
   3.245      0.068233
   3.251      0.067110
   3.256      0.066003
   3.262      0.064911
   3.267      0.063834
   3.272      0.062772
   3.278      0.061725
   3.283      0.060692
   3.289      0.059674
   3.294      0.058670
   3.299      0.057681
   3.305      0.056706
   3.310      0.055744
   3.316      0.054796
   3.321      0.053862
   3.326      0.052941
   3.332      0.052034
   3.337      0.051140
   3.343      0.050258
   3.348      0.049390
   3.353      0.048534
   3.359      0.047691
   3.364      0.046860
   3.370      0.046042
   3.375      0.045235
   3.380      0.044441
   3.386      0.043658
   3.391      0.042887
   3.397      0.042128
   3.402      0.041380
   3.407      0.040644
   3.413      0.039918
   3.418      0.039204
   3.424      0.038500
   3.429      0.037808
   3.434      0.037126
   3.440      0.036454
   3.445      0.035793
   3.451      0.035142
   3.456      0.034501
   3.461      0.033870
   3.467      0.033249
   3.472      0.032638
   3.478      0.032037
   3.483      0.031444
   3.488      0.030862
   3.494      0.030288
   3.499      0.029724
   3.505      0.029169
   3.510      0.028622
   3.515      0.028085
   3.521      0.027556
   3.526      0.027036
   3.532      0.026524
   3.537      0.026020
   3.542      0.025525
   3.548      0.025038
   3.553      0.024559
   3.559      0.024088
   3.564      0.023624
   3.569      0.023168
   3.575      0.022720
   3.580      0.022280
   3.586      0.021846
   3.591      0.021420
   3.596      0.021002
   3.602      0.020590
   3.607      0.020185
   3.613      0.019787
   3.618      0.019396
   3.623      0.019012
   3.629      0.018634
   3.634      0.018263
   3.640      0.017898
   3.645      0.017540
   3.650      0.017187
   3.656      0.016841
   3.661      0.016501
   3.667      0.016167
   3.672      0.015839
   3.677      0.015516
   3.683      0.015200
   3.688      0.014888
   3.694      0.014583
   3.699      0.014283
   3.704      0.013988
   3.710      0.013699
   3.715      0.013414
   3.721      0.013135
   3.726      0.012861
   3.731      0.012592
   3.737      0.012328
   3.742      0.012069
   3.748      0.011814
   3.753      0.011565
   3.758      0.011319
   3.764      0.011079
   3.769      0.010843
   3.775      0.010611
   3.780      0.010383
   3.785      0.010160
   3.791      0.009941
   3.796      0.009726
   3.802      0.009516
   3.807      0.009309
   3.812      0.009106
   3.818      0.008907
   3.823      0.008712
   3.829      0.008520
   3.834      0.008333
   3.839      0.008148
   3.845      0.007968
   3.850      0.007791
   3.856      0.007617
   3.861      0.007447
   3.866      0.007280
   3.872      0.007117
   3.877      0.006956
   3.883      0.006799
   3.888      0.006645
   3.893      0.006494
   3.899      0.006346
   3.904      0.006201
   3.910      0.006059
   3.915      0.005920
   3.920      0.005784
   3.926      0.005650
   3.931      0.005519
   3.937      0.005391
   3.942      0.005265
   3.947      0.005142
   3.953      0.005022
   3.958      0.004904
   3.964      0.004788
   3.969      0.004675
   3.974      0.004564
   3.980      0.004456
   3.985      0.004349
   3.991      0.004245
   3.996      0.004144
   4.001      0.004044
   4.007      0.003946
   4.012      0.003851
   4.018      0.003758
   4.023      0.003666
   4.028      0.003577
   4.034      0.003489
   4.039      0.003404
   4.045      0.003320
   4.050      0.003238
   4.055      0.003158
   4.061      0.003079
   4.066      0.003003
   4.072      0.002928
   4.077      0.002854
   4.082      0.002783
   4.088      0.002713
   4.093      0.002644
   4.099      0.002577
   4.104      0.002511
   4.109      0.002447
   4.115      0.002385
   4.120      0.002324
   4.126      0.002264
   4.131      0.002205
   4.136      0.002148
   4.142      0.002093
   4.147      0.002038
   4.153      0.001985
   4.158      0.001933
   4.163      0.001882
   4.169      0.001832
   4.174      0.001784
   4.180      0.001737
   4.185      0.001690
   4.190      0.001645
   4.196      0.001601
   4.201      0.001558
   4.207      0.001516
   4.212      0.001475
   4.217      0.001435
   4.223      0.001396
   4.228      0.001358
   4.234      0.001321
   4.239      0.001285
   4.244      0.001249
   4.250      0.001215
   4.255      0.001181
   4.261      0.001148
   4.266      0.001116
   4.271      0.001085
   4.277      0.001055
   4.282      0.001025
   4.288      0.000996
   4.293      0.000968
   4.298      0.000940
   4.304      0.000913
   4.309      0.000887
   4.315      0.000862
   4.320      0.000837
   4.325      0.000813
   4.331      0.000789
   4.336      0.000766
   4.342      0.000744
   4.347      0.000722
   4.352      0.000701
   4.358      0.000680
   4.363      0.000660
   4.369      0.000640
   4.374      0.000621
   4.379      0.000603
   4.385      0.000585
   4.390      0.000567
   4.396      0.000550
   4.401      0.000533
   4.406      0.000517
   4.412      0.000501
   4.417      0.000486
   4.423      0.000471
   4.428      0.000456
   4.433      0.000442
   4.439      0.000428
   4.444      0.000415
   4.450      0.000402
   4.455      0.000390
   4.460      0.000377
   4.466      0.000365
   4.471      0.000354
   4.477      0.000342
   4.482      0.000331
   4.487      0.000321
   4.493      0.000310
   4.498      0.000300
   4.504      0.000291
   4.509      0.000281
   4.514      0.000272
   4.520      0.000263
   4.525      0.000254
   4.531      0.000246
   4.536      0.000238
   4.541      0.000230
   4.547      0.000222
   4.552      0.000215
   4.558      0.000207
   4.563      0.000200
   4.568      0.000194
   4.574      0.000187
   4.579      0.000181
   4.585      0.000174
   4.590      0.000168
   4.595      0.000163
   4.601      0.000157
   4.606      0.000151
   4.612      0.000146
   4.617      0.000141
   4.622      0.000136
   4.628      0.000131
   4.633      0.000126
   4.639      0.000122
   4.644      0.000117
   4.649      0.000113
   4.655      0.000109
   4.660      0.000105
   4.666      0.000101
   4.671      0.000098
   4.676      0.000094
   4.682      0.000090
   4.687      0.000087
   4.693      0.000084
   4.698      0.000081
   4.703      0.000078
   4.709      0.000075
   4.714      0.000072
   4.720      0.000069
   4.725      0.000066
   4.730      0.000064
   4.736      0.000061
   4.741      0.000059
   4.747      0.000057
   4.752      0.000054
   4.757      0.000052
   4.763      0.000050
   4.768      0.000048
   4.774      0.000046
   4.779      0.000044
   4.784      0.000043
   4.790      0.000041
   4.795      0.000039
   4.801      0.000038
   4.806      0.000036
   4.811      0.000034
   4.817      0.000033
   4.822      0.000032
   4.828      0.000030
   4.833      0.000029
   4.838      0.000028
   4.844      0.000027
   4.849      0.000025
   4.855      0.000024
   4.860      0.000023
   4.865      0.000022
   4.871      0.000021
   4.876      0.000020
   4.882      0.000019
   4.887      0.000019
   4.892      0.000018
   4.898      0.000017
   4.903      0.000016
   4.909      0.000015
   4.914      0.000015
   4.919      0.000014
   4.925      0.000013
   4.930      0.000013
   4.936      0.000012
   4.941      0.000012
   4.946      0.000011
   4.952      0.000010
   4.957      0.000010
   4.963      0.000009
   4.968      0.000009
   4.973      0.000009
   4.979      0.000008
   4.984      0.000008
   4.990      0.000007
   4.995      0.000007
   5.000      0.000007
   5.006      0.000006
   5.011      0.000006
   5.017      0.000006
   5.022      0.000005
   5.027      0.000005
   5.033      0.000005
   5.038      0.000004
   5.044      0.000004
   5.049      0.000004
   5.054      0.000004
   5.060      0.000004
   5.065      0.000003
   5.071      0.000003
   5.076      0.000003
   5.081      0.000003
   5.087      0.000003
   5.092      0.000002
   5.098      0.000002
   5.103      0.000002
   5.108      0.000002
   5.114      0.000002
   5.119      0.000002
   5.125      0.000002
   5.130      0.000002
   5.135      0.000001
   5.141      0.000001
   5.146      0.000001
   5.152      0.000001
   5.157      0.000001
   5.162      0.000001
   5.168      0.000001
   5.173      0.000001
   5.179      0.000001
   5.184      0.000001
   5.189      0.000001
   5.195      0.000001
   5.200      0.000001
   5.206      0.000001
   5.211      0.000001
   5.216      0.000000
   5.222      0.000000
   5.227      0.000000
   5.233      0.000000
   5.238      0.000000
   5.243      0.000000
   5.249      0.000000
   5.254      0.000000
   5.260      0.000000
   5.265      0.000000
   5.270      0.000000
   5.276      0.000000
   5.281      0.000000
   5.287      0.000000
   5.292      0.000000
   5.297      0.000000
   5.303      0.000000
   5.308      0.000000
   5.314      0.000000
   5.319      0.000000
   5.324      0.000000
   5.330      0.000000
   5.335      0.000000
   5.341      0.000000
   5.346      0.000000
   5.351      0.000000
   5.357      0.000000
   5.362      0.000000
   5.368      0.000000
   5.373      0.000000
   5.378      0.000000
   5.384      0.000000
   5.389      0.000000
   5.395      0.000000
   5.400      0.000000
   5.405      0.000000
