   0.005      0.441716
   0.011      0.441745
   0.016      0.441774
   0.022      0.441823
   0.027      0.441891
   0.032      0.441979
   0.038      0.442086
   0.043      0.442212
   0.049      0.442359
   0.054      0.442524
   0.059      0.442710
   0.065      0.442914
   0.070      0.443139
   0.076      0.443383
   0.081      0.443646
   0.086      0.443930
   0.092      0.444233
   0.097      0.444556
   0.103      0.444898
   0.108      0.445261
   0.113      0.445643
   0.119      0.446045
   0.124      0.446468
   0.130      0.446910
   0.135      0.447372
   0.140      0.447854
   0.146      0.448356
   0.151      0.448879
   0.157      0.449422
   0.162      0.449984
   0.167      0.450568
   0.173      0.451171
   0.178      0.451795
   0.184      0.452439
   0.189      0.453104
   0.194      0.453789
   0.200      0.454495
   0.205      0.455221
   0.211      0.455968
   0.216      0.456735
   0.221      0.457524
   0.227      0.458333
   0.232      0.459163
   0.238      0.460014
   0.243      0.460886
   0.248      0.461779
   0.254      0.462693
   0.259      0.463628
   0.265      0.464585
   0.270      0.465562
   0.275      0.466561
   0.281      0.467582
   0.286      0.468623
   0.292      0.469687
   0.297      0.470772
   0.302      0.471878
   0.308      0.473007
   0.313      0.474157
   0.319      0.475329
   0.324      0.476522
   0.329      0.477738
   0.335      0.478976
   0.340      0.480236
   0.346      0.481518
   0.351      0.482822
   0.356      0.484149
   0.362      0.485498
   0.367      0.486869
   0.373      0.488263
   0.378      0.489680
   0.383      0.491119
   0.389      0.492581
   0.394      0.494065
   0.400      0.495573
   0.405      0.497103
   0.410      0.498656
   0.416      0.500233
   0.421      0.501832
   0.427      0.503454
   0.432      0.505100
   0.437      0.506769
   0.443      0.508461
   0.448      0.510177
   0.454      0.511916
   0.459      0.513678
   0.464      0.515464
   0.470      0.517274
   0.475      0.519107
   0.481      0.520964
   0.486      0.522844
   0.491      0.524748
   0.497      0.526676
   0.502      0.528628
   0.508      0.530604
   0.513      0.532603
   0.518      0.534627
   0.524      0.536674
   0.529      0.538746
   0.535      0.540841
   0.540      0.542960
   0.545      0.545104
   0.551      0.547271
   0.556      0.549462
   0.562      0.551678
   0.567      0.553917
   0.572      0.556181
   0.578      0.558469
   0.583      0.560780
   0.589      0.563116
   0.594      0.565475
   0.599      0.567859
   0.605      0.570266
   0.610      0.572698
   0.616      0.575153
   0.621      0.577632
   0.626      0.580135
   0.632      0.582662
   0.637      0.585212
   0.643      0.587786
   0.648      0.590383
   0.653      0.593004
   0.659      0.595648
   0.664      0.598316
   0.670      0.601007
   0.675      0.603721
   0.680      0.606457
   0.686      0.609217
   0.691      0.612000
   0.697      0.614805
   0.702      0.617633
   0.707      0.620483
   0.713      0.623355
   0.718      0.626249
   0.724      0.629166
   0.729      0.632104
   0.734      0.635063
   0.740      0.638044
   0.745      0.641047
   0.751      0.644070
   0.756      0.647114
   0.761      0.650179
   0.767      0.653263
   0.772      0.656369
   0.778      0.659493
   0.783      0.662638
   0.788      0.665802
   0.794      0.668985
   0.799      0.672187
   0.805      0.675407
   0.810      0.678645
   0.815      0.681902
   0.821      0.685176
   0.826      0.688467
   0.832      0.691776
   0.837      0.695100
   0.842      0.698442
   0.848      0.701799
   0.853      0.705171
   0.859      0.708559
   0.864      0.711961
   0.869      0.715377
   0.875      0.718808
   0.880      0.722252
   0.886      0.725709
   0.891      0.729179
   0.896      0.732660
   0.902      0.736154
   0.907      0.739658
   0.913      0.743173
   0.918      0.746699
   0.923      0.750234
   0.929      0.753778
   0.934      0.757331
   0.940      0.760893
   0.945      0.764461
   0.950      0.768037
   0.956      0.771619
   0.961      0.775207
   0.967      0.778800
   0.972      0.782398
   0.977      0.786000
   0.983      0.789605
   0.988      0.793213
   0.994      0.796824
   0.999      0.800436
   1.004      0.804049
   1.010      0.807662
   1.015      0.811274
   1.021      0.814886
   1.026      0.818495
   1.031      0.822103
   1.037      0.825707
   1.042      0.829307
   1.048      0.832902
   1.053      0.836492
   1.058      0.840076
   1.064      0.843654
   1.069      0.847223
   1.075      0.850785
   1.080      0.854337
   1.085      0.857880
   1.091      0.861411
   1.096      0.864932
   1.102      0.868441
   1.107      0.871936
   1.112      0.875418
   1.118      0.878886
   1.123      0.882338
   1.129      0.885774
   1.134      0.889194
   1.139      0.892595
   1.145      0.895979
   1.150      0.899343
   1.156      0.902687
   1.161      0.906011
   1.166      0.909313
   1.172      0.912593
   1.177      0.915849
   1.183      0.919082
   1.188      0.922289
   1.193      0.925472
   1.199      0.928628
   1.204      0.931757
   1.210      0.934858
   1.215      0.937930
   1.220      0.940974
   1.226      0.943987
   1.231      0.946969
   1.237      0.949919
   1.242      0.952838
   1.247      0.955723
   1.253      0.958574
   1.258      0.961391
   1.264      0.964173
   1.269      0.966919
   1.274      0.969628
   1.280      0.972300
   1.285      0.974934
   1.291      0.977529
   1.296      0.980085
   1.301      0.982601
   1.307      0.985077
   1.312      0.987512
   1.318      0.989905
   1.323      0.992256
   1.328      0.994564
   1.334      0.996829
   1.339      0.999050
   1.345      1.001226
   1.350      1.003358
   1.355      1.005444
   1.361      1.007484
   1.366      1.009478
   1.372      1.011426
   1.377      1.013326
   1.382      1.015179
   1.388      1.016983
   1.393      1.018740
   1.399      1.020447
   1.404      1.022106
   1.409      1.023716
   1.415      1.025276
   1.420      1.026786
   1.426      1.028246
   1.431      1.029656
   1.436      1.031015
   1.442      1.032323
   1.447      1.033581
   1.453      1.034788
   1.458      1.035943
   1.463      1.037047
   1.469      1.038100
   1.474      1.039101
   1.480      1.040051
   1.485      1.040950
   1.490      1.041797
   1.496      1.042592
   1.501      1.043336
   1.507      1.044028
   1.512      1.044669
   1.517      1.045259
   1.523      1.045797
   1.528      1.046285
   1.534      1.046721
   1.539      1.047107
   1.544      1.047442
   1.550      1.047727
   1.555      1.047962
   1.561      1.048147
   1.566      1.048282
   1.571      1.048368
   1.577      1.048405
   1.582      1.048393
   1.588      1.048332
   1.593      1.048223
   1.598      1.048067
   1.604      1.047863
   1.609      1.047612
   1.615      1.047314
   1.620      1.046970
   1.625      1.046581
   1.631      1.046146
   1.636      1.045666
   1.642      1.045141
   1.647      1.044572
   1.652      1.043960
   1.658      1.043305
   1.663      1.042607
   1.669      1.041868
   1.674      1.041086
   1.679      1.040264
   1.685      1.039401
   1.690      1.038498
   1.696      1.037556
   1.701      1.036575
   1.706      1.035556
   1.712      1.034499
   1.717      1.033404
   1.723      1.032274
   1.728      1.031107
   1.733      1.029905
   1.739      1.028668
   1.744      1.027396
   1.750      1.026091
   1.755      1.024753
   1.760      1.023382
   1.766      1.021980
   1.771      1.020546
   1.777      1.019081
   1.782      1.017586
   1.787      1.016062
   1.793      1.014508
   1.798      1.012926
   1.804      1.011316
   1.809      1.009679
   1.814      1.008015
   1.820      1.006325
   1.825      1.004609
   1.831      1.002868
   1.836      1.001103
   1.841      0.999313
   1.847      0.997500
   1.852      0.995664
   1.858      0.993806
   1.863      0.991925
   1.868      0.990024
   1.874      0.988101
   1.879      0.986158
   1.885      0.984194
   1.890      0.982212
   1.895      0.980210
   1.901      0.978189
   1.906      0.976151
   1.912      0.974094
   1.917      0.972021
   1.922      0.969930
   1.928      0.967823
   1.933      0.965700
   1.939      0.963561
   1.944      0.961407
   1.949      0.959237
   1.955      0.957054
   1.960      0.954856
   1.966      0.952644
   1.971      0.950418
   1.976      0.948180
   1.982      0.945928
   1.987      0.943664
   1.993      0.941387
   1.998      0.939099
   2.003      0.936799
   2.009      0.934487
   2.014      0.932165
   2.020      0.929831
   2.025      0.927487
   2.030      0.925133
   2.036      0.922769
   2.041      0.920395
   2.047      0.918011
   2.052      0.915619
   2.057      0.913217
   2.063      0.910806
   2.068      0.908387
   2.074      0.905960
   2.079      0.903525
   2.084      0.901082
   2.090      0.898631
   2.095      0.896173
   2.101      0.893708
   2.106      0.891237
   2.111      0.888758
   2.117      0.886273
   2.122      0.883782
   2.128      0.881284
   2.133      0.878781
   2.138      0.876272
   2.144      0.873758
   2.149      0.871239
   2.155      0.868714
   2.160      0.866184
   2.165      0.863650
   2.171      0.861112
   2.176      0.858569
   2.182      0.856022
   2.187      0.853470
   2.192      0.850916
   2.198      0.848357
   2.203      0.845795
   2.209      0.843230
   2.214      0.840661
   2.219      0.838090
   2.225      0.835515
   2.230      0.832938
   2.236      0.830359
   2.241      0.827777
   2.246      0.825193
   2.252      0.822606
   2.257      0.820018
   2.263      0.817428
   2.268      0.814836
   2.273      0.812243
   2.279      0.809648
   2.284      0.807052
   2.290      0.804455
   2.295      0.801857
   2.300      0.799258
   2.306      0.796658
   2.311      0.794058
   2.317      0.791457
   2.322      0.788855
   2.327      0.786253
   2.333      0.783652
   2.338      0.781049
   2.344      0.778447
   2.349      0.775846
   2.354      0.773244
   2.360      0.770643
   2.365      0.768042
   2.371      0.765441
   2.376      0.762842
   2.381      0.760243
   2.387      0.757644
   2.392      0.755047
   2.398      0.752451
   2.403      0.749856
   2.408      0.747262
   2.414      0.744669
   2.419      0.742078
   2.425      0.739488
   2.430      0.736900
   2.435      0.734314
   2.441      0.731729
   2.446      0.729146
   2.452      0.726564
   2.457      0.723985
   2.462      0.721407
   2.468      0.718832
   2.473      0.716259
   2.479      0.713688
   2.484      0.711119
   2.489      0.708553
   2.495      0.705989
   2.500      0.703427
   2.506      0.700869
   2.511      0.698312
   2.516      0.695759
   2.522      0.693208
   2.527      0.690660
   2.533      0.688115
   2.538      0.685573
   2.543      0.683034
   2.549      0.680498
   2.554      0.677965
   2.560      0.675435
   2.565      0.672909
   2.570      0.670385
   2.576      0.667865
   2.581      0.665349
   2.587      0.662835
   2.592      0.660326
   2.597      0.657820
   2.603      0.655317
   2.608      0.652818
   2.614      0.650322
   2.619      0.647831
   2.624      0.645343
   2.630      0.642859
   2.635      0.640378
   2.641      0.637902
   2.646      0.635429
   2.651      0.632960
   2.657      0.630496
   2.662      0.628035
   2.668      0.625578
   2.673      0.623126
   2.678      0.620678
   2.684      0.618233
   2.689      0.615793
   2.695      0.613358
   2.700      0.610926
   2.705      0.608499
   2.711      0.606076
   2.716      0.603657
   2.722      0.601243
   2.727      0.598833
   2.732      0.596428
   2.738      0.594027
   2.743      0.591631
   2.749      0.589239
   2.754      0.586852
   2.759      0.584469
   2.765      0.582091
   2.770      0.579717
   2.776      0.577349
   2.781      0.574984
   2.786      0.572625
   2.792      0.570270
   2.797      0.567920
   2.803      0.565575
   2.808      0.563234
   2.813      0.560899
   2.819      0.558568
   2.824      0.556242
   2.830      0.553921
   2.835      0.551604
   2.840      0.549293
   2.846      0.546986
   2.851      0.544685
   2.857      0.542388
   2.862      0.540096
   2.867      0.537810
   2.873      0.535528
   2.878      0.533251
   2.884      0.530979
   2.889      0.528713
   2.894      0.526451
   2.900      0.524194
   2.905      0.521943
   2.911      0.519696
   2.916      0.517455
   2.921      0.515219
   2.927      0.512987
   2.932      0.510761
   2.938      0.508540
   2.943      0.506325
   2.948      0.504114
   2.954      0.501908
   2.959      0.499708
   2.965      0.497513
   2.970      0.495323
   2.975      0.493138
   2.981      0.490958
   2.986      0.488784
   2.992      0.486615
   2.997      0.484451
   3.002      0.482292
   3.008      0.480138
   3.013      0.477990
   3.019      0.475847
   3.024      0.473709
   3.029      0.471576
   3.035      0.469449
   3.040      0.467327
   3.046      0.465210
   3.051      0.463098
   3.056      0.460992
   3.062      0.458891
   3.067      0.456795
   3.073      0.454704
   3.078      0.452619
   3.083      0.450539
   3.089      0.448464
   3.094      0.446395
   3.100      0.444330
   3.105      0.442271
   3.110      0.440218
   3.116      0.438169
   3.121      0.436126
   3.127      0.434088
   3.132      0.432056
   3.137      0.430028
   3.143      0.428006
   3.148      0.425990
   3.154      0.423978
   3.159      0.421972
   3.164      0.419971
   3.170      0.417975
   3.175      0.415985
   3.181      0.414000
   3.186      0.412020
   3.191      0.410045
   3.197      0.408076
   3.202      0.406111
   3.208      0.404153
   3.213      0.402199
   3.218      0.400250
   3.224      0.398307
   3.229      0.396369
   3.235      0.394437
   3.240      0.392509
   3.245      0.390587
   3.251      0.388670
   3.256      0.386758
   3.262      0.384851
   3.267      0.382950
   3.272      0.381053
   3.278      0.379162
   3.283      0.377276
   3.289      0.375396
   3.294      0.373520
   3.299      0.371650
   3.305      0.369785
   3.310      0.367925
   3.316      0.366070
   3.321      0.364220
   3.326      0.362375
   3.332      0.360536
   3.337      0.358702
   3.343      0.356872
   3.348      0.355048
   3.353      0.353229
   3.359      0.351415
   3.364      0.349607
   3.370      0.347803
   3.375      0.346004
   3.380      0.344211
   3.386      0.342422
   3.391      0.340639
   3.397      0.338860
   3.402      0.337087
   3.407      0.335319
   3.413      0.333555
   3.418      0.331797
   3.424      0.330044
   3.429      0.328295
   3.434      0.326552
   3.440      0.324814
   3.445      0.323080
   3.451      0.321352
   3.456      0.319628
   3.461      0.317910
   3.467      0.316196
   3.472      0.314488
   3.478      0.312784
   3.483      0.311085
   3.488      0.309391
   3.494      0.307702
   3.499      0.306018
   3.505      0.304339
   3.510      0.302665
   3.515      0.300995
   3.521      0.299330
   3.526      0.297670
   3.532      0.296015
   3.537      0.294365
   3.542      0.292720
   3.548      0.291079
   3.553      0.289443
   3.559      0.287812
   3.564      0.286186
   3.569      0.284564
   3.575      0.282948
   3.580      0.281336
   3.586      0.279728
   3.591      0.278126
   3.596      0.276528
   3.602      0.274935
   3.607      0.273346
   3.613      0.271762
   3.618      0.270183
   3.623      0.268608
   3.629      0.267038
   3.634      0.265473
   3.640      0.263912
   3.645      0.262356
   3.650      0.260805
   3.656      0.259258
   3.661      0.257716
   3.667      0.256178
   3.672      0.254645
   3.677      0.253116
   3.683      0.251592
   3.688      0.250072
   3.694      0.248557
   3.699      0.247047
   3.704      0.245541
   3.710      0.244039
   3.715      0.242542
   3.721      0.241049
   3.726      0.239561
   3.731      0.238077
   3.737      0.236598
   3.742      0.235123
   3.748      0.233652
   3.753      0.232186
   3.758      0.230724
   3.764      0.229266
   3.769      0.227813
   3.775      0.226364
   3.780      0.224920
   3.785      0.223480
   3.791      0.222044
   3.796      0.220612
   3.802      0.219185
   3.807      0.217762
   3.812      0.216343
   3.818      0.214928
   3.823      0.213518
   3.829      0.212112
   3.834      0.210710
   3.839      0.209312
   3.845      0.207919
   3.850      0.206529
   3.856      0.205144
   3.861      0.203763
   3.866      0.202386
   3.872      0.201013
   3.877      0.199645
   3.883      0.198280
   3.888      0.196920
   3.893      0.195563
   3.899      0.194211
   3.904      0.192863
   3.910      0.191518
   3.915      0.190178
   3.920      0.188842
   3.926      0.187510
   3.931      0.186181
   3.937      0.184857
   3.942      0.183537
   3.947      0.182221
   3.953      0.180908
   3.958      0.179600
   3.964      0.178295
   3.969      0.176995
   3.974      0.175698
   3.980      0.174405
   3.985      0.173116
   3.991      0.171831
   3.996      0.170550
   4.001      0.169272
   4.007      0.167998
   4.012      0.166729
   4.018      0.165463
   4.023      0.164200
   4.028      0.162942
   4.034      0.161687
   4.039      0.160436
   4.045      0.159189
   4.050      0.157945
   4.055      0.156706
   4.061      0.155469
   4.066      0.154237
   4.072      0.153008
   4.077      0.151783
   4.082      0.150562
   4.088      0.149344
   4.093      0.148130
   4.099      0.146919
   4.104      0.145712
   4.109      0.144509
   4.115      0.143309
   4.120      0.142113
   4.126      0.140920
   4.131      0.139731
   4.136      0.138545
   4.142      0.137363
   4.147      0.136184
   4.153      0.135009
   4.158      0.133838
   4.163      0.132669
   4.169      0.131505
   4.174      0.130343
   4.180      0.129185
   4.185      0.128031
   4.190      0.126880
   4.196      0.125732
   4.201      0.124588
   4.207      0.123447
   4.212      0.122309
   4.217      0.121175
   4.223      0.120044
   4.228      0.118916
   4.234      0.117792
   4.239      0.116671
   4.244      0.115553
   4.250      0.114439
   4.255      0.113327
   4.261      0.112219
   4.266      0.111115
   4.271      0.110013
   4.277      0.108915
   4.282      0.107820
   4.288      0.106728
   4.293      0.105639
   4.298      0.104553
   4.304      0.103471
   4.309      0.102391
   4.315      0.101315
   4.320      0.100242
   4.325      0.099172
   4.331      0.098105
   4.336      0.097041
   4.342      0.095980
   4.347      0.094922
   4.352      0.093867
   4.358      0.092816
   4.363      0.091767
   4.369      0.090721
   4.374      0.089678
   4.379      0.088638
   4.385      0.087602
   4.390      0.086568
   4.396      0.085537
   4.401      0.084509
   4.406      0.083483
   4.412      0.082461
   4.417      0.081442
   4.423      0.080425
   4.428      0.079412
   4.433      0.078401
   4.439      0.077393
   4.444      0.076388
   4.450      0.075386
   4.455      0.074386
   4.460      0.073389
   4.466      0.072395
   4.471      0.071404
   4.477      0.070416
   4.482      0.069430
   4.487      0.068447
   4.493      0.067467
   4.498      0.066490
   4.504      0.065515
   4.509      0.064543
   4.514      0.063573
   4.520      0.062606
   4.525      0.061642
   4.531      0.060681
   4.536      0.059722
   4.541      0.058765
   4.547      0.057812
   4.552      0.056860
   4.558      0.055912
   4.563      0.054966
   4.568      0.054022
   4.574      0.053081
   4.579      0.052143
   4.585      0.051207
   4.590      0.050274
   4.595      0.049343
   4.601      0.048414
   4.606      0.047488
   4.612      0.046565
   4.617      0.045644
   4.622      0.044725
   4.628      0.043809
   4.633      0.042895
   4.639      0.041984
   4.644      0.041075
   4.649      0.040168
   4.655      0.039264
   4.660      0.038362
   4.666      0.037462
   4.671      0.036564
   4.676      0.035669
   4.682      0.034777
   4.687      0.033886
   4.693      0.032998
   4.698      0.032112
   4.703      0.031228
   4.709      0.030347
   4.714      0.029468
   4.720      0.028591
   4.725      0.027716
   4.730      0.026843
   4.736      0.025973
   4.741      0.025104
   4.747      0.024238
   4.752      0.023374
   4.757      0.022512
   4.763      0.021652
   4.768      0.020795
   4.774      0.019939
   4.779      0.019086
   4.784      0.018234
   4.790      0.017385
   4.795      0.016537
   4.801      0.015692
   4.806      0.014849
   4.811      0.014007
   4.817      0.013168
   4.822      0.012331
   4.828      0.011495
   4.833      0.010662
   4.838      0.009831
   4.844      0.009001
   4.849      0.008173
   4.855      0.007348
   4.860      0.006524
   4.865      0.005702
   4.871      0.004882
   4.876      0.004064
   4.882      0.003247
   4.887      0.002433
   4.892      0.001620
   4.898      0.000809
   4.903      0.000000
