   0.005     -0.000103
   0.010      0.000051
   0.015      0.000206
   0.020      0.000463
   0.025      0.000823
   0.029      0.001287
   0.034      0.001852
   0.039      0.002521
   0.044      0.003292
   0.049      0.004166
   0.054      0.005143
   0.059      0.006222
   0.064      0.007403
   0.069      0.008686
   0.074      0.010071
   0.078      0.011558
   0.083      0.013147
   0.088      0.014837
   0.093      0.016628
   0.098      0.018521
   0.103      0.020515
   0.108      0.022609
   0.113      0.024804
   0.118      0.027099
   0.123      0.029494
   0.127      0.031988
   0.132      0.034582
   0.137      0.037276
   0.142      0.040068
   0.147      0.042958
   0.152      0.045947
   0.157      0.049034
   0.162      0.052218
   0.167      0.055500
   0.172      0.058878
   0.176      0.062353
   0.181      0.065924
   0.186      0.069590
   0.191      0.073352
   0.196      0.077209
   0.201      0.081160
   0.206      0.085205
   0.211      0.089343
   0.216      0.093575
   0.221      0.097899
   0.225      0.102315
   0.230      0.106823
   0.235      0.111422
   0.240      0.116111
   0.245      0.120891
   0.250      0.125760
   0.255      0.130717
   0.260      0.135764
   0.265      0.140898
   0.270      0.146119
   0.274      0.151427
   0.279      0.156821
   0.284      0.162300
   0.289      0.167865
   0.294      0.173513
   0.299      0.179245
   0.304      0.185060
   0.309      0.190956
   0.314      0.196935
   0.319      0.202994
   0.323      0.209133
   0.328      0.215352
   0.333      0.221649
   0.338      0.228025
   0.343      0.234477
   0.348      0.241006
   0.353      0.247611
   0.358      0.254291
   0.363      0.261044
   0.368      0.267872
   0.372      0.274772
   0.377      0.281743
   0.382      0.288786
   0.387      0.295899
   0.392      0.303081
   0.397      0.310331
   0.402      0.317649
   0.407      0.325034
   0.412      0.332485
   0.417      0.340000
   0.421      0.347580
   0.426      0.355223
   0.431      0.362929
   0.436      0.370695
   0.441      0.378523
   0.446      0.386409
   0.451      0.394355
   0.456      0.402358
   0.461      0.410417
   0.466      0.418533
   0.470      0.426703
   0.475      0.434927
   0.480      0.443203
   0.485      0.451532
   0.490      0.459911
   0.495      0.468340
   0.500      0.476818
   0.505      0.485344
   0.510      0.493916
   0.515      0.502534
   0.519      0.511196
   0.524      0.519902
   0.529      0.528651
   0.534      0.537441
   0.539      0.546272
   0.544      0.555141
   0.549      0.564049
   0.554      0.572994
   0.559      0.581975
   0.564      0.590991
   0.568      0.600041
   0.573      0.609123
   0.578      0.618237
   0.583      0.627382
   0.588      0.636556
   0.593      0.645758
   0.598      0.654987
   0.603      0.664241
   0.608      0.673521
   0.613      0.682824
   0.617      0.692150
   0.622      0.701496
   0.627      0.710863
   0.632      0.720249
   0.637      0.729653
   0.642      0.739073
   0.647      0.748508
   0.652      0.757958
   0.657      0.767420
   0.662      0.776895
   0.666      0.786380
   0.671      0.795874
   0.676      0.805377
   0.681      0.814886
   0.686      0.824402
   0.691      0.833922
   0.696      0.843445
   0.701      0.852970
   0.706      0.862496
   0.711      0.872022
   0.715      0.881547
   0.720      0.891068
   0.725      0.900586
   0.730      0.910098
   0.735      0.919604
   0.740      0.929102
   0.745      0.938592
   0.750      0.948071
   0.755      0.957539
   0.760      0.966994
   0.764      0.976435
   0.769      0.985862
   0.774      0.995272
   0.779      1.004664
   0.784      1.014038
   0.789      1.023392
   0.794      1.032724
   0.799      1.042034
   0.804      1.051321
   0.809      1.060582
   0.813      1.069818
   0.818      1.079026
   0.823      1.088205
   0.828      1.097355
   0.833      1.106474
   0.838      1.115560
   0.843      1.124614
   0.848      1.133632
   0.853      1.142615
   0.858      1.151560
   0.862      1.160468
   0.867      1.169336
   0.872      1.178163
   0.877      1.186948
   0.882      1.195691
   0.887      1.204389
   0.892      1.213042
   0.897      1.221649
   0.902      1.230208
   0.907      1.238718
   0.911      1.247178
   0.916      1.255587
   0.921      1.263943
   0.926      1.272247
   0.931      1.280496
   0.936      1.288689
   0.941      1.296825
   0.946      1.304904
   0.951      1.312923
   0.956      1.320883
   0.960      1.328781
   0.965      1.336617
   0.970      1.344390
   0.975      1.352099
   0.980      1.359742
   0.985      1.367319
   0.990      1.374829
   0.995      1.382270
   1.000      1.389641
   1.005      1.396942
   1.009      1.404172
   1.014      1.411329
   1.019      1.418412
   1.024      1.425422
   1.029      1.432356
   1.034      1.439214
   1.039      1.445994
   1.044      1.452697
   1.049      1.459320
   1.054      1.465864
   1.058      1.472326
   1.063      1.478708
   1.068      1.485006
   1.073      1.491222
   1.078      1.497353
   1.083      1.503399
   1.088      1.509359
   1.093      1.515233
   1.098      1.521020
   1.103      1.526719
   1.107      1.532328
   1.112      1.537848
   1.117      1.543278
   1.122      1.548617
   1.127      1.553864
   1.132      1.559019
   1.137      1.564081
   1.142      1.569050
   1.147      1.573924
   1.152      1.578703
   1.156      1.583387
   1.161      1.587974
   1.166      1.592465
   1.171      1.596859
   1.176      1.601156
   1.181      1.605354
   1.186      1.609453
   1.191      1.613454
   1.196      1.617354
   1.201      1.621155
   1.205      1.624855
   1.210      1.628454
   1.215      1.631952
   1.220      1.635348
   1.225      1.638643
   1.230      1.641834
   1.235      1.644923
   1.240      1.647909
   1.245      1.650792
   1.250      1.653571
   1.254      1.656247
   1.259      1.658818
   1.264      1.661285
   1.269      1.663647
   1.274      1.665904
   1.279      1.668057
   1.284      1.670105
   1.289      1.672047
   1.294      1.673885
   1.299      1.675616
   1.303      1.677243
   1.308      1.678764
   1.313      1.680179
   1.318      1.681489
   1.323      1.682693
   1.328      1.683791
   1.333      1.684784
   1.338      1.685671
   1.343      1.686453
   1.348      1.687130
   1.352      1.687701
   1.357      1.688167
   1.362      1.688528
   1.367      1.688784
   1.372      1.688935
   1.377      1.688982
   1.382      1.688924
   1.387      1.688762
   1.392      1.688496
   1.397      1.688127
   1.401      1.687654
   1.406      1.687077
   1.411      1.686398
   1.416      1.685617
   1.421      1.684733
   1.426      1.683748
   1.431      1.682661
   1.436      1.681472
   1.441      1.680184
   1.446      1.678794
   1.450      1.677305
   1.455      1.675717
   1.460      1.674029
   1.465      1.672243
   1.470      1.670359
   1.475      1.668377
   1.480      1.666299
   1.485      1.664123
   1.490      1.661852
   1.495      1.659486
   1.499      1.657024
   1.504      1.654469
   1.509      1.651819
   1.514      1.649077
   1.519      1.646242
   1.524      1.643316
   1.529      1.640298
   1.534      1.637190
   1.539      1.633992
   1.544      1.630705
   1.548      1.627330
   1.553      1.623867
   1.558      1.620317
   1.563      1.616680
   1.568      1.612959
   1.573      1.609152
   1.578      1.605262
   1.583      1.601288
   1.588      1.597232
   1.593      1.593094
   1.597      1.588875
   1.602      1.584577
   1.607      1.580199
   1.612      1.575743
   1.617      1.571210
   1.622      1.566600
   1.627      1.561914
   1.632      1.557153
   1.637      1.552318
   1.642      1.547410
   1.646      1.542430
   1.651      1.537379
   1.656      1.532257
   1.661      1.527065
   1.666      1.521805
   1.671      1.516477
   1.676      1.511083
   1.681      1.505623
   1.686      1.500098
   1.691      1.494509
   1.695      1.488857
   1.700      1.483143
   1.705      1.477368
   1.710      1.471533
   1.715      1.465639
   1.720      1.459687
   1.725      1.453678
   1.730      1.447613
   1.735      1.441492
   1.740      1.435317
   1.744      1.429090
   1.749      1.422810
   1.754      1.416479
   1.759      1.410098
   1.764      1.403668
   1.769      1.397189
   1.774      1.390664
   1.779      1.384092
   1.784      1.377475
   1.789      1.370815
   1.793      1.364111
   1.798      1.357365
   1.803      1.350578
   1.808      1.343751
   1.813      1.336885
   1.818      1.329981
   1.823      1.323040
   1.828      1.316063
   1.833      1.309051
   1.838      1.302005
   1.842      1.294926
   1.847      1.287815
   1.852      1.280673
   1.857      1.273502
   1.862      1.266301
   1.867      1.259072
   1.872      1.251817
   1.877      1.244535
   1.882      1.237228
   1.887      1.229898
   1.891      1.222544
   1.896      1.215168
   1.901      1.207771
   1.906      1.200355
   1.911      1.192918
   1.916      1.185464
   1.921      1.177993
   1.926      1.170505
   1.931      1.163002
   1.936      1.155484
   1.940      1.147954
   1.945      1.140410
   1.950      1.132855
   1.955      1.125288
   1.960      1.117712
   1.965      1.110127
   1.970      1.102533
   1.975      1.094933
   1.980      1.087327
   1.985      1.079715
   1.989      1.072099
   1.994      1.064479
   1.999      1.056857
   2.004      1.049233
   2.009      1.041608
   2.014      1.033982
   2.019      1.026358
   2.024      1.018735
   2.029      1.011114
   2.034      1.003497
   2.038      0.995883
   2.043      0.988274
   2.048      0.980671
   2.053      0.973074
   2.058      0.965485
   2.063      0.957903
   2.068      0.950330
   2.073      0.942766
   2.078      0.935212
   2.083      0.927669
   2.087      0.920138
   2.092      0.912619
   2.097      0.905113
   2.102      0.897621
   2.107      0.890143
   2.112      0.882680
   2.117      0.875232
   2.122      0.867802
   2.127      0.860388
   2.132      0.852992
   2.136      0.845614
   2.141      0.838255
   2.146      0.830916
   2.151      0.823597
   2.156      0.816298
   2.161      0.809021
   2.166      0.801766
   2.171      0.794533
   2.176      0.787324
   2.181      0.780138
   2.185      0.772976
   2.190      0.765838
   2.195      0.758726
   2.200      0.751640
   2.205      0.744580
   2.210      0.737547
   2.215      0.730540
   2.220      0.723562
   2.225      0.716611
   2.230      0.709689
   2.234      0.702797
   2.239      0.695933
   2.244      0.689100
   2.249      0.682297
   2.254      0.675524
   2.259      0.668783
   2.264      0.662073
   2.269      0.655395
   2.274      0.648750
   2.279      0.642137
   2.283      0.635557
   2.288      0.629010
   2.293      0.622498
   2.298      0.616019
   2.303      0.609574
   2.308      0.603164
   2.313      0.596789
   2.318      0.590450
   2.323      0.584145
   2.328      0.577877
   2.332      0.571645
   2.337      0.565449
   2.342      0.559289
   2.347      0.553166
   2.352      0.547081
   2.357      0.541032
   2.362      0.535022
   2.367      0.529048
   2.372      0.523113
   2.377      0.517216
   2.381      0.511357
   2.386      0.505536
   2.391      0.499754
   2.396      0.494011
   2.401      0.488307
   2.406      0.482642
   2.411      0.477016
   2.416      0.471429
   2.421      0.465882
   2.426      0.460374
   2.430      0.454906
   2.435      0.449478
   2.440      0.444089
   2.445      0.438741
   2.450      0.433432
   2.455      0.428164
   2.460      0.422936
   2.465      0.417747
   2.470      0.412600
   2.475      0.407492
   2.479      0.402425
   2.484      0.397398
   2.489      0.392411
   2.494      0.387465
   2.499      0.382560
   2.504      0.377694
   2.509      0.372870
   2.514      0.368085
   2.519      0.363341
   2.524      0.358637
   2.528      0.353974
   2.533      0.349351
   2.538      0.344768
   2.543      0.340225
   2.548      0.335723
   2.553      0.331261
   2.558      0.326839
   2.563      0.322456
   2.568      0.318114
   2.573      0.313812
   2.577      0.309549
   2.582      0.305326
   2.587      0.301143
   2.592      0.296999
   2.597      0.292895
   2.602      0.288830
   2.607      0.284804
   2.612      0.280817
   2.617      0.276870
   2.622      0.272961
   2.626      0.269091
   2.631      0.265259
   2.636      0.261466
   2.641      0.257711
   2.646      0.253995
   2.651      0.250317
   2.656      0.246676
   2.661      0.243074
   2.666      0.239508
   2.671      0.235981
   2.675      0.232491
   2.680      0.229037
   2.685      0.225621
   2.690      0.222242
   2.695      0.218899
   2.700      0.215593
   2.705      0.212323
   2.710      0.209089
   2.715      0.205891
   2.720      0.202729
   2.724      0.199602
   2.729      0.196511
   2.734      0.193455
   2.739      0.190433
   2.744      0.187447
   2.749      0.184495
   2.754      0.181577
   2.759      0.178694
   2.764      0.175844
   2.769      0.173029
   2.773      0.170247
   2.778      0.167498
   2.783      0.164782
   2.788      0.162099
   2.793      0.159449
   2.798      0.156831
   2.803      0.154246
   2.808      0.151692
   2.813      0.149170
   2.818      0.146680
   2.822      0.144222
   2.827      0.141794
   2.832      0.139397
   2.837      0.137031
   2.842      0.134695
   2.847      0.132390
   2.852      0.130114
   2.857      0.127868
   2.862      0.125652
   2.867      0.123465
   2.871      0.121307
   2.876      0.119178
   2.881      0.117078
   2.886      0.115005
   2.891      0.112961
   2.896      0.110945
   2.901      0.108956
   2.906      0.106995
   2.911      0.105061
   2.916      0.103154
   2.920      0.101273
   2.925      0.099419
   2.930      0.097591
   2.935      0.095790
   2.940      0.094013
   2.945      0.092263
   2.950      0.090537
   2.955      0.088837
   2.960      0.087161
   2.965      0.085510
   2.969      0.083883
   2.974      0.082281
   2.979      0.080702
   2.984      0.079147
   2.989      0.077615
   2.994      0.076106
   2.999      0.074620
   3.004      0.073157
   3.009      0.071716
   3.014      0.070298
   3.018      0.068901
   3.023      0.067526
   3.028      0.066173
   3.033      0.064841
   3.038      0.063529
   3.043      0.062239
   3.048      0.060970
   3.053      0.059720
   3.058      0.058491
   3.063      0.057282
   3.067      0.056092
   3.072      0.054922
   3.077      0.053771
   3.082      0.052639
   3.087      0.051526
   3.092      0.050432
   3.097      0.049356
   3.102      0.048298
   3.107      0.047258
   3.112      0.046235
   3.116      0.045230
   3.121      0.044243
   3.126      0.043272
   3.131      0.042319
   3.136      0.041382
   3.141      0.040461
   3.146      0.039557
   3.151      0.038668
   3.156      0.037796
   3.161      0.036939
   3.165      0.036098
   3.170      0.035272
   3.175      0.034460
   3.180      0.033664
   3.185      0.032882
   3.190      0.032115
   3.195      0.031362
   3.200      0.030623
   3.205      0.029898
   3.210      0.029186
   3.214      0.028488
   3.219      0.027804
   3.224      0.027132
   3.229      0.026473
   3.234      0.025827
   3.239      0.025194
   3.244      0.024573
   3.249      0.023964
   3.254      0.023367
   3.259      0.022782
   3.263      0.022209
   3.268      0.021647
   3.273      0.021097
   3.278      0.020557
   3.283      0.020029
   3.288      0.019512
   3.293      0.019005
   3.298      0.018509
   3.303      0.018023
   3.308      0.017547
   3.312      0.017081
   3.317      0.016625
   3.322      0.016179
   3.327      0.015742
   3.332      0.015315
   3.337      0.014897
   3.342      0.014488
   3.347      0.014088
   3.352      0.013697
   3.357      0.013314
   3.361      0.012940
   3.366      0.012574
   3.371      0.012217
   3.376      0.011868
   3.381      0.011526
   3.386      0.011193
   3.391      0.010867
   3.396      0.010548
   3.401      0.010237
   3.406      0.009934
   3.410      0.009637
   3.415      0.009348
   3.420      0.009065
   3.425      0.008789
   3.430      0.008520
   3.435      0.008258
   3.440      0.008002
   3.445      0.007752
   3.450      0.007508
   3.455      0.007270
   3.459      0.007039
   3.464      0.006813
   3.469      0.006593
   3.474      0.006378
   3.479      0.006169
   3.484      0.005966
   3.489      0.005768
   3.494      0.005575
   3.499      0.005387
   3.504      0.005204
   3.508      0.005026
   3.513      0.004852
   3.518      0.004684
   3.523      0.004520
   3.528      0.004360
   3.533      0.004205
   3.538      0.004054
   3.543      0.003908
   3.548      0.003765
   3.553      0.003627
   3.557      0.003493
   3.562      0.003362
   3.567      0.003235
   3.572      0.003112
   3.577      0.002993
   3.582      0.002877
   3.587      0.002765
   3.592      0.002656
   3.597      0.002550
   3.602      0.002448
   3.606      0.002349
   3.611      0.002252
   3.616      0.002159
   3.621      0.002069
   3.626      0.001982
   3.631      0.001897
   3.636      0.001816
   3.641      0.001737
   3.646      0.001660
   3.651      0.001586
   3.655      0.001515
   3.660      0.001446
   3.665      0.001379
   3.670      0.001315
   3.675      0.001253
   3.680      0.001193
   3.685      0.001135
   3.690      0.001079
   3.695      0.001026
   3.700      0.000974
   3.704      0.000924
   3.709      0.000876
   3.714      0.000830
   3.719      0.000786
   3.724      0.000743
   3.729      0.000702
   3.734      0.000663
   3.739      0.000625
   3.744      0.000589
   3.749      0.000554
   3.753      0.000521
   3.758      0.000489
   3.763      0.000458
   3.768      0.000429
   3.773      0.000401
   3.778      0.000374
   3.783      0.000349
   3.788      0.000324
   3.793      0.000301
   3.798      0.000279
   3.802      0.000258
   3.807      0.000237
   3.812      0.000218
   3.817      0.000200
   3.822      0.000182
   3.827      0.000166
   3.832      0.000150
   3.837      0.000136
   3.842      0.000121
   3.847      0.000108
   3.851      0.000095
   3.856      0.000084
   3.861      0.000072
   3.866      0.000062
   3.871      0.000051
   3.876      0.000042
   3.881      0.000033
   3.886      0.000024
   3.891      0.000016
   3.896      0.000008
   3.900      0.000000
