   0.000      1.008002
   0.007      1.008002
   0.013      1.008002
   0.020      1.008002
   0.026      1.008002
   0.033      1.008002
   0.039      1.008001
   0.046      1.008001
   0.052      1.008000
   0.059      1.008000
   0.065      1.007999
   0.072      1.007997
   0.078      1.007995
   0.085      1.007992
   0.091      1.007989
   0.098      1.007985
   0.104      1.007980
   0.111      1.007974
   0.117      1.007967
   0.124      1.007959
   0.130      1.007949
   0.137      1.007937
   0.143      1.007924
   0.150      1.007909
   0.156      1.007891
   0.163      1.007871
   0.169      1.007849
   0.176      1.007823
   0.182      1.007795
   0.189      1.007763
   0.195      1.007727
   0.202      1.007688
   0.208      1.007645
   0.215      1.007597
   0.222      1.007544
   0.228      1.007486
   0.235      1.007423
   0.241      1.007354
   0.248      1.007279
   0.254      1.007197
   0.261      1.007109
   0.267      1.007013
   0.274      1.006910
   0.280      1.006799
   0.287      1.006679
   0.293      1.006550
   0.300      1.006411
   0.306      1.006263
   0.313      1.006105
   0.319      1.005935
   0.326      1.005755
   0.332      1.005562
   0.339      1.005357
   0.345      1.005139
   0.352      1.004908
   0.358      1.004663
   0.365      1.004403
   0.371      1.004128
   0.378      1.003838
   0.384      1.003531
   0.391      1.003207
   0.397      1.002866
   0.404      1.002507
   0.410      1.002129
   0.417      1.001732
   0.423      1.001315
   0.430      1.000878
   0.437      1.000419
   0.443      0.999939
   0.450      0.999437
   0.456      0.998912
   0.463      0.998363
   0.469      0.997791
   0.476      0.997193
   0.482      0.996571
   0.489      0.995923
   0.495      0.995248
   0.502      0.994547
   0.508      0.993819
   0.515      0.993062
   0.521      0.992277
   0.528      0.991463
   0.534      0.990620
   0.541      0.989747
   0.547      0.988844
   0.554      0.987910
   0.560      0.986945
   0.567      0.985949
   0.573      0.984921
   0.580      0.983861
   0.586      0.982769
   0.593      0.981644
   0.599      0.980486
   0.606      0.979295
   0.612      0.978071
   0.619      0.976813
   0.625      0.975522
   0.632      0.974197
   0.638      0.972839
   0.645      0.971447
   0.651      0.970021
   0.658      0.968561
   0.665      0.967067
   0.671      0.965540
   0.678      0.963980
   0.684      0.962386
   0.691      0.960758
   0.697      0.959098
   0.704      0.957405
   0.710      0.955679
   0.717      0.953921
   0.723      0.952131
   0.730      0.950309
   0.736      0.948455
   0.743      0.946571
   0.749      0.944656
   0.756      0.942711
   0.762      0.940736
   0.769      0.938731
   0.775      0.936698
   0.782      0.934636
   0.788      0.932546
   0.795      0.930429
   0.801      0.928285
   0.808      0.926114
   0.814      0.923918
   0.821      0.921696
   0.827      0.919449
   0.834      0.917179
   0.840      0.914885
   0.847      0.912568
   0.853      0.910228
   0.860      0.907867
   0.866      0.905484
   0.873      0.903081
   0.880      0.900658
   0.886      0.898216
   0.893      0.895755
   0.899      0.893276
   0.906      0.890779
   0.912      0.888265
   0.919      0.885735
   0.925      0.883190
   0.932      0.880629
   0.938      0.878054
   0.945      0.875465
   0.951      0.872862
   0.958      0.870247
   0.964      0.867620
   0.971      0.864981
   0.977      0.862331
   0.984      0.859671
   0.990      0.857001
   0.997      0.854321
   1.003      0.851633
   1.010      0.848937
   1.016      0.846232
   1.023      0.843521
   1.029      0.840803
   1.036      0.838078
   1.042      0.835348
   1.049      0.832613
   1.055      0.829872
   1.062      0.827128
   1.068      0.824380
   1.075      0.821628
   1.081      0.818874
   1.088      0.816117
   1.095      0.813357
   1.101      0.810597
   1.108      0.807834
   1.114      0.805072
   1.121      0.802308
   1.127      0.799545
   1.134      0.796781
   1.140      0.794019
   1.147      0.791257
   1.153      0.788497
   1.160      0.785738
   1.166      0.782982
   1.173      0.780228
   1.179      0.777476
   1.186      0.774728
   1.192      0.771982
   1.199      0.769241
   1.205      0.766503
   1.212      0.763769
   1.218      0.761039
   1.225      0.758315
   1.231      0.755595
   1.238      0.752880
   1.244      0.750171
   1.251      0.747467
   1.257      0.744769
   1.264      0.742077
   1.270      0.739391
   1.277      0.736712
   1.283      0.734040
   1.290      0.731374
   1.296      0.728716
   1.303      0.726064
   1.310      0.723421
   1.316      0.720784
   1.323      0.718156
   1.329      0.715535
   1.336      0.712922
   1.342      0.710318
   1.349      0.707722
   1.355      0.705134
   1.362      0.702555
   1.368      0.699985
   1.375      0.697424
   1.381      0.694871
   1.388      0.692328
   1.394      0.689794
   1.401      0.687269
   1.407      0.684754
   1.414      0.682248
   1.420      0.679752
   1.427      0.677265
   1.433      0.674788
   1.440      0.672321
   1.446      0.669864
   1.453      0.667417
   1.459      0.664980
   1.466      0.662552
   1.472      0.660136
   1.479      0.657729
   1.485      0.655333
   1.492      0.652946
   1.498      0.650571
   1.505      0.648206
   1.511      0.645851
   1.518      0.643506
   1.525      0.641173
   1.531      0.638849
   1.538      0.636537
   1.544      0.634235
   1.551      0.631943
   1.557      0.629663
   1.564      0.627393
   1.570      0.625134
   1.577      0.622885
   1.583      0.620647
   1.590      0.618420
   1.596      0.616204
   1.603      0.613998
   1.609      0.611803
   1.616      0.609619
   1.622      0.607446
   1.629      0.605283
   1.635      0.603132
   1.642      0.600991
   1.648      0.598860
   1.655      0.596741
   1.661      0.594632
   1.668      0.592534
   1.674      0.590447
   1.681      0.588370
   1.687      0.586304
   1.694      0.584249
   1.700      0.582204
   1.707      0.580170
   1.713      0.578146
   1.720      0.576133
   1.726      0.574131
   1.733      0.572139
   1.740      0.570158
   1.746      0.568187
   1.753      0.566227
   1.759      0.564277
   1.766      0.562337
   1.772      0.560408
   1.779      0.558489
   1.785      0.556581
   1.792      0.554682
   1.798      0.552794
   1.805      0.550916
   1.811      0.549049
   1.818      0.547191
   1.824      0.545344
   1.831      0.543506
   1.837      0.541679
   1.844      0.539862
   1.850      0.538054
   1.857      0.536256
   1.863      0.534469
   1.870      0.532691
   1.876      0.530923
   1.883      0.529164
   1.889      0.527416
   1.896      0.525677
   1.902      0.523947
   1.909      0.522227
   1.915      0.520517
   1.922      0.518816
   1.928      0.517125
   1.935      0.515442
   1.941      0.513770
   1.948      0.512106
   1.954      0.510452
   1.961      0.508807
   1.968      0.507171
   1.974      0.505545
   1.981      0.503927
   1.987      0.502319
   1.994      0.500719
   2.000      0.499128
   2.007      0.497546
   2.013      0.495973
   2.020      0.494409
   2.026      0.492854
   2.033      0.491307
   2.039      0.489769
   2.046      0.488239
   2.052      0.486718
   2.059      0.485206
   2.065      0.483702
   2.072      0.482206
   2.078      0.480719
   2.085      0.479240
   2.091      0.477769
   2.098      0.476307
   2.104      0.474853
   2.111      0.473406
   2.117      0.471968
   2.124      0.470538
   2.130      0.469116
   2.137      0.467702
   2.143      0.466295
   2.150      0.464897
   2.156      0.463506
   2.163      0.462123
   2.169      0.460748
   2.176      0.459380
   2.183      0.458020
   2.189      0.456667
   2.196      0.455322
   2.202      0.453985
   2.209      0.452654
   2.215      0.451332
   2.222      0.450016
   2.228      0.448708
   2.235      0.447407
   2.241      0.446113
   2.248      0.444826
   2.254      0.443546
   2.261      0.442274
   2.267      0.441008
   2.274      0.439749
   2.280      0.438497
   2.287      0.437252
   2.293      0.436014
   2.300      0.434783
   2.306      0.433558
   2.313      0.432340
   2.319      0.431128
   2.326      0.429923
   2.332      0.428725
   2.339      0.427533
   2.345      0.426348
   2.352      0.425169
   2.358      0.423996
   2.365      0.422829
   2.371      0.421669
   2.378      0.420515
   2.384      0.419368
   2.391      0.418226
   2.398      0.417091
   2.404      0.415961
   2.411      0.414838
   2.417      0.413721
   2.424      0.412609
   2.430      0.411503
   2.437      0.410404
   2.443      0.409310
   2.450      0.408221
   2.456      0.407139
   2.463      0.406062
   2.469      0.404991
   2.476      0.403926
   2.482      0.402866
   2.489      0.401811
   2.495      0.400762
   2.502      0.399719
   2.508      0.398680
   2.515      0.397648
   2.521      0.396620
   2.528      0.395598
   2.534      0.394581
   2.541      0.393569
   2.547      0.392563
   2.554      0.391561
   2.560      0.390565
   2.567      0.389574
   2.573      0.388587
   2.580      0.387606
   2.586      0.386630
   2.593      0.385658
