   0.000      1.208903
   0.007      1.208902
   0.013      1.208898
   0.020      1.208891
   0.026      1.208881
   0.033      1.208868
   0.039      1.208852
   0.046      1.208834
   0.052      1.208812
   0.059      1.208787
   0.065      1.208759
   0.072      1.208728
   0.078      1.208693
   0.085      1.208655
   0.091      1.208613
   0.098      1.208568
   0.104      1.208518
   0.111      1.208465
   0.117      1.208408
   0.124      1.208346
   0.130      1.208279
   0.137      1.208208
   0.143      1.208131
   0.150      1.208050
   0.156      1.207962
   0.163      1.207869
   0.169      1.207770
   0.176      1.207664
   0.182      1.207552
   0.189      1.207432
   0.195      1.207305
   0.202      1.207170
   0.208      1.207027
   0.215      1.206874
   0.222      1.206713
   0.228      1.206541
   0.235      1.206360
   0.241      1.206167
   0.248      1.205963
   0.254      1.205746
   0.261      1.205517
   0.267      1.205275
   0.274      1.205018
   0.280      1.204746
   0.287      1.204459
   0.293      1.204155
   0.300      1.203834
   0.306      1.203494
   0.313      1.203135
   0.319      1.202756
   0.326      1.202356
   0.332      1.201934
   0.339      1.201488
   0.345      1.201019
   0.352      1.200523
   0.358      1.200002
   0.365      1.199452
   0.371      1.198874
   0.378      1.198265
   0.384      1.197625
   0.391      1.196952
   0.397      1.196246
   0.404      1.195504
   0.410      1.194725
   0.417      1.193909
   0.423      1.193053
   0.430      1.192157
   0.437      1.191219
   0.443      1.190238
   0.450      1.189212
   0.456      1.188140
   0.463      1.187022
   0.469      1.185855
   0.476      1.184639
   0.482      1.183372
   0.489      1.182053
   0.495      1.180682
   0.502      1.179256
   0.508      1.177776
   0.515      1.176240
   0.521      1.174647
   0.528      1.172997
   0.534      1.171289
   0.541      1.169522
   0.547      1.167696
   0.554      1.165810
   0.560      1.163863
   0.567      1.161856
   0.573      1.159788
   0.580      1.157659
   0.586      1.155469
   0.593      1.153218
   0.599      1.150906
   0.606      1.148533
   0.612      1.146099
   0.619      1.143605
   0.625      1.141052
   0.632      1.138439
   0.638      1.135767
   0.645      1.133038
   0.651      1.130251
   0.658      1.127407
   0.665      1.124508
   0.671      1.121554
   0.678      1.118547
   0.684      1.115487
   0.691      1.112375
   0.697      1.109213
   0.704      1.106001
   0.710      1.102741
   0.717      1.099435
   0.723      1.096083
   0.730      1.092687
   0.736      1.089248
   0.743      1.085767
   0.749      1.082247
   0.756      1.078688
   0.762      1.075091
   0.769      1.071459
   0.775      1.067792
   0.782      1.064092
   0.788      1.060361
   0.795      1.056599
   0.801      1.052809
   0.808      1.048992
   0.814      1.045148
   0.821      1.041280
   0.827      1.037389
   0.834      1.033477
   0.840      1.029544
   0.847      1.025592
   0.853      1.021622
   0.860      1.017635
   0.866      1.013634
   0.873      1.009619
   0.880      1.005591
   0.886      1.001551
   0.893      0.997502
   0.899      0.993443
   0.906      0.989376
   0.912      0.985303
   0.919      0.981223
   0.925      0.977139
   0.932      0.973052
   0.938      0.968961
   0.945      0.964869
   0.951      0.960776
   0.958      0.956684
   0.964      0.952592
   0.971      0.948503
   0.977      0.944416
   0.984      0.940333
   0.990      0.936255
   0.997      0.932181
   1.003      0.928114
   1.010      0.924054
   1.016      0.920000
   1.023      0.915955
   1.029      0.911919
   1.036      0.907892
   1.042      0.903875
   1.049      0.899868
   1.055      0.895873
   1.062      0.891889
   1.068      0.887918
   1.075      0.883959
   1.081      0.880013
   1.088      0.876081
   1.095      0.872163
   1.101      0.868259
   1.108      0.864370
   1.114      0.860497
   1.121      0.856639
   1.127      0.852797
   1.134      0.848971
   1.140      0.845162
   1.147      0.841370
   1.153      0.837594
   1.160      0.833837
   1.166      0.830097
   1.173      0.826375
   1.179      0.822671
   1.186      0.818985
   1.192      0.815318
   1.199      0.811670
   1.205      0.808041
   1.212      0.804430
   1.218      0.800839
   1.225      0.797267
   1.231      0.793715
   1.238      0.790182
   1.244      0.786669
   1.251      0.783176
   1.257      0.779702
   1.264      0.776249
   1.270      0.772815
   1.277      0.769402
   1.283      0.766009
   1.290      0.762636
   1.296      0.759283
   1.303      0.755950
   1.310      0.752637
   1.316      0.749345
   1.323      0.746073
   1.329      0.742822
   1.336      0.739590
   1.342      0.736379
   1.349      0.733188
   1.355      0.730017
   1.362      0.726866
   1.368      0.723736
   1.375      0.720625
   1.381      0.717535
   1.388      0.714464
   1.394      0.711414
   1.401      0.708383
   1.407      0.705373
   1.414      0.702382
   1.420      0.699410
   1.427      0.696459
   1.433      0.693527
   1.440      0.690614
   1.446      0.687721
   1.453      0.684847
   1.459      0.681992
   1.466      0.679157
   1.472      0.676341
   1.479      0.673543
   1.485      0.670764
   1.492      0.668005
   1.498      0.665264
   1.505      0.662541
   1.511      0.659837
   1.518      0.657151
   1.525      0.654484
   1.531      0.651835
   1.538      0.649203
   1.544      0.646590
   1.551      0.643995
   1.557      0.641417
   1.564      0.638857
   1.570      0.636315
   1.577      0.633789
   1.583      0.631282
   1.590      0.628791
   1.596      0.626317
   1.603      0.623861
   1.609      0.621421
   1.616      0.618998
   1.622      0.616591
   1.629      0.614201
   1.635      0.611828
   1.642      0.609470
   1.648      0.607129
   1.655      0.604804
   1.661      0.602494
   1.668      0.600201
   1.674      0.597923
   1.681      0.595660
   1.687      0.593413
   1.694      0.591182
   1.700      0.588965
   1.707      0.586764
   1.713      0.584578
   1.720      0.582406
   1.726      0.580249
   1.733      0.578107
   1.740      0.575980
   1.746      0.573866
   1.753      0.571767
   1.759      0.569683
   1.766      0.567612
   1.772      0.565555
   1.779      0.563512
   1.785      0.561483
   1.792      0.559467
   1.798      0.557465
   1.805      0.555476
   1.811      0.553501
   1.818      0.551539
   1.824      0.549590
   1.831      0.547653
   1.837      0.545730
   1.844      0.543819
   1.850      0.541922
   1.857      0.540036
   1.863      0.538163
   1.870      0.536302
   1.876      0.534454
   1.883      0.532618
   1.889      0.530794
   1.896      0.528981
   1.902      0.527181
   1.909      0.525392
   1.915      0.523615
   1.922      0.521849
   1.928      0.520095
   1.935      0.518352
   1.941      0.516621
   1.948      0.514900
   1.954      0.513191
   1.961      0.511493
   1.968      0.509805
   1.974      0.508128
   1.981      0.506462
   1.987      0.504807
   1.994      0.503162
   2.000      0.501528
   2.007      0.499903
   2.013      0.498290
   2.020      0.496686
   2.026      0.495092
   2.033      0.493508
   2.039      0.491935
   2.046      0.490371
   2.052      0.488816
   2.059      0.487272
   2.065      0.485737
   2.072      0.484211
   2.078      0.482695
   2.085      0.481189
   2.091      0.479691
   2.098      0.478203
   2.104      0.476723
   2.111      0.475253
   2.117      0.473792
   2.124      0.472340
   2.130      0.470896
   2.137      0.469461
   2.143      0.468035
   2.150      0.466617
   2.156      0.465208
   2.163      0.463807
   2.169      0.462415
   2.176      0.461031
   2.183      0.459655
   2.189      0.458287
   2.196      0.456927
   2.202      0.455576
   2.209      0.454232
   2.215      0.452896
   2.222      0.451568
   2.228      0.450248
   2.235      0.448935
   2.241      0.447630
   2.248      0.446333
   2.254      0.445043
   2.261      0.443761
   2.267      0.442485
   2.274      0.441218
   2.280      0.439957
   2.287      0.438704
   2.293      0.437457
   2.300      0.436218
   2.306      0.434986
   2.313      0.433760
   2.319      0.432542
   2.326      0.431330
   2.332      0.430126
   2.339      0.428927
   2.345      0.427736
   2.352      0.426551
   2.358      0.425373
   2.365      0.424201
   2.371      0.423036
   2.378      0.421877
   2.384      0.420724
   2.391      0.419578
   2.398      0.418437
   2.404      0.417303
   2.411      0.416176
   2.417      0.415054
   2.424      0.413938
   2.430      0.412828
   2.437      0.411724
   2.443      0.410627
   2.450      0.409534
   2.456      0.408448
   2.463      0.407368
   2.469      0.406293
   2.476      0.405224
   2.482      0.404160
   2.489      0.403102
   2.495      0.402049
   2.502      0.401002
   2.508      0.399961
   2.515      0.398925
   2.521      0.397894
   2.528      0.396868
   2.534      0.395848
   2.541      0.394833
   2.547      0.393823
   2.554      0.392819
   2.560      0.391819
   2.567      0.390825
   2.573      0.389835
   2.580      0.388851
   2.586      0.387871
   2.593      0.386897
