   0.000      1.274778
   0.007      1.274778
   0.013      1.274778
   0.020      1.274778
   0.026      1.274777
   0.033      1.274775
   0.039      1.274772
   0.046      1.274766
   0.052      1.274758
   0.059      1.274746
   0.065      1.274730
   0.072      1.274707
   0.078      1.274678
   0.085      1.274641
   0.091      1.274594
   0.098      1.274535
   0.104      1.274465
   0.111      1.274380
   0.117      1.274278
   0.124      1.274159
   0.130      1.274021
   0.137      1.273860
   0.143      1.273676
   0.150      1.273466
   0.156      1.273228
   0.163      1.272959
   0.169      1.272658
   0.176      1.272323
   0.182      1.271950
   0.189      1.271538
   0.195      1.271084
   0.202      1.270586
   0.208      1.270041
   0.215      1.269447
   0.222      1.268803
   0.228      1.268104
   0.235      1.267350
   0.241      1.266537
   0.248      1.265664
   0.254      1.264729
   0.261      1.263728
   0.267      1.262661
   0.274      1.261525
   0.280      1.260318
   0.287      1.259038
   0.293      1.257684
   0.300      1.256254
   0.306      1.254746
   0.313      1.253159
   0.319      1.251492
   0.326      1.249743
   0.332      1.247911
   0.339      1.245995
   0.345      1.243995
   0.352      1.241909
   0.358      1.239737
   0.365      1.237478
   0.371      1.235133
   0.378      1.232701
   0.384      1.230181
   0.391      1.227575
   0.397      1.224881
   0.404      1.222101
   0.410      1.219235
   0.417      1.216283
   0.423      1.213247
   0.430      1.210126
   0.437      1.206923
   0.443      1.203637
   0.450      1.200271
   0.456      1.196824
   0.463      1.193300
   0.469      1.189699
   0.476      1.186023
   0.482      1.182273
   0.489      1.178452
   0.495      1.174560
   0.502      1.170601
   0.508      1.166575
   0.515      1.162484
   0.521      1.158332
   0.528      1.154119
   0.534      1.149848
   0.541      1.145521
   0.547      1.141141
   0.554      1.136709
   0.560      1.132228
   0.567      1.127700
   0.573      1.123127
   0.580      1.118511
   0.586      1.113856
   0.593      1.109162
   0.599      1.104433
   0.606      1.099671
   0.612      1.094877
   0.619      1.090055
   0.625      1.085207
   0.632      1.080335
   0.638      1.075441
   0.645      1.070527
   0.651      1.065596
   0.658      1.060650
   0.665      1.055691
   0.671      1.050721
   0.678      1.045743
   0.684      1.040759
   0.691      1.035770
   0.697      1.030779
   0.704      1.025789
   0.710      1.020800
   0.717      1.015816
   0.723      1.010838
   0.730      1.005868
   0.736      1.000908
   0.743      0.995960
   0.749      0.991025
   0.756      0.986107
   0.762      0.981206
   0.769      0.976324
   0.775      0.971463
   0.782      0.966624
   0.788      0.961809
   0.795      0.957021
   0.801      0.952259
   0.808      0.947526
   0.814      0.942823
   0.821      0.938151
   0.827      0.933512
   0.834      0.928906
   0.840      0.924336
   0.847      0.919801
   0.853      0.915303
   0.860      0.910844
   0.866      0.906423
   0.873      0.902042
   0.880      0.897701
   0.886      0.893401
   0.893      0.889143
   0.899      0.884928
   0.906      0.880755
   0.912      0.876625
   0.919      0.872539
   0.925      0.868497
   0.932      0.864498
   0.938      0.860544
   0.945      0.856635
   0.951      0.852770
   0.958      0.848950
   0.964      0.845174
   0.971      0.841442
   0.977      0.837755
   0.984      0.834112
   0.990      0.830512
   0.997      0.826956
   1.003      0.823444
   1.010      0.819974
   1.016      0.816547
   1.023      0.813162
   1.029      0.809818
   1.036      0.806516
   1.042      0.803254
   1.049      0.800032
   1.055      0.796850
   1.062      0.793707
   1.068      0.790602
   1.075      0.787534
   1.081      0.784503
   1.088      0.781509
   1.095      0.778550
   1.101      0.775627
   1.108      0.772737
   1.114      0.769881
   1.121      0.767057
   1.127      0.764266
   1.134      0.761506
   1.140      0.758776
   1.147      0.756076
   1.153      0.753405
   1.160      0.750763
   1.166      0.748148
   1.173      0.745560
   1.179      0.742997
   1.186      0.740461
   1.192      0.737948
   1.199      0.735460
   1.205      0.732995
   1.212      0.730552
   1.218      0.728131
   1.225      0.725731
   1.231      0.723351
   1.238      0.720992
   1.244      0.718651
   1.251      0.716328
   1.257      0.714024
   1.264      0.711737
   1.270      0.709466
   1.277      0.707211
   1.283      0.704972
   1.290      0.702747
   1.296      0.700537
   1.303      0.698340
   1.310      0.696157
   1.316      0.693986
   1.323      0.691828
   1.329      0.689681
   1.336      0.687546
   1.342      0.685422
   1.349      0.683308
   1.355      0.681203
   1.362      0.679109
   1.368      0.677024
   1.375      0.674947
   1.381      0.672879
   1.388      0.670819
   1.394      0.668767
   1.401      0.666723
   1.407      0.664685
   1.414      0.662655
   1.420      0.660631
   1.427      0.658614
   1.433      0.656602
   1.440      0.654597
   1.446      0.652597
   1.453      0.650603
   1.459      0.648614
   1.466      0.646630
   1.472      0.644651
   1.479      0.642676
   1.485      0.640707
   1.492      0.638742
   1.498      0.636781
   1.505      0.634824
   1.511      0.632872
   1.518      0.630923
   1.525      0.628979
   1.531      0.627038
   1.538      0.625101
   1.544      0.623168
   1.551      0.621239
   1.557      0.619313
   1.564      0.617391
   1.570      0.615473
   1.577      0.613558
   1.583      0.611647
   1.590      0.609739
   1.596      0.607835
   1.603      0.605934
   1.609      0.604037
   1.616      0.602144
   1.622      0.600254
   1.629      0.598368
   1.635      0.596485
   1.642      0.594607
   1.648      0.592732
   1.655      0.590861
   1.661      0.588993
   1.668      0.587130
   1.674      0.585271
   1.681      0.583415
   1.687      0.581564
   1.694      0.579717
   1.700      0.577874
   1.707      0.576036
   1.713      0.574202
   1.720      0.572372
   1.726      0.570547
   1.733      0.568726
   1.740      0.566910
   1.746      0.565099
   1.753      0.563293
   1.759      0.561492
   1.766      0.559695
   1.772      0.557904
   1.779      0.556118
   1.785      0.554337
   1.792      0.552561
   1.798      0.550791
   1.805      0.549026
   1.811      0.547267
   1.818      0.545513
   1.824      0.543766
   1.831      0.542024
   1.837      0.540287
   1.844      0.538557
   1.850      0.536833
   1.857      0.535115
   1.863      0.533403
   1.870      0.531697
   1.876      0.529998
   1.883      0.528305
   1.889      0.526618
   1.896      0.524938
   1.902      0.523264
   1.909      0.521598
   1.915      0.519937
   1.922      0.518284
   1.928      0.516637
   1.935      0.514997
   1.941      0.513364
   1.948      0.511738
   1.954      0.510119
   1.961      0.508507
   1.968      0.506902
   1.974      0.505305
   1.981      0.503714
   1.987      0.502131
   1.994      0.500554
   2.000      0.498986
   2.007      0.497424
   2.013      0.495870
   2.020      0.494323
   2.026      0.492783
   2.033      0.491251
   2.039      0.489726
   2.046      0.488209
   2.052      0.486699
   2.059      0.485196
   2.065      0.483702
   2.072      0.482214
   2.078      0.480734
   2.085      0.479262
   2.091      0.477797
   2.098      0.476339
   2.104      0.474889
   2.111      0.473447
   2.117      0.472012
   2.124      0.470584
   2.130      0.469164
   2.137      0.467751
   2.143      0.466346
   2.150      0.464949
   2.156      0.463558
   2.163      0.462175
   2.169      0.460800
   2.176      0.459432
   2.183      0.458071
   2.189      0.456718
   2.196      0.455372
   2.202      0.454033
   2.209      0.452702
   2.215      0.451377
   2.222      0.450060
   2.228      0.448750
   2.235      0.447448
   2.241      0.446152
   2.248      0.444863
   2.254      0.443582
   2.261      0.442307
   2.267      0.441040
   2.274      0.439779
   2.280      0.438526
   2.287      0.437279
   2.293      0.436039
   2.300      0.434806
   2.306      0.433580
   2.313      0.432360
   2.319      0.431147
   2.326      0.429941
   2.332      0.428741
   2.339      0.427548
   2.345      0.426361
   2.352      0.425181
   2.358      0.424007
   2.365      0.422840
   2.371      0.421678
   2.378      0.420524
   2.384      0.419375
   2.391      0.418233
   2.398      0.417096
   2.404      0.415966
   2.411      0.414842
   2.417      0.413724
   2.424      0.412612
   2.430      0.411506
   2.437      0.410406
   2.443      0.409312
   2.450      0.408223
   2.456      0.407140
   2.463      0.406063
   2.469      0.404992
   2.476      0.403926
   2.482      0.402866
   2.489      0.401812
   2.495      0.400762
   2.502      0.399719
   2.508      0.398681
   2.515      0.397648
   2.521      0.396620
   2.528      0.395598
   2.534      0.394581
   2.541      0.393569
   2.547      0.392563
   2.554      0.391561
   2.560      0.390565
   2.567      0.389574
   2.573      0.388587
   2.580      0.387606
   2.586      0.386630
   2.593      0.385658
