   0.005     -0.001745
   0.010     -0.020055
   0.015     -0.038364
   0.020     -0.057296
   0.025     -0.076309
   0.029     -0.095341
   0.034     -0.114375
   0.039     -0.133406
   0.044     -0.152431
   0.049     -0.171446
   0.054     -0.190450
   0.059     -0.209441
   0.064     -0.228418
   0.069     -0.247379
   0.074     -0.266324
   0.078     -0.285249
   0.083     -0.304155
   0.088     -0.323040
   0.093     -0.341902
   0.098     -0.360740
   0.103     -0.379552
   0.108     -0.398338
   0.113     -0.417096
   0.118     -0.435824
   0.123     -0.454521
   0.127     -0.473186
   0.132     -0.491817
   0.137     -0.510413
   0.142     -0.528973
   0.147     -0.547494
   0.152     -0.565976
   0.157     -0.584416
   0.162     -0.602815
   0.167     -0.621169
   0.172     -0.639479
   0.176     -0.657741
   0.181     -0.675955
   0.186     -0.694119
   0.191     -0.712231
   0.196     -0.730291
   0.201     -0.748296
   0.206     -0.766244
   0.211     -0.784136
   0.216     -0.801967
   0.221     -0.819738
   0.225     -0.837447
   0.230     -0.855091
   0.235     -0.872670
   0.240     -0.890182
   0.245     -0.907624
   0.250     -0.924996
   0.255     -0.942295
   0.260     -0.959520
   0.265     -0.976670
   0.270     -0.993742
   0.274     -1.010735
   0.279     -1.027648
   0.284     -1.044478
   0.289     -1.061223
   0.294     -1.077883
   0.299     -1.094455
   0.304     -1.110937
   0.309     -1.127329
   0.314     -1.143627
   0.319     -1.159831
   0.323     -1.175938
   0.328     -1.191947
   0.333     -1.207856
   0.338     -1.223663
   0.343     -1.239367
   0.348     -1.254965
   0.353     -1.270457
   0.358     -1.285839
   0.363     -1.301111
   0.368     -1.316271
   0.372     -1.331317
   0.377     -1.346246
   0.382     -1.361059
   0.387     -1.375751
   0.392     -1.390323
   0.397     -1.404772
   0.402     -1.419097
   0.407     -1.433295
   0.412     -1.447365
   0.417     -1.461306
   0.421     -1.475115
   0.426     -1.488792
   0.431     -1.502334
   0.436     -1.515739
   0.441     -1.529007
   0.446     -1.542136
   0.451     -1.555123
   0.456     -1.567968
   0.461     -1.580668
   0.466     -1.593223
   0.470     -1.605631
   0.475     -1.617890
   0.480     -1.629999
   0.485     -1.641956
   0.490     -1.653760
   0.495     -1.665410
   0.500     -1.676904
   0.505     -1.688241
   0.510     -1.699420
   0.515     -1.710438
   0.519     -1.721296
   0.524     -1.731992
   0.529     -1.742524
   0.534     -1.752891
   0.539     -1.763093
   0.544     -1.773127
   0.549     -1.782994
   0.554     -1.792692
   0.559     -1.802220
   0.564     -1.811577
   0.568     -1.820763
   0.573     -1.829775
   0.578     -1.838614
   0.583     -1.847279
   0.588     -1.855768
   0.593     -1.864081
   0.598     -1.872218
   0.603     -1.880178
   0.608     -1.887959
   0.613     -1.895562
   0.617     -1.902987
   0.622     -1.910231
   0.627     -1.917296
   0.632     -1.924181
   0.637     -1.930885
   0.642     -1.937408
   0.647     -1.943750
   0.652     -1.949910
   0.657     -1.955889
   0.662     -1.961687
   0.666     -1.967302
   0.671     -1.972736
   0.676     -1.977988
   0.681     -1.983058
   0.686     -1.987947
   0.691     -1.992654
   0.696     -1.997180
   0.701     -2.001525
   0.706     -2.005690
   0.711     -2.009674
   0.715     -2.013479
   0.720     -2.017104
   0.725     -2.020550
   0.730     -2.023818
   0.735     -2.026908
   0.740     -2.029821
   0.745     -2.032558
   0.750     -2.035119
   0.755     -2.037505
   0.760     -2.039717
   0.764     -2.041755
   0.769     -2.043621
   0.774     -2.045316
   0.779     -2.046840
   0.784     -2.048195
   0.789     -2.049382
   0.794     -2.050401
   0.799     -2.051254
   0.804     -2.051943
   0.809     -2.052467
   0.813     -2.052829
   0.818     -2.053030
   0.823     -2.053072
   0.828     -2.052954
   0.833     -2.052680
   0.838     -2.052249
   0.843     -2.051665
   0.848     -2.050927
   0.853     -2.050039
   0.858     -2.049000
   0.862     -2.047813
   0.867     -2.046480
   0.872     -2.045001
   0.877     -2.043378
   0.882     -2.041614
   0.887     -2.039709
   0.892     -2.037666
   0.897     -2.035485
   0.902     -2.033169
   0.907     -2.030719
   0.911     -2.028137
   0.916     -2.025424
   0.921     -2.022583
   0.926     -2.019615
   0.931     -2.016521
   0.936     -2.013304
   0.941     -2.009965
   0.946     -2.006505
   0.951     -2.002927
   0.956     -1.999231
   0.960     -1.995421
   0.965     -1.991496
   0.970     -1.987460
   0.975     -1.983313
   0.980     -1.979058
   0.985     -1.974695
   0.990     -1.970226
   0.995     -1.965654
   1.000     -1.960979
   1.005     -1.956203
   1.009     -1.951328
   1.014     -1.946354
   1.019     -1.941284
   1.024     -1.936119
   1.029     -1.930861
   1.034     -1.925510
   1.039     -1.920068
   1.044     -1.914536
   1.049     -1.908917
   1.054     -1.903210
   1.058     -1.897417
   1.063     -1.891541
   1.068     -1.885580
   1.073     -1.879538
   1.078     -1.873414
   1.083     -1.867211
   1.088     -1.860928
   1.093     -1.854568
   1.098     -1.848131
   1.103     -1.841619
   1.107     -1.835031
   1.112     -1.828369
   1.117     -1.821634
   1.122     -1.814827
   1.127     -1.807949
   1.132     -1.800999
   1.137     -1.793980
   1.142     -1.786892
   1.147     -1.779735
   1.152     -1.772511
   1.156     -1.765219
   1.161     -1.757861
   1.166     -1.750437
   1.171     -1.742948
   1.176     -1.735394
   1.181     -1.727776
   1.186     -1.720094
   1.191     -1.712349
   1.196     -1.704541
   1.201     -1.696671
   1.205     -1.688739
   1.210     -1.680745
   1.215     -1.672690
   1.220     -1.664575
   1.225     -1.656399
   1.230     -1.648164
   1.235     -1.639869
   1.240     -1.631514
   1.245     -1.623101
   1.250     -1.614629
   1.254     -1.606098
   1.259     -1.597510
   1.264     -1.588864
   1.269     -1.580161
   1.274     -1.571401
   1.279     -1.562584
   1.284     -1.553711
   1.289     -1.544782
   1.294     -1.535797
   1.299     -1.526757
   1.303     -1.517661
   1.308     -1.508511
   1.313     -1.499306
   1.318     -1.490048
   1.323     -1.480736
   1.328     -1.471370
   1.333     -1.461951
   1.338     -1.452480
   1.343     -1.442957
   1.348     -1.433383
   1.352     -1.423757
   1.357     -1.414080
   1.362     -1.404353
   1.367     -1.394577
   1.372     -1.384751
   1.377     -1.374876
   1.382     -1.364954
   1.387     -1.354984
   1.392     -1.344967
   1.397     -1.334904
   1.401     -1.324795
   1.406     -1.314641
   1.411     -1.304443
   1.416     -1.294201
   1.421     -1.283916
   1.426     -1.273590
   1.431     -1.263222
   1.436     -1.252813
   1.441     -1.242365
   1.446     -1.231878
   1.450     -1.221353
   1.455     -1.210791
   1.460     -1.200193
   1.465     -1.189560
   1.470     -1.178892
   1.475     -1.168191
   1.480     -1.157457
   1.485     -1.146693
   1.490     -1.135897
   1.495     -1.125073
   1.499     -1.114220
   1.504     -1.103341
   1.509     -1.092435
   1.514     -1.081504
   1.519     -1.070550
   1.524     -1.059572
   1.529     -1.048574
   1.534     -1.037555
   1.539     -1.026516
   1.544     -1.015460
   1.548     -1.004387
   1.553     -0.993298
   1.558     -0.982195
   1.563     -0.971079
   1.568     -0.959951
   1.573     -0.948813
   1.578     -0.937664
   1.583     -0.926508
   1.588     -0.915345
   1.593     -0.904176
   1.597     -0.893003
   1.602     -0.881826
   1.607     -0.870648
   1.612     -0.859469
   1.617     -0.848290
   1.622     -0.837114
   1.627     -0.825940
   1.632     -0.814771
   1.637     -0.803608
   1.642     -0.792451
   1.646     -0.781303
   1.651     -0.770164
   1.656     -0.759035
   1.661     -0.747918
   1.666     -0.736814
   1.671     -0.725724
   1.676     -0.714649
   1.681     -0.703591
   1.686     -0.692551
   1.691     -0.681529
   1.695     -0.670527
   1.700     -0.659546
   1.705     -0.648588
   1.710     -0.637652
   1.715     -0.626741
   1.720     -0.615856
   1.725     -0.604997
   1.730     -0.594165
   1.735     -0.583362
   1.740     -0.572588
   1.744     -0.561845
   1.749     -0.551134
   1.754     -0.540454
   1.759     -0.529809
   1.764     -0.519197
   1.769     -0.508621
   1.774     -0.498081
   1.779     -0.487578
   1.784     -0.477113
   1.789     -0.466686
   1.793     -0.456299
   1.798     -0.445952
   1.803     -0.435646
   1.808     -0.425382
   1.813     -0.415161
   1.818     -0.404983
   1.823     -0.394849
   1.828     -0.384760
   1.833     -0.374716
   1.838     -0.364718
   1.842     -0.354767
   1.847     -0.344863
   1.852     -0.335007
   1.857     -0.325200
   1.862     -0.315442
   1.867     -0.305733
   1.872     -0.296075
   1.877     -0.286467
   1.882     -0.276910
   1.887     -0.267405
   1.891     -0.257952
   1.896     -0.248552
   1.901     -0.239205
   1.906     -0.229911
   1.911     -0.220672
   1.916     -0.211486
   1.921     -0.202355
   1.926     -0.193279
   1.931     -0.184259
   1.936     -0.175294
   1.940     -0.166385
   1.945     -0.157533
   1.950     -0.148737
   1.955     -0.139998
   1.960     -0.131316
   1.965     -0.122691
   1.970     -0.114124
   1.975     -0.105616
   1.980     -0.097165
   1.985     -0.088772
   1.989     -0.080438
   1.994     -0.072163
   1.999     -0.063946
   2.004     -0.055789
   2.009     -0.047691
   2.014     -0.039652
   2.019     -0.031672
   2.024     -0.023752
   2.029     -0.015891
   2.034     -0.008091
   2.038     -0.000350
   2.043      0.007331
   2.048      0.014952
   2.053      0.022513
   2.058      0.030014
   2.063      0.037454
   2.068      0.044835
   2.073      0.052155
   2.078      0.059415
   2.083      0.066615
   2.087      0.073754
   2.092      0.080833
   2.097      0.087852
   2.102      0.094811
   2.107      0.101710
   2.112      0.108548
   2.117      0.115326
   2.122      0.122045
   2.127      0.128703
   2.132      0.135301
   2.136      0.141839
   2.141      0.148317
   2.146      0.154736
   2.151      0.161095
   2.156      0.167394
   2.161      0.173634
   2.166      0.179814
   2.171      0.185935
   2.176      0.191997
   2.181      0.197999
   2.185      0.203943
   2.190      0.209828
   2.195      0.215653
   2.200      0.221421
   2.205      0.227129
   2.210      0.232780
   2.215      0.238372
   2.220      0.243906
   2.225      0.249382
   2.230      0.254800
   2.234      0.260160
   2.239      0.265464
   2.244      0.270709
   2.249      0.275898
   2.254      0.281029
   2.259      0.286104
   2.264      0.291122
   2.269      0.296084
   2.274      0.300989
   2.279      0.305838
   2.283      0.310631
   2.288      0.315369
   2.293      0.320051
   2.298      0.324677
   2.303      0.329249
   2.308      0.333765
   2.313      0.338227
   2.318      0.342634
   2.323      0.346987
   2.328      0.351286
   2.332      0.355530
   2.337      0.359721
   2.342      0.363859
   2.347      0.367943
   2.352      0.371974
   2.357      0.375953
   2.362      0.379878
   2.367      0.383752
   2.372      0.387573
   2.377      0.391342
   2.381      0.395059
   2.386      0.398725
   2.391      0.402340
   2.396      0.405903
   2.401      0.409416
   2.406      0.412878
   2.411      0.416290
   2.416      0.419652
   2.421      0.422964
   2.426      0.426226
   2.430      0.429440
   2.435      0.432603
   2.440      0.435718
   2.445      0.438785
   2.450      0.441803
   2.455      0.444773
   2.460      0.447695
   2.465      0.450569
   2.470      0.453396
   2.475      0.456176
   2.479      0.458909
   2.484      0.461596
   2.489      0.464236
   2.494      0.466829
   2.499      0.469377
   2.504      0.471880
   2.509      0.474337
   2.514      0.476749
   2.519      0.479116
   2.524      0.481438
   2.528      0.483716
   2.533      0.485950
   2.538      0.488140
   2.543      0.490286
   2.548      0.492389
   2.553      0.494450
   2.558      0.496467
   2.563      0.498442
   2.568      0.500374
   2.573      0.502264
   2.577      0.504113
   2.582      0.505920
   2.587      0.507686
   2.592      0.509411
   2.597      0.511095
   2.602      0.512739
   2.607      0.514342
   2.612      0.515906
   2.617      0.517429
   2.622      0.518914
   2.626      0.520359
   2.631      0.521765
   2.636      0.523133
   2.641      0.524462
   2.646      0.525753
   2.651      0.527006
   2.656      0.528221
   2.661      0.529399
   2.666      0.530540
   2.671      0.531645
   2.675      0.532712
   2.680      0.533743
   2.685      0.534738
   2.690      0.535698
   2.695      0.536621
   2.700      0.537510
   2.705      0.538363
   2.710      0.539181
   2.715      0.539965
   2.720      0.540715
   2.724      0.541431
   2.729      0.542112
   2.734      0.542761
   2.739      0.543375
   2.744      0.543957
   2.749      0.544506
   2.754      0.545023
   2.759      0.545507
   2.764      0.545959
   2.769      0.546380
   2.773      0.546769
   2.778      0.547126
   2.783      0.547453
   2.788      0.547749
   2.793      0.548014
   2.798      0.548249
   2.803      0.548454
   2.808      0.548628
   2.813      0.548774
   2.818      0.548890
   2.822      0.548977
   2.827      0.549035
   2.832      0.549065
   2.837      0.549066
   2.842      0.549039
   2.847      0.548984
   2.852      0.548901
   2.857      0.548791
   2.862      0.548654
   2.867      0.548490
   2.871      0.548300
   2.876      0.548082
   2.881      0.547839
   2.886      0.547569
   2.891      0.547274
   2.896      0.546953
   2.901      0.546607
   2.906      0.546236
   2.911      0.545840
   2.916      0.545419
   2.920      0.544974
   2.925      0.544505
   2.930      0.544012
   2.935      0.543495
   2.940      0.542955
   2.945      0.542391
   2.950      0.541805
   2.955      0.541195
   2.960      0.540563
   2.965      0.539909
   2.969      0.539232
   2.974      0.538533
   2.979      0.537813
   2.984      0.537071
   2.989      0.536308
   2.994      0.535524
   2.999      0.534719
   3.004      0.533893
   3.009      0.533047
   3.014      0.532181
   3.018      0.531295
   3.023      0.530389
   3.028      0.529463
   3.033      0.528518
   3.038      0.527554
   3.043      0.526571
   3.048      0.525569
   3.053      0.524548
   3.058      0.523509
   3.063      0.522452
   3.067      0.521377
   3.072      0.520285
   3.077      0.519175
   3.082      0.518047
   3.087      0.516902
   3.092      0.515741
   3.097      0.514562
   3.102      0.513368
   3.107      0.512156
   3.112      0.510929
   3.116      0.509686
   3.121      0.508426
   3.126      0.507152
   3.131      0.505862
   3.136      0.504556
   3.141      0.503236
   3.146      0.501901
   3.151      0.500551
   3.156      0.499187
   3.161      0.497809
   3.165      0.496416
   3.170      0.495010
   3.175      0.493590
   3.180      0.492156
   3.185      0.490709
   3.190      0.489249
   3.195      0.487776
   3.200      0.486290
   3.205      0.484791
   3.210      0.483280
   3.214      0.481757
   3.219      0.480222
   3.224      0.478675
   3.229      0.477116
   3.234      0.475545
   3.239      0.473963
   3.244      0.472370
   3.249      0.470766
   3.254      0.469151
   3.259      0.467525
   3.263      0.465888
   3.268      0.464242
   3.273      0.462585
   3.278      0.460918
   3.283      0.459241
   3.288      0.457554
   3.293      0.455858
   3.298      0.454152
   3.303      0.452437
   3.308      0.450713
   3.312      0.448980
   3.317      0.447239
   3.322      0.445488
   3.327      0.443730
   3.332      0.441963
   3.337      0.440187
   3.342      0.438404
   3.347      0.436613
   3.352      0.434815
   3.357      0.433008
   3.361      0.431195
   3.366      0.429374
   3.371      0.427546
   3.376      0.425711
   3.381      0.423870
   3.386      0.422021
   3.391      0.420167
   3.396      0.418305
   3.401      0.416438
   3.406      0.414565
   3.410      0.412685
   3.415      0.410800
   3.420      0.408910
   3.425      0.407013
   3.430      0.405112
   3.435      0.403205
   3.440      0.401293
   3.445      0.399376
   3.450      0.397455
   3.455      0.395528
   3.459      0.393597
   3.464      0.391662
   3.469      0.389722
   3.474      0.387779
   3.479      0.385831
   3.484      0.383879
   3.489      0.381924
   3.494      0.379965
   3.499      0.378002
   3.504      0.376036
   3.508      0.374067
   3.513      0.372095
   3.518      0.370120
   3.523      0.368142
   3.528      0.366161
   3.533      0.364177
   3.538      0.362191
   3.543      0.360203
   3.548      0.358212
   3.553      0.356220
   3.557      0.354225
   3.562      0.352228
   3.567      0.350230
   3.572      0.348229
   3.577      0.346228
   3.582      0.344225
   3.587      0.342220
   3.592      0.340214
   3.597      0.338208
   3.602      0.336200
   3.606      0.334191
   3.611      0.332182
   3.616      0.330172
   3.621      0.328161
   3.626      0.326150
   3.631      0.324138
   3.636      0.322127
   3.641      0.320115
   3.646      0.318103
   3.651      0.316092
   3.655      0.314080
   3.660      0.312069
   3.665      0.310058
   3.670      0.308048
   3.675      0.306039
   3.680      0.304030
   3.685      0.302022
   3.690      0.300014
   3.695      0.298008
   3.700      0.296003
   3.704      0.293999
   3.709      0.291997
   3.714      0.289996
   3.719      0.287996
   3.724      0.285998
   3.729      0.284002
   3.734      0.282007
   3.739      0.280014
   3.744      0.278024
   3.749      0.276035
   3.753      0.274049
   3.758      0.272064
   3.763      0.270082
   3.768      0.268103
   3.773      0.266126
   3.778      0.264151
   3.783      0.262180
   3.788      0.260211
   3.793      0.258245
   3.798      0.256281
   3.802      0.254321
   3.807      0.252364
   3.812      0.250410
   3.817      0.248460
   3.822      0.246513
   3.827      0.244569
   3.832      0.242629
   3.837      0.240692
   3.842      0.238759
   3.847      0.236830
   3.851      0.234905
   3.856      0.232983
   3.861      0.231066
   3.866      0.229153
   3.871      0.227244
   3.876      0.225339
   3.881      0.223438
   3.886      0.221542
   3.891      0.219650
   3.896      0.217763
   3.900      0.215880
   3.905      0.214002
   3.910      0.212129
   3.915      0.210261
   3.920      0.208397
   3.925      0.206539
   3.930      0.204686
   3.935      0.202837
   3.940      0.200994
   3.945      0.199156
   3.949      0.197323
   3.954      0.195496
   3.959      0.193674
   3.964      0.191858
   3.969      0.190047
   3.974      0.188242
   3.979      0.186443
   3.984      0.184650
   3.989      0.182862
   3.994      0.181080
   3.998      0.179304
   4.003      0.177534
   4.008      0.175771
   4.013      0.174013
   4.018      0.172262
   4.023      0.170516
   4.028      0.168778
   4.033      0.167045
   4.038      0.165319
   4.043      0.163600
   4.047      0.161887
   4.052      0.160181
   4.057      0.158481
   4.062      0.156789
   4.067      0.155103
   4.072      0.153423
   4.077      0.151751
   4.082      0.150086
   4.087      0.148428
   4.092      0.146776
   4.096      0.145132
   4.101      0.143496
   4.106      0.141866
   4.111      0.140243
   4.116      0.138628
   4.121      0.137021
   4.126      0.135421
   4.131      0.133828
   4.136      0.132243
   4.141      0.130665
   4.145      0.129095
   4.150      0.127533
   4.155      0.125978
   4.160      0.124432
   4.165      0.122893
   4.170      0.121362
   4.175      0.119838
   4.180      0.118323
   4.185      0.116816
   4.190      0.115317
   4.194      0.113826
   4.199      0.112343
   4.204      0.110869
   4.209      0.109402
   4.214      0.107944
   4.219      0.106494
   4.224      0.105053
   4.229      0.103620
   4.234      0.102195
   4.239      0.100779
   4.243      0.099372
   4.248      0.097973
   4.253      0.096583
   4.258      0.095201
   4.263      0.093828
   4.268      0.092464
   4.273      0.091109
   4.278      0.089762
   4.283      0.088424
   4.288      0.087095
   4.292      0.085775
   4.297      0.084464
   4.302      0.083162
   4.307      0.081870
   4.312      0.080586
   4.317      0.079311
   4.322      0.078045
   4.327      0.076789
   4.332      0.075542
   4.337      0.074304
   4.341      0.073075
   4.346      0.071856
   4.351      0.070646
   4.356      0.069445
   4.361      0.068254
   4.366      0.067073
   4.371      0.065900
   4.376      0.064738
   4.381      0.063585
   4.386      0.062441
   4.390      0.061307
   4.395      0.060183
   4.400      0.059068
   4.405      0.057963
   4.410      0.056868
   4.415      0.055783
   4.420      0.054707
   4.425      0.053641
   4.430      0.052585
   4.435      0.051539
   4.439      0.050503
   4.444      0.049477
   4.449      0.048461
   4.454      0.047454
   4.459      0.046458
   4.464      0.045472
   4.469      0.044496
   4.474      0.043530
   4.479      0.042574
   4.484      0.041628
   4.488      0.040692
   4.493      0.039767
   4.498      0.038851
   4.503      0.037946
   4.508      0.037052
   4.513      0.036167
   4.518      0.035293
   4.523      0.034429
   4.528      0.033576
   4.533      0.032733
   4.537      0.031900
   4.542      0.031078
   4.547      0.030266
   4.552      0.029464
   4.557      0.028674
   4.562      0.027893
   4.567      0.027123
   4.572      0.026364
   4.577      0.025615
   4.582      0.024877
   4.586      0.024150
   4.591      0.023433
   4.596      0.022727
   4.601      0.022031
   4.606      0.021346
   4.611      0.020672
   4.616      0.020008
   4.621      0.019356
   4.626      0.018714
   4.631      0.018082
   4.635      0.017462
   4.640      0.016852
   4.645      0.016253
   4.650      0.015665
   4.655      0.015088
   4.660      0.014521
   4.665      0.013966
   4.670      0.013421
   4.675      0.012887
   4.680      0.012365
   4.684      0.011853
   4.689      0.011351
   4.694      0.010861
   4.699      0.010382
   4.704      0.009914
   4.709      0.009457
   4.714      0.009010
   4.719      0.008575
   4.724      0.008150
   4.729      0.007737
   4.733      0.007335
   4.738      0.006943
   4.743      0.006563
   4.748      0.006193
   4.753      0.005835
   4.758      0.005487
   4.763      0.005151
   4.768      0.004825
   4.773      0.004510
   4.778      0.004207
   4.782      0.003914
   4.787      0.003632
   4.792      0.003361
   4.797      0.003101
   4.802      0.002852
   4.807      0.002614
   4.812      0.002387
   4.817      0.002170
   4.822      0.001964
   4.827      0.001769
   4.831      0.001585
   4.836      0.001411
   4.841      0.001248
   4.846      0.001095
   4.851      0.000952
   4.856      0.000820
   4.861      0.000698
   4.866      0.000585
   4.871      0.000483
   4.876      0.000390
   4.880      0.000306
   4.885      0.000230
   4.890      0.000163
   4.895      0.000103
   4.900      0.000050
   4.905      0.000000
