   0.005     -1.221299
   0.010     -1.221472
   0.015     -1.221646
   0.020     -1.221935
   0.025     -1.222339
   0.029     -1.222860
   0.034     -1.223497
   0.039     -1.224250
   0.044     -1.225120
   0.049     -1.226107
   0.054     -1.227210
   0.059     -1.228430
   0.064     -1.229766
   0.069     -1.231220
   0.074     -1.232791
   0.078     -1.234479
   0.083     -1.236283
   0.088     -1.238205
   0.093     -1.240244
   0.098     -1.242399
   0.103     -1.244671
   0.108     -1.247060
   0.113     -1.249565
   0.118     -1.252186
   0.123     -1.254924
   0.127     -1.257777
   0.132     -1.260745
   0.137     -1.263829
   0.142     -1.267028
   0.147     -1.270341
   0.152     -1.273768
   0.157     -1.277308
   0.162     -1.280962
   0.167     -1.284729
   0.172     -1.288607
   0.176     -1.292597
   0.181     -1.296699
   0.186     -1.300910
   0.191     -1.305232
   0.196     -1.309662
   0.201     -1.314201
   0.206     -1.318847
   0.211     -1.323601
   0.216     -1.328460
   0.221     -1.333424
   0.225     -1.338493
   0.230     -1.343665
   0.235     -1.348939
   0.240     -1.354315
   0.245     -1.359791
   0.250     -1.365367
   0.255     -1.371040
   0.260     -1.376811
   0.265     -1.382678
   0.270     -1.388639
   0.274     -1.394694
   0.279     -1.400841
   0.284     -1.407079
   0.289     -1.413407
   0.294     -1.419822
   0.299     -1.426325
   0.304     -1.432912
   0.309     -1.439583
   0.314     -1.446337
   0.319     -1.453171
   0.323     -1.460084
   0.328     -1.467074
   0.333     -1.474140
   0.338     -1.481280
   0.343     -1.488492
   0.348     -1.495774
   0.353     -1.503125
   0.358     -1.510542
   0.363     -1.518024
   0.368     -1.525568
   0.372     -1.533173
   0.377     -1.540837
   0.382     -1.548557
   0.387     -1.556331
   0.392     -1.564158
   0.397     -1.572034
   0.402     -1.579958
   0.407     -1.587928
   0.412     -1.595941
   0.417     -1.603994
   0.421     -1.612086
   0.426     -1.620214
   0.431     -1.628375
   0.436     -1.636568
   0.441     -1.644789
   0.446     -1.653035
   0.451     -1.661305
   0.456     -1.669596
   0.461     -1.677905
   0.466     -1.686229
   0.470     -1.694565
   0.475     -1.702911
   0.480     -1.711264
   0.485     -1.719622
   0.490     -1.727980
   0.495     -1.736337
   0.500     -1.744689
   0.505     -1.753034
   0.510     -1.761368
   0.515     -1.769689
   0.519     -1.777993
   0.524     -1.786277
   0.529     -1.794539
   0.534     -1.802775
   0.539     -1.810982
   0.544     -1.819156
   0.549     -1.827296
   0.554     -1.835397
   0.559     -1.843456
   0.564     -1.851471
   0.568     -1.859437
   0.573     -1.867352
   0.578     -1.875213
   0.583     -1.883015
   0.588     -1.890757
   0.593     -1.898434
   0.598     -1.906043
   0.603     -1.913582
   0.608     -1.921046
   0.613     -1.928433
   0.617     -1.935739
   0.622     -1.942961
   0.627     -1.950095
   0.632     -1.957140
   0.637     -1.964090
   0.642     -1.970943
   0.647     -1.977696
   0.652     -1.984346
   0.657     -1.990889
   0.662     -1.997323
   0.666     -2.003643
   0.671     -2.009848
   0.676     -2.015933
   0.681     -2.021897
   0.686     -2.027735
   0.691     -2.033445
   0.696     -2.039024
   0.701     -2.044470
   0.706     -2.049778
   0.711     -2.054946
   0.715     -2.059972
   0.720     -2.064853
   0.725     -2.069586
   0.730     -2.074168
   0.735     -2.078597
   0.740     -2.082870
   0.745     -2.086985
   0.750     -2.090939
   0.755     -2.094730
   0.760     -2.098355
   0.764     -2.101812
   0.769     -2.105100
   0.774     -2.108215
   0.779     -2.111155
   0.784     -2.113920
   0.789     -2.116505
   0.794     -2.118911
   0.799     -2.121134
   0.804     -2.123173
   0.809     -2.125027
   0.813     -2.126693
   0.818     -2.128170
   0.823     -2.129457
   0.828     -2.130551
   0.833     -2.131452
   0.838     -2.132158
   0.843     -2.132669
   0.848     -2.132982
   0.853     -2.133096
   0.858     -2.133012
   0.862     -2.132727
   0.867     -2.132240
   0.872     -2.131552
   0.877     -2.130661
   0.882     -2.129566
   0.887     -2.128266
   0.892     -2.126762
   0.897     -2.125053
   0.902     -2.123138
   0.907     -2.121017
   0.911     -2.118689
   0.916     -2.116154
   0.921     -2.113413
   0.926     -2.110465
   0.931     -2.107310
   0.936     -2.103948
   0.941     -2.100379
   0.946     -2.096603
   0.951     -2.092621
   0.956     -2.088432
   0.960     -2.084038
   0.965     -2.079438
   0.970     -2.074633
   0.975     -2.069623
   0.980     -2.064410
   0.985     -2.058993
   0.990     -2.053373
   0.995     -2.047552
   1.000     -2.041529
   1.005     -2.035307
   1.009     -2.028885
   1.014     -2.022265
   1.019     -2.015447
   1.024     -2.008433
   1.029     -2.001224
   1.034     -1.993821
   1.039     -1.986226
   1.044     -1.978439
   1.049     -1.970462
   1.054     -1.962296
   1.058     -1.953943
   1.063     -1.945404
   1.068     -1.936681
   1.073     -1.927776
   1.078     -1.918689
   1.083     -1.909423
   1.088     -1.899979
   1.093     -1.890360
   1.098     -1.880567
   1.103     -1.870601
   1.107     -1.860465
   1.112     -1.850161
   1.117     -1.839691
   1.122     -1.829056
   1.127     -1.818259
   1.132     -1.807302
   1.137     -1.796187
   1.142     -1.784916
   1.147     -1.773492
   1.152     -1.761917
   1.156     -1.750193
   1.161     -1.738322
   1.166     -1.726307
   1.171     -1.714151
   1.176     -1.701855
   1.181     -1.689423
   1.186     -1.676857
   1.191     -1.664158
   1.196     -1.651331
   1.201     -1.638378
   1.205     -1.625301
   1.210     -1.612103
   1.215     -1.598786
   1.220     -1.585354
   1.225     -1.571809
   1.230     -1.558154
   1.235     -1.544392
   1.240     -1.530526
   1.245     -1.516558
   1.250     -1.502492
   1.254     -1.488330
   1.259     -1.474075
   1.264     -1.459730
   1.269     -1.445299
   1.274     -1.430783
   1.279     -1.416187
   1.284     -1.401513
   1.289     -1.386763
   1.294     -1.371942
   1.299     -1.357051
   1.303     -1.342095
   1.308     -1.327075
   1.313     -1.311995
   1.318     -1.296858
   1.323     -1.281667
   1.328     -1.266425
   1.333     -1.251135
   1.338     -1.235799
   1.343     -1.220421
   1.348     -1.205004
   1.352     -1.189550
   1.357     -1.174063
   1.362     -1.158545
   1.367     -1.143000
   1.372     -1.127430
   1.377     -1.111838
   1.382     -1.096226
   1.387     -1.080599
   1.392     -1.064958
   1.397     -1.049306
   1.401     -1.033646
   1.406     -1.017980
   1.411     -1.002312
   1.416     -0.986644
   1.421     -0.970979
   1.426     -0.955318
   1.431     -0.939666
   1.436     -0.924024
   1.441     -0.908394
   1.446     -0.892780
   1.450     -0.877183
   1.455     -0.861607
   1.460     -0.846052
   1.465     -0.830523
   1.470     -0.815020
   1.475     -0.799547
   1.480     -0.784105
   1.485     -0.768697
   1.490     -0.753325
   1.495     -0.737990
   1.499     -0.722695
   1.504     -0.707442
   1.509     -0.692233
   1.514     -0.677069
   1.519     -0.661954
   1.524     -0.646887
   1.529     -0.631872
   1.534     -0.616911
   1.539     -0.602003
   1.544     -0.587153
   1.548     -0.572360
   1.553     -0.557628
   1.558     -0.542956
   1.563     -0.528348
   1.568     -0.513803
   1.573     -0.499325
   1.578     -0.484913
   1.583     -0.470570
   1.588     -0.456297
   1.593     -0.442096
   1.597     -0.427966
   1.602     -0.413911
   1.607     -0.399930
   1.612     -0.386025
   1.617     -0.372197
   1.622     -0.358448
   1.627     -0.344777
   1.632     -0.331187
   1.637     -0.317678
   1.642     -0.304251
   1.646     -0.290907
   1.651     -0.277647
   1.656     -0.264472
   1.661     -0.251383
   1.666     -0.238380
   1.671     -0.225463
   1.676     -0.212635
   1.681     -0.199895
   1.686     -0.187244
   1.691     -0.174683
   1.695     -0.162213
   1.700     -0.149833
   1.705     -0.137545
   1.710     -0.125349
   1.715     -0.113245
   1.720     -0.101235
   1.725     -0.089318
   1.730     -0.077494
   1.735     -0.065765
   1.740     -0.054130
   1.744     -0.042591
   1.749     -0.031146
   1.754     -0.019797
   1.759     -0.008544
   1.764      0.002613
   1.769      0.013673
   1.774      0.024637
   1.779      0.035505
   1.784      0.046275
   1.789      0.056948
   1.793      0.067525
   1.798      0.078003
   1.803      0.088385
   1.808      0.098669
   1.813      0.108855
   1.818      0.118944
   1.823      0.128935
   1.828      0.138829
   1.833      0.148625
   1.838      0.158323
   1.842      0.167924
   1.847      0.177427
   1.852      0.186833
   1.857      0.196141
   1.862      0.205352
   1.867      0.214466
   1.872      0.223483
   1.877      0.232403
   1.882      0.241226
   1.887      0.249952
   1.891      0.258582
   1.896      0.267116
   1.901      0.275553
   1.906      0.283895
   1.911      0.292141
   1.916      0.300291
   1.921      0.308347
   1.926      0.316307
   1.931      0.324172
   1.936      0.331943
   1.940      0.339620
   1.945      0.347203
   1.950      0.354693
   1.955      0.362089
   1.960      0.369392
   1.965      0.376602
   1.970      0.383720
   1.975      0.390746
   1.980      0.397681
   1.985      0.404524
   1.989      0.411276
   1.994      0.417937
   1.999      0.424508
   2.004      0.430989
   2.009      0.437381
   2.014      0.443684
   2.019      0.449898
   2.024      0.456023
   2.029      0.462061
   2.034      0.468011
   2.038      0.473874
   2.043      0.479651
   2.048      0.485341
   2.053      0.490945
   2.058      0.496464
   2.063      0.501899
   2.068      0.507248
   2.073      0.512514
   2.078      0.517696
   2.083      0.522794
   2.087      0.527811
   2.092      0.532744
   2.097      0.537597
   2.102      0.542367
   2.107      0.547057
   2.112      0.551667
   2.117      0.556197
   2.122      0.560647
   2.127      0.565019
   2.132      0.569312
   2.136      0.573527
   2.141      0.577665
   2.146      0.581726
   2.151      0.585710
   2.156      0.589618
   2.161      0.593451
   2.166      0.597209
   2.171      0.600892
   2.176      0.604502
   2.181      0.608038
   2.185      0.611501
   2.190      0.614891
   2.195      0.618210
   2.200      0.621457
   2.205      0.624633
   2.210      0.627739
   2.215      0.630775
   2.220      0.633741
   2.225      0.636639
   2.230      0.639468
   2.234      0.642229
   2.239      0.644923
   2.244      0.647550
   2.249      0.650111
   2.254      0.652606
   2.259      0.655035
   2.264      0.657400
   2.269      0.659700
   2.274      0.661937
   2.279      0.664110
   2.283      0.666220
   2.288      0.668268
   2.293      0.670255
   2.298      0.672180
   2.303      0.674044
   2.308      0.675848
   2.313      0.677593
   2.318      0.679278
   2.323      0.680904
   2.328      0.682472
   2.332      0.683982
   2.337      0.685435
   2.342      0.686832
   2.347      0.688172
   2.352      0.689456
   2.357      0.690686
   2.362      0.691860
   2.367      0.692980
   2.372      0.694046
   2.377      0.695060
   2.381      0.696020
   2.386      0.696928
   2.391      0.697784
   2.396      0.698589
   2.401      0.699343
   2.406      0.700047
   2.411      0.700700
   2.416      0.701305
   2.421      0.701860
   2.426      0.702367
   2.430      0.702826
   2.435      0.703238
   2.440      0.703602
   2.445      0.703920
   2.450      0.704192
   2.455      0.704418
   2.460      0.704599
   2.465      0.704735
   2.470      0.704827
   2.475      0.704875
   2.479      0.704880
   2.484      0.704842
   2.489      0.704762
   2.494      0.704639
   2.499      0.704475
   2.504      0.704270
   2.509      0.704024
   2.514      0.703738
   2.519      0.703412
   2.524      0.703047
   2.528      0.702643
   2.533      0.702200
   2.538      0.701719
   2.543      0.701201
   2.548      0.700645
   2.553      0.700053
   2.558      0.699424
   2.563      0.698760
   2.568      0.698060
   2.573      0.697324
   2.577      0.696554
   2.582      0.695750
   2.587      0.694912
   2.592      0.694040
   2.597      0.693135
   2.602      0.692198
   2.607      0.691228
   2.612      0.690226
   2.617      0.689193
   2.622      0.688129
   2.626      0.687034
   2.631      0.685908
   2.636      0.684753
   2.641      0.683568
   2.646      0.682354
   2.651      0.681111
   2.656      0.679840
   2.661      0.678540
   2.666      0.677213
   2.671      0.675859
   2.675      0.674477
   2.680      0.673069
   2.685      0.671635
   2.690      0.670174
   2.695      0.668689
   2.700      0.667178
   2.705      0.665642
   2.710      0.664081
   2.715      0.662497
   2.720      0.660889
   2.724      0.659257
   2.729      0.657602
   2.734      0.655925
   2.739      0.654224
   2.744      0.652502
   2.749      0.650758
   2.754      0.648993
   2.759      0.647206
   2.764      0.645399
   2.769      0.643571
   2.773      0.641723
   2.778      0.639855
   2.783      0.637968
   2.788      0.636061
   2.793      0.634135
   2.798      0.632191
   2.803      0.630229
   2.808      0.628248
   2.813      0.626250
   2.818      0.624234
   2.822      0.622201
   2.827      0.620152
   2.832      0.618086
   2.837      0.616003
   2.842      0.613905
   2.847      0.611791
   2.852      0.609662
   2.857      0.607517
   2.862      0.605358
   2.867      0.603184
   2.871      0.600996
   2.876      0.598793
   2.881      0.596578
   2.886      0.594348
   2.891      0.592106
   2.896      0.589850
   2.901      0.587582
   2.906      0.585301
   2.911      0.583008
   2.916      0.580704
   2.920      0.578387
   2.925      0.576060
   2.930      0.573721
   2.935      0.571371
   2.940      0.569010
   2.945      0.566639
   2.950      0.564258
   2.955      0.561867
   2.960      0.559466
   2.965      0.557056
   2.969      0.554637
   2.974      0.552208
   2.979      0.549771
   2.984      0.547325
   2.989      0.544871
   2.994      0.542409
   2.999      0.539939
   3.004      0.537461
   3.009      0.534976
   3.014      0.532483
   3.018      0.529984
   3.023      0.527477
   3.028      0.524965
   3.033      0.522445
   3.038      0.519920
   3.043      0.517388
   3.048      0.514851
   3.053      0.512309
   3.058      0.509760
   3.063      0.507207
   3.067      0.504649
   3.072      0.502086
   3.077      0.499518
   3.082      0.496946
   3.087      0.494370
   3.092      0.491790
   3.097      0.489206
   3.102      0.486618
   3.107      0.484027
   3.112      0.481432
   3.116      0.478835
   3.121      0.476234
   3.126      0.473631
   3.131      0.471025
   3.136      0.468416
   3.141      0.465806
   3.146      0.463193
   3.151      0.460579
   3.156      0.457962
   3.161      0.455345
   3.165      0.452725
   3.170      0.450105
   3.175      0.447483
   3.180      0.444861
   3.185      0.442237
   3.190      0.439613
   3.195      0.436989
   3.200      0.434364
   3.205      0.431740
   3.210      0.429115
   3.214      0.426490
   3.219      0.423865
   3.224      0.421241
   3.229      0.418618
   3.234      0.415995
   3.239      0.413373
   3.244      0.410752
   3.249      0.408133
   3.254      0.405514
   3.259      0.402897
   3.263      0.400281
   3.268      0.397668
   3.273      0.395056
   3.278      0.392445
   3.283      0.389837
   3.288      0.387231
   3.293      0.384628
   3.298      0.382027
   3.303      0.379428
   3.308      0.376832
   3.312      0.374239
   3.317      0.371649
   3.322      0.369062
   3.327      0.366478
   3.332      0.363897
   3.337      0.361320
   3.342      0.358746
   3.347      0.356176
   3.352      0.353610
   3.357      0.351047
   3.361      0.348489
   3.366      0.345934
   3.371      0.343384
   3.376      0.340838
   3.381      0.338296
   3.386      0.335759
   3.391      0.333226
   3.396      0.330698
   3.401      0.328175
   3.406      0.325657
   3.410      0.323144
   3.415      0.320636
   3.420      0.318133
   3.425      0.315635
   3.430      0.313143
   3.435      0.310656
   3.440      0.308174
   3.445      0.305699
   3.450      0.303229
   3.455      0.300765
   3.459      0.298307
   3.464      0.295854
   3.469      0.293408
   3.474      0.290968
   3.479      0.288535
   3.484      0.286107
   3.489      0.283686
   3.494      0.281272
   3.499      0.278864
   3.504      0.276463
   3.508      0.274069
   3.513      0.271681
   3.518      0.269300
   3.523      0.266927
   3.528      0.264560
   3.533      0.262201
   3.538      0.259848
   3.543      0.257503
   3.548      0.255166
   3.553      0.252835
   3.557      0.250512
   3.562      0.248197
   3.567      0.245890
   3.572      0.243590
   3.577      0.241298
   3.582      0.239013
   3.587      0.236737
   3.592      0.234468
   3.597      0.232208
   3.602      0.229955
   3.606      0.227711
   3.611      0.225475
   3.616      0.223247
   3.621      0.221028
   3.626      0.218817
   3.631      0.216614
   3.636      0.214420
   3.641      0.212235
   3.646      0.210058
   3.651      0.207890
   3.655      0.205730
   3.660      0.203580
   3.665      0.201438
   3.670      0.199305
   3.675      0.197181
   3.680      0.195066
   3.685      0.192960
   3.690      0.190863
   3.695      0.188776
   3.700      0.186697
   3.704      0.184628
   3.709      0.182568
   3.714      0.180517
   3.719      0.178476
   3.724      0.176445
   3.729      0.174422
   3.734      0.172410
   3.739      0.170407
   3.744      0.168413
   3.749      0.166429
   3.753      0.164455
   3.758      0.162491
   3.763      0.160537
   3.768      0.158592
   3.773      0.156657
   3.778      0.154732
   3.783      0.152817
   3.788      0.150912
   3.793      0.149018
   3.798      0.147133
   3.802      0.145258
   3.807      0.143394
   3.812      0.141539
   3.817      0.139695
   3.822      0.137861
   3.827      0.136038
   3.832      0.134225
   3.837      0.132422
   3.842      0.130630
   3.847      0.128848
   3.851      0.127076
   3.856      0.125315
   3.861      0.123565
   3.866      0.121825
   3.871      0.120096
   3.876      0.118377
   3.881      0.116669
   3.886      0.114972
   3.891      0.113286
   3.896      0.111610
   3.900      0.109945
   3.905      0.108291
   3.910      0.106648
   3.915      0.105015
   3.920      0.103394
   3.925      0.101783
   3.930      0.100183
   3.935      0.098595
   3.940      0.097017
   3.945      0.095450
   3.949      0.093895
   3.954      0.092350
   3.959      0.090817
   3.964      0.089295
   3.969      0.087784
   3.974      0.086284
   3.979      0.084795
   3.984      0.083318
   3.989      0.081851
   3.994      0.080396
   3.998      0.078953
   4.003      0.077520
   4.008      0.076099
   4.013      0.074690
   4.018      0.073291
   4.023      0.071905
   4.028      0.070529
   4.033      0.069165
   4.038      0.067812
   4.043      0.066471
   4.047      0.065142
   4.052      0.063824
   4.057      0.062517
   4.062      0.061222
   4.067      0.059938
   4.072      0.058666
   4.077      0.057406
   4.082      0.056157
   4.087      0.054920
   4.092      0.053695
   4.096      0.052481
   4.101      0.051279
   4.106      0.050088
   4.111      0.048910
   4.116      0.047742
   4.121      0.046587
   4.126      0.045443
   4.131      0.044312
   4.136      0.043191
   4.141      0.042083
   4.145      0.040986
   4.150      0.039902
   4.155      0.038829
   4.160      0.037767
   4.165      0.036718
   4.170      0.035680
   4.175      0.034654
   4.180      0.033640
   4.185      0.032638
   4.190      0.031648
   4.194      0.030670
   4.199      0.029703
   4.204      0.028748
   4.209      0.027805
   4.214      0.026874
   4.219      0.025955
   4.224      0.025047
   4.229      0.024152
   4.234      0.023268
   4.239      0.022396
   4.243      0.021536
   4.248      0.020688
   4.253      0.019852
   4.258      0.019027
   4.263      0.018214
   4.268      0.017413
   4.273      0.016624
   4.278      0.015846
   4.283      0.015080
   4.288      0.014326
   4.292      0.013583
   4.297      0.012852
   4.302      0.012133
   4.307      0.011425
   4.312      0.010728
   4.317      0.010043
   4.322      0.009370
   4.327      0.008707
   4.332      0.008056
   4.337      0.007416
   4.341      0.006786
   4.346      0.006168
   4.351      0.005560
   4.356      0.004963
   4.361      0.004376
   4.366      0.003799
   4.371      0.003232
   4.376      0.002674
   4.381      0.002125
   4.386      0.001584
   4.390      0.001051
   4.395      0.000523
   4.400      0.000000
