   0.000      0.020950
   0.007      0.020682
   0.013      0.020106
   0.020      0.018984
   0.027      0.017341
   0.033      0.015169
   0.040      0.012422
   0.047      0.009138
   0.053      0.005328
   0.060      0.001035
   0.066     -0.003766
   0.073     -0.009006
   0.080     -0.014662
   0.086     -0.020733
   0.093     -0.027170
   0.100     -0.033973
   0.106     -0.041089
   0.113     -0.048523
   0.120     -0.056249
   0.126     -0.064257
   0.133     -0.072537
   0.140     -0.081070
   0.146     -0.089858
   0.153     -0.098880
   0.160     -0.108126
   0.166     -0.117587
   0.173     -0.127230
   0.179     -0.137050
   0.186     -0.147021
   0.193     -0.157125
   0.199     -0.167331
   0.206     -0.177629
   0.213     -0.187999
   0.219     -0.198426
   0.226     -0.208889
   0.233     -0.219385
   0.239     -0.229893
   0.246     -0.240409
   0.253     -0.250916
   0.259     -0.261398
   0.266     -0.271846
   0.273     -0.282241
   0.279     -0.292558
   0.286     -0.302786
   0.293     -0.312900
   0.299     -0.322888
   0.306     -0.332727
   0.312     -0.342405
   0.319     -0.351908
   0.326     -0.361227
   0.332     -0.370349
   0.339     -0.379271
   0.346     -0.387985
   0.352     -0.396487
   0.359     -0.404777
   0.366     -0.412852
   0.372     -0.420715
   0.379     -0.428363
   0.386     -0.435802
   0.392     -0.443034
   0.399     -0.450062
   0.406     -0.456890
   0.412     -0.463521
   0.419     -0.469962
   0.425     -0.476218
   0.432     -0.482290
   0.439     -0.488187
   0.445     -0.493912
   0.452     -0.499468
   0.459     -0.504863
   0.465     -0.510098
   0.472     -0.515184
   0.479     -0.520116
   0.485     -0.524904
   0.492     -0.529552
   0.499     -0.534062
   0.505     -0.538440
   0.512     -0.542686
   0.519     -0.546806
   0.525     -0.550802
   0.532     -0.554679
   0.538     -0.558438
   0.545     -0.562082
   0.552     -0.565614
   0.558     -0.569039
   0.565     -0.572354
   0.572     -0.575566
   0.578     -0.578675
   0.585     -0.581684
   0.592     -0.584595
   0.598     -0.587408
   0.605     -0.590125
   0.612     -0.592749
   0.618     -0.595280
   0.625     -0.597721
   0.632     -0.600068
   0.638     -0.602326
   0.645     -0.604493
   0.651     -0.606571
   0.658     -0.608559
   0.665     -0.610457
   0.671     -0.612263
   0.678     -0.613978
   0.685     -0.615599
   0.691     -0.617127
   0.698     -0.618558
   0.705     -0.619893
   0.711     -0.621127
   0.718     -0.622259
   0.725     -0.623286
   0.731     -0.624206
   0.738     -0.625014
   0.745     -0.625708
   0.751     -0.626285
   0.758     -0.626739
   0.765     -0.627070
   0.771     -0.627278
   0.778     -0.627362
   0.784     -0.627317
   0.791     -0.627128
   0.798     -0.626793
   0.804     -0.626307
   0.811     -0.625668
   0.818     -0.624874
   0.824     -0.623919
   0.831     -0.622800
   0.838     -0.621514
   0.844     -0.620056
   0.851     -0.618426
   0.858     -0.616617
   0.864     -0.614629
   0.871     -0.612459
   0.878     -0.610105
   0.884     -0.607563
   0.891     -0.604835
   0.897     -0.601918
   0.904     -0.598811
   0.911     -0.595514
   0.917     -0.592026
   0.924     -0.588347
   0.931     -0.584478
   0.937     -0.580421
   0.944     -0.576176
   0.951     -0.571743
   0.957     -0.567127
   0.964     -0.562328
   0.971     -0.557350
   0.977     -0.552195
   0.984     -0.546867
   0.991     -0.541370
   0.997     -0.535707
   1.004     -0.529882
   1.010     -0.523902
   1.017     -0.517768
   1.024     -0.511490
   1.030     -0.505070
   1.037     -0.498514
   1.044     -0.491829
   1.050     -0.485021
   1.057     -0.478096
   1.064     -0.471061
   1.070     -0.463923
   1.077     -0.456690
   1.084     -0.449365
   1.090     -0.441959
   1.097     -0.434478
   1.104     -0.426929
   1.110     -0.419320
   1.117     -0.411659
   1.124     -0.403952
   1.130     -0.396209
   1.137     -0.388436
   1.143     -0.380641
   1.150     -0.372831
   1.157     -0.365013
   1.163     -0.357196
   1.170     -0.349386
   1.177     -0.341592
   1.183     -0.333819
   1.190     -0.326075
   1.197     -0.318366
   1.203     -0.310700
   1.210     -0.303082
   1.217     -0.295519
   1.223     -0.288017
   1.230     -0.280582
   1.237     -0.273220
   1.243     -0.265936
   1.250     -0.258735
   1.256     -0.251621
   1.263     -0.244601
   1.270     -0.237677
   1.276     -0.230855
   1.283     -0.224138
   1.290     -0.217530
   1.296     -0.211034
   1.303     -0.204652
   1.310     -0.198390
   1.316     -0.192246
   1.323     -0.186226
   1.330     -0.180330
   1.336     -0.174560
   1.343     -0.168917
   1.350     -0.163403
   1.356     -0.158019
   1.363     -0.152765
   1.369     -0.147641
   1.376     -0.142649
   1.383     -0.137786
   1.389     -0.133054
   1.396     -0.128451
   1.403     -0.123977
   1.409     -0.119632
   1.416     -0.115414
   1.423     -0.111319
   1.429     -0.107350
   1.436     -0.103503
   1.443     -0.099777
   1.449     -0.096170
   1.456     -0.092679
   1.463     -0.089302
   1.469     -0.086038
   1.476     -0.082885
   1.482     -0.079839
   1.489     -0.076898
   1.496     -0.074059
   1.502     -0.071320
   1.509     -0.068679
   1.516     -0.066132
   1.522     -0.063677
   1.529     -0.061312
   1.536     -0.059033
   1.542     -0.056837
   1.549     -0.054724
   1.556     -0.052689
   1.562     -0.050730
   1.569     -0.048843
   1.576     -0.047027
   1.582     -0.045279
   1.589     -0.043598
   1.596     -0.041979
   1.602     -0.040421
   1.609     -0.038921
   1.615     -0.037478
   1.622     -0.036089
   1.629     -0.034751
   1.635     -0.033463
   1.642     -0.032223
   1.649     -0.031029
   1.655     -0.029878
   1.662     -0.028770
   1.669     -0.027703
   1.675     -0.026673
   1.682     -0.025681
   1.689     -0.024725
   1.695     -0.023803
   1.702     -0.022913
   1.709     -0.022056
   1.715     -0.021227
   1.722     -0.020429
   1.728     -0.019658
   1.735     -0.018913
   1.742     -0.018195
   1.748     -0.017500
   1.755     -0.016830
   1.762     -0.016182
   1.768     -0.015557
   1.775     -0.014953
   1.782     -0.014369
   1.788     -0.013805
   1.795     -0.013260
   1.802     -0.012733
   1.808     -0.012224
   1.815     -0.011733
   1.822     -0.011258
   1.828     -0.010799
   1.835     -0.010356
   1.841     -0.009928
   1.848     -0.009514
   1.855     -0.009115
   1.861     -0.008729
   1.868     -0.008357
   1.875     -0.007998
   1.881     -0.007652
   1.888     -0.007318
   1.895     -0.006995
   1.901     -0.006685
   1.908     -0.006385
   1.915     -0.006097
   1.921     -0.005819
   1.928     -0.005551
   1.935     -0.005294
   1.941     -0.005046
   1.948     -0.004807
   1.954     -0.004578
   1.961     -0.004358
   1.968     -0.004146
   1.974     -0.003943
   1.981     -0.003748
   1.988     -0.003561
   1.994     -0.003381
   2.001     -0.003209
   2.008     -0.003043
   2.014     -0.002886
   2.021     -0.002734
   2.028     -0.002590
   2.034     -0.002451
   2.041     -0.002319
   2.048     -0.002192
   2.054     -0.002071
   2.061     -0.001956
   2.068     -0.001846
   2.074     -0.001741
   2.081     -0.001641
   2.087     -0.001546
   2.094     -0.001455
   2.101     -0.001369
   2.107     -0.001287
   2.114     -0.001208
   2.121     -0.001135
   2.127     -0.001064
   2.134     -0.000997
   2.141     -0.000934
   2.147     -0.000874
   2.154     -0.000818
   2.161     -0.000764
   2.167     -0.000714
   2.174     -0.000666
   2.181     -0.000621
   2.187     -0.000579
   2.194     -0.000539
   2.200     -0.000501
   2.207     -0.000465
   2.214     -0.000432
   2.220     -0.000401
   2.227     -0.000371
   2.234     -0.000344
   2.240     -0.000318
   2.247     -0.000294
   2.254     -0.000271
   2.260     -0.000250
   2.267     -0.000230
   2.274     -0.000211
   2.280     -0.000194
   2.287     -0.000178
   2.294     -0.000163
   2.300     -0.000149
   2.307     -0.000136
   2.313     -0.000124
   2.320     -0.000113
   2.327     -0.000103
   2.333     -0.000093
   2.340     -0.000084
   2.347     -0.000076
   2.353     -0.000069
   2.360     -0.000062
   2.367     -0.000056
   2.373     -0.000050
   2.380     -0.000045
   2.387     -0.000040
   2.393     -0.000036
   2.400     -0.000032
   2.407     -0.000028
   2.413     -0.000025
   2.420     -0.000022
   2.427     -0.000019
   2.433     -0.000017
   2.440     -0.000014
   2.446     -0.000013
   2.453     -0.000011
   2.460     -0.000009
   2.466     -0.000008
   2.473     -0.000007
   2.480     -0.000006
   2.486     -0.000005
   2.493     -0.000004
   2.500     -0.000003
   2.506     -0.000003
   2.513     -0.000002
   2.520     -0.000002
   2.526     -0.000001
   2.533     -0.000001
   2.540     -0.000001
   2.546     -0.000001
   2.553      0.000000
   2.559      0.000000
   2.566      0.000000
   2.573      0.000000
   2.579      0.000000
   2.586      0.000000
   2.593      0.000000
   2.599      0.000000
   2.606      0.000000
   2.613      0.000000
   2.619      0.000000
   2.626      0.000000
   2.633      0.000000
   2.639      0.000000
   2.646      0.000000
