   0.000      0.941203
   0.007      0.941203
   0.013      0.941203
   0.020      0.941203
   0.027      0.941203
   0.033      0.941203
   0.040      0.941203
   0.047      0.941203
   0.053      0.941203
   0.060      0.941203
   0.066      0.941202
   0.073      0.941202
   0.080      0.941201
   0.086      0.941201
   0.093      0.941200
   0.100      0.941199
   0.106      0.941197
   0.113      0.941195
   0.120      0.941193
   0.126      0.941191
   0.133      0.941188
   0.140      0.941184
   0.146      0.941180
   0.153      0.941175
   0.160      0.941170
   0.166      0.941164
   0.173      0.941157
   0.179      0.941149
   0.186      0.941140
   0.193      0.941130
   0.199      0.941119
   0.206      0.941106
   0.213      0.941092
   0.219      0.941077
   0.226      0.941060
   0.233      0.941041
   0.239      0.941020
   0.246      0.940998
   0.253      0.940973
   0.259      0.940946
   0.266      0.940916
   0.273      0.940884
   0.279      0.940848
   0.286      0.940810
   0.293      0.940769
   0.299      0.940724
   0.306      0.940675
   0.312      0.940623
   0.319      0.940566
   0.326      0.940505
   0.332      0.940439
   0.339      0.940369
   0.346      0.940293
   0.352      0.940212
   0.359      0.940126
   0.366      0.940033
   0.372      0.939934
   0.379      0.939828
   0.386      0.939715
   0.392      0.939594
   0.399      0.939466
   0.406      0.939330
   0.412      0.939185
   0.419      0.939031
   0.425      0.938868
   0.432      0.938695
   0.439      0.938512
   0.445      0.938318
   0.452      0.938114
   0.459      0.937897
   0.465      0.937668
   0.472      0.937427
   0.479      0.937173
   0.485      0.936905
   0.492      0.936623
   0.499      0.936327
   0.505      0.936015
   0.512      0.935688
   0.519      0.935344
   0.525      0.934984
   0.532      0.934606
   0.538      0.934211
   0.545      0.933797
   0.552      0.933364
   0.558      0.932911
   0.565      0.932438
   0.572      0.931945
   0.578      0.931430
   0.585      0.930894
   0.592      0.930335
   0.598      0.929753
   0.605      0.929147
   0.612      0.928518
   0.618      0.927864
   0.625      0.927185
   0.632      0.926481
   0.638      0.925750
   0.645      0.924993
   0.651      0.924210
   0.658      0.923398
   0.665      0.922559
   0.671      0.921691
   0.678      0.920795
   0.685      0.919870
   0.691      0.918915
   0.698      0.917931
   0.705      0.916917
   0.711      0.915872
   0.718      0.914797
   0.725      0.913691
   0.731      0.912554
   0.738      0.911386
   0.745      0.910186
   0.751      0.908955
   0.758      0.907692
   0.765      0.906398
   0.771      0.905072
   0.778      0.903714
   0.784      0.902324
   0.791      0.900903
   0.798      0.899450
   0.804      0.897965
   0.811      0.896449
   0.818      0.894902
   0.824      0.893323
   0.831      0.891714
   0.838      0.890073
   0.844      0.888403
   0.851      0.886701
   0.858      0.884970
   0.864      0.883209
   0.871      0.881419
   0.878      0.879600
   0.884      0.877752
   0.891      0.875876
   0.897      0.873972
   0.904      0.872041
   0.911      0.870083
   0.917      0.868098
   0.924      0.866087
   0.931      0.864051
   0.937      0.861989
   0.944      0.859903
   0.951      0.857793
   0.957      0.855659
   0.964      0.853502
   0.971      0.851323
   0.977      0.849122
   0.984      0.846900
   0.991      0.844657
   0.997      0.842394
   1.004      0.840111
   1.010      0.837809
   1.017      0.835489
   1.024      0.833151
   1.030      0.830795
   1.037      0.828423
   1.044      0.826035
   1.050      0.823631
   1.057      0.821212
   1.064      0.818779
   1.070      0.816332
   1.077      0.813872
   1.084      0.811400
   1.090      0.808915
   1.097      0.806418
   1.104      0.803911
   1.110      0.801394
   1.117      0.798866
   1.124      0.796329
   1.130      0.793784
   1.137      0.791230
   1.143      0.788669
   1.150      0.786100
   1.157      0.783525
   1.163      0.780943
   1.170      0.778356
   1.177      0.775764
   1.183      0.773167
   1.190      0.770566
   1.197      0.767961
   1.203      0.765352
   1.210      0.762741
   1.217      0.760128
   1.223      0.757512
   1.230      0.754895
   1.237      0.752277
   1.243      0.749658
   1.250      0.747039
   1.256      0.744419
   1.263      0.741801
   1.270      0.739183
   1.276      0.736566
   1.283      0.733951
   1.290      0.731338
   1.296      0.728727
   1.303      0.726118
   1.310      0.723512
   1.316      0.720910
   1.323      0.718311
   1.330      0.715716
   1.336      0.713125
   1.343      0.710539
   1.350      0.707957
   1.356      0.705380
   1.363      0.702809
   1.369      0.700242
   1.376      0.697682
   1.383      0.695128
   1.389      0.692579
   1.396      0.690037
   1.403      0.687502
   1.409      0.684974
   1.416      0.682452
   1.423      0.679938
   1.429      0.677432
   1.436      0.674933
   1.443      0.672442
   1.449      0.669959
   1.456      0.667483
   1.463      0.665017
   1.469      0.662559
   1.476      0.660109
   1.482      0.657668
   1.489      0.655236
   1.496      0.652813
   1.502      0.650399
   1.509      0.647995
   1.516      0.645600
   1.522      0.643214
   1.529      0.640838
   1.536      0.638472
   1.542      0.636116
   1.549      0.633769
   1.556      0.631433
   1.562      0.629106
   1.569      0.626790
   1.576      0.624484
   1.582      0.622188
   1.589      0.619902
   1.596      0.617627
   1.602      0.615363
   1.609      0.613109
   1.615      0.610865
   1.622      0.608633
   1.629      0.606410
   1.635      0.604199
   1.642      0.601998
   1.649      0.599808
   1.655      0.597629
   1.662      0.595461
   1.669      0.593304
   1.675      0.591157
   1.682      0.589022
   1.689      0.586897
   1.695      0.584783
   1.702      0.582680
   1.709      0.580588
   1.715      0.578507
   1.722      0.576437
   1.728      0.574378
   1.735      0.572330
   1.742      0.570293
   1.748      0.568267
   1.755      0.566251
   1.762      0.564247
   1.768      0.562254
   1.775      0.560271
   1.782      0.558299
   1.788      0.556338
   1.795      0.554388
   1.802      0.552449
   1.808      0.550520
   1.815      0.548602
   1.822      0.546695
   1.828      0.544799
   1.835      0.542913
   1.841      0.541038
   1.848      0.539174
   1.855      0.537320
   1.861      0.535476
   1.868      0.533643
   1.875      0.531821
   1.881      0.530009
   1.888      0.528207
   1.895      0.526416
   1.901      0.524635
   1.908      0.522864
   1.915      0.521104
   1.921      0.519353
   1.928      0.517613
   1.935      0.515883
   1.941      0.514163
   1.948      0.512453
   1.954      0.510753
   1.961      0.509062
   1.968      0.507382
   1.974      0.505711
   1.981      0.504050
   1.988      0.502399
   1.994      0.500757
   2.001      0.499125
   2.008      0.497502
   2.014      0.495889
   2.021      0.494286
   2.028      0.492692
   2.034      0.491107
   2.041      0.489531
   2.048      0.487964
   2.054      0.486407
   2.061      0.484859
   2.068      0.483320
   2.074      0.481790
   2.081      0.480268
   2.087      0.478756
   2.094      0.477252
   2.101      0.475758
   2.107      0.474272
   2.114      0.472794
   2.121      0.471325
   2.127      0.469865
   2.134      0.468413
   2.141      0.466970
   2.147      0.465535
   2.154      0.464108
   2.161      0.462690
   2.167      0.461280
   2.174      0.459878
   2.181      0.458484
   2.187      0.457098
   2.194      0.455720
   2.200      0.454350
   2.207      0.452988
   2.214      0.451634
   2.220      0.450288
   2.227      0.448949
   2.234      0.447618
   2.240      0.446295
   2.247      0.444979
   2.254      0.443670
   2.260      0.442369
   2.267      0.441076
   2.274      0.439789
   2.280      0.438511
   2.287      0.437239
   2.294      0.435974
   2.300      0.434717
   2.307      0.433466
   2.313      0.432223
   2.320      0.430987
   2.327      0.429757
   2.333      0.428535
   2.340      0.427319
   2.347      0.426110
   2.353      0.424908
   2.360      0.423712
   2.367      0.422523
   2.373      0.421341
   2.380      0.420165
   2.387      0.418995
   2.393      0.417832
   2.400      0.416676
   2.407      0.415525
   2.413      0.414381
   2.420      0.413243
   2.427      0.412112
   2.433      0.410986
   2.440      0.409867
   2.446      0.408753
   2.453      0.407646
   2.460      0.406545
   2.466      0.405449
   2.473      0.404359
   2.480      0.403276
   2.486      0.402197
   2.493      0.401125
   2.500      0.400058
   2.506      0.398997
   2.513      0.397942
   2.520      0.396892
   2.526      0.395848
   2.533      0.394809
   2.540      0.393775
   2.546      0.392747
   2.553      0.391724
   2.559      0.390707
   2.566      0.389695
   2.573      0.388688
   2.579      0.387686
   2.586      0.386689
   2.593      0.385698
   2.599      0.384711
   2.606      0.383730
   2.613      0.382754
   2.619      0.381782
   2.626      0.380816
   2.633      0.379854
   2.639      0.378897
   2.646      0.377945
