   0.005      0.000590
   0.010      0.006789
   0.015      0.012988
   0.020      0.019400
   0.025      0.025841
   0.030      0.032293
   0.035      0.038749
   0.040      0.045209
   0.045      0.051672
   0.050      0.058139
   0.055      0.064610
   0.060      0.071084
   0.065      0.077563
   0.070      0.084046
   0.075      0.090535
   0.080      0.097028
   0.085      0.103527
   0.090      0.110032
   0.095      0.116543
   0.100      0.123061
   0.105      0.129586
   0.110      0.136118
   0.115      0.142657
   0.120      0.149205
   0.125      0.155761
   0.130      0.162325
   0.135      0.168899
   0.140      0.175482
   0.145      0.182074
   0.150      0.188676
   0.155      0.195288
   0.160      0.201910
   0.165      0.208544
   0.170      0.215188
   0.175      0.221844
   0.180      0.228511
   0.185      0.235189
   0.190      0.241880
   0.195      0.248584
   0.200      0.255299
   0.205      0.262028
   0.210      0.268769
   0.215      0.275524
   0.220      0.282292
   0.225      0.289074
   0.230      0.295869
   0.235      0.302679
   0.240      0.309502
   0.245      0.316340
   0.250      0.323193
   0.255      0.330060
   0.260      0.336942
   0.265      0.343839
   0.270      0.350751
   0.275      0.357678
   0.280      0.364621
   0.285      0.371578
   0.290      0.378552
   0.295      0.385540
   0.300      0.392545
   0.305      0.399565
   0.310      0.406601
   0.315      0.413652
   0.320      0.420720
   0.325      0.427803
   0.330      0.434901
   0.335      0.442016
   0.340      0.449146
   0.345      0.456292
   0.350      0.463454
   0.355      0.470631
   0.360      0.477824
   0.365      0.485032
   0.370      0.492255
   0.375      0.499494
   0.380      0.506748
   0.385      0.514017
   0.390      0.521300
   0.395      0.528599
   0.400      0.535912
   0.405      0.543239
   0.410      0.550580
   0.415      0.557935
   0.420      0.565304
   0.425      0.572686
   0.430      0.580082
   0.435      0.587490
   0.440      0.594911
   0.445      0.602345
   0.450      0.609790
   0.455      0.617248
   0.460      0.624716
   0.465      0.632196
   0.470      0.639686
   0.475      0.647187
   0.480      0.654697
   0.485      0.662217
   0.490      0.669746
   0.495      0.677284
   0.500      0.684830
   0.505      0.692384
   0.510      0.699944
   0.515      0.707512
   0.520      0.715085
   0.525      0.722665
   0.530      0.730249
   0.535      0.737838
   0.540      0.745431
   0.545      0.753027
   0.550      0.760627
   0.555      0.768228
   0.560      0.775831
   0.565      0.783434
   0.570      0.791038
   0.575      0.798641
   0.580      0.806243
   0.585      0.813844
   0.590      0.821441
   0.595      0.829035
   0.600      0.836625
   0.605      0.844211
   0.610      0.851790
   0.615      0.859363
   0.620      0.866929
   0.625      0.874486
   0.630      0.882035
   0.635      0.889573
   0.640      0.897101
   0.645      0.904617
   0.650      0.912121
   0.655      0.919611
   0.660      0.927087
   0.665      0.934548
   0.670      0.941992
   0.675      0.949419
   0.680      0.956828
   0.685      0.964218
   0.690      0.971587
   0.695      0.978935
   0.700      0.986261
   0.705      0.993564
   0.710      1.000842
   0.715      1.008094
   0.720      1.015320
   0.725      1.022518
   0.730      1.029688
   0.735      1.036827
   0.740      1.043936
   0.745      1.051012
   0.750      1.058055
   0.755      1.065063
   0.760      1.072036
   0.765      1.078971
   0.770      1.085869
   0.775      1.092727
   0.780      1.099545
   0.785      1.106321
   0.790      1.113054
   0.795      1.119742
   0.800      1.126385
   0.805      1.132981
   0.810      1.139529
   0.815      1.146028
   0.820      1.152476
   0.825      1.158872
   0.830      1.165214
   0.835      1.171502
   0.840      1.177734
   0.845      1.183909
   0.850      1.190025
   0.855      1.196081
   0.860      1.202076
   0.865      1.208009
   0.870      1.213877
   0.875      1.219680
   0.880      1.225416
   0.885      1.231085
   0.890      1.236684
   0.895      1.242212
   0.900      1.247667
   0.905      1.253050
   0.910      1.258357
   0.915      1.263589
   0.920      1.268742
   0.925      1.273817
   0.930      1.278811
   0.935      1.283724
   0.940      1.288553
   0.945      1.293298
   0.950      1.297958
   0.955      1.302530
   0.960      1.307014
   0.965      1.311408
   0.970      1.315711
   0.975      1.319922
   0.980      1.324039
   0.985      1.328061
   0.990      1.331987
   0.995      1.335815
   1.000      1.339544
   1.005      1.343173
   1.010      1.346701
   1.015      1.350126
   1.020      1.353448
   1.025      1.356664
   1.030      1.359774
   1.035      1.362777
   1.040      1.365671
   1.045      1.368456
   1.050      1.371129
   1.055      1.373691
   1.060      1.376140
   1.065      1.378474
   1.070      1.380694
   1.075      1.382797
   1.080      1.384783
   1.085      1.386650
   1.090      1.388399
   1.095      1.390027
   1.100      1.391534
   1.105      1.392919
   1.110      1.394181
   1.115      1.395320
   1.120      1.396334
   1.125      1.397222
   1.130      1.397984
   1.135      1.398620
   1.140      1.399127
   1.145      1.399507
   1.150      1.399757
   1.155      1.399877
   1.160      1.399867
   1.165      1.399726
   1.170      1.399454
   1.175      1.399050
   1.180      1.398513
   1.185      1.397843
   1.190      1.397040
   1.195      1.396102
   1.200      1.395031
   1.205      1.393825
   1.210      1.392484
   1.215      1.391008
   1.220      1.389397
   1.225      1.387650
   1.230      1.385767
   1.235      1.383749
   1.240      1.381594
   1.245      1.379303
   1.250      1.376876
   1.255      1.374312
   1.260      1.371613
   1.265      1.368777
   1.270      1.365806
   1.275      1.362698
   1.280      1.359455
   1.285      1.356076
   1.290      1.352562
   1.295      1.348912
   1.300      1.345128
   1.305      1.341210
   1.310      1.337157
   1.315      1.332971
   1.320      1.328651
   1.325      1.324199
   1.330      1.319614
   1.335      1.314898
   1.340      1.310050
   1.345      1.305072
   1.350      1.299964
   1.355      1.294727
   1.360      1.289361
   1.365      1.283867
   1.370      1.278246
   1.375      1.272498
   1.380      1.266625
   1.385      1.260628
   1.390      1.254506
   1.395      1.248262
   1.400      1.241896
   1.405      1.235409
   1.410      1.228801
   1.415      1.222075
   1.420      1.215231
   1.425      1.208271
   1.430      1.201194
   1.435      1.194003
   1.440      1.186698
   1.445      1.179282
   1.450      1.171754
   1.455      1.164116
   1.460      1.156370
   1.465      1.148517
   1.470      1.140558
   1.475      1.132494
   1.480      1.124327
   1.485      1.116058
   1.490      1.107688
   1.495      1.099219
   1.500      1.090653
   1.505      1.081990
   1.510      1.073233
   1.515      1.064382
   1.520      1.055439
   1.525      1.046406
   1.530      1.037285
   1.535      1.028075
   1.540      1.018781
   1.545      1.009402
   1.550      0.999941
   1.555      0.990398
   1.560      0.980776
   1.565      0.971077
   1.570      0.961301
   1.575      0.951451
   1.580      0.941529
   1.585      0.931534
   1.590      0.921471
   1.595      0.911339
   1.600      0.901142
   1.605      0.890880
   1.610      0.880555
   1.615      0.870169
   1.620      0.859723
   1.625      0.849220
   1.630      0.838660
   1.635      0.828047
   1.640      0.817381
   1.645      0.806663
   1.650      0.795897
   1.655      0.785083
   1.660      0.774223
   1.665      0.763319
   1.670      0.752373
   1.675      0.741386
   1.680      0.730360
   1.685      0.719297
   1.690      0.708198
   1.695      0.697066
   1.700      0.685901
   1.705      0.674705
   1.710      0.663481
   1.715      0.652229
   1.720      0.640952
   1.725      0.629651
   1.730      0.618328
   1.735      0.606984
   1.740      0.595621
   1.745      0.584241
   1.750      0.572845
   1.755      0.561435
   1.760      0.550012
   1.765      0.538579
   1.770      0.527136
   1.775      0.515686
   1.780      0.504229
   1.785      0.492768
   1.790      0.481303
   1.795      0.469837
   1.800      0.458371
   1.805      0.446906
   1.810      0.435444
   1.815      0.423987
   1.820      0.412535
   1.825      0.401091
   1.830      0.389656
   1.835      0.378230
   1.840      0.366817
   1.845      0.355416
   1.850      0.344030
   1.855      0.332659
   1.860      0.321306
   1.865      0.309971
   1.870      0.298656
   1.875      0.287362
   1.880      0.276090
   1.885      0.264842
   1.890      0.253619
   1.895      0.242422
   1.900      0.231253
   1.905      0.220112
   1.910      0.209002
   1.915      0.197922
   1.920      0.186875
   1.925      0.175861
   1.930      0.164882
   1.935      0.153938
   1.940      0.143032
   1.945      0.132163
   1.950      0.121333
   1.955      0.110544
   1.960      0.099796
   1.965      0.089089
   1.970      0.078427
   1.975      0.067808
   1.980      0.057235
   1.985      0.046708
   1.990      0.036228
   1.995      0.025796
   2.000      0.015414
   2.005      0.005081
   2.010     -0.005201
   2.015     -0.015431
   2.020     -0.025608
   2.025     -0.035732
   2.030     -0.045801
   2.035     -0.055815
   2.040     -0.065773
   2.045     -0.075675
   2.050     -0.085519
   2.055     -0.095304
   2.060     -0.105031
   2.065     -0.114697
   2.070     -0.124303
   2.075     -0.133848
   2.080     -0.143331
   2.085     -0.152751
   2.090     -0.162108
   2.095     -0.171401
   2.100     -0.180630
   2.105     -0.189793
   2.110     -0.198891
   2.115     -0.207922
   2.120     -0.216887
   2.125     -0.225784
   2.130     -0.234612
   2.135     -0.243373
   2.140     -0.252064
   2.145     -0.260686
   2.150     -0.269237
   2.155     -0.277718
   2.160     -0.286128
   2.165     -0.294467
   2.170     -0.302734
   2.175     -0.310928
   2.180     -0.319050
   2.185     -0.327099
   2.190     -0.335074
   2.195     -0.342975
   2.200     -0.350802
   2.205     -0.358555
   2.210     -0.366232
   2.215     -0.373835
   2.220     -0.381362
   2.225     -0.388813
   2.230     -0.396188
   2.235     -0.403487
   2.240     -0.410709
   2.245     -0.417855
   2.250     -0.424923
   2.255     -0.431914
   2.260     -0.438827
   2.265     -0.445663
   2.270     -0.452421
   2.275     -0.459101
   2.280     -0.465703
   2.285     -0.472226
   2.290     -0.478671
   2.295     -0.485037
   2.300     -0.491325
   2.305     -0.497534
   2.310     -0.503663
   2.315     -0.509714
   2.320     -0.515686
   2.325     -0.521579
   2.330     -0.527392
   2.335     -0.533126
   2.340     -0.538781
   2.345     -0.544357
   2.350     -0.549853
   2.355     -0.555270
   2.360     -0.560608
   2.365     -0.565867
   2.370     -0.571046
   2.375     -0.576146
   2.380     -0.581167
   2.385     -0.586109
   2.390     -0.590972
   2.395     -0.595756
   2.400     -0.600462
   2.405     -0.605088
   2.410     -0.609636
   2.415     -0.614105
   2.420     -0.618496
   2.425     -0.622809
   2.430     -0.627043
   2.435     -0.631200
   2.440     -0.635279
   2.445     -0.639280
   2.450     -0.643203
   2.455     -0.647050
   2.460     -0.650819
   2.465     -0.654511
   2.470     -0.658127
   2.475     -0.661666
   2.480     -0.665128
   2.485     -0.668515
   2.490     -0.671826
   2.495     -0.675061
   2.500     -0.678221
   2.505     -0.681306
   2.510     -0.684315
   2.515     -0.687250
   2.520     -0.690110
   2.525     -0.692897
   2.530     -0.695610
   2.535     -0.698249
   2.540     -0.700816
   2.545     -0.703309
   2.550     -0.705730
   2.555     -0.708079
   2.560     -0.710357
   2.565     -0.712562
   2.570     -0.714697
   2.575     -0.716761
   2.580     -0.718754
   2.585     -0.720677
   2.590     -0.722530
   2.595     -0.724315
   2.600     -0.726030
   2.605     -0.727676
   2.610     -0.729254
   2.615     -0.730765
   2.620     -0.732208
   2.625     -0.733583
   2.630     -0.734893
   2.635     -0.736135
   2.640     -0.737312
   2.645     -0.738424
   2.650     -0.739471
   2.655     -0.740453
   2.660     -0.741370
   2.665     -0.742224
   2.670     -0.743015
   2.675     -0.743743
   2.680     -0.744408
   2.685     -0.745012
   2.690     -0.745553
   2.695     -0.746034
   2.700     -0.746454
   2.705     -0.746814
   2.710     -0.747114
   2.715     -0.747355
   2.720     -0.747538
   2.725     -0.747661
   2.730     -0.747727
   2.735     -0.747736
   2.740     -0.747688
   2.745     -0.747583
   2.750     -0.747423
   2.755     -0.747207
   2.760     -0.746936
   2.765     -0.746610
   2.770     -0.746231
   2.775     -0.745798
   2.780     -0.745312
   2.785     -0.744773
   2.790     -0.744183
   2.795     -0.743541
   2.800     -0.742848
   2.805     -0.742105
   2.810     -0.741312
   2.815     -0.740469
   2.820     -0.739577
   2.825     -0.738637
   2.830     -0.737649
   2.835     -0.736614
   2.840     -0.735531
   2.845     -0.734402
   2.850     -0.733228
   2.855     -0.732008
   2.860     -0.730743
   2.865     -0.729434
   2.870     -0.728080
   2.875     -0.726684
   2.880     -0.725245
   2.885     -0.723764
   2.890     -0.722240
   2.895     -0.720676
   2.900     -0.719071
   2.905     -0.717426
   2.910     -0.715741
   2.915     -0.714017
   2.920     -0.712254
   2.925     -0.710453
   2.930     -0.708615
   2.935     -0.706739
   2.940     -0.704827
   2.945     -0.702879
   2.950     -0.700895
   2.955     -0.698877
   2.960     -0.696823
   2.965     -0.694736
   2.970     -0.692616
   2.975     -0.690462
   2.980     -0.688276
   2.985     -0.686058
   2.990     -0.683809
   2.995     -0.681529
   3.000     -0.679218
   3.005     -0.676877
   3.010     -0.674507
   3.015     -0.672108
   3.020     -0.669681
   3.025     -0.667226
   3.030     -0.664744
   3.035     -0.662234
   3.040     -0.659698
   3.045     -0.657137
   3.050     -0.654550
   3.055     -0.651938
   3.060     -0.649301
   3.065     -0.646641
   3.070     -0.643957
   3.075     -0.641250
   3.080     -0.638521
   3.085     -0.635770
   3.090     -0.632997
   3.095     -0.630203
   3.100     -0.627389
   3.105     -0.624554
   3.110     -0.621700
   3.115     -0.618827
   3.120     -0.615935
   3.125     -0.613025
   3.130     -0.610097
   3.135     -0.607152
   3.140     -0.604190
   3.145     -0.601211
   3.150     -0.598217
   3.155     -0.595207
   3.160     -0.592182
   3.165     -0.589142
   3.170     -0.586089
   3.175     -0.583021
   3.180     -0.579940
   3.185     -0.576847
   3.190     -0.573741
   3.195     -0.570623
   3.200     -0.567493
   3.205     -0.564352
   3.210     -0.561201
   3.215     -0.558039
   3.220     -0.554867
   3.225     -0.551686
   3.230     -0.548496
   3.235     -0.545297
   3.240     -0.542089
   3.245     -0.538874
   3.250     -0.535651
   3.255     -0.532422
   3.260     -0.529185
   3.265     -0.525942
   3.270     -0.522694
   3.275     -0.519440
   3.280     -0.516180
   3.285     -0.512916
   3.290     -0.509647
   3.295     -0.506374
   3.300     -0.503098
   3.305     -0.499818
   3.310     -0.496535
   3.315     -0.493250
   3.320     -0.489962
   3.325     -0.486673
   3.330     -0.483382
   3.335     -0.480089
   3.340     -0.476796
   3.345     -0.473502
   3.350     -0.470208
   3.355     -0.466914
   3.360     -0.463620
   3.365     -0.460327
   3.370     -0.457035
   3.375     -0.453745
   3.380     -0.450456
   3.385     -0.447169
   3.390     -0.443884
   3.395     -0.440602
   3.400     -0.437323
   3.405     -0.434047
   3.410     -0.430775
   3.415     -0.427506
   3.420     -0.424241
   3.425     -0.420981
   3.430     -0.417725
   3.435     -0.414474
   3.440     -0.411228
   3.445     -0.407988
   3.450     -0.404753
   3.455     -0.401524
   3.460     -0.398302
   3.465     -0.395085
   3.470     -0.391876
   3.475     -0.388673
   3.480     -0.385478
   3.485     -0.382290
   3.490     -0.379109
   3.495     -0.375937
   3.500     -0.372772
   3.505     -0.369616
   3.510     -0.366469
   3.515     -0.363330
   3.520     -0.360200
   3.525     -0.357079
   3.530     -0.353968
   3.535     -0.350866
   3.540     -0.347775
   3.545     -0.344693
   3.550     -0.341621
   3.555     -0.338560
   3.560     -0.335509
   3.565     -0.332469
   3.570     -0.329440
   3.575     -0.326423
   3.580     -0.323416
   3.585     -0.320421
   3.590     -0.317437
   3.595     -0.314466
   3.600     -0.311506
   3.605     -0.308559
   3.610     -0.305623
   3.615     -0.302701
   3.620     -0.299790
   3.625     -0.296893
   3.630     -0.294008
   3.635     -0.291137
   3.640     -0.288278
   3.645     -0.285433
   3.650     -0.282601
   3.655     -0.279783
   3.660     -0.276978
   3.665     -0.274187
   3.670     -0.271410
   3.675     -0.268647
   3.680     -0.265899
   3.685     -0.263164
   3.690     -0.260444
   3.695     -0.257738
   3.700     -0.255047
   3.705     -0.252370
   3.710     -0.249709
   3.715     -0.247062
   3.720     -0.244430
   3.725     -0.241813
   3.730     -0.239211
   3.735     -0.236624
   3.740     -0.234052
   3.745     -0.231496
   3.750     -0.228955
   3.755     -0.226430
   3.760     -0.223920
   3.765     -0.221426
   3.770     -0.218948
   3.775     -0.216485
   3.780     -0.214038
   3.785     -0.211607
   3.790     -0.209191
   3.795     -0.206792
   3.800     -0.204409
   3.805     -0.202041
   3.810     -0.199690
   3.815     -0.197355
   3.820     -0.195036
   3.825     -0.192733
   3.830     -0.190446
   3.835     -0.188176
   3.840     -0.185922
   3.845     -0.183684
   3.850     -0.181463
   3.855     -0.179257
   3.860     -0.177069
   3.865     -0.174896
   3.870     -0.172740
   3.875     -0.170600
   3.880     -0.168477
   3.885     -0.166370
   3.890     -0.164280
   3.895     -0.162206
   3.900     -0.160148
   3.905     -0.158107
   3.910     -0.156082
   3.915     -0.154074
   3.920     -0.152082
   3.925     -0.150107
   3.930     -0.148147
   3.935     -0.146205
   3.940     -0.144278
   3.945     -0.142368
   3.950     -0.140475
   3.955     -0.138597
   3.960     -0.136736
   3.965     -0.134891
   3.970     -0.133063
   3.975     -0.131250
   3.980     -0.129454
   3.985     -0.127674
   3.990     -0.125910
   3.995     -0.124162
   4.000     -0.122431
   4.005     -0.120715
   4.010     -0.119015
   4.015     -0.117331
   4.020     -0.115663
   4.025     -0.114011
   4.030     -0.112375
   4.035     -0.110755
   4.040     -0.109150
   4.045     -0.107561
   4.050     -0.105987
   4.055     -0.104430
   4.060     -0.102887
   4.065     -0.101360
   4.070     -0.099849
   4.075     -0.098353
   4.080     -0.096872
   4.085     -0.095407
   4.090     -0.093956
   4.095     -0.092521
   4.100     -0.091101
   4.105     -0.089696
   4.110     -0.088306
   4.115     -0.086931
   4.120     -0.085570
   4.125     -0.084224
   4.130     -0.082893
   4.135     -0.081577
   4.140     -0.080275
   4.145     -0.078988
   4.150     -0.077715
   4.155     -0.076456
   4.160     -0.075211
   4.165     -0.073981
   4.170     -0.072765
   4.175     -0.071563
   4.180     -0.070375
   4.185     -0.069200
   4.190     -0.068040
   4.195     -0.066893
   4.200     -0.065760
   4.205     -0.064640
   4.210     -0.063534
   4.215     -0.062441
   4.220     -0.061362
   4.225     -0.060296
   4.230     -0.059243
   4.235     -0.058203
   4.240     -0.057176
   4.245     -0.056162
   4.250     -0.055161
   4.255     -0.054172
   4.260     -0.053196
   4.265     -0.052233
   4.270     -0.051282
   4.275     -0.050344
   4.280     -0.049417
   4.285     -0.048503
   4.290     -0.047602
   4.295     -0.046712
   4.300     -0.045834
   4.305     -0.044968
   4.310     -0.044114
   4.315     -0.043271
   4.320     -0.042440
   4.325     -0.041621
   4.330     -0.040812
   4.335     -0.040016
   4.340     -0.039230
   4.345     -0.038455
   4.350     -0.037692
   4.355     -0.036940
   4.360     -0.036198
   4.365     -0.035467
   4.370     -0.034747
   4.375     -0.034037
   4.380     -0.033338
   4.385     -0.032649
   4.390     -0.031971
   4.395     -0.031303
   4.400     -0.030644
   4.405     -0.029996
   4.410     -0.029358
   4.415     -0.028730
   4.420     -0.028111
   4.425     -0.027502
   4.430     -0.026903
   4.435     -0.026313
   4.440     -0.025732
   4.445     -0.025161
   4.450     -0.024599
   4.455     -0.024046
   4.460     -0.023502
   4.465     -0.022967
   4.470     -0.022441
   4.475     -0.021923
   4.480     -0.021414
   4.485     -0.020914
   4.490     -0.020422
   4.495     -0.019939
   4.500     -0.019464
   4.505     -0.018997
   4.510     -0.018538
   4.515     -0.018087
   4.520     -0.017644
   4.525     -0.017209
   4.530     -0.016782
   4.535     -0.016362
   4.540     -0.015950
   4.545     -0.015546
   4.550     -0.015149
   4.555     -0.014759
   4.560     -0.014376
   4.565     -0.014001
   4.570     -0.013632
   4.575     -0.013271
   4.580     -0.012916
   4.585     -0.012568
   4.590     -0.012227
   4.595     -0.011893
   4.600     -0.011565
   4.605     -0.011244
   4.610     -0.010929
   4.615     -0.010620
   4.620     -0.010317
   4.625     -0.010021
   4.630     -0.009731
   4.635     -0.009446
   4.640     -0.009168
   4.645     -0.008895
   4.650     -0.008629
   4.655     -0.008367
   4.660     -0.008112
   4.665     -0.007862
   4.670     -0.007617
   4.675     -0.007378
   4.680     -0.007143
   4.685     -0.006915
   4.690     -0.006691
   4.695     -0.006472
   4.700     -0.006258
   4.705     -0.006050
   4.710     -0.005846
   4.715     -0.005646
   4.720     -0.005452
   4.725     -0.005262
   4.730     -0.005076
   4.735     -0.004895
   4.740     -0.004719
   4.745     -0.004547
   4.750     -0.004379
   4.755     -0.004215
   4.760     -0.004055
   4.765     -0.003900
   4.770     -0.003748
   4.775     -0.003600
   4.780     -0.003456
   4.785     -0.003316
   4.790     -0.003180
   4.795     -0.003047
   4.800     -0.002918
   4.805     -0.002793
   4.810     -0.002671
   4.815     -0.002552
   4.820     -0.002437
   4.825     -0.002325
   4.830     -0.002216
   4.835     -0.002110
   4.840     -0.002008
   4.845     -0.001909
   4.850     -0.001812
   4.855     -0.001719
   4.860     -0.001628
   4.865     -0.001540
   4.870     -0.001455
   4.875     -0.001373
   4.880     -0.001293
   4.885     -0.001216
   4.890     -0.001141
   4.895     -0.001069
   4.900     -0.001000
   4.905     -0.000933
   4.910     -0.000868
   4.915     -0.000805
   4.920     -0.000745
   4.925     -0.000686
   4.930     -0.000630
   4.935     -0.000576
   4.940     -0.000524
   4.945     -0.000474
   4.950     -0.000426
   4.955     -0.000379
   4.960     -0.000335
   4.965     -0.000292
   4.970     -0.000250
   4.975     -0.000211
   4.980     -0.000173
   4.985     -0.000136
   4.990     -0.000100
   4.995     -0.000066
   5.000     -0.000033
   5.005      0.000000
