   0.005      0.682481
   0.010      0.682561
   0.015      0.682641
   0.020      0.682774
   0.025      0.682961
   0.030      0.683201
   0.035      0.683495
   0.040      0.683842
   0.045      0.684242
   0.050      0.684696
   0.055      0.685202
   0.060      0.685763
   0.065      0.686376
   0.070      0.687043
   0.075      0.687763
   0.080      0.688536
   0.085      0.689363
   0.090      0.690243
   0.095      0.691176
   0.100      0.692163
   0.105      0.693203
   0.110      0.694296
   0.115      0.695443
   0.120      0.696643
   0.125      0.697896
   0.130      0.699203
   0.135      0.700563
   0.140      0.701977
   0.145      0.703445
   0.150      0.704965
   0.155      0.706540
   0.160      0.708168
   0.165      0.709849
   0.170      0.711584
   0.175      0.713373
   0.180      0.715216
   0.185      0.717113
   0.190      0.719063
   0.195      0.721067
   0.200      0.723125
   0.205      0.725238
   0.210      0.727404
   0.215      0.729624
   0.220      0.731899
   0.225      0.734227
   0.230      0.736610
   0.235      0.739047
   0.240      0.741539
   0.245      0.744085
   0.250      0.746685
   0.255      0.749340
   0.260      0.752050
   0.265      0.754814
   0.270      0.757633
   0.275      0.760506
   0.280      0.763434
   0.285      0.766417
   0.290      0.769455
   0.295      0.772548
   0.300      0.775695
   0.305      0.778897
   0.310      0.782155
   0.315      0.785467
   0.320      0.788834
   0.325      0.792256
   0.330      0.795733
   0.335      0.799264
   0.340      0.802851
   0.345      0.806493
   0.350      0.810189
   0.355      0.813940
   0.360      0.817746
   0.365      0.821606
   0.370      0.825521
   0.375      0.829491
   0.380      0.833515
   0.385      0.837593
   0.390      0.841725
   0.395      0.845912
   0.400      0.850152
   0.405      0.854446
   0.410      0.858794
   0.415      0.863195
   0.420      0.867650
   0.425      0.872157
   0.430      0.876717
   0.435      0.881330
   0.440      0.885996
   0.445      0.890713
   0.450      0.895482
   0.455      0.900303
   0.460      0.905175
   0.465      0.910097
   0.470      0.915070
   0.475      0.920094
   0.480      0.925167
   0.485      0.930289
   0.490      0.935460
   0.495      0.940679
   0.500      0.945946
   0.505      0.951261
   0.510      0.956622
   0.515      0.962029
   0.520      0.967483
   0.525      0.972981
   0.530      0.978524
   0.535      0.984110
   0.540      0.989739
   0.545      0.995411
   0.550      1.001125
   0.555      1.006879
   0.560      1.012673
   0.565      1.018506
   0.570      1.024378
   0.575      1.030287
   0.580      1.036232
   0.585      1.042213
   0.590      1.048229
   0.595      1.054278
   0.600      1.060359
   0.605      1.066472
   0.610      1.072615
   0.615      1.078788
   0.620      1.084988
   0.625      1.091215
   0.630      1.097467
   0.635      1.103744
   0.640      1.110044
   0.645      1.116365
   0.650      1.122706
   0.655      1.129066
   0.660      1.135443
   0.665      1.141836
   0.670      1.148244
   0.675      1.154664
   0.680      1.161095
   0.685      1.167535
   0.690      1.173983
   0.695      1.180438
   0.700      1.186897
   0.705      1.193358
   0.710      1.199820
   0.715      1.206281
   0.720      1.212739
   0.725      1.219191
   0.730      1.225638
   0.735      1.232075
   0.740      1.238501
   0.745      1.244914
   0.750      1.251313
   0.755      1.257694
   0.760      1.264055
   0.765      1.270395
   0.770      1.276712
   0.775      1.283002
   0.780      1.289264
   0.785      1.295495
   0.790      1.301693
   0.795      1.307856
   0.800      1.313981
   0.805      1.320066
   0.810      1.326108
   0.815      1.332104
   0.820      1.338054
   0.825      1.343952
   0.830      1.349798
   0.835      1.355589
   0.840      1.361322
   0.845      1.366994
   0.850      1.372602
   0.855      1.378145
   0.860      1.383619
   0.865      1.389022
   0.870      1.394351
   0.875      1.399604
   0.880      1.404777
   0.885      1.409868
   0.890      1.414874
   0.895      1.419793
   0.900      1.424621
   0.905      1.429356
   0.910      1.433996
   0.915      1.438537
   0.920      1.442977
   0.925      1.447314
   0.930      1.451543
   0.935      1.455664
   0.940      1.459672
   0.945      1.463566
   0.950      1.467342
   0.955      1.470999
   0.960      1.474533
   0.965      1.477942
   0.970      1.481224
   0.975      1.484375
   0.980      1.487394
   0.985      1.490277
   0.990      1.493023
   0.995      1.495629
   1.000      1.498092
   1.005      1.500411
   1.010      1.502583
   1.015      1.504605
   1.020      1.506476
   1.025      1.508193
   1.030      1.509755
   1.035      1.511159
   1.040      1.512403
   1.045      1.513485
   1.050      1.514403
   1.055      1.515156
   1.060      1.515742
   1.065      1.516159
   1.070      1.516405
   1.075      1.516478
   1.080      1.516378
   1.085      1.516103
   1.090      1.515650
   1.095      1.515020
   1.100      1.514210
   1.105      1.513220
   1.110      1.512048
   1.115      1.510694
   1.120      1.509155
   1.125      1.507433
   1.130      1.505524
   1.135      1.503430
   1.140      1.501149
   1.145      1.498680
   1.150      1.496023
   1.155      1.493178
   1.160      1.490144
   1.165      1.486921
   1.170      1.483508
   1.175      1.479907
   1.180      1.476115
   1.185      1.472135
   1.190      1.467964
   1.195      1.463605
   1.200      1.459057
   1.205      1.454320
   1.210      1.449395
   1.215      1.444283
   1.220      1.438983
   1.225      1.433497
   1.230      1.427826
   1.235      1.421969
   1.240      1.415928
   1.245      1.409705
   1.250      1.403299
   1.255      1.396712
   1.260      1.389945
   1.265      1.383000
   1.270      1.375877
   1.275      1.368579
   1.280      1.361105
   1.285      1.353459
   1.290      1.345641
   1.295      1.337654
   1.300      1.329498
   1.305      1.321176
   1.310      1.312689
   1.315      1.304039
   1.320      1.295228
   1.325      1.286258
   1.330      1.277131
   1.335      1.267849
   1.340      1.258414
   1.345      1.248829
   1.350      1.239095
   1.355      1.229214
   1.360      1.219189
   1.365      1.209023
   1.370      1.198717
   1.375      1.188274
   1.380      1.177697
   1.385      1.166987
   1.390      1.156148
   1.395      1.145181
   1.400      1.134089
   1.405      1.122876
   1.410      1.111542
   1.415      1.100092
   1.420      1.088528
   1.425      1.076851
   1.430      1.065066
   1.435      1.053174
   1.440      1.041179
   1.445      1.029082
   1.450      1.016887
   1.455      1.004596
   1.460      0.992213
   1.465      0.979739
   1.470      0.967178
   1.475      0.954532
   1.480      0.941805
   1.485      0.928998
   1.490      0.916114
   1.495      0.903157
   1.500      0.890129
   1.505      0.877032
   1.510      0.863870
   1.515      0.850645
   1.520      0.837360
   1.525      0.824018
   1.530      0.810621
   1.535      0.797171
   1.540      0.783673
   1.545      0.770128
   1.550      0.756538
   1.555      0.742907
   1.560      0.729238
   1.565      0.715532
   1.570      0.701792
   1.575      0.688022
   1.580      0.674222
   1.585      0.660397
   1.590      0.646549
   1.595      0.632679
   1.600      0.618791
   1.605      0.604886
   1.610      0.590968
   1.615      0.577039
   1.620      0.563101
   1.625      0.549157
   1.630      0.535208
   1.635      0.521257
   1.640      0.507307
   1.645      0.493359
   1.650      0.479416
   1.655      0.465481
   1.660      0.451554
   1.665      0.437639
   1.670      0.423738
   1.675      0.409852
   1.680      0.395984
   1.685      0.382136
   1.690      0.368310
   1.695      0.354507
   1.700      0.340731
   1.705      0.326982
   1.710      0.313263
   1.715      0.299575
   1.720      0.285921
   1.725      0.272302
   1.730      0.258720
   1.735      0.245177
   1.740      0.231674
   1.745      0.218214
   1.750      0.204798
   1.755      0.191427
   1.760      0.178104
   1.765      0.164830
   1.770      0.151606
   1.775      0.138434
   1.780      0.125316
   1.785      0.112253
   1.790      0.099247
   1.795      0.086299
   1.800      0.073410
   1.805      0.060582
   1.810      0.047816
   1.815      0.035114
   1.820      0.022477
   1.825      0.009906
   1.830     -0.002598
   1.835     -0.015033
   1.840     -0.027398
   1.845     -0.039692
   1.850     -0.051913
   1.855     -0.064062
   1.860     -0.076135
   1.865     -0.088133
   1.870     -0.100055
   1.875     -0.111899
   1.880     -0.123664
   1.885     -0.135349
   1.890     -0.146954
   1.895     -0.158477
   1.900     -0.169917
   1.905     -0.181275
   1.910     -0.192547
   1.915     -0.203735
   1.920     -0.214837
   1.925     -0.225852
   1.930     -0.236779
   1.935     -0.247618
   1.940     -0.258369
   1.945     -0.269029
   1.950     -0.279599
   1.955     -0.290078
   1.960     -0.300465
   1.965     -0.310760
   1.970     -0.320961
   1.975     -0.331070
   1.980     -0.341084
   1.985     -0.351003
   1.990     -0.360828
   1.995     -0.370556
   2.000     -0.380189
   2.005     -0.389725
   2.010     -0.399164
   2.015     -0.408505
   2.020     -0.417748
   2.025     -0.426894
   2.030     -0.435940
   2.035     -0.444888
   2.040     -0.453736
   2.045     -0.462485
   2.050     -0.471134
   2.055     -0.479683
   2.060     -0.488131
   2.065     -0.496479
   2.070     -0.504725
   2.075     -0.512871
   2.080     -0.520916
   2.085     -0.528859
   2.090     -0.536700
   2.095     -0.544440
   2.100     -0.552078
   2.105     -0.559614
   2.110     -0.567048
   2.115     -0.574380
   2.120     -0.581610
   2.125     -0.588737
   2.130     -0.595763
   2.135     -0.602686
   2.140     -0.609507
   2.145     -0.616226
   2.150     -0.622843
   2.155     -0.629358
   2.160     -0.635770
   2.165     -0.642081
   2.170     -0.648290
   2.175     -0.654397
   2.180     -0.660402
   2.185     -0.666306
   2.190     -0.672109
   2.195     -0.677810
   2.200     -0.683411
   2.205     -0.688910
   2.210     -0.694309
   2.215     -0.699608
   2.220     -0.704806
   2.225     -0.709904
   2.230     -0.714903
   2.235     -0.719802
   2.240     -0.724602
   2.245     -0.729302
   2.250     -0.733905
   2.255     -0.738409
   2.260     -0.742814
   2.265     -0.747123
   2.270     -0.751333
   2.275     -0.755447
   2.280     -0.759464
   2.285     -0.763385
   2.290     -0.767210
   2.295     -0.770939
   2.300     -0.774573
   2.305     -0.778112
   2.310     -0.781557
   2.315     -0.784908
   2.320     -0.788165
   2.325     -0.791329
   2.330     -0.794401
   2.335     -0.797380
   2.340     -0.800268
   2.345     -0.803064
   2.350     -0.805769
   2.355     -0.808384
   2.360     -0.810908
   2.365     -0.813343
   2.370     -0.815689
   2.375     -0.817947
   2.380     -0.820118
   2.385     -0.822200
   2.390     -0.824197
   2.395     -0.826107
   2.400     -0.827931
   2.405     -0.829670
   2.410     -0.831325
   2.415     -0.832895
   2.420     -0.834383
   2.425     -0.835787
   2.430     -0.837109
   2.435     -0.838350
   2.440     -0.839509
   2.445     -0.840588
   2.450     -0.841587
   2.455     -0.842507
   2.460     -0.843348
   2.465     -0.844111
   2.470     -0.844796
   2.475     -0.845405
   2.480     -0.845937
   2.485     -0.846394
   2.490     -0.846776
   2.495     -0.847084
   2.500     -0.847318
   2.505     -0.847479
   2.510     -0.847568
   2.515     -0.847585
   2.520     -0.847531
   2.525     -0.847406
   2.530     -0.847212
   2.535     -0.846948
   2.540     -0.846616
   2.545     -0.846217
   2.550     -0.845750
   2.555     -0.845217
   2.560     -0.844618
   2.565     -0.843954
   2.570     -0.843226
   2.575     -0.842434
   2.580     -0.841579
   2.585     -0.840661
   2.590     -0.839682
   2.595     -0.838642
   2.600     -0.837542
   2.605     -0.836382
   2.610     -0.835163
   2.615     -0.833885
   2.620     -0.832551
   2.625     -0.831159
   2.630     -0.829711
   2.635     -0.828208
   2.640     -0.826649
   2.645     -0.825037
   2.650     -0.823371
   2.655     -0.821653
   2.660     -0.819882
   2.665     -0.818061
   2.670     -0.816188
   2.675     -0.814265
   2.680     -0.812294
   2.685     -0.810273
   2.690     -0.808205
   2.695     -0.806089
   2.700     -0.803927
   2.705     -0.801719
   2.710     -0.799466
   2.715     -0.797168
   2.720     -0.794827
   2.725     -0.792442
   2.730     -0.790015
   2.735     -0.787546
   2.740     -0.785036
   2.745     -0.782485
   2.750     -0.779895
   2.755     -0.777266
   2.760     -0.774598
   2.765     -0.771893
   2.770     -0.769150
   2.775     -0.766371
   2.780     -0.763556
   2.785     -0.760706
   2.790     -0.757822
   2.795     -0.754904
   2.800     -0.751952
   2.805     -0.748968
   2.810     -0.745953
   2.815     -0.742906
   2.820     -0.739828
   2.825     -0.736721
   2.830     -0.733584
   2.835     -0.730418
   2.840     -0.727225
   2.845     -0.724004
   2.850     -0.720756
   2.855     -0.717482
   2.860     -0.714183
   2.865     -0.710858
   2.870     -0.707510
   2.875     -0.704137
   2.880     -0.700741
   2.885     -0.697323
   2.890     -0.693883
   2.895     -0.690422
   2.900     -0.686940
   2.905     -0.683437
   2.910     -0.679915
   2.915     -0.676374
   2.920     -0.672815
   2.925     -0.669238
   2.930     -0.665644
   2.935     -0.662032
   2.940     -0.658405
   2.945     -0.654762
   2.950     -0.651104
   2.955     -0.647432
   2.960     -0.643745
   2.965     -0.640045
   2.970     -0.636333
   2.975     -0.632608
   2.980     -0.628871
   2.985     -0.625123
   2.990     -0.621364
   2.995     -0.617594
   3.000     -0.613815
   3.005     -0.610027
   3.010     -0.606230
   3.015     -0.602425
   3.020     -0.598612
   3.025     -0.594792
   3.030     -0.590965
   3.035     -0.587132
   3.040     -0.583293
   3.045     -0.579448
   3.050     -0.575599
   3.055     -0.571746
   3.060     -0.567888
   3.065     -0.564027
   3.070     -0.560163
   3.075     -0.556296
   3.080     -0.552427
   3.085     -0.548556
   3.090     -0.544685
   3.095     -0.540812
   3.100     -0.536939
   3.105     -0.533065
   3.110     -0.529192
   3.115     -0.525320
   3.120     -0.521450
   3.125     -0.517580
   3.130     -0.513713
   3.135     -0.509848
   3.140     -0.505986
   3.145     -0.502127
   3.150     -0.498272
   3.155     -0.494420
   3.160     -0.490573
   3.165     -0.486730
   3.170     -0.482893
   3.175     -0.479061
   3.180     -0.475234
   3.185     -0.471413
   3.190     -0.467599
   3.195     -0.463792
   3.200     -0.459991
   3.205     -0.456198
   3.210     -0.452413
   3.215     -0.448636
   3.220     -0.444866
   3.225     -0.441106
   3.230     -0.437354
   3.235     -0.433612
   3.240     -0.429879
   3.245     -0.426156
   3.250     -0.422443
   3.255     -0.418741
   3.260     -0.415049
   3.265     -0.411368
   3.270     -0.407698
   3.275     -0.404040
   3.280     -0.400393
   3.285     -0.396758
   3.290     -0.393136
   3.295     -0.389526
   3.300     -0.385928
   3.305     -0.382344
   3.310     -0.378772
   3.315     -0.375214
   3.320     -0.371670
   3.325     -0.368139
   3.330     -0.364623
   3.335     -0.361121
   3.340     -0.357633
   3.345     -0.354159
   3.350     -0.350701
   3.355     -0.347258
   3.360     -0.343829
   3.365     -0.340417
   3.370     -0.337019
   3.375     -0.333638
   3.380     -0.330273
   3.385     -0.326923
   3.390     -0.323590
   3.395     -0.320273
   3.400     -0.316973
   3.405     -0.313690
   3.410     -0.310423
   3.415     -0.307174
   3.420     -0.303941
   3.425     -0.300726
   3.430     -0.297529
   3.435     -0.294349
   3.440     -0.291186
   3.445     -0.288041
   3.450     -0.284915
   3.455     -0.281806
   3.460     -0.278716
   3.465     -0.275643
   3.470     -0.272589
   3.475     -0.269554
   3.480     -0.266537
   3.485     -0.263539
   3.490     -0.260559
   3.495     -0.257598
   3.500     -0.254656
   3.505     -0.251733
   3.510     -0.248829
   3.515     -0.245945
   3.520     -0.243079
   3.525     -0.240233
   3.530     -0.237406
   3.535     -0.234598
   3.540     -0.231810
   3.545     -0.229041
   3.550     -0.226291
   3.555     -0.223562
   3.560     -0.220852
   3.565     -0.218161
   3.570     -0.215490
   3.575     -0.212839
   3.580     -0.210208
   3.585     -0.207596
   3.590     -0.205004
   3.595     -0.202432
   3.600     -0.199880
   3.605     -0.197348
   3.610     -0.194835
   3.615     -0.192343
   3.620     -0.189870
   3.625     -0.187417
   3.630     -0.184984
   3.635     -0.182571
   3.640     -0.180178
   3.645     -0.177805
   3.650     -0.175451
   3.655     -0.173118
   3.660     -0.170804
   3.665     -0.168510
   3.670     -0.166236
   3.675     -0.163982
   3.680     -0.161747
   3.685     -0.159532
   3.690     -0.157337
   3.695     -0.155162
   3.700     -0.153006
   3.705     -0.150870
   3.710     -0.148754
   3.715     -0.146657
   3.720     -0.144579
   3.725     -0.142521
   3.730     -0.140483
   3.735     -0.138464
   3.740     -0.136464
   3.745     -0.134483
   3.750     -0.132522
   3.755     -0.130580
   3.760     -0.128657
   3.765     -0.126753
   3.770     -0.124868
   3.775     -0.123002
   3.780     -0.121154
   3.785     -0.119326
   3.790     -0.117516
   3.795     -0.115725
   3.800     -0.113953
   3.805     -0.112199
   3.810     -0.110464
   3.815     -0.108747
   3.820     -0.107049
   3.825     -0.105368
   3.830     -0.103706
   3.835     -0.102062
   3.840     -0.100436
   3.845     -0.098828
   3.850     -0.097238
   3.855     -0.095665
   3.860     -0.094110
   3.865     -0.092573
   3.870     -0.091053
   3.875     -0.089551
   3.880     -0.088066
   3.885     -0.086598
   3.890     -0.085148
   3.895     -0.083714
   3.900     -0.082297
   3.905     -0.080897
   3.910     -0.079514
   3.915     -0.078148
   3.920     -0.076798
   3.925     -0.075465
   3.930     -0.074148
   3.935     -0.072847
   3.940     -0.071563
   3.945     -0.070294
   3.950     -0.069042
   3.955     -0.067805
   3.960     -0.066584
   3.965     -0.065379
   3.970     -0.064189
   3.975     -0.063015
   3.980     -0.061856
   3.985     -0.060712
   3.990     -0.059584
   3.995     -0.058470
   4.000     -0.057371
   4.005     -0.056287
   4.010     -0.055218
   4.015     -0.054164
   4.020     -0.053123
   4.025     -0.052098
   4.030     -0.051086
   4.035     -0.050088
   4.040     -0.049105
   4.045     -0.048135
   4.050     -0.047180
   4.055     -0.046237
   4.060     -0.045309
   4.065     -0.044394
   4.070     -0.043492
   4.075     -0.042603
   4.080     -0.041728
   4.085     -0.040866
   4.090     -0.040016
   4.095     -0.039179
   4.100     -0.038355
   4.105     -0.037543
   4.110     -0.036744
   4.115     -0.035957
   4.120     -0.035183
   4.125     -0.034420
   4.130     -0.033669
   4.135     -0.032931
   4.140     -0.032204
   4.145     -0.031488
   4.150     -0.030784
   4.155     -0.030092
   4.160     -0.029411
   4.165     -0.028741
   4.170     -0.028082
   4.175     -0.027433
   4.180     -0.026796
   4.185     -0.026170
   4.190     -0.025554
   4.195     -0.024948
   4.200     -0.024353
   4.205     -0.023769
   4.210     -0.023194
   4.215     -0.022629
   4.220     -0.022075
   4.225     -0.021530
   4.230     -0.020995
   4.235     -0.020469
   4.240     -0.019953
   4.245     -0.019447
   4.250     -0.018950
   4.255     -0.018461
   4.260     -0.017982
   4.265     -0.017512
   4.270     -0.017051
   4.275     -0.016598
   4.280     -0.016154
   4.285     -0.015719
   4.290     -0.015292
   4.295     -0.014873
   4.300     -0.014463
   4.305     -0.014060
   4.310     -0.013666
   4.315     -0.013279
   4.320     -0.012901
   4.325     -0.012530
   4.330     -0.012166
   4.335     -0.011811
   4.340     -0.011462
   4.345     -0.011121
   4.350     -0.010787
   4.355     -0.010460
   4.360     -0.010140
   4.365     -0.009827
   4.370     -0.009521
   4.375     -0.009221
   4.380     -0.008928
   4.385     -0.008642
   4.390     -0.008362
   4.395     -0.008088
   4.400     -0.007821
   4.405     -0.007559
   4.410     -0.007304
   4.415     -0.007055
   4.420     -0.006812
   4.425     -0.006574
   4.430     -0.006342
   4.435     -0.006116
   4.440     -0.005895
   4.445     -0.005679
   4.450     -0.005469
   4.455     -0.005265
   4.460     -0.005065
   4.465     -0.004870
   4.470     -0.004681
   4.475     -0.004496
   4.480     -0.004316
   4.485     -0.004141
   4.490     -0.003971
   4.495     -0.003805
   4.500     -0.003644
   4.505     -0.003487
   4.510     -0.003334
   4.515     -0.003186
   4.520     -0.003042
   4.525     -0.002902
   4.530     -0.002766
   4.535     -0.002634
   4.540     -0.002506
   4.545     -0.002382
   4.550     -0.002261
   4.555     -0.002145
   4.560     -0.002031
   4.565     -0.001922
   4.570     -0.001815
   4.575     -0.001713
   4.580     -0.001613
   4.585     -0.001517
   4.590     -0.001424
   4.595     -0.001334
   4.600     -0.001247
   4.605     -0.001163
   4.610     -0.001082
   4.615     -0.001004
   4.620     -0.000928
   4.625     -0.000856
   4.630     -0.000786
   4.635     -0.000718
   4.640     -0.000653
   4.645     -0.000591
   4.650     -0.000531
   4.655     -0.000473
   4.660     -0.000417
   4.665     -0.000364
   4.670     -0.000312
   4.675     -0.000263
   4.680     -0.000215
   4.685     -0.000169
   4.690     -0.000125
   4.695     -0.000082
   4.700     -0.000041
   4.705      0.000000
