   0.005      0.307638
   0.010      0.307691
   0.015      0.307744
   0.020      0.307833
   0.025      0.307957
   0.030      0.308116
   0.035      0.308311
   0.040      0.308541
   0.045      0.308807
   0.050      0.309109
   0.055      0.309445
   0.060      0.309818
   0.065      0.310226
   0.070      0.310669
   0.075      0.311149
   0.080      0.311664
   0.085      0.312215
   0.090      0.312802
   0.095      0.313424
   0.100      0.314083
   0.105      0.314778
   0.110      0.315509
   0.115      0.316277
   0.120      0.317080
   0.125      0.317920
   0.130      0.318797
   0.135      0.319710
   0.140      0.320661
   0.145      0.321648
   0.150      0.322672
   0.155      0.323733
   0.160      0.324832
   0.165      0.325968
   0.170      0.327141
   0.175      0.328352
   0.180      0.329601
   0.185      0.330889
   0.190      0.332214
   0.195      0.333578
   0.200      0.334980
   0.205      0.336421
   0.210      0.337900
   0.215      0.339419
   0.220      0.340977
   0.225      0.342575
   0.230      0.344212
   0.235      0.345889
   0.240      0.347606
   0.245      0.349364
   0.250      0.351162
   0.255      0.353000
   0.260      0.354880
   0.265      0.356800
   0.270      0.358762
   0.275      0.360766
   0.280      0.362812
   0.285      0.364899
   0.290      0.367029
   0.295      0.369202
   0.300      0.371417
   0.305      0.373676
   0.310      0.375977
   0.315      0.378323
   0.320      0.380712
   0.325      0.383145
   0.330      0.385623
   0.335      0.388145
   0.340      0.390712
   0.345      0.393324
   0.350      0.395981
   0.355      0.398685
   0.360      0.401434
   0.365      0.404229
   0.370      0.407070
   0.375      0.409959
   0.380      0.412894
   0.385      0.415876
   0.390      0.418906
   0.395      0.421984
   0.400      0.425109
   0.405      0.428283
   0.410      0.431505
   0.415      0.434776
   0.420      0.438095
   0.425      0.441464
   0.430      0.444883
   0.435      0.448351
   0.440      0.451869
   0.445      0.455437
   0.450      0.459055
   0.455      0.462724
   0.460      0.466443
   0.465      0.470214
   0.470      0.474036
   0.475      0.477909
   0.480      0.481833
   0.485      0.485809
   0.490      0.489837
   0.495      0.493917
   0.500      0.498050
   0.505      0.502234
   0.510      0.506471
   0.515      0.510761
   0.520      0.515103
   0.525      0.519498
   0.530      0.523945
   0.535      0.528446
   0.540      0.532999
   0.545      0.537606
   0.550      0.542266
   0.555      0.546978
   0.560      0.551744
   0.565      0.556563
   0.570      0.561435
   0.575      0.566360
   0.580      0.571339
   0.585      0.576370
   0.590      0.581453
   0.595      0.586590
   0.600      0.591779
   0.605      0.597021
   0.610      0.602315
   0.615      0.607662
   0.620      0.613060
   0.625      0.618510
   0.630      0.624012
   0.635      0.629566
   0.640      0.635170
   0.645      0.640825
   0.650      0.646530
   0.655      0.652286
   0.660      0.658092
   0.665      0.663947
   0.670      0.669851
   0.675      0.675803
   0.680      0.681804
   0.685      0.687853
   0.690      0.693949
   0.695      0.700091
   0.700      0.706280
   0.705      0.712514
   0.710      0.718793
   0.715      0.725117
   0.720      0.731484
   0.725      0.737895
   0.730      0.744348
   0.735      0.750842
   0.740      0.757378
   0.745      0.763953
   0.750      0.770568
   0.755      0.777221
   0.760      0.783912
   0.765      0.790639
   0.770      0.797402
   0.775      0.804200
   0.780      0.811032
   0.785      0.817897
   0.790      0.824793
   0.795      0.831720
   0.800      0.838677
   0.805      0.845662
   0.810      0.852674
   0.815      0.859713
   0.820      0.866776
   0.825      0.873863
   0.830      0.880973
   0.835      0.888103
   0.840      0.895254
   0.845      0.902422
   0.850      0.909608
   0.855      0.916809
   0.860      0.924025
   0.865      0.931253
   0.870      0.938492
   0.875      0.945741
   0.880      0.952999
   0.885      0.960263
   0.890      0.967532
   0.895      0.974804
   0.900      0.982079
   0.905      0.989353
   0.910      0.996626
   0.915      1.003896
   0.920      1.011161
   0.925      1.018420
   0.930      1.025670
   0.935      1.032910
   0.940      1.040138
   0.945      1.047353
   0.950      1.054552
   0.955      1.061735
   0.960      1.068898
   0.965      1.076040
   0.970      1.083160
   0.975      1.090255
   0.980      1.097324
   0.985      1.104365
   0.990      1.111375
   0.995      1.118354
   1.000      1.125299
   1.005      1.132208
   1.010      1.139080
   1.015      1.145913
   1.020      1.152705
   1.025      1.159453
   1.030      1.166157
   1.035      1.172814
   1.040      1.179423
   1.045      1.185981
   1.050      1.192487
   1.055      1.198940
   1.060      1.205337
   1.065      1.211676
   1.070      1.217956
   1.075      1.224176
   1.080      1.230332
   1.085      1.236425
   1.090      1.242452
   1.095      1.248411
   1.100      1.254301
   1.105      1.260121
   1.110      1.265868
   1.115      1.271541
   1.120      1.277139
   1.125      1.282661
   1.130      1.288104
   1.135      1.293467
   1.140      1.298749
   1.145      1.303949
   1.150      1.309066
   1.155      1.314097
   1.160      1.319042
   1.165      1.323900
   1.170      1.328669
   1.175      1.333349
   1.180      1.337938
   1.185      1.342434
   1.190      1.346839
   1.195      1.351149
   1.200      1.355364
   1.205      1.359484
   1.210      1.363507
   1.215      1.367434
   1.220      1.371262
   1.225      1.374991
   1.230      1.378621
   1.235      1.382151
   1.240      1.385580
   1.245      1.388908
   1.250      1.392134
   1.255      1.395259
   1.260      1.398280
   1.265      1.401199
   1.270      1.404014
   1.275      1.406726
   1.280      1.409335
   1.285      1.411839
   1.290      1.414239
   1.295      1.416535
   1.300      1.418727
   1.305      1.420814
   1.310      1.422797
   1.315      1.424676
   1.320      1.426450
   1.325      1.428121
   1.330      1.429688
   1.335      1.431151
   1.340      1.432510
   1.345      1.433767
   1.350      1.434921
   1.355      1.435972
   1.360      1.436922
   1.365      1.437769
   1.370      1.438516
   1.375      1.439162
   1.380      1.439708
   1.385      1.440154
   1.390      1.440502
   1.395      1.440751
   1.400      1.440902
   1.405      1.440956
   1.410      1.440914
   1.415      1.440776
   1.420      1.440544
   1.425      1.440217
   1.430      1.439797
   1.435      1.439284
   1.440      1.438680
   1.445      1.437986
   1.450      1.437201
   1.455      1.436327
   1.460      1.435365
   1.465      1.434317
   1.470      1.433182
   1.475      1.431961
   1.480      1.430657
   1.485      1.429269
   1.490      1.427800
   1.495      1.426249
   1.500      1.424617
   1.505      1.422907
   1.510      1.421119
   1.515      1.419253
   1.520      1.417312
   1.525      1.415296
   1.530      1.413206
   1.535      1.411044
   1.540      1.408810
   1.545      1.406505
   1.550      1.404131
   1.555      1.401689
   1.560      1.399179
   1.565      1.396604
   1.570      1.393963
   1.575      1.391259
   1.580      1.388492
   1.585      1.385663
   1.590      1.382773
   1.595      1.379825
   1.600      1.376818
   1.605      1.373753
   1.610      1.370633
   1.615      1.367457
   1.620      1.364228
   1.625      1.360945
   1.630      1.357611
   1.635      1.354226
   1.640      1.350792
   1.645      1.347308
   1.650      1.343778
   1.655      1.340200
   1.660      1.336578
   1.665      1.332910
   1.670      1.329200
   1.675      1.325447
   1.680      1.321652
   1.685      1.317817
   1.690      1.313943
   1.695      1.310030
   1.700      1.306080
   1.705      1.302093
   1.710      1.298070
   1.715      1.294013
   1.720      1.289923
   1.725      1.285799
   1.730      1.281644
   1.735      1.277457
   1.740      1.273241
   1.745      1.268995
   1.750      1.264721
   1.755      1.260419
   1.760      1.256091
   1.765      1.251737
   1.770      1.247358
   1.775      1.242955
   1.780      1.238528
   1.785      1.234079
   1.790      1.229608
   1.795      1.225116
   1.800      1.220604
   1.805      1.216072
   1.810      1.211522
   1.815      1.206953
   1.820      1.202368
   1.825      1.197765
   1.830      1.193147
   1.835      1.188513
   1.840      1.183865
   1.845      1.179202
   1.850      1.174527
   1.855      1.169839
   1.860      1.165139
   1.865      1.160428
   1.870      1.155705
   1.875      1.150973
   1.880      1.146231
   1.885      1.141480
   1.890      1.136721
   1.895      1.131954
   1.900      1.127180
   1.905      1.122399
   1.910      1.117611
   1.915      1.112818
   1.920      1.108020
   1.925      1.103217
   1.930      1.098410
   1.935      1.093600
   1.940      1.088786
   1.945      1.083969
   1.950      1.079150
   1.955      1.074330
   1.960      1.069507
   1.965      1.064684
   1.970      1.059861
   1.975      1.055037
   1.980      1.050214
   1.985      1.045392
   1.990      1.040570
   1.995      1.035750
   2.000      1.030932
   2.005      1.026117
   2.010      1.021304
   2.015      1.016494
   2.020      1.011687
   2.025      1.006884
   2.030      1.002085
   2.035      0.997290
   2.040      0.992500
   2.045      0.987715
   2.050      0.982935
   2.055      0.978161
   2.060      0.973393
   2.065      0.968631
   2.070      0.963876
   2.075      0.959127
   2.080      0.954386
   2.085      0.949651
   2.090      0.944924
   2.095      0.940206
   2.100      0.935495
   2.105      0.930792
   2.110      0.926098
   2.115      0.921413
   2.120      0.916737
   2.125      0.912070
   2.130      0.907412
   2.135      0.902764
   2.140      0.898126
   2.145      0.893498
   2.150      0.888880
   2.155      0.884273
   2.160      0.879677
   2.165      0.875091
   2.170      0.870516
   2.175      0.865953
   2.180      0.861400
   2.185      0.856860
   2.190      0.852331
   2.195      0.847814
   2.200      0.843308
   2.205      0.838815
   2.210      0.834335
   2.215      0.829866
   2.220      0.825410
   2.225      0.820967
   2.230      0.816537
   2.235      0.812120
   2.240      0.807715
   2.245      0.803324
   2.250      0.798947
   2.255      0.794582
   2.260      0.790231
   2.265      0.785894
   2.270      0.781571
   2.275      0.777261
   2.280      0.772965
   2.285      0.768684
   2.290      0.764416
   2.295      0.760162
   2.300      0.755923
   2.305      0.751698
   2.310      0.747488
   2.315      0.743292
   2.320      0.739111
   2.325      0.734944
   2.330      0.730792
   2.335      0.726655
   2.340      0.722533
   2.345      0.718425
   2.350      0.714333
   2.355      0.710255
   2.360      0.706192
   2.365      0.702145
   2.370      0.698113
   2.375      0.694095
   2.380      0.690093
   2.385      0.686107
   2.390      0.682135
   2.395      0.678180
   2.400      0.674239
   2.405      0.670314
   2.410      0.666404
   2.415      0.662510
   2.420      0.658631
   2.425      0.654768
   2.430      0.650921
   2.435      0.647089
   2.440      0.643273
   2.445      0.639472
   2.450      0.635687
   2.455      0.631917
   2.460      0.628164
   2.465      0.624426
   2.470      0.620703
   2.475      0.616997
   2.480      0.613306
   2.485      0.609631
   2.490      0.605971
   2.495      0.602327
   2.500      0.598699
   2.505      0.595087
   2.510      0.591490
   2.515      0.587910
   2.520      0.584344
   2.525      0.580795
   2.530      0.577261
   2.535      0.573743
   2.540      0.570241
   2.545      0.566754
   2.550      0.563283
   2.555      0.559828
   2.560      0.556388
   2.565      0.552964
   2.570      0.549556
   2.575      0.546163
   2.580      0.542786
   2.585      0.539424
   2.590      0.536078
   2.595      0.532747
   2.600      0.529432
   2.605      0.526132
   2.610      0.522848
   2.615      0.519579
   2.620      0.516326
   2.625      0.513088
   2.630      0.509865
   2.635      0.506658
   2.640      0.503466
   2.645      0.500289
   2.650      0.497128
   2.655      0.493982
   2.660      0.490851
   2.665      0.487735
   2.670      0.484634
   2.675      0.481549
   2.680      0.478478
   2.685      0.475423
   2.690      0.472382
   2.695      0.469356
   2.700      0.466346
   2.705      0.463350
   2.710      0.460369
   2.715      0.457403
   2.720      0.454452
   2.725      0.451515
   2.730      0.448593
   2.735      0.445686
   2.740      0.442794
   2.745      0.439916
   2.750      0.437052
   2.755      0.434203
   2.760      0.431369
   2.765      0.428549
   2.770      0.425743
   2.775      0.422952
   2.780      0.420175
   2.785      0.417412
   2.790      0.414664
   2.795      0.411930
   2.800      0.409209
   2.805      0.406503
   2.810      0.403811
   2.815      0.401133
   2.820      0.398469
   2.825      0.395819
   2.830      0.393183
   2.835      0.390560
   2.840      0.387951
   2.845      0.385356
   2.850      0.382775
   2.855      0.380207
   2.860      0.377653
   2.865      0.375113
   2.870      0.372586
   2.875      0.370072
   2.880      0.367572
   2.885      0.365085
   2.890      0.362611
   2.895      0.360151
   2.900      0.357704
   2.905      0.355270
   2.910      0.352849
   2.915      0.350441
   2.920      0.348047
   2.925      0.345665
   2.930      0.343296
   2.935      0.340940
   2.940      0.338597
   2.945      0.336266
   2.950      0.333948
   2.955      0.331643
   2.960      0.329351
   2.965      0.327071
   2.970      0.324804
   2.975      0.322549
   2.980      0.320307
   2.985      0.318077
   2.990      0.315859
   2.995      0.313653
   3.000      0.311460
   3.005      0.309279
   3.010      0.307110
   3.015      0.304953
   3.020      0.302809
   3.025      0.300676
   3.030      0.298555
   3.035      0.296446
   3.040      0.294349
   3.045      0.292263
   3.050      0.290190
   3.055      0.288128
   3.060      0.286077
   3.065      0.284038
   3.070      0.282011
   3.075      0.279995
   3.080      0.277991
   3.085      0.275998
   3.090      0.274016
   3.095      0.272046
   3.100      0.270087
   3.105      0.268139
   3.110      0.266202
   3.115      0.264276
   3.120      0.262362
   3.125      0.260458
   3.130      0.258565
   3.135      0.256683
   3.140      0.254812
   3.145      0.252952
   3.150      0.251103
   3.155      0.249264
   3.160      0.247436
   3.165      0.245618
   3.170      0.243811
   3.175      0.242014
   3.180      0.240228
   3.185      0.238453
   3.190      0.236687
   3.195      0.234932
   3.200      0.233187
   3.205      0.231453
   3.210      0.229728
   3.215      0.228014
   3.220      0.226310
   3.225      0.224616
   3.230      0.222931
   3.235      0.221257
   3.240      0.219593
   3.245      0.217938
   3.250      0.216293
   3.255      0.214658
   3.260      0.213032
   3.265      0.211417
   3.270      0.209810
   3.275      0.208214
   3.280      0.206627
   3.285      0.205049
   3.290      0.203481
   3.295      0.201922
   3.300      0.200372
   3.305      0.198832
   3.310      0.197301
   3.315      0.195779
   3.320      0.194266
   3.325      0.192762
   3.330      0.191267
   3.335      0.189782
   3.340      0.188305
   3.345      0.186837
   3.350      0.185378
   3.355      0.183928
   3.360      0.182487
   3.365      0.181054
   3.370      0.179630
   3.375      0.178215
   3.380      0.176808
   3.385      0.175410
   3.390      0.174020
   3.395      0.172639
   3.400      0.171267
   3.405      0.169902
   3.410      0.168546
   3.415      0.167198
   3.420      0.165859
   3.425      0.164528
   3.430      0.163205
   3.435      0.161890
   3.440      0.160583
   3.445      0.159284
   3.450      0.157993
   3.455      0.156710
   3.460      0.155436
   3.465      0.154169
   3.470      0.152909
   3.475      0.151658
   3.480      0.150414
   3.485      0.149178
   3.490      0.147950
   3.495      0.146729
   3.500      0.145516
   3.505      0.144311
   3.510      0.143113
   3.515      0.141922
   3.520      0.140739
   3.525      0.139564
   3.530      0.138395
   3.535      0.137234
   3.540      0.136081
   3.545      0.134934
   3.550      0.133795
   3.555      0.132663
   3.560      0.131538
   3.565      0.130420
   3.570      0.129309
   3.575      0.128205
   3.580      0.127108
   3.585      0.126018
   3.590      0.124935
   3.595      0.123859
   3.600      0.122790
   3.605      0.121727
   3.610      0.120671
   3.615      0.119622
   3.620      0.118580
   3.625      0.117544
   3.630      0.116515
   3.635      0.115492
   3.640      0.114476
   3.645      0.113466
   3.650      0.112463
   3.655      0.111466
   3.660      0.110476
   3.665      0.109492
   3.670      0.108514
   3.675      0.107543
   3.680      0.106577
   3.685      0.105618
   3.690      0.104666
   3.695      0.103719
   3.700      0.102778
   3.705      0.101844
   3.710      0.100916
   3.715      0.099993
   3.720      0.099077
   3.725      0.098166
   3.730      0.097261
   3.735      0.096363
   3.740      0.095470
   3.745      0.094583
   3.750      0.093701
   3.755      0.092826
   3.760      0.091956
   3.765      0.091092
   3.770      0.090233
   3.775      0.089380
   3.780      0.088533
   3.785      0.087691
   3.790      0.086855
   3.795      0.086024
   3.800      0.085199
   3.805      0.084379
   3.810      0.083564
   3.815      0.082755
   3.820      0.081951
   3.825      0.081153
   3.830      0.080359
   3.835      0.079571
   3.840      0.078788
   3.845      0.078011
   3.850      0.077238
   3.855      0.076471
   3.860      0.075709
   3.865      0.074951
   3.870      0.074199
   3.875      0.073452
   3.880      0.072710
   3.885      0.071972
   3.890      0.071240
   3.895      0.070512
   3.900      0.069790
   3.905      0.069072
   3.910      0.068359
   3.915      0.067651
   3.920      0.066947
   3.925      0.066248
   3.930      0.065554
   3.935      0.064865
   3.940      0.064180
   3.945      0.063500
   3.950      0.062824
   3.955      0.062153
   3.960      0.061487
   3.965      0.060825
   3.970      0.060167
   3.975      0.059514
   3.980      0.058865
   3.985      0.058221
   3.990      0.057581
   3.995      0.056946
   4.000      0.056314
   4.005      0.055687
   4.010      0.055065
   4.015      0.054446
   4.020      0.053832
   4.025      0.053222
   4.030      0.052616
   4.035      0.052014
   4.040      0.051416
   4.045      0.050823
   4.050      0.050233
   4.055      0.049647
   4.060      0.049066
   4.065      0.048488
   4.070      0.047915
   4.075      0.047345
   4.080      0.046780
   4.085      0.046218
   4.090      0.045660
   4.095      0.045106
   4.100      0.044556
   4.105      0.044009
   4.110      0.043466
   4.115      0.042927
   4.120      0.042392
   4.125      0.041861
   4.130      0.041333
   4.135      0.040809
   4.140      0.040288
   4.145      0.039771
   4.150      0.039258
   4.155      0.038748
   4.160      0.038242
   4.165      0.037739
   4.170      0.037240
   4.175      0.036744
   4.180      0.036252
   4.185      0.035763
   4.190      0.035278
   4.195      0.034796
   4.200      0.034317
   4.205      0.033842
   4.210      0.033370
   4.215      0.032902
   4.220      0.032436
   4.225      0.031974
   4.230      0.031515
   4.235      0.031060
   4.240      0.030608
   4.245      0.030158
   4.250      0.029712
   4.255      0.029269
   4.260      0.028830
   4.265      0.028393
   4.270      0.027960
   4.275      0.027529
   4.280      0.027102
   4.285      0.026677
   4.290      0.026256
   4.295      0.025838
   4.300      0.025422
   4.305      0.025010
   4.310      0.024600
   4.315      0.024193
   4.320      0.023790
   4.325      0.023389
   4.330      0.022991
   4.335      0.022596
   4.340      0.022203
   4.345      0.021814
   4.350      0.021427
   4.355      0.021043
   4.360      0.020662
   4.365      0.020283
   4.370      0.019907
   4.375      0.019534
   4.380      0.019164
   4.385      0.018796
   4.390      0.018431
   4.395      0.018068
   4.400      0.017709
   4.405      0.017351
   4.410      0.016996
   4.415      0.016644
   4.420      0.016295
   4.425      0.015947
   4.430      0.015603
   4.435      0.015261
   4.440      0.014921
   4.445      0.014584
   4.450      0.014249
   4.455      0.013916
   4.460      0.013586
   4.465      0.013259
   4.470      0.012933
   4.475      0.012611
   4.480      0.012290
   4.485      0.011972
   4.490      0.011656
   4.495      0.011342
   4.500      0.011031
   4.505      0.010721
   4.510      0.010414
   4.515      0.010110
   4.520      0.009807
   4.525      0.009507
   4.530      0.009209
   4.535      0.008913
   4.540      0.008619
   4.545      0.008327
   4.550      0.008037
   4.555      0.007750
   4.560      0.007464
   4.565      0.007181
   4.570      0.006900
   4.575      0.006620
   4.580      0.006343
   4.585      0.006067
   4.590      0.005794
   4.595      0.005523
   4.600      0.005253
   4.605      0.004985
   4.610      0.004720
   4.615      0.004456
   4.620      0.004194
   4.625      0.003934
   4.630      0.003675
   4.635      0.003419
   4.640      0.003164
   4.645      0.002911
   4.650      0.002660
   4.655      0.002410
   4.660      0.002163
   4.665      0.001916
   4.670      0.001672
   4.675      0.001429
   4.680      0.001187
   4.685      0.000947
   4.690      0.000709
   4.695      0.000471
   4.700      0.000235
   4.705      0.000000
