   0.000    -15.247713
   0.004    -15.262632
   0.009    -15.278703
   0.013    -15.298835
   0.018    -15.324617
   0.022    -15.357574
   0.026    -15.399437
   0.031    -15.451449
   0.035    -15.514653
   0.039    -15.589724
   0.044    -15.676974
   0.048    -15.776553
   0.053    -15.888316
   0.057    -16.011992
   0.061    -16.147098
   0.066    -16.293048
   0.070    -16.449087
   0.075    -16.614398
   0.079    -16.788029
   0.083    -16.968918
   0.088    -17.155934
   0.092    -17.347819
   0.097    -17.543253
   0.101    -17.740824
   0.105    -17.939051
   0.110    -18.136386
   0.114    -18.331200
   0.118    -18.521832
   0.123    -18.706565
   0.127    -18.883659
   0.132    -19.051345
   0.136    -19.207859
   0.140    -19.351433
   0.145    -19.480337
   0.149    -19.592865
   0.154    -19.687356
   0.158    -19.762265
   0.162    -19.816093
   0.167    -19.847462
   0.171    -19.855114
   0.176    -19.837928
   0.180    -19.794946
   0.184    -19.725375
   0.189    -19.628619
   0.193    -19.504274
   0.197    -19.352146
   0.202    -19.172273
   0.206    -18.964913
   0.211    -18.730552
   0.215    -18.469935
   0.219    -18.184022
   0.224    -17.874005
   0.228    -17.541304
   0.233    -17.187537
   0.237    -16.814536
   0.241    -16.424298
   0.246    -16.018970
   0.250    -15.600836
   0.254    -15.172280
   0.259    -14.735746
   0.263    -14.293730
   0.268    -13.848723
   0.272    -13.403189
   0.276    -12.959521
   0.281    -12.520013
   0.285    -12.086840
   0.290    -11.661999
   0.294    -11.247319
   0.298    -10.844414
   0.303    -10.454675
   0.307    -10.079258
   0.312     -9.719075
   0.316     -9.374793
   0.320     -9.046842
   0.325     -8.735418
   0.329     -8.440504
   0.333     -8.161886
   0.338     -7.899157
   0.342     -7.651777
   0.347     -7.419055
   0.351     -7.200217
   0.355     -6.994397
   0.360     -6.800696
   0.364     -6.618171
   0.369     -6.445892
   0.373     -6.282934
   0.377     -6.128418
   0.382     -5.981499
   0.386     -5.841405
   0.391     -5.707412
   0.395     -5.578886
   0.399     -5.455254
   0.404     -5.336022
   0.408     -5.220763
   0.412     -5.109112
   0.417     -5.000773
   0.421     -4.895498
   0.426     -4.793086
   0.430     -4.693381
   0.434     -4.596252
   0.439     -4.501611
   0.443     -4.409373
   0.448     -4.319479
   0.452     -4.231885
   0.456     -4.146544
   0.461     -4.063424
   0.465     -3.982486
   0.469     -3.903699
   0.474     -3.827028
   0.478     -3.752435
   0.483     -3.679883
   0.487     -3.609328
   0.491     -3.540729
   0.496     -3.474041
   0.500     -3.409215
   0.505     -3.346207
   0.509     -3.284963
   0.513     -3.225438
   0.518     -3.167580
   0.522     -3.111343
   0.527     -3.056676
   0.531     -3.003532
   0.535     -2.951863
   0.540     -2.901624
   0.544     -2.852770
   0.548     -2.805258
   0.553     -2.759046
   0.557     -2.714094
   0.562     -2.670362
   0.566     -2.627811
   0.570     -2.586405
   0.575     -2.546106
   0.579     -2.506880
   0.584     -2.468695
   0.588     -2.431517
   0.592     -2.395315
   0.597     -2.360059
   0.601     -2.325720
   0.605     -2.292270
   0.610     -2.259682
   0.614     -2.227928
   0.619     -2.196984
   0.623     -2.166825
   0.627     -2.137428
   0.632     -2.108769
   0.636     -2.080826
   0.641     -2.053577
   0.645     -2.027002
   0.649     -2.001081
   0.654     -1.975795
   0.658     -1.951123
   0.663     -1.927049
   0.667     -1.903554
   0.671     -1.880622
   0.676     -1.858235
   0.680     -1.836379
   0.684     -1.815038
   0.689     -1.794196
   0.693     -1.773839
   0.698     -1.753953
   0.702     -1.734525
   0.706     -1.715541
   0.711     -1.696989
   0.715     -1.678857
   0.720     -1.661132
   0.724     -1.643802
   0.728     -1.626858
   0.733     -1.610287
   0.737     -1.594079
   0.742     -1.578225
   0.746     -1.562714
   0.750     -1.547536
   0.755     -1.532683
   0.759     -1.518145
   0.763     -1.503915
   0.768     -1.489982
   0.772     -1.476340
   0.777     -1.462979
   0.781     -1.449893
   0.785     -1.437075
   0.790     -1.424516
   0.794     -1.412210
   0.799     -1.400149
   0.803     -1.388329
   0.807     -1.376741
   0.812     -1.365380
   0.816     -1.354240
   0.820     -1.343315
   0.825     -1.332599
   0.829     -1.322087
   0.834     -1.311773
   0.838     -1.301653
   0.842     -1.291721
   0.847     -1.281972
   0.851     -1.272403
   0.856     -1.263007
   0.860     -1.253780
   0.864     -1.244719
   0.869     -1.235819
   0.873     -1.227076
   0.878     -1.218486
   0.882     -1.210046
   0.886     -1.201750
   0.891     -1.193597
   0.895     -1.185582
   0.899     -1.177702
   0.904     -1.169953
   0.908     -1.162332
   0.913     -1.154837
   0.917     -1.147464
   0.921     -1.140210
   0.926     -1.133072
   0.930     -1.126048
   0.935     -1.119135
   0.939     -1.112330
   0.943     -1.105630
   0.948     -1.099033
   0.952     -1.092537
   0.957     -1.086139
   0.961     -1.079838
   0.965     -1.073630
   0.970     -1.067513
   0.974     -1.061486
   0.978     -1.055546
   0.983     -1.049692
   0.987     -1.043921
   0.992     -1.038232
   0.996     -1.032623
   1.000     -1.027091
   1.005     -1.021636
   1.009     -1.016255
   1.014     -1.010947
   1.018     -1.005710
   1.022     -1.000543
   1.027     -0.995445
   1.031     -0.990412
   1.035     -0.985446
   1.040     -0.980543
   1.044     -0.975702
   1.049     -0.970923
   1.053     -0.966204
   1.057     -0.961543
   1.062     -0.956939
   1.066     -0.952392
   1.071     -0.947900
   1.075     -0.943462
   1.079     -0.939076
   1.084     -0.934743
   1.088     -0.930460
   1.093     -0.926226
   1.097     -0.922042
   1.101     -0.917905
   1.106     -0.913814
   1.110     -0.909770
   1.114     -0.905770
   1.119     -0.901815
   1.123     -0.897902
   1.128     -0.894033
   1.132     -0.890204
   1.136     -0.886417
   1.141     -0.882669
   1.145     -0.878961
   1.150     -0.875291
   1.154     -0.871659
   1.158     -0.868063
   1.163     -0.864505
   1.167     -0.860982
   1.172     -0.857494
   1.176     -0.854041
   1.180     -0.850621
   1.185     -0.847235
   1.189     -0.843882
   1.193     -0.840560
   1.198     -0.837270
   1.202     -0.834011
   1.207     -0.830782
   1.211     -0.827584
   1.215     -0.824414
   1.220     -0.821274
   1.224     -0.818162
   1.229     -0.815078
   1.233     -0.812022
   1.237     -0.808992
   1.242     -0.805989
   1.246     -0.803012
   1.250     -0.800061
   1.255     -0.797136
   1.259     -0.794235
   1.264     -0.791358
   1.268     -0.788506
   1.272     -0.785678
   1.277     -0.782873
   1.281     -0.780091
   1.286     -0.777331
   1.290     -0.774594
   1.294     -0.771879
   1.299     -0.769186
   1.303     -0.766514
   1.308     -0.763863
   1.312     -0.761232
   1.316     -0.758623
   1.321     -0.756033
   1.325     -0.753463
   1.329     -0.750912
   1.334     -0.748381
   1.338     -0.745869
   1.343     -0.743376
   1.347     -0.740901
   1.351     -0.738444
   1.356     -0.736005
   1.360     -0.733584
   1.365     -0.731181
   1.369     -0.728794
   1.373     -0.726425
   1.378     -0.724073
   1.382     -0.721737
   1.386     -0.719417
   1.391     -0.717114
   1.395     -0.714826
   1.400     -0.712555
   1.404     -0.710298
   1.408     -0.708058
   1.413     -0.705832
   1.417     -0.703621
   1.422     -0.701426
   1.426     -0.699244
   1.430     -0.697078
   1.435     -0.694925
   1.439     -0.692787
   1.444     -0.690662
   1.448     -0.688551
   1.452     -0.686454
   1.457     -0.684371
   1.461     -0.682300
   1.465     -0.680243
   1.470     -0.678199
   1.474     -0.676167
   1.479     -0.674149
   1.483     -0.672143
   1.487     -0.670149
   1.492     -0.668168
   1.496     -0.666199
   1.501     -0.664242
   1.505     -0.662297
   1.509     -0.660363
   1.514     -0.658442
   1.518     -0.656531
   1.523     -0.654633
   1.527     -0.652745
   1.531     -0.650869
   1.536     -0.649004
   1.540     -0.647150
   1.544     -0.645307
   1.549     -0.643474
   1.553     -0.641653
   1.558     -0.639841
   1.562     -0.638040
   1.566     -0.636250
   1.571     -0.634470
   1.575     -0.632700
   1.580     -0.630940
   1.584     -0.629190
   1.588     -0.627449
   1.593     -0.625719
   1.597     -0.623998
   1.601     -0.622287
   1.606     -0.620585
   1.610     -0.618893
   1.615     -0.617210
   1.619     -0.615536
   1.623     -0.613871
   1.628     -0.612216
   1.632     -0.610569
   1.637     -0.608932
   1.641     -0.607303
   1.645     -0.605683
   1.650     -0.604072
   1.654     -0.602469
   1.659     -0.600875
   1.663     -0.599289
   1.667     -0.597712
   1.672     -0.596143
   1.676     -0.594582
   1.680     -0.593029
   1.685     -0.591485
   1.689     -0.589949
   1.694     -0.588420
   1.698     -0.586900
   1.702     -0.585387
   1.707     -0.583882
   1.711     -0.582385
   1.716     -0.580895
   1.720     -0.579414
   1.724     -0.577939
   1.729     -0.576472
   1.733     -0.575013
   1.738     -0.573561
   1.742     -0.572116
   1.746     -0.570679
