   0.000      2.605969
   0.004      2.605969
   0.009      2.605968
   0.013      2.605964
   0.018      2.605952
   0.022      2.605927
   0.026      2.605882
   0.031      2.605808
   0.035      2.605696
   0.039      2.605534
   0.044      2.605310
   0.048      2.605011
   0.053      2.604622
   0.057      2.604129
   0.061      2.603516
   0.066      2.602767
   0.070      2.601867
   0.075      2.600799
   0.079      2.599549
   0.083      2.598100
   0.088      2.596438
   0.092      2.594549
   0.097      2.592420
   0.101      2.590041
   0.105      2.587399
   0.110      2.584487
   0.114      2.581297
   0.118      2.577823
   0.123      2.574061
   0.127      2.570007
   0.132      2.565661
   0.136      2.561023
   0.140      2.556095
   0.145      2.550880
   0.149      2.545382
   0.154      2.539607
   0.158      2.533560
   0.162      2.527248
   0.167      2.520680
   0.171      2.513864
   0.176      2.506807
   0.180      2.499518
   0.184      2.492007
   0.189      2.484281
   0.193      2.476349
   0.197      2.468221
   0.202      2.459903
   0.206      2.451405
   0.211      2.442735
   0.215      2.433899
   0.219      2.424906
   0.224      2.415763
   0.228      2.406476
   0.233      2.397053
   0.237      2.387501
   0.241      2.377825
   0.246      2.368033
   0.250      2.358130
   0.254      2.348122
   0.259      2.338016
   0.263      2.327817
   0.268      2.317531
   0.272      2.307163
   0.276      2.296719
   0.281      2.286204
   0.285      2.275624
   0.290      2.264983
   0.294      2.254286
   0.298      2.243538
   0.303      2.232744
   0.307      2.221908
   0.312      2.211036
   0.316      2.200130
   0.320      2.189196
   0.325      2.178237
   0.329      2.167257
   0.333      2.156261
   0.338      2.145251
   0.342      2.134232
   0.347      2.123207
   0.351      2.112180
   0.355      2.101152
   0.360      2.090129
   0.364      2.079112
   0.369      2.068104
   0.373      2.057109
   0.377      2.046129
   0.382      2.035167
   0.386      2.024224
   0.391      2.013304
   0.395      2.002409
   0.399      1.991541
   0.404      1.980702
   0.408      1.969894
   0.412      1.959119
   0.417      1.948379
   0.421      1.937675
   0.426      1.927010
   0.430      1.916384
   0.434      1.905800
   0.439      1.895259
   0.443      1.884762
   0.448      1.874310
   0.452      1.863905
   0.456      1.853548
   0.461      1.843240
   0.465      1.832982
   0.469      1.822775
   0.474      1.812620
   0.478      1.802518
   0.483      1.792470
   0.487      1.782476
   0.491      1.772537
   0.496      1.762654
   0.500      1.752827
   0.505      1.743057
   0.509      1.733345
   0.513      1.723691
   0.518      1.714095
   0.522      1.704559
   0.527      1.695081
   0.531      1.685663
   0.535      1.676305
   0.540      1.667007
   0.544      1.657769
   0.548      1.648592
   0.553      1.639476
   0.557      1.630420
   0.562      1.621426
   0.566      1.612492
   0.570      1.603620
   0.575      1.594809
   0.579      1.586059
   0.584      1.577371
   0.588      1.568743
   0.592      1.560177
   0.597      1.551672
   0.601      1.543227
   0.605      1.534844
   0.610      1.526521
   0.614      1.518260
   0.619      1.510058
   0.623      1.501917
   0.627      1.493836
   0.632      1.485815
   0.636      1.477853
   0.641      1.469951
   0.645      1.462109
   0.649      1.454325
   0.654      1.446600
   0.658      1.438934
   0.663      1.431326
   0.667      1.423776
   0.671      1.416284
   0.676      1.408849
   0.680      1.401471
   0.684      1.394150
   0.689      1.386885
   0.693      1.379677
   0.698      1.372524
   0.702      1.365427
   0.706      1.358385
   0.711      1.351397
   0.715      1.344465
   0.720      1.337586
   0.724      1.330761
   0.728      1.323989
   0.733      1.317271
   0.737      1.310605
   0.742      1.303992
   0.746      1.297430
   0.750      1.290920
   0.755      1.284461
   0.759      1.278053
   0.763      1.271696
   0.768      1.265388
   0.772      1.259130
   0.777      1.252922
   0.781      1.246762
   0.785      1.240651
   0.790      1.234588
   0.794      1.228573
   0.799      1.222606
   0.803      1.216685
   0.807      1.210811
   0.812      1.204984
   0.816      1.199202
   0.820      1.193466
   0.825      1.187775
   0.829      1.182129
   0.834      1.176527
   0.838      1.170969
   0.842      1.165455
   0.847      1.159984
   0.851      1.154557
   0.856      1.149171
   0.860      1.143828
   0.864      1.138527
   0.869      1.133267
   0.873      1.128048
   0.878      1.122870
   0.882      1.117733
   0.886      1.112635
   0.891      1.107577
   0.895      1.102559
   0.899      1.097579
   0.904      1.092638
   0.908      1.087736
   0.913      1.082871
   0.917      1.078044
   0.921      1.073254
   0.926      1.068502
   0.930      1.063785
   0.935      1.059105
   0.939      1.054461
   0.943      1.049853
   0.948      1.045280
   0.952      1.040742
   0.957      1.036238
   0.961      1.031769
   0.965      1.027334
   0.970      1.022933
   0.974      1.018565
   0.978      1.014230
   0.983      1.009927
   0.987      1.005658
   0.992      1.001420
   0.996      0.997215
   1.000      0.993041
   1.005      0.988898
   1.009      0.984786
   1.014      0.980705
   1.018      0.976655
   1.022      0.972635
   1.027      0.968644
   1.031      0.964683
   1.035      0.960752
   1.040      0.956849
   1.044      0.952976
   1.049      0.949130
   1.053      0.945314
   1.057      0.941525
   1.062      0.937763
   1.066      0.934030
   1.071      0.930323
   1.075      0.926644
   1.079      0.922991
   1.084      0.919365
   1.088      0.915764
   1.093      0.912190
   1.097      0.908642
   1.101      0.905119
   1.106      0.901621
   1.110      0.898149
   1.114      0.894701
   1.119      0.891278
   1.123      0.887879
   1.128      0.884504
   1.132      0.881153
   1.136      0.877826
   1.141      0.874522
   1.145      0.871241
   1.150      0.867984
   1.154      0.864749
   1.158      0.861537
   1.163      0.858347
   1.167      0.855179
   1.172      0.852034
   1.176      0.848910
   1.180      0.845808
   1.185      0.842727
   1.189      0.839667
   1.193      0.836628
   1.198      0.833610
   1.202      0.830613
   1.207      0.827636
   1.211      0.824679
   1.215      0.821743
   1.220      0.818826
   1.224      0.815929
   1.229      0.813051
   1.233      0.810193
   1.237      0.807354
   1.242      0.804534
   1.246      0.801733
   1.250      0.798950
   1.255      0.796186
   1.259      0.793440
   1.264      0.790712
   1.268      0.788002
   1.272      0.785310
   1.277      0.782636
   1.281      0.779979
   1.286      0.777340
   1.290      0.774717
   1.294      0.772112
   1.299      0.769524
   1.303      0.766952
   1.308      0.764397
   1.312      0.761858
   1.316      0.759336
   1.321      0.756830
   1.325      0.754339
   1.329      0.751865
   1.334      0.749406
   1.338      0.746963
   1.343      0.744536
   1.347      0.742123
   1.351      0.739726
   1.356      0.737344
   1.360      0.734977
   1.365      0.732625
   1.369      0.730287
   1.373      0.727964
   1.378      0.725655
   1.382      0.723360
   1.386      0.721080
   1.391      0.718814
   1.395      0.716561
   1.400      0.714322
   1.404      0.712097
   1.408      0.709886
   1.413      0.707688
   1.417      0.705503
   1.422      0.703332
   1.426      0.701173
   1.430      0.699028
   1.435      0.696896
   1.439      0.694776
   1.444      0.692669
   1.448      0.690574
   1.452      0.688492
   1.457      0.686422
   1.461      0.684365
   1.465      0.682319
   1.470      0.680286
   1.474      0.678264
   1.479      0.676255
   1.483      0.674257
   1.487      0.672271
   1.492      0.670296
   1.496      0.668333
   1.501      0.666381
   1.505      0.664440
   1.509      0.662511
   1.514      0.660592
   1.518      0.658685
   1.523      0.656788
   1.527      0.654903
   1.531      0.653027
   1.536      0.651163
   1.540      0.649309
   1.544      0.647466
   1.549      0.645633
   1.553      0.643810
   1.558      0.641997
   1.562      0.640195
   1.566      0.638402
   1.571      0.636620
   1.575      0.634847
   1.580      0.633084
   1.584      0.631331
   1.588      0.629588
   1.593      0.627854
   1.597      0.626129
   1.601      0.624414
   1.606      0.622709
   1.610      0.621012
   1.615      0.619325
   1.619      0.617647
   1.623      0.615978
   1.628      0.614318
   1.632      0.612667
   1.637      0.611024
   1.641      0.609391
   1.645      0.607766
   1.650      0.606149
   1.654      0.604542
   1.659      0.602942
   1.663      0.601352
   1.667      0.599769
   1.672      0.598195
   1.676      0.596629
   1.680      0.595071
   1.685      0.593522
   1.689      0.591980
   1.694      0.590447
   1.698      0.588921
   1.702      0.587403
   1.707      0.585893
   1.711      0.584391
   1.716      0.582896
   1.720      0.581409
   1.724      0.579930
   1.729      0.578458
   1.733      0.576993
   1.738      0.575536
   1.742      0.574087
   1.746      0.572644
