   0.000      2.431424
   0.004      2.431391
   0.009      2.431292
   0.013      2.431126
   0.018      2.430893
   0.022      2.430594
   0.026      2.430227
   0.031      2.429793
   0.035      2.429291
   0.039      2.428719
   0.044      2.428079
   0.048      2.427369
   0.053      2.426587
   0.057      2.425734
   0.061      2.424809
   0.066      2.423809
   0.070      2.422735
   0.075      2.421584
   0.079      2.420356
   0.083      2.419049
   0.088      2.417662
   0.092      2.416193
   0.097      2.414640
   0.101      2.413002
   0.105      2.411277
   0.110      2.409462
   0.114      2.407557
   0.118      2.405558
   0.123      2.403465
   0.127      2.401273
   0.132      2.398982
   0.136      2.396589
   0.140      2.394091
   0.145      2.391486
   0.149      2.388772
   0.154      2.385945
   0.158      2.383004
   0.162      2.379946
   0.167      2.376767
   0.171      2.373467
   0.176      2.370041
   0.180      2.366488
   0.184      2.362804
   0.189      2.358988
   0.193      2.355037
   0.197      2.350948
   0.202      2.346720
   0.206      2.342350
   0.211      2.337836
   0.215      2.333177
   0.219      2.328370
   0.224      2.323415
   0.228      2.318309
   0.233      2.313052
   0.237      2.307642
   0.241      2.302079
   0.246      2.296363
   0.250      2.290492
   0.254      2.284468
   0.259      2.278290
   0.263      2.271959
   0.268      2.265476
   0.272      2.258841
   0.276      2.252057
   0.281      2.245124
   0.285      2.238044
   0.290      2.230820
   0.294      2.223454
   0.298      2.215948
   0.303      2.208306
   0.307      2.200530
   0.312      2.192623
   0.316      2.184589
   0.320      2.176432
   0.325      2.168155
   0.329      2.159762
   0.333      2.151258
   0.338      2.142645
   0.342      2.133930
   0.347      2.125115
   0.351      2.116206
   0.355      2.107206
   0.360      2.098120
   0.364      2.088954
   0.369      2.079710
   0.373      2.070394
   0.377      2.061010
   0.382      2.051563
   0.386      2.042056
   0.391      2.032495
   0.395      2.022884
   0.399      2.013226
   0.404      2.003527
   0.408      1.993789
   0.412      1.984018
   0.417      1.974217
   0.421      1.964389
   0.426      1.954539
   0.430      1.944670
   0.434      1.934786
   0.439      1.924890
   0.443      1.914986
   0.448      1.905076
   0.452      1.895165
   0.456      1.885254
   0.461      1.875348
   0.465      1.865448
   0.469      1.855557
   0.474      1.845679
   0.478      1.835816
   0.483      1.825969
   0.487      1.816143
   0.491      1.806338
   0.496      1.796557
   0.500      1.786802
   0.505      1.777075
   0.509      1.767378
   0.513      1.757714
   0.518      1.748082
   0.522      1.738486
   0.527      1.728927
   0.531      1.719406
   0.535      1.709925
   0.540      1.700485
   0.544      1.691088
   0.548      1.681735
   0.553      1.672426
   0.557      1.663163
   0.562      1.653947
   0.566      1.644780
   0.570      1.635661
   0.575      1.626592
   0.579      1.617573
   0.584      1.608606
   0.588      1.599691
   0.592      1.590829
   0.597      1.582020
   0.601      1.573265
   0.605      1.564564
   0.610      1.555918
   0.614      1.547327
   0.619      1.538792
   0.623      1.530313
   0.627      1.521890
   0.632      1.513524
   0.636      1.505215
   0.641      1.496962
   0.645      1.488767
   0.649      1.480630
   0.654      1.472549
   0.658      1.464527
   0.663      1.456562
   0.667      1.448654
   0.671      1.440804
   0.676      1.433012
   0.680      1.425278
   0.684      1.417601
   0.689      1.409982
   0.693      1.402420
   0.698      1.394915
   0.702      1.387468
   0.706      1.380078
   0.711      1.372744
   0.715      1.365467
   0.720      1.358247
   0.724      1.351082
   0.728      1.343974
   0.733      1.336922
   0.737      1.329925
   0.742      1.322984
   0.746      1.316097
   0.750      1.309266
   0.755      1.302489
   0.759      1.295766
   0.763      1.289097
   0.768      1.282481
   0.772      1.275919
   0.777      1.269409
   0.781      1.262953
   0.785      1.256548
   0.790      1.250195
   0.794      1.243894
   0.799      1.237645
   0.803      1.231446
   0.807      1.225297
   0.812      1.219199
   0.816      1.213150
   0.820      1.207151
   0.825      1.201201
   0.829      1.195299
   0.834      1.189446
   0.838      1.183640
   0.842      1.177882
   0.847      1.172172
   0.851      1.166508
   0.856      1.160890
   0.860      1.155318
   0.864      1.149792
   0.869      1.144311
   0.873      1.138875
   0.878      1.133483
   0.882      1.128136
   0.886      1.122832
   0.891      1.117571
   0.895      1.112353
   0.899      1.107178
   0.904      1.102045
   0.908      1.096954
   0.913      1.091904
   0.917      1.086895
   0.921      1.081926
   0.926      1.076998
   0.930      1.072110
   0.935      1.067261
   0.939      1.062452
   0.943      1.057681
   0.948      1.052949
   0.952      1.048255
   0.957      1.043598
   0.961      1.038979
   0.965      1.034397
   0.970      1.029851
   0.974      1.025342
   0.978      1.020868
   0.983      1.016430
   0.987      1.012028
   0.992      1.007660
   0.996      1.003327
   1.000      0.999028
   1.005      0.994763
   1.009      0.990532
   1.014      0.986334
   1.018      0.982169
   1.022      0.978036
   1.027      0.973936
   1.031      0.969867
   1.035      0.965830
   1.040      0.961825
   1.044      0.957851
   1.049      0.953907
   1.053      0.949994
   1.057      0.946111
   1.062      0.942257
   1.066      0.938433
   1.071      0.934639
   1.075      0.930873
   1.079      0.927136
   1.084      0.923428
   1.088      0.919747
   1.093      0.916094
   1.097      0.912469
   1.101      0.908871
   1.106      0.905300
   1.110      0.901756
   1.114      0.898239
   1.119      0.894747
   1.123      0.891282
   1.128      0.887842
   1.132      0.884427
   1.136      0.881038
   1.141      0.877674
   1.145      0.874334
   1.150      0.871019
   1.154      0.867728
   1.158      0.864461
   1.163      0.861218
   1.167      0.857998
   1.172      0.854801
   1.176      0.851628
   1.180      0.848477
   1.185      0.845349
   1.189      0.842243
   1.193      0.839160
   1.198      0.836098
   1.202      0.833058
   1.207      0.830040
   1.211      0.827043
   1.215      0.824067
   1.220      0.821112
   1.224      0.818177
   1.229      0.815263
   1.233      0.812370
   1.237      0.809496
   1.242      0.806642
   1.246      0.803808
   1.250      0.800994
   1.255      0.798199
   1.259      0.795423
   1.264      0.792666
   1.268      0.789927
   1.272      0.787208
   1.277      0.784506
   1.281      0.781823
   1.286      0.779158
   1.290      0.776511
   1.294      0.773882
   1.299      0.771270
   1.303      0.768676
   1.308      0.766099
   1.312      0.763538
   1.316      0.760995
   1.321      0.758469
   1.325      0.755959
   1.329      0.753465
   1.334      0.750988
   1.338      0.748527
   1.343      0.746082
   1.347      0.743653
   1.351      0.741239
   1.356      0.738841
   1.360      0.736459
   1.365      0.734091
   1.369      0.731739
   1.373      0.729402
   1.378      0.727079
   1.382      0.724771
   1.386      0.722478
   1.391      0.720199
   1.395      0.717935
   1.400      0.715684
   1.404      0.713448
   1.408      0.711225
   1.413      0.709017
   1.417      0.706822
   1.422      0.704640
   1.426      0.702472
   1.430      0.700318
   1.435      0.698176
   1.439      0.696047
   1.444      0.693932
   1.448      0.691829
   1.452      0.689739
   1.457      0.687661
   1.461      0.685596
   1.465      0.683544
   1.470      0.681503
   1.474      0.679475
   1.479      0.677459
   1.483      0.675454
   1.487      0.673462
   1.492      0.671481
   1.496      0.669512
   1.501      0.667554
   1.505      0.665608
   1.509      0.663673
   1.514      0.661749
   1.518      0.659837
   1.523      0.657935
   1.527      0.656045
   1.531      0.654165
   1.536      0.652296
   1.540      0.650437
   1.544      0.648590
   1.549      0.646752
   1.553      0.644925
   1.558      0.643109
   1.562      0.641302
   1.566      0.639506
   1.571      0.637719
   1.575      0.635943
   1.580      0.634177
   1.584      0.632420
   1.588      0.630673
   1.593      0.628935
   1.597      0.627208
   1.601      0.625489
   1.606      0.623780
   1.610      0.622081
   1.615      0.620390
   1.619      0.618709
   1.623      0.617037
   1.628      0.615373
   1.632      0.613719
   1.637      0.612074
   1.641      0.610437
   1.645      0.608809
   1.650      0.607190
   1.654      0.605580
   1.659      0.603978
   1.663      0.602384
   1.667      0.600799
   1.672      0.599222
   1.676      0.597653
   1.680      0.596093
   1.685      0.594541
   1.689      0.592996
   1.694      0.591460
   1.698      0.589932
   1.702      0.588411
   1.707      0.586899
   1.711      0.585394
   1.716      0.583897
   1.720      0.582407
   1.724      0.580925
   1.729      0.579451
   1.733      0.577984
   1.738      0.576524
   1.742      0.575072
   1.746      0.573627
