   0.000      2.481432
   0.004      2.481432
   0.009      2.481430
   0.013      2.481422
   0.018      2.481400
   0.022      2.481353
   0.026      2.481269
   0.031      2.481132
   0.035      2.480923
   0.039      2.480622
   0.044      2.480206
   0.048      2.479649
   0.053      2.478928
   0.057      2.478013
   0.061      2.476876
   0.066      2.475489
   0.070      2.473823
   0.075      2.471848
   0.079      2.469535
   0.083      2.466857
   0.088      2.463788
   0.092      2.460301
   0.097      2.456374
   0.101      2.451985
   0.105      2.447116
   0.110      2.441750
   0.114      2.435876
   0.118      2.429483
   0.123      2.422564
   0.127      2.415118
   0.132      2.407144
   0.136      2.398648
   0.140      2.389635
   0.145      2.380118
   0.149      2.370110
   0.154      2.359628
   0.158      2.348691
   0.162      2.337321
   0.167      2.325542
   0.171      2.313377
   0.176      2.300853
   0.180      2.287996
   0.184      2.274834
   0.189      2.261394
   0.193      2.247702
   0.197      2.233785
   0.202      2.219667
   0.206      2.205374
   0.211      2.190930
   0.215      2.176356
   0.219      2.161674
   0.224      2.146904
   0.228      2.132067
   0.233      2.117179
   0.237      2.102258
   0.241      2.087321
   0.246      2.072382
   0.250      2.057456
   0.254      2.042557
   0.259      2.027697
   0.263      2.012889
   0.268      1.998144
   0.272      1.983473
   0.276      1.968885
   0.281      1.954391
   0.285      1.939999
   0.290      1.925718
   0.294      1.911555
   0.298      1.897518
   0.303      1.883612
   0.307      1.869845
   0.312      1.856222
   0.316      1.842748
   0.320      1.829427
   0.325      1.816264
   0.329      1.803262
   0.333      1.790425
   0.338      1.777756
   0.342      1.765257
   0.347      1.752931
   0.351      1.740778
   0.355      1.728801
   0.360      1.717001
   0.364      1.705379
   0.369      1.693934
   0.373      1.682668
   0.377      1.671580
   0.382      1.660670
   0.386      1.649937
   0.391      1.639381
   0.395      1.629001
   0.399      1.618796
   0.404      1.608765
   0.408      1.598905
   0.412      1.589216
   0.417      1.579695
   0.421      1.570341
   0.426      1.561152
   0.430      1.552126
   0.434      1.543260
   0.439      1.534552
   0.443      1.525999
   0.448      1.517600
   0.452      1.509352
   0.456      1.501251
   0.461      1.493296
   0.465      1.485484
   0.469      1.477812
   0.474      1.470277
   0.478      1.462876
   0.483      1.455607
   0.487      1.448467
   0.491      1.441453
   0.496      1.434562
   0.500      1.427791
   0.505      1.421137
   0.509      1.414599
   0.513      1.408171
   0.518      1.401853
   0.522      1.395641
   0.527      1.389532
   0.531      1.383524
   0.535      1.377614
   0.540      1.371799
   0.544      1.366076
   0.548      1.360443
   0.553      1.354898
   0.557      1.349437
   0.562      1.344059
   0.566      1.338760
   0.570      1.333538
   0.575      1.328391
   0.579      1.323317
   0.584      1.318312
   0.588      1.313376
   0.592      1.308505
   0.597      1.303697
   0.601      1.298951
   0.605      1.294264
   0.610      1.289634
   0.614      1.285059
   0.619      1.280537
   0.623      1.276067
   0.627      1.271645
   0.632      1.267271
   0.636      1.262943
   0.641      1.258659
   0.645      1.254417
   0.649      1.250216
   0.654      1.246053
   0.658      1.241928
   0.663      1.237840
   0.667      1.233785
   0.671      1.229764
   0.676      1.225774
   0.680      1.221815
   0.684      1.217885
   0.689      1.213983
   0.693      1.210107
   0.698      1.206257
   0.702      1.202431
   0.706      1.198628
   0.711      1.194847
   0.715      1.191088
   0.720      1.187348
   0.724      1.183628
   0.728      1.179927
   0.733      1.176242
   0.737      1.172575
   0.742      1.168923
   0.746      1.165286
   0.750      1.161664
   0.755      1.158055
   0.759      1.154460
   0.763      1.150876
   0.768      1.147305
   0.772      1.143744
   0.777      1.140194
   0.781      1.136655
   0.785      1.133124
   0.790      1.129603
   0.794      1.126091
   0.799      1.122587
   0.803      1.119091
   0.807      1.115602
   0.812      1.112121
   0.816      1.108646
   0.820      1.105178
   0.825      1.101716
   0.829      1.098261
   0.834      1.094811
   0.838      1.091366
   0.842      1.087927
   0.847      1.084493
   0.851      1.081065
   0.856      1.077641
   0.860      1.074222
   0.864      1.070807
   0.869      1.067398
   0.873      1.063992
   0.878      1.060591
   0.882      1.057195
   0.886      1.053803
   0.891      1.050415
   0.895      1.047031
   0.899      1.043652
   0.904      1.040277
   0.908      1.036907
   0.913      1.033540
   0.917      1.030179
   0.921      1.026821
   0.926      1.023468
   0.930      1.020120
   0.935      1.016777
   0.939      1.013438
   0.943      1.010104
   0.948      1.006775
   0.952      1.003451
   0.957      1.000132
   0.961      0.996818
   0.965      0.993510
   0.970      0.990207
   0.974      0.986910
   0.978      0.983619
   0.983      0.980333
   0.987      0.977054
   0.992      0.973781
   0.996      0.970514
   1.000      0.967254
   1.005      0.964000
   1.009      0.960753
   1.014      0.957513
   1.018      0.954280
   1.022      0.951054
   1.027      0.947836
   1.031      0.944626
   1.035      0.941423
   1.040      0.938228
   1.044      0.935041
   1.049      0.931862
   1.053      0.928692
   1.057      0.925530
   1.062      0.922377
   1.066      0.919233
   1.071      0.916098
   1.075      0.912972
   1.079      0.909855
   1.084      0.906747
   1.088      0.903650
   1.093      0.900562
   1.097      0.897484
   1.101      0.894416
   1.106      0.891358
   1.110      0.888310
   1.114      0.885273
   1.119      0.882246
   1.123      0.879230
   1.128      0.876225
   1.132      0.873231
   1.136      0.870248
   1.141      0.867277
   1.145      0.864316
   1.150      0.861367
   1.154      0.858429
   1.158      0.855503
   1.163      0.852589
   1.167      0.849687
   1.172      0.846796
   1.176      0.843918
   1.180      0.841051
   1.185      0.838197
   1.189      0.835355
   1.193      0.832526
   1.198      0.829709
   1.202      0.826904
   1.207      0.824112
   1.211      0.821332
   1.215      0.818565
   1.220      0.815811
   1.224      0.813070
   1.229      0.810341
   1.233      0.807626
   1.237      0.804923
   1.242      0.802233
   1.246      0.799557
   1.250      0.796893
   1.255      0.794243
   1.259      0.791605
   1.264      0.788981
   1.268      0.786369
   1.272      0.783771
   1.277      0.781186
   1.281      0.778615
   1.286      0.776056
   1.290      0.773511
   1.294      0.770979
   1.299      0.768460
   1.303      0.765954
   1.308      0.763461
   1.312      0.760982
   1.316      0.758516
   1.321      0.756063
   1.325      0.753623
   1.329      0.751196
   1.334      0.748782
   1.338      0.746382
   1.343      0.743994
   1.347      0.741619
   1.351      0.739258
   1.356      0.736909
   1.360      0.734574
   1.365      0.732251
   1.369      0.729941
   1.373      0.727644
   1.378      0.725359
   1.382      0.723088
   1.386      0.720829
   1.391      0.718583
   1.395      0.716349
   1.400      0.714128
   1.404      0.711919
   1.408      0.709723
   1.413      0.707539
   1.417      0.705367
   1.422      0.703208
   1.426      0.701061
   1.430      0.698926
   1.435      0.696803
   1.439      0.694692
   1.444      0.692593
   1.448      0.690506
   1.452      0.688431
   1.457      0.686368
   1.461      0.684316
   1.465      0.682276
   1.470      0.680248
   1.474      0.678231
   1.479      0.676225
   1.483      0.674231
   1.487      0.672248
   1.492      0.670276
   1.496      0.668316
   1.501      0.666366
   1.505      0.664428
   1.509      0.662500
   1.514      0.660583
   1.518      0.658677
   1.523      0.656782
   1.527      0.654897
   1.531      0.653023
   1.536      0.651160
   1.540      0.649307
   1.544      0.647464
   1.549      0.645631
   1.553      0.643809
   1.558      0.641997
   1.562      0.640195
   1.566      0.638402
   1.571      0.636620
   1.575      0.634848
   1.580      0.633085
   1.584      0.631332
   1.588      0.629589
   1.593      0.627855
   1.597      0.626130
   1.601      0.624415
   1.606      0.622710
   1.610      0.621013
   1.615      0.619326
   1.619      0.617648
   1.623      0.615979
   1.628      0.614318
   1.632      0.612667
   1.637      0.611025
   1.641      0.609391
   1.645      0.607766
   1.650      0.606150
   1.654      0.604542
   1.659      0.602943
   1.663      0.601352
   1.667      0.599769
   1.672      0.598195
   1.676      0.596629
   1.680      0.595072
   1.685      0.593522
   1.689      0.591980
   1.694      0.590447
   1.698      0.588921
   1.702      0.587403
   1.707      0.585893
   1.711      0.584391
   1.716      0.582896
   1.720      0.581409
   1.724      0.579930
   1.729      0.578458
   1.733      0.576993
   1.738      0.575536
   1.742      0.574087
   1.746      0.572644
