   0.000      2.670489
   0.004      2.670297
   0.009      2.669719
   0.013      2.668758
   0.018      2.667412
   0.022      2.665683
   0.026      2.663573
   0.031      2.661083
   0.035      2.658214
   0.039      2.654969
   0.044      2.651350
   0.048      2.647359
   0.053      2.643000
   0.057      2.638275
   0.061      2.633187
   0.066      2.627741
   0.070      2.621939
   0.075      2.615787
   0.079      2.609289
   0.083      2.602448
   0.088      2.595271
   0.092      2.587761
   0.097      2.579925
   0.101      2.571769
   0.105      2.563298
   0.110      2.554518
   0.114      2.545436
   0.118      2.536058
   0.123      2.526392
   0.127      2.516444
   0.132      2.506223
   0.136      2.495735
   0.140      2.484989
   0.145      2.473993
   0.149      2.462755
   0.154      2.451284
   0.158      2.439588
   0.162      2.427676
   0.167      2.415557
   0.171      2.403241
   0.176      2.390736
   0.180      2.378053
   0.184      2.365201
   0.189      2.352189
   0.193      2.339027
   0.197      2.325725
   0.202      2.312292
   0.206      2.298739
   0.211      2.285075
   0.215      2.271310
   0.219      2.257454
   0.224      2.243516
   0.228      2.229506
   0.233      2.215434
   0.237      2.201308
   0.241      2.187140
   0.246      2.172937
   0.250      2.158709
   0.254      2.144466
   0.259      2.130215
   0.263      2.115966
   0.268      2.101728
   0.272      2.087510
   0.276      2.073318
   0.281      2.059163
   0.285      2.045052
   0.290      2.030992
   0.294      2.016992
   0.298      2.003059
   0.303      1.989201
   0.307      1.975424
   0.312      1.961736
   0.316      1.948144
   0.320      1.934653
   0.325      1.921271
   0.329      1.908003
   0.333      1.894855
   0.338      1.881832
   0.342      1.868940
   0.347      1.856184
   0.351      1.843568
   0.355      1.831097
   0.360      1.818773
   0.364      1.806602
   0.369      1.794587
   0.373      1.782729
   0.377      1.771033
   0.382      1.759500
   0.386      1.748132
   0.391      1.736931
   0.395      1.725898
   0.399      1.715035
   0.404      1.704341
   0.408      1.693817
   0.412      1.683464
   0.417      1.673280
   0.421      1.663267
   0.426      1.653422
   0.430      1.643744
   0.434      1.634234
   0.439      1.624888
   0.443      1.615707
   0.448      1.606687
   0.452      1.597826
   0.456      1.589123
   0.461      1.580576
   0.465      1.572181
   0.469      1.563936
   0.474      1.555839
   0.478      1.547887
   0.483      1.540076
   0.487      1.532404
   0.491      1.524868
   0.496      1.517465
   0.500      1.510191
   0.505      1.503044
   0.509      1.496020
   0.513      1.489116
   0.518      1.482328
   0.522      1.475655
   0.527      1.469091
   0.531      1.462635
   0.535      1.456282
   0.540      1.450030
   0.544      1.443875
   0.548      1.437815
   0.553      1.431845
   0.557      1.425964
   0.562      1.420168
   0.566      1.414453
   0.570      1.408818
   0.575      1.403259
   0.579      1.397773
   0.584      1.392358
   0.588      1.387010
   0.592      1.381728
   0.597      1.376508
   0.601      1.371347
   0.605      1.366244
   0.610      1.361196
   0.614      1.356201
   0.619      1.351256
   0.623      1.346359
   0.627      1.341508
   0.632      1.336700
   0.636      1.331934
   0.641      1.327208
   0.645      1.322520
   0.649      1.317867
   0.654      1.313249
   0.658      1.308663
   0.663      1.304108
   0.667      1.299583
   0.671      1.295085
   0.676      1.290613
   0.680      1.286166
   0.684      1.281742
   0.689      1.277341
   0.693      1.272960
   0.698      1.268599
   0.702      1.264257
   0.706      1.259933
   0.711      1.255625
   0.715      1.251332
   0.720      1.247055
   0.724      1.242791
   0.728      1.238540
   0.733      1.234301
   0.737      1.230074
   0.742      1.225858
   0.746      1.221652
   0.750      1.217456
   0.755      1.213269
   0.759      1.209090
   0.763      1.204920
   0.768      1.200757
   0.772      1.196602
   0.777      1.192454
   0.781      1.188312
   0.785      1.184176
   0.790      1.180047
   0.794      1.175924
   0.799      1.171806
   0.803      1.167693
   0.807      1.163586
   0.812      1.159485
   0.816      1.155388
   0.820      1.151296
   0.825      1.147209
   0.829      1.143128
   0.834      1.139051
   0.838      1.134979
   0.842      1.130912
   0.847      1.126851
   0.851      1.122794
   0.856      1.118743
   0.860      1.114697
   0.864      1.110656
   0.869      1.106621
   0.873      1.102592
   0.878      1.098568
   0.882      1.094551
   0.886      1.090539
   0.891      1.086534
   0.895      1.082536
   0.899      1.078544
   0.904      1.074560
   0.908      1.070582
   0.913      1.066612
   0.917      1.062650
   0.921      1.058695
   0.926      1.054749
   0.930      1.050811
   0.935      1.046881
   0.939      1.042961
   0.943      1.039049
   0.948      1.035147
   0.952      1.031255
   0.957      1.027372
   0.961      1.023500
   0.965      1.019638
   0.970      1.015786
   0.974      1.011946
   0.978      1.008117
   0.983      1.004299
   0.987      1.000493
   0.992      0.996699
   0.996      0.992917
   1.000      0.989148
   1.005      0.985391
   1.009      0.981648
   1.014      0.977917
   1.018      0.974200
   1.022      0.970497
   1.027      0.966808
   1.031      0.963133
   1.035      0.959472
   1.040      0.955826
   1.044      0.952195
   1.049      0.948578
   1.053      0.944977
   1.057      0.941392
   1.062      0.937822
   1.066      0.934268
   1.071      0.930730
   1.075      0.927208
   1.079      0.923703
   1.084      0.920214
   1.088      0.916742
   1.093      0.913287
   1.097      0.909848
   1.101      0.906427
   1.106      0.903024
   1.110      0.899637
   1.114      0.896268
   1.119      0.892917
   1.123      0.889584
   1.128      0.886269
   1.132      0.882971
   1.136      0.879692
   1.141      0.876431
   1.145      0.873188
   1.150      0.869963
   1.154      0.866757
   1.158      0.863569
   1.163      0.860399
   1.167      0.857248
   1.172      0.854116
   1.176      0.851002
   1.180      0.847906
   1.185      0.844829
   1.189      0.841771
   1.193      0.838731
   1.198      0.835710
   1.202      0.832708
   1.207      0.829724
   1.211      0.826758
   1.215      0.823811
   1.220      0.820883
   1.224      0.817973
   1.229      0.815081
   1.233      0.812208
   1.237      0.809352
   1.242      0.806515
   1.246      0.803696
   1.250      0.800895
   1.255      0.798113
   1.259      0.795348
   1.264      0.792600
   1.268      0.789871
   1.272      0.787159
   1.277      0.784465
   1.281      0.781788
   1.286      0.779128
   1.290      0.776486
   1.294      0.773861
   1.299      0.771253
   1.303      0.768661
   1.308      0.766087
   1.312      0.763529
   1.316      0.760988
   1.321      0.758463
   1.325      0.755954
   1.329      0.753462
   1.334      0.750986
   1.338      0.748526
   1.343      0.746081
   1.347      0.743652
   1.351      0.741239
   1.356      0.738841
   1.360      0.736459
   1.365      0.734092
   1.369      0.731739
   1.373      0.729402
   1.378      0.727080
   1.382      0.724772
   1.386      0.722479
   1.391      0.720200
   1.395      0.717935
   1.400      0.715685
   1.404      0.713448
   1.408      0.711226
   1.413      0.709017
   1.417      0.706822
   1.422      0.704641
   1.426      0.702472
   1.430      0.700318
   1.435      0.698176
   1.439      0.696047
   1.444      0.693932
   1.448      0.691829
   1.452      0.689739
   1.457      0.687661
   1.461      0.685596
   1.465      0.683544
   1.470      0.681503
   1.474      0.679475
   1.479      0.677459
   1.483      0.675454
   1.487      0.673462
   1.492      0.671481
   1.496      0.669512
   1.501      0.667554
   1.505      0.665608
   1.509      0.663673
   1.514      0.661749
   1.518      0.659837
   1.523      0.657935
   1.527      0.656045
   1.531      0.654165
   1.536      0.652296
   1.540      0.650437
   1.544      0.648590
   1.549      0.646752
   1.553      0.644925
   1.558      0.643109
   1.562      0.641302
   1.566      0.639506
   1.571      0.637719
   1.575      0.635943
   1.580      0.634177
   1.584      0.632420
   1.588      0.630673
   1.593      0.628935
   1.597      0.627208
   1.601      0.625489
   1.606      0.623780
   1.610      0.622081
   1.615      0.620390
   1.619      0.618709
   1.623      0.617037
   1.628      0.615373
   1.632      0.613719
   1.637      0.612074
   1.641      0.610437
   1.645      0.608809
   1.650      0.607190
   1.654      0.605580
   1.659      0.603978
   1.663      0.602384
   1.667      0.600799
   1.672      0.599222
   1.676      0.597653
   1.680      0.596093
   1.685      0.594541
   1.689      0.592996
   1.694      0.591460
   1.698      0.589932
   1.702      0.588411
   1.707      0.586899
   1.711      0.585394
   1.716      0.583897
   1.720      0.582407
   1.724      0.580925
   1.729      0.579451
   1.733      0.577984
   1.738      0.576524
   1.742      0.575072
   1.746      0.573627
