   0.003      3.214006
   0.007      3.214238
   0.010      3.214470
   0.013      3.214858
   0.017      3.215400
   0.020      3.216099
   0.023      3.216954
   0.026      3.217965
   0.030      3.219134
   0.033      3.220461
   0.036      3.221945
   0.040      3.223589
   0.043      3.225392
   0.046      3.227354
   0.050      3.229477
   0.053      3.231760
   0.056      3.234205
   0.059      3.236811
   0.063      3.239579
   0.066      3.242510
   0.069      3.245604
   0.073      3.248861
   0.076      3.252282
   0.079      3.255866
   0.083      3.259615
   0.086      3.263528
   0.089      3.267606
   0.092      3.271849
   0.096      3.276257
   0.099      3.280831
   0.102      3.285569
   0.106      3.290472
   0.109      3.295541
   0.112      3.300775
   0.116      3.306174
   0.119      3.311737
   0.122      3.317465
   0.125      3.323358
   0.129      3.329414
   0.132      3.335634
   0.135      3.342017
   0.139      3.348562
   0.142      3.355270
   0.145      3.362138
   0.148      3.369168
   0.152      3.376357
   0.155      3.383705
   0.158      3.391211
   0.162      3.398874
   0.165      3.406693
   0.168      3.414667
   0.172      3.422794
   0.175      3.431073
   0.178      3.439503
   0.181      3.448082
   0.185      3.456809
   0.188      3.465681
   0.191      3.474698
   0.195      3.483857
   0.198      3.493156
   0.201      3.502593
   0.205      3.512166
   0.208      3.521873
   0.211      3.531711
   0.214      3.541678
   0.218      3.551771
   0.221      3.561987
   0.224      3.572324
   0.228      3.582779
   0.231      3.593349
   0.234      3.604030
   0.238      3.614820
   0.241      3.625714
   0.244      3.636710
   0.247      3.647803
   0.251      3.658991
   0.254      3.670268
   0.257      3.681632
   0.261      3.693078
   0.264      3.704602
   0.267      3.716199
   0.271      3.727865
   0.274      3.739596
   0.277      3.751387
   0.280      3.763232
   0.284      3.775128
   0.287      3.787069
   0.290      3.799049
   0.294      3.811064
   0.297      3.823108
   0.300      3.835176
   0.304      3.847261
   0.307      3.859360
   0.310      3.871464
   0.314      3.883569
   0.317      3.895669
   0.320      3.907757
   0.323      3.919827
   0.327      3.931873
   0.330      3.943888
   0.333      3.955866
   0.337      3.967801
   0.340      3.979686
   0.343      3.991514
   0.346      4.003278
   0.350      4.014971
   0.353      4.026587
   0.356      4.038119
   0.360      4.049560
   0.363      4.060903
   0.366      4.072140
   0.370      4.083265
   0.373      4.094270
   0.376      4.105149
   0.380      4.115895
   0.383      4.126500
   0.386      4.136957
   0.389      4.147260
   0.393      4.157400
   0.396      4.167372
   0.399      4.177169
   0.403      4.186783
   0.406      4.196207
   0.409      4.205435
   0.412      4.214461
   0.416      4.223277
   0.419      4.231876
   0.422      4.240254
   0.426      4.248403
   0.429      4.256316
   0.432      4.263989
   0.436      4.271415
   0.439      4.278588
   0.442      4.285502
   0.446      4.292153
   0.449      4.298534
   0.452      4.304640
   0.455      4.310467
   0.459      4.316010
   0.462      4.321264
   0.465      4.326224
   0.469      4.330886
   0.472      4.335246
   0.475      4.339301
   0.478      4.343046
   0.482      4.346479
   0.485      4.349595
   0.488      4.352393
   0.492      4.354869
   0.495      4.357021
   0.498      4.358847
   0.502      4.360344
   0.505      4.361511
   0.508      4.362346
   0.511      4.362848
   0.515      4.363016
   0.518      4.362849
   0.521      4.362347
   0.525      4.361509
   0.528      4.360336
   0.531      4.358826
   0.535      4.356982
   0.538      4.354803
   0.541      4.352290
   0.544      4.349445
   0.548      4.346269
   0.551      4.342763
   0.554      4.338929
   0.558      4.334770
   0.561      4.330287
   0.564      4.325483
   0.568      4.320360
   0.571      4.314923
   0.574      4.309172
   0.578      4.303113
   0.581      4.296747
   0.584      4.290079
   0.587      4.283113
   0.591      4.275852
   0.594      4.268300
   0.597      4.260462
   0.601      4.252342
   0.604      4.243944
   0.607      4.235273
   0.611      4.226334
   0.614      4.217131
   0.617      4.207669
   0.620      4.197953
   0.624      4.187989
   0.627      4.177781
   0.630      4.167335
   0.634      4.156656
   0.637      4.145748
   0.640      4.134618
   0.643      4.123271
   0.647      4.111712
   0.650      4.099946
   0.653      4.087980
   0.657      4.075818
   0.660      4.063465
   0.663      4.050928
   0.667      4.038212
   0.670      4.025321
   0.673      4.012262
   0.676      3.999040
   0.680      3.985659
   0.683      3.972126
   0.686      3.958445
   0.690      3.944622
   0.693      3.930661
   0.696      3.916568
   0.700      3.902348
   0.703      3.888005
   0.706      3.873545
   0.710      3.858972
   0.713      3.844291
   0.716      3.829506
   0.719      3.814622
   0.723      3.799644
   0.726      3.784576
   0.729      3.769422
   0.733      3.754186
   0.736      3.738873
   0.739      3.723486
   0.743      3.708030
   0.746      3.692509
   0.749      3.676925
   0.752      3.661284
   0.756      3.645588
   0.759      3.629841
   0.762      3.614046
   0.766      3.598207
   0.769      3.582328
   0.772      3.566411
   0.775      3.550459
   0.779      3.534475
   0.782      3.518463
   0.785      3.502426
   0.789      3.486365
   0.792      3.470284
   0.795      3.454186
   0.799      3.438072
   0.802      3.421946
   0.805      3.405810
   0.808      3.389666
   0.812      3.373517
   0.815      3.357364
   0.818      3.341211
   0.822      3.325058
   0.825      3.308908
   0.828      3.292764
   0.832      3.276626
   0.835      3.260497
   0.838      3.244379
   0.842      3.228273
   0.845      3.212181
   0.848      3.196105
   0.851      3.180046
   0.855      3.164006
   0.858      3.147987
   0.861      3.131989
   0.865      3.116014
   0.868      3.100064
   0.871      3.084140
   0.874      3.068243
   0.878      3.052374
   0.881      3.036535
   0.884      3.020727
   0.888      3.004950
   0.891      2.989207
   0.894      2.973498
   0.898      2.957824
   0.901      2.942186
   0.904      2.926585
   0.907      2.911023
   0.911      2.895499
   0.914      2.880015
   0.917      2.864572
   0.921      2.849170
   0.924      2.833810
   0.927      2.818494
   0.931      2.803221
   0.934      2.787993
   0.937      2.772810
   0.941      2.757673
   0.944      2.742583
   0.947      2.727539
   0.950      2.712543
   0.954      2.697596
   0.957      2.682698
   0.960      2.667849
   0.964      2.653050
   0.967      2.638301
   0.970      2.623604
   0.974      2.608957
   0.977      2.594363
   0.980      2.579821
   0.983      2.565331
   0.987      2.550895
   0.990      2.536512
   0.993      2.522183
   0.997      2.507908
   1.000      2.493688
   1.003      2.479523
   1.006      2.465412
   1.010      2.451357
   1.013      2.437358
   1.016      2.423415
   1.020      2.409527
   1.023      2.395697
   1.026      2.381923
   1.030      2.368205
   1.033      2.354545
   1.036      2.340942
   1.040      2.327397
   1.043      2.313909
   1.046      2.300479
   1.049      2.287107
   1.053      2.273792
   1.056      2.260536
   1.059      2.247338
   1.063      2.234199
   1.066      2.221118
   1.069      2.208095
   1.073      2.195131
   1.076      2.182226
   1.079      2.169379
   1.082      2.156592
   1.086      2.143863
   1.089      2.131192
   1.092      2.118581
   1.096      2.106029
   1.099      2.093535
   1.102      2.081101
   1.105      2.068725
   1.109      2.056408
   1.112      2.044150
   1.115      2.031951
   1.119      2.019811
   1.122      2.007729
   1.125      1.995706
   1.129      1.983742
   1.132      1.971837
   1.135      1.959990
   1.139      1.948201
   1.142      1.936471
   1.145      1.924799
   1.148      1.913186
   1.152      1.901631
   1.155      1.890134
   1.158      1.878694
   1.162      1.867313
   1.165      1.855990
   1.168      1.844724
   1.171      1.833516
   1.175      1.822365
   1.178      1.811272
   1.181      1.800235
   1.185      1.789256
   1.188      1.778334
   1.191      1.767469
   1.195      1.756660
   1.198      1.745908
   1.201      1.735212
   1.204      1.724573
   1.208      1.713989
   1.211      1.703462
   1.214      1.692990
   1.218      1.682574
   1.221      1.672214
   1.224      1.661908
   1.228      1.651658
   1.231      1.641463
   1.234      1.631323
   1.238      1.621237
   1.241      1.611206
   1.244      1.601229
   1.247      1.591306
   1.251      1.581437
   1.254      1.571622
   1.257      1.561860
   1.261      1.552152
   1.264      1.542496
   1.267      1.532894
   1.270      1.523345
   1.274      1.513848
   1.277      1.504404
   1.280      1.495011
   1.284      1.485671
   1.287      1.476383
   1.290      1.467146
   1.294      1.457961
   1.297      1.448827
   1.300      1.439743
   1.304      1.430711
   1.307      1.421729
   1.310      1.412798
   1.313      1.403917
   1.317      1.395086
   1.320      1.386304
   1.323      1.377572
   1.327      1.368890
   1.330      1.360257
   1.333      1.351672
   1.337      1.343136
   1.340      1.334649
   1.343      1.326210
   1.346      1.317820
   1.350      1.309477
   1.353      1.301182
   1.356      1.292934
   1.360      1.284733
   1.363      1.276580
   1.366      1.268473
   1.369      1.260413
   1.373      1.252399
   1.376      1.244432
   1.379      1.236510
   1.383      1.228634
   1.386      1.220804
   1.389      1.213019
   1.393      1.205279
   1.396      1.197584
   1.399      1.189934
   1.403      1.182327
   1.406      1.174765
   1.409      1.167248
   1.412      1.159773
   1.416      1.152343
   1.419      1.144956
   1.422      1.137612
   1.426      1.130311
   1.429      1.123052
   1.432      1.115837
   1.435      1.108663
   1.439      1.101532
   1.442      1.094442
   1.445      1.087394
   1.449      1.080388
   1.452      1.073423
   1.455      1.066499
   1.459      1.059615
   1.462      1.052773
   1.465      1.045971
   1.468      1.039208
   1.472      1.032486
   1.475      1.025804
   1.478      1.019161
   1.482      1.012558
   1.485      1.005994
   1.488      0.999468
   1.492      0.992982
   1.495      0.986534
   1.498      0.980124
   1.502      0.973752
   1.505      0.967419
   1.508      0.961123
   1.511      0.954864
   1.515      0.948643
   1.518      0.942459
   1.521      0.936312
   1.525      0.930202
   1.528      0.924128
   1.531      0.918090
   1.534      0.912089
   1.538      0.906123
   1.541      0.900193
   1.544      0.894299
   1.548      0.888440
   1.551      0.882616
   1.554      0.876827
   1.558      0.871073
   1.561      0.865353
   1.564      0.859668
   1.567      0.854017
   1.571      0.848399
   1.574      0.842816
   1.577      0.837266
   1.581      0.831749
   1.584      0.826266
   1.587      0.820816
   1.591      0.815398
   1.594      0.810014
   1.597      0.804661
   1.601      0.799341
   1.604      0.794053
   1.607      0.788797
   1.610      0.783573
   1.614      0.778380
   1.617      0.773218
   1.620      0.768088
   1.624      0.762989
   1.627      0.757920
   1.630      0.752882
   1.633      0.747875
   1.637      0.742898
   1.640      0.737951
   1.643      0.733034
   1.647      0.728147
   1.650      0.723289
   1.653      0.718461
   1.657      0.713662
   1.660      0.708892
   1.663      0.704150
   1.667      0.699438
   1.670      0.694754
   1.673      0.690099
   1.676      0.685472
   1.680      0.680873
   1.683      0.676301
   1.686      0.671758
   1.690      0.667242
   1.693      0.662753
   1.696      0.658292
   1.700      0.653858
   1.703      0.649450
   1.706      0.645070
   1.709      0.640715
   1.713      0.636388
   1.716      0.632087
   1.719      0.627811
   1.723      0.623562
   1.726      0.619339
   1.729      0.615141
   1.732      0.610968
   1.736      0.606821
   1.739      0.602699
   1.742      0.598603
   1.746      0.594531
   1.749      0.590483
   1.752      0.586461
   1.756      0.582463
   1.759      0.578489
   1.762      0.574539
   1.766      0.570613
   1.769      0.566711
   1.772      0.562833
   1.775      0.558978
   1.779      0.555147
   1.782      0.551338
   1.785      0.547553
   1.789      0.543791
   1.792      0.540052
   1.795      0.536336
   1.798      0.532642
   1.802      0.528970
   1.805      0.525321
   1.808      0.521694
   1.812      0.518089
   1.815      0.514505
   1.818      0.510944
   1.822      0.507404
   1.825      0.503885
   1.828      0.500388
   1.831      0.496912
   1.835      0.493457
   1.838      0.490023
   1.841      0.486610
   1.845      0.483218
   1.848      0.479845
   1.851      0.476494
   1.855      0.473163
   1.858      0.469851
   1.861      0.466560
   1.865      0.463289
   1.868      0.460038
   1.871      0.456806
   1.874      0.453593
   1.878      0.450401
   1.881      0.447227
   1.884      0.444072
   1.888      0.440937
   1.891      0.437821
   1.894      0.434723
   1.897      0.431644
   1.901      0.428583
   1.904      0.425541
   1.907      0.422518
   1.911      0.419512
   1.914      0.416525
   1.917      0.413555
   1.921      0.410604
   1.924      0.407670
   1.927      0.404754
   1.930      0.401855
   1.934      0.398974
   1.937      0.396110
   1.940      0.393263
   1.944      0.390434
   1.947      0.387621
   1.950      0.384825
   1.954      0.382046
   1.957      0.379284
   1.960      0.376538
   1.964      0.373808
   1.967      0.371095
   1.970      0.368398
   1.973      0.365717
   1.977      0.363053
   1.980      0.360404
   1.983      0.357771
   1.987      0.355153
   1.990      0.352551
   1.993      0.349965
   1.996      0.347394
   2.000      0.344838
   2.003      0.342298
   2.006      0.339773
   2.010      0.337262
   2.013      0.334767
   2.016      0.332286
   2.020      0.329820
   2.023      0.327369
   2.026      0.324932
   2.030      0.322510
   2.033      0.320101
   2.036      0.317708
   2.039      0.315328
   2.043      0.312962
   2.046      0.310610
   2.049      0.308272
   2.053      0.305948
   2.056      0.303638
   2.059      0.301341
   2.062      0.299058
   2.066      0.296788
   2.069      0.294531
   2.072      0.292287
   2.076      0.290057
   2.079      0.287840
   2.082      0.285636
   2.086      0.283444
   2.089      0.281265
   2.092      0.279100
   2.095      0.276946
   2.099      0.274805
   2.102      0.272677
   2.105      0.270561
   2.109      0.268457
   2.112      0.266366
   2.115      0.264287
   2.119      0.262219
   2.122      0.260164
   2.125      0.258120
   2.128      0.256089
   2.132      0.254069
   2.135      0.252060
   2.138      0.250064
   2.142      0.248078
   2.145      0.246104
   2.148      0.244142
   2.152      0.242190
   2.155      0.240250
   2.158      0.238321
   2.162      0.236403
   2.165      0.234496
   2.168      0.232600
   2.171      0.230714
   2.175      0.228839
   2.178      0.226975
   2.181      0.225122
   2.185      0.223279
   2.188      0.221446
   2.191      0.219624
   2.195      0.217812
   2.198      0.216010
   2.201      0.214218
   2.204      0.212437
   2.208      0.210665
   2.211      0.208903
   2.214      0.207152
   2.218      0.205410
   2.221      0.203677
   2.224      0.201955
   2.228      0.200242
   2.231      0.198538
   2.234      0.196844
   2.237      0.195159
   2.241      0.193484
   2.244      0.191818
   2.247      0.190161
   2.251      0.188513
   2.254      0.186874
   2.257      0.185245
   2.260      0.183624
   2.264      0.182012
   2.267      0.180409
   2.270      0.178814
   2.274      0.177229
   2.277      0.175651
   2.280      0.174083
   2.284      0.172523
   2.287      0.170971
   2.290      0.169428
   2.293      0.167893
   2.297      0.166366
   2.300      0.164848
   2.303      0.163337
   2.307      0.161835
   2.310      0.160341
   2.313      0.158854
   2.317      0.157376
   2.320      0.155905
   2.323      0.154442
   2.326      0.152987
   2.330      0.151540
   2.333      0.150100
   2.336      0.148668
   2.340      0.147243
   2.343      0.145826
   2.346      0.144416
   2.350      0.143013
   2.353      0.141618
   2.356      0.140230
   2.360      0.138849
   2.363      0.137475
   2.366      0.136108
   2.369      0.134748
   2.373      0.133395
   2.376      0.132049
   2.379      0.130710
   2.383      0.129378
   2.386      0.128053
   2.389      0.126734
   2.393      0.125422
   2.396      0.124116
   2.399      0.122817
   2.402      0.121525
   2.406      0.120239
   2.409      0.118959
   2.412      0.117685
   2.416      0.116418
   2.419      0.115158
   2.422      0.113903
   2.425      0.112655
   2.429      0.111412
   2.432      0.110176
   2.435      0.108946
   2.439      0.107721
   2.442      0.106503
   2.445      0.105290
   2.449      0.104083
   2.452      0.102882
   2.455      0.101687
   2.458      0.100498
   2.462      0.099314
   2.465      0.098135
   2.468      0.096962
   2.472      0.095795
   2.475      0.094633
   2.478      0.093477
   2.482      0.092326
   2.485      0.091180
   2.488      0.090039
   2.491      0.088904
   2.495      0.087774
   2.498      0.086649
   2.501      0.085529
   2.505      0.084414
   2.508      0.083304
   2.511      0.082200
   2.515      0.081100
   2.518      0.080005
   2.521      0.078915
   2.525      0.077829
   2.528      0.076749
   2.531      0.075673
   2.534      0.074602
   2.538      0.073535
   2.541      0.072473
   2.544      0.071416
   2.548      0.070363
   2.551      0.069315
   2.554      0.068271
   2.558      0.067232
   2.561      0.066196
   2.564      0.065166
   2.567      0.064139
   2.571      0.063117
   2.574      0.062099
   2.577      0.061085
   2.581      0.060075
   2.584      0.059070
   2.587      0.058068
   2.591      0.057070
   2.594      0.056077
   2.597      0.055087
   2.600      0.054102
   2.604      0.053120
   2.607      0.052142
   2.610      0.051167
   2.614      0.050197
   2.617      0.049230
   2.620      0.048267
   2.623      0.047308
   2.627      0.046352
   2.630      0.045400
   2.633      0.044451
   2.637      0.043506
   2.640      0.042565
   2.643      0.041626
   2.647      0.040692
   2.650      0.039760
   2.653      0.038832
   2.656      0.037908
   2.660      0.036986
   2.663      0.036068
   2.666      0.035153
   2.670      0.034241
   2.673      0.033332
   2.676      0.032427
   2.680      0.031524
   2.683      0.030625
   2.686      0.029728
   2.689      0.028835
   2.693      0.027944
   2.696      0.027056
   2.699      0.026172
   2.703      0.025290
   2.706      0.024411
   2.709      0.023534
   2.713      0.022661
   2.716      0.021790
   2.719      0.020921
   2.723      0.020056
   2.726      0.019193
   2.729      0.018333
   2.732      0.017475
   2.736      0.016620
   2.739      0.015767
   2.742      0.014917
   2.746      0.014069
   2.749      0.013223
   2.752      0.012380
   2.756      0.011540
   2.759      0.010701
   2.762      0.009865
   2.765      0.009031
   2.769      0.008200
   2.772      0.007370
   2.775      0.006543
   2.779      0.005718
   2.782      0.004895
   2.785      0.004074
   2.788      0.003255
   2.792      0.002439
   2.795      0.001624
   2.798      0.000811
   2.802      0.000000
