   0.000   -298.186748
   0.006    602.243361
   0.011    738.873303
   0.017    791.992018
   0.022    -42.956126
   0.028    -34.002984
   0.034    -28.034595
   0.039    -23.771862
   0.045    -20.575238
   0.050    -18.089414
   0.056    -16.101204
   0.061    -14.474941
   0.067    -13.120181
   0.073    -11.974305
   0.078    -10.992586
   0.084    -10.142220
   0.089     -9.398606
   0.095     -8.742928
   0.101     -8.160552
   0.106     -7.639923
   0.112     -7.171796
   0.117     -6.748687
   0.123     -6.364470
   0.128     -6.014087
   0.134     -5.693320
   0.140     -5.398625
   0.145     -5.127004
   0.151     -4.875903
   0.156     -4.643130
   0.162     -4.426797
   0.168     -4.225267
   0.173     -4.037113
   0.179     -3.861087
   0.184     -3.696092
   0.190     -3.541158
   0.195     -3.395427
   0.201     -3.258136
   0.207     -3.128604
   0.212     -3.006222
   0.218     -2.890441
   0.223     -2.780770
   0.229     -2.676764
   0.235     -2.578019
   0.240     -2.484171
   0.246     -2.394886
   0.251     -2.309862
   0.257     -2.228823
   0.262     -2.151513
   0.268     -2.077702
   0.274     -2.007175
   0.279     -1.939736
   0.285     -1.875204
   0.290     -1.813410
   0.296     -1.754200
   0.302     -1.697431
   0.307     -1.642970
   0.313     -1.590691
   0.318     -1.540481
   0.324     -1.492232
   0.329     -1.445843
   0.335     -1.401222
   0.341     -1.358280
   0.346     -1.316937
   0.352     -1.277115
   0.357     -1.238742
   0.363     -1.201750
   0.369     -1.166077
   0.374     -1.131662
   0.380     -1.098449
   0.385     -1.066385
   0.391     -1.035419
   0.396     -1.005505
   0.402     -0.976598
   0.408     -0.948655
   0.413     -0.921636
   0.419     -0.895504
   0.424     -0.870222
   0.430     -0.845757
   0.436     -0.822075
   0.441     -0.799147
   0.447     -0.776942
   0.452     -0.755434
   0.458     -0.734596
   0.463     -0.714401
   0.469     -0.694827
   0.475     -0.675851
   0.480     -0.657450
   0.486     -0.639604
   0.491     -0.622293
   0.497     -0.605497
   0.503     -0.589199
   0.508     -0.573381
   0.514     -0.558027
   0.519     -0.543120
   0.525     -0.528646
   0.531     -0.514589
   0.536     -0.500936
   0.542     -0.487672
   0.547     -0.474786
   0.553     -0.462265
   0.558     -0.450097
   0.564     -0.438270
   0.570     -0.426774
   0.575     -0.415598
   0.581     -0.404732
   0.586     -0.394166
   0.592     -0.383890
   0.598     -0.373896
   0.603     -0.364175
   0.609     -0.354718
   0.614     -0.345518
   0.620     -0.336567
   0.625     -0.327857
   0.631     -0.319380
   0.637     -0.311131
   0.642     -0.303102
   0.648     -0.295286
   0.653     -0.287678
   0.659     -0.280272
   0.665     -0.273061
   0.670     -0.266039
   0.676     -0.259202
   0.681     -0.252544
   0.687     -0.246061
   0.692     -0.239746
   0.698     -0.233595
   0.704     -0.227605
   0.709     -0.221769
   0.715     -0.216084
   0.720     -0.210546
   0.726     -0.205151
   0.732     -0.199894
   0.737     -0.194772
   0.743     -0.189781
   0.748     -0.184918
   0.754     -0.180179
   0.759     -0.175561
   0.765     -0.171060
   0.771     -0.166674
   0.776     -0.162399
   0.782     -0.158232
   0.787     -0.154171
   0.793     -0.150213
   0.799     -0.146354
   0.804     -0.142593
   0.810     -0.138927
   0.815     -0.135353
   0.821     -0.131868
   0.826     -0.128472
   0.832     -0.125160
   0.838     -0.121932
   0.843     -0.118785
   0.849     -0.115716
   0.854     -0.112725
   0.860     -0.109808
   0.866     -0.106964
   0.871     -0.104191
   0.877     -0.101487
   0.882     -0.098851
   0.888     -0.096281
   0.893     -0.093775
   0.899     -0.091331
   0.905     -0.088949
   0.910     -0.086625
   0.916     -0.084360
   0.921     -0.082151
   0.927     -0.079997
   0.933     -0.077897
   0.938     -0.075850
   0.944     -0.073853
   0.949     -0.071906
   0.955     -0.070008
   0.960     -0.068156
   0.966     -0.066352
   0.972     -0.064592
   0.977     -0.062876
   0.983     -0.061203
   0.988     -0.059571
   0.994     -0.057981
   1.000     -0.056430
   1.005     -0.054918
   1.011     -0.053444
   1.016     -0.052007
   1.022     -0.050606
   1.028     -0.049240
   1.033     -0.047908
   1.039     -0.046610
   1.044     -0.045344
   1.050     -0.044110
   1.055     -0.042907
   1.061     -0.041735
   1.067     -0.040592
   1.072     -0.039478
   1.078     -0.038392
   1.083     -0.037333
   1.089     -0.036302
   1.095     -0.035296
   1.100     -0.034316
   1.106     -0.033361
   1.111     -0.032431
   1.117     -0.031524
   1.122     -0.030640
   1.128     -0.029779
   1.134     -0.028939
   1.139     -0.028122
   1.145     -0.027325
   1.150     -0.026549
   1.156     -0.025792
   1.162     -0.025056
   1.167     -0.024338
   1.173     -0.023639
   1.178     -0.022958
   1.184     -0.022294
   1.189     -0.021648
   1.195     -0.021019
   1.201     -0.020406
   1.206     -0.019810
   1.212     -0.019228
   1.217     -0.018663
   1.223     -0.018112
   1.229     -0.017575
   1.234     -0.017053
   1.240     -0.016545
   1.245     -0.016050
   1.251     -0.015568
   1.256     -0.015099
   1.262     -0.014643
   1.268     -0.014199
   1.273     -0.013767
   1.279     -0.013346
   1.284     -0.012937
   1.290     -0.012539
   1.296     -0.012151
   1.301     -0.011775
   1.307     -0.011408
   1.312     -0.011052
   1.318     -0.010705
   1.323     -0.010368
   1.329     -0.010040
   1.335     -0.009722
   1.340     -0.009412
   1.346     -0.009111
   1.351     -0.008818
   1.357     -0.008533
   1.363     -0.008257
   1.368     -0.007988
   1.374     -0.007727
   1.379     -0.007473
   1.385     -0.007226
   1.390     -0.006987
   1.396     -0.006754
   1.402     -0.006528
   1.407     -0.006309
   1.413     -0.006096
   1.418     -0.005889
   1.424     -0.005689
   1.430     -0.005494
   1.435     -0.005305
   1.441     -0.005121
   1.446     -0.004943
   1.452     -0.004770
   1.457     -0.004603
   1.463     -0.004440
   1.469     -0.004282
   1.474     -0.004130
   1.480     -0.003981
   1.485     -0.003838
   1.491     -0.003698
   1.497     -0.003563
   1.502     -0.003433
   1.508     -0.003306
   1.513     -0.003183
   1.519     -0.003064
   1.525     -0.002949
   1.530     -0.002838
   1.536     -0.002730
   1.541     -0.002626
   1.547     -0.002524
   1.552     -0.002427
   1.558     -0.002332
   1.564     -0.002241
   1.569     -0.002152
   1.575     -0.002067
   1.580     -0.001984
   1.586     -0.001904
   1.592     -0.001827
   1.597     -0.001752
   1.603     -0.001680
   1.608     -0.001610
   1.614     -0.001543
   1.619     -0.001478
   1.625     -0.001416
   1.631     -0.001355
   1.636     -0.001297
   1.642     -0.001241
   1.647     -0.001187
   1.653     -0.001135
   1.659     -0.001084
   1.664     -0.001036
   1.670     -0.000989
   1.675     -0.000944
   1.681     -0.000901
   1.686     -0.000860
   1.692     -0.000819
   1.698     -0.000781
   1.703     -0.000744
   1.709     -0.000708
   1.714     -0.000674
   1.720     -0.000641
   1.726     -0.000610
   1.731     -0.000580
   1.737     -0.000551
   1.742     -0.000523
   1.748     -0.000496
   1.753     -0.000471
   1.759     -0.000446
   1.765     -0.000423
   1.770     -0.000400
   1.776     -0.000379
   1.781     -0.000358
   1.787     -0.000338
   1.793     -0.000320
   1.798     -0.000302
   1.804     -0.000285
   1.809     -0.000268
   1.815     -0.000253
   1.820     -0.000238
   1.826     -0.000224
   1.832     -0.000210
   1.837     -0.000197
   1.843     -0.000185
   1.848     -0.000174
   1.854     -0.000163
   1.860     -0.000152
   1.865     -0.000142
   1.871     -0.000133
   1.876     -0.000124
   1.882     -0.000116
   1.887     -0.000108
   1.893     -0.000100
   1.899     -0.000093
   1.904     -0.000086
   1.910     -0.000080
   1.915     -0.000074
   1.921     -0.000069
   1.927     -0.000063
   1.932     -0.000058
   1.938     -0.000054
   1.943     -0.000049
   1.949     -0.000045
   1.954     -0.000042
   1.960     -0.000038
   1.966     -0.000035
   1.971     -0.000032
   1.977     -0.000029
   1.982     -0.000026
   1.988     -0.000024
   1.994     -0.000021
   1.999     -0.000019
   2.005     -0.000017
   2.010     -0.000016
   2.016     -0.000014
   2.022     -0.000012
   2.027     -0.000011
   2.033     -0.000010
   2.038     -0.000009
   2.044     -0.000008
   2.049     -0.000007
   2.055     -0.000006
   2.061     -0.000005
   2.066     -0.000004
   2.072     -0.000004
   2.077     -0.000003
   2.083     -0.000003
   2.089     -0.000002
   2.094     -0.000002
   2.100     -0.000002
   2.105     -0.000001
   2.111     -0.000001
   2.116     -0.000001
   2.122     -0.000001
   2.128     -0.000001
   2.133      0.000000
   2.139      0.000000
   2.144      0.000000
   2.150      0.000000
   2.156      0.000000
   2.161      0.000000
   2.167      0.000000
   2.172      0.000000
   2.178      0.000000
   2.183      0.000000
   2.189      0.000000
   2.195      0.000000
   2.200      0.000000
   2.206      0.000000
   2.211      0.000000
   2.217      0.000000
   2.223      0.000000
