   0.004      2.975876
   0.008      2.984250
   0.013      2.992624
   0.017      3.015426
   0.021      3.054129
   0.025      3.109436
   0.029      3.182038
   0.034      3.272802
   0.038      3.382745
   0.042      3.508423
   0.046      3.609673
   0.050      3.689823
   0.055      3.754096
   0.059      3.806120
   0.063      3.848495
   0.067      3.883131
   0.071      3.911465
   0.076      3.934599
   0.080      3.953395
   0.084      3.968531
   0.088      3.980554
   0.092      3.989908
   0.097      3.996955
   0.101      4.001998
   0.105      4.005288
   0.109      4.007038
   0.113      4.007426
   0.118      4.006607
   0.122      4.004712
   0.126      4.001857
   0.130      3.998139
   0.134      3.993647
   0.139      3.988455
   0.143      3.982631
   0.147      3.976234
   0.151      3.969316
   0.155      3.961924
   0.160      3.954101
   0.164      3.945884
   0.168      3.937306
   0.172      3.928398
   0.176      3.919188
   0.181      3.909700
   0.185      3.899957
   0.189      3.889981
   0.193      3.879789
   0.197      3.869400
   0.202      3.858828
   0.206      3.848089
   0.210      3.837196
   0.214      3.826161
   0.218      3.814996
   0.223      3.803710
   0.227      3.792315
   0.231      3.780818
   0.235      3.769228
   0.239      3.757554
   0.244      3.745801
   0.248      3.733977
   0.252      3.722089
   0.256      3.710141
   0.260      3.698140
   0.265      3.686091
   0.269      3.673999
   0.273      3.661867
   0.277      3.649700
   0.281      3.637503
   0.286      3.625278
   0.290      3.613030
   0.294      3.600762
   0.298      3.588477
   0.302      3.576177
   0.307      3.563866
   0.311      3.551545
   0.315      3.539219
   0.319      3.526888
   0.323      3.514556
   0.328      3.502223
   0.332      3.489893
   0.336      3.477567
   0.340      3.465246
   0.344      3.452933
   0.349      3.440629
   0.353      3.428335
   0.357      3.416053
   0.361      3.403785
   0.365      3.391531
   0.370      3.379292
   0.374      3.367071
   0.378      3.354867
   0.382      3.342683
   0.386      3.330518
   0.391      3.318375
   0.395      3.306253
   0.399      3.294154
   0.403      3.282078
   0.407      3.270027
   0.412      3.258000
   0.416      3.245999
   0.420      3.234025
   0.424      3.222077
   0.428      3.210156
   0.433      3.198264
   0.437      3.186401
   0.441      3.174566
   0.445      3.162761
   0.449      3.150986
   0.454      3.139241
   0.458      3.127527
   0.462      3.115845
   0.466      3.104194
   0.470      3.092575
   0.475      3.080988
   0.479      3.069434
   0.483      3.057912
   0.487      3.046424
   0.491      3.034969
   0.496      3.023548
   0.500      3.012161
   0.504      3.000808
   0.508      2.989489
   0.512      2.978204
   0.517      2.966955
   0.521      2.955740
   0.525      2.944560
   0.529      2.933415
   0.533      2.922306
   0.538      2.911232
   0.542      2.900193
   0.546      2.889190
   0.550      2.878223
   0.554      2.867292
   0.559      2.856397
   0.563      2.845537
   0.567      2.834714
   0.571      2.823927
   0.575      2.813176
   0.580      2.802461
   0.584      2.791783
   0.588      2.781140
   0.592      2.770535
   0.596      2.759965
   0.601      2.749432
   0.605      2.738935
   0.609      2.728475
   0.613      2.718051
   0.617      2.707663
   0.622      2.697312
   0.626      2.686998
   0.630      2.676719
   0.634      2.666477
   0.638      2.656272
   0.643      2.646102
   0.647      2.635969
   0.651      2.625872
   0.655      2.615812
   0.659      2.605787
   0.664      2.595799
   0.668      2.585846
   0.672      2.575930
   0.676      2.566050
   0.680      2.556206
   0.685      2.546397
   0.689      2.536625
   0.693      2.526888
   0.697      2.517187
   0.701      2.507521
   0.706      2.497891
   0.710      2.488296
   0.714      2.478737
   0.718      2.469214
   0.722      2.459725
   0.727      2.450272
   0.731      2.440854
   0.735      2.431471
   0.739      2.422123
   0.743      2.412809
   0.748      2.403531
   0.752      2.394287
   0.756      2.385078
   0.760      2.375903
   0.764      2.366763
   0.769      2.357657
   0.773      2.348585
   0.777      2.339548
   0.781      2.330545
   0.785      2.321575
   0.790      2.312640
   0.794      2.303738
   0.798      2.294870
   0.802      2.286035
   0.806      2.277234
   0.811      2.268467
   0.815      2.259733
   0.819      2.251031
   0.823      2.242363
   0.827      2.233728
   0.832      2.225126
   0.836      2.216557
   0.840      2.208020
   0.844      2.199516
   0.848      2.191044
   0.853      2.182605
   0.857      2.174198
   0.861      2.165823
   0.865      2.157480
   0.869      2.149169
   0.874      2.140890
   0.878      2.132643
   0.882      2.124427
   0.886      2.116243
   0.890      2.108090
   0.895      2.099968
   0.899      2.091878
   0.903      2.083818
   0.907      2.075790
   0.911      2.067792
   0.916      2.059826
   0.920      2.051890
   0.924      2.043984
   0.928      2.036109
   0.932      2.028264
   0.937      2.020449
   0.941      2.012664
   0.945      2.004910
   0.949      1.997185
   0.953      1.989490
   0.958      1.981825
   0.962      1.974189
   0.966      1.966582
   0.970      1.959005
   0.974      1.951458
   0.979      1.943939
   0.983      1.936449
   0.987      1.928988
   0.991      1.921556
   0.995      1.914153
   1.000      1.906778
   1.004      1.899431
   1.008      1.892113
   1.012      1.884823
   1.016      1.877562
   1.021      1.870328
   1.025      1.863122
   1.029      1.855944
   1.033      1.848794
   1.037      1.841671
   1.042      1.834576
   1.046      1.827508
   1.050      1.820467
   1.054      1.813454
   1.058      1.806467
   1.063      1.799508
   1.067      1.792575
   1.071      1.785669
   1.075      1.778790
   1.079      1.771937
   1.084      1.765111
   1.088      1.758311
   1.092      1.751537
   1.096      1.744789
   1.100      1.738067
   1.105      1.731371
   1.109      1.724701
   1.113      1.718057
   1.117      1.711438
   1.121      1.704845
   1.126      1.698277
   1.130      1.691734
   1.134      1.685217
   1.138      1.678725
   1.142      1.672257
   1.147      1.665815
   1.151      1.659397
   1.155      1.653004
   1.159      1.646635
   1.163      1.640291
   1.168      1.633972
   1.172      1.627676
   1.176      1.621405
   1.180      1.615158
   1.184      1.608935
   1.189      1.602735
   1.193      1.596560
   1.197      1.590408
   1.201      1.584280
   1.205      1.578175
   1.210      1.572094
   1.214      1.566036
   1.218      1.560001
   1.222      1.553989
   1.226      1.548001
   1.231      1.542035
   1.235      1.536092
   1.239      1.530172
   1.243      1.524274
   1.247      1.518399
   1.252      1.512547
   1.256      1.506717
   1.260      1.500909
   1.264      1.495123
   1.268      1.489359
   1.273      1.483618
   1.277      1.477898
   1.281      1.472200
   1.285      1.466524
   1.289      1.460869
   1.294      1.455236
   1.298      1.449625
   1.302      1.444034
   1.306      1.438466
   1.310      1.432918
   1.315      1.427391
   1.319      1.421886
   1.323      1.416401
   1.327      1.410937
   1.331      1.405494
   1.336      1.400072
   1.340      1.394670
   1.344      1.389288
   1.348      1.383928
   1.352      1.378587
   1.357      1.373267
   1.361      1.367966
   1.365      1.362686
   1.369      1.357426
   1.373      1.352186
   1.378      1.346966
   1.382      1.341765
   1.386      1.336584
   1.390      1.331423
   1.394      1.326281
   1.399      1.321158
   1.403      1.316055
   1.407      1.310971
   1.411      1.305907
   1.415      1.300861
   1.420      1.295835
   1.424      1.290827
   1.428      1.285838
   1.432      1.280868
   1.436      1.275917
   1.441      1.270984
   1.445      1.266070
   1.449      1.261175
   1.453      1.256298
   1.457      1.251439
   1.462      1.246598
   1.466      1.241775
   1.470      1.236971
   1.474      1.232185
   1.478      1.227416
   1.483      1.222666
   1.487      1.217933
   1.491      1.213218
   1.495      1.208521
   1.499      1.203841
   1.504      1.199179
   1.508      1.194534
   1.512      1.189906
   1.516      1.185296
   1.520      1.180703
   1.525      1.176127
   1.529      1.171568
   1.533      1.167026
   1.537      1.162501
   1.541      1.157993
   1.546      1.153502
   1.550      1.149028
   1.554      1.144570
   1.558      1.140129
   1.562      1.135704
   1.567      1.131296
   1.571      1.126904
   1.575      1.122528
   1.579      1.118169
   1.583      1.113825
   1.588      1.109498
   1.592      1.105187
   1.596      1.100892
   1.600      1.096613
   1.604      1.092350
   1.609      1.088102
   1.613      1.083870
   1.617      1.079654
   1.621      1.075453
   1.625      1.071268
   1.630      1.067099
   1.634      1.062944
   1.638      1.058806
   1.642      1.054682
   1.646      1.050574
   1.651      1.046480
   1.655      1.042402
   1.659      1.038339
   1.663      1.034291
   1.667      1.030257
   1.672      1.026239
   1.676      1.022235
   1.680      1.018246
   1.684      1.014271
   1.688      1.010312
   1.693      1.006366
   1.697      1.002436
   1.701      0.998519
   1.705      0.994617
   1.709      0.990729
   1.714      0.986856
   1.718      0.982997
   1.722      0.979151
   1.726      0.975320
   1.730      0.971503
   1.735      0.967700
   1.739      0.963911
   1.743      0.960135
   1.747      0.956373
   1.751      0.952625
   1.756      0.948891
   1.760      0.945170
   1.764      0.941463
   1.768      0.937770
   1.772      0.934089
   1.777      0.930423
   1.781      0.926769
   1.785      0.923129
   1.789      0.919502
   1.793      0.915888
   1.798      0.912287
   1.802      0.908700
   1.806      0.905125
   1.810      0.901563
   1.814      0.898015
   1.819      0.894479
   1.823      0.890956
   1.827      0.887445
   1.831      0.883948
   1.835      0.880463
   1.840      0.876990
   1.844      0.873530
   1.848      0.870083
   1.852      0.866648
   1.856      0.863226
   1.861      0.859815
   1.865      0.856417
   1.869      0.853032
   1.873      0.849658
   1.877      0.846297
   1.882      0.842948
   1.886      0.839611
   1.890      0.836285
   1.894      0.832972
   1.898      0.829671
   1.903      0.826381
   1.907      0.823104
   1.911      0.819838
   1.915      0.816584
   1.919      0.813341
   1.924      0.810110
   1.928      0.806891
   1.932      0.803683
   1.936      0.800487
   1.940      0.797302
   1.945      0.794128
   1.949      0.790966
   1.953      0.787815
   1.957      0.784675
   1.961      0.781547
   1.966      0.778430
   1.970      0.775323
   1.974      0.772228
   1.978      0.769144
   1.982      0.766071
   1.987      0.763009
   1.991      0.759958
   1.995      0.756917
   1.999      0.753888
   2.003      0.750869
   2.008      0.747861
   2.012      0.744864
   2.016      0.741877
   2.020      0.738901
   2.024      0.735935
   2.029      0.732980
   2.033      0.730035
   2.037      0.727101
   2.041      0.724177
   2.045      0.721264
   2.050      0.718360
   2.054      0.715468
   2.058      0.712585
   2.062      0.709712
   2.066      0.706850
   2.071      0.703998
   2.075      0.701155
   2.079      0.698323
   2.083      0.695501
   2.087      0.692689
   2.092      0.689886
   2.096      0.687094
   2.100      0.684311
   2.104      0.681538
   2.108      0.678775
   2.113      0.676022
   2.117      0.673278
   2.121      0.670544
   2.125      0.667819
   2.129      0.665104
   2.134      0.662399
   2.138      0.659703
   2.142      0.657016
   2.146      0.654339
   2.150      0.651671
   2.155      0.649013
   2.159      0.646364
   2.163      0.643724
   2.167      0.641093
   2.171      0.638471
   2.176      0.635859
   2.180      0.633256
   2.184      0.630662
   2.188      0.628077
   2.192      0.625501
   2.197      0.622934
   2.201      0.620375
   2.205      0.617826
   2.209      0.615286
   2.213      0.612754
   2.218      0.610231
   2.222      0.607717
   2.226      0.605212
   2.230      0.602716
   2.234      0.600228
   2.239      0.597748
   2.243      0.595278
   2.247      0.592816
   2.251      0.590362
   2.255      0.587917
   2.260      0.585480
   2.264      0.583052
   2.268      0.580632
   2.272      0.578221
   2.276      0.575818
   2.281      0.573423
   2.285      0.571037
   2.289      0.568658
   2.293      0.566288
   2.297      0.563926
   2.302      0.561572
   2.306      0.559227
   2.310      0.556889
   2.314      0.554560
   2.318      0.552238
   2.323      0.549925
   2.327      0.547619
   2.331      0.545321
   2.335      0.543032
   2.339      0.540750
   2.344      0.538476
   2.348      0.536209
   2.352      0.533951
   2.356      0.531700
   2.360      0.529457
   2.365      0.527221
   2.369      0.524994
   2.373      0.522774
   2.377      0.520561
   2.381      0.518356
   2.386      0.516159
   2.390      0.513969
   2.394      0.511786
   2.398      0.509611
   2.402      0.507444
   2.407      0.505283
   2.411      0.503131
   2.415      0.500985
   2.419      0.498847
   2.423      0.496716
   2.428      0.494592
   2.432      0.492476
   2.436      0.490367
   2.440      0.488264
   2.444      0.486169
   2.449      0.484082
   2.453      0.482001
   2.457      0.479927
   2.461      0.477860
   2.465      0.475801
   2.470      0.473748
   2.474      0.471702
   2.478      0.469663
   2.482      0.467631
   2.486      0.465606
   2.491      0.463588
   2.495      0.461577
   2.499      0.459572
   2.503      0.457574
   2.507      0.455583
   2.512      0.453599
   2.516      0.451621
   2.520      0.449650
   2.524      0.447685
   2.528      0.445727
   2.533      0.443776
   2.537      0.441832
   2.541      0.439893
   2.545      0.437962
   2.549      0.436037
   2.554      0.434118
   2.558      0.432206
   2.562      0.430300
   2.566      0.428400
   2.570      0.426507
   2.575      0.424620
   2.579      0.422740
   2.583      0.420866
   2.587      0.418998
   2.591      0.417136
   2.596      0.415281
   2.600      0.413432
   2.604      0.411588
   2.608      0.409752
   2.612      0.407921
   2.617      0.406096
   2.621      0.404277
   2.625      0.402465
   2.629      0.400658
   2.633      0.398858
   2.638      0.397063
   2.642      0.395275
   2.646      0.393492
   2.650      0.391715
   2.654      0.389944
   2.659      0.388179
   2.663      0.386420
   2.667      0.384667
   2.671      0.382920
   2.675      0.381178
   2.680      0.379442
   2.684      0.377712
   2.688      0.375987
   2.692      0.374268
   2.696      0.372555
   2.701      0.370848
   2.705      0.369146
   2.709      0.367450
   2.713      0.365759
   2.717      0.364074
   2.722      0.362395
   2.726      0.360721
   2.730      0.359052
   2.734      0.357389
   2.738      0.355732
   2.743      0.354080
   2.747      0.352433
   2.751      0.350792
   2.755      0.349156
   2.759      0.347525
   2.764      0.345900
   2.768      0.344280
   2.772      0.342666
   2.776      0.341056
   2.780      0.339452
   2.785      0.337853
   2.789      0.336260
   2.793      0.334672
   2.797      0.333088
   2.801      0.331510
   2.806      0.329937
   2.810      0.328370
   2.814      0.326807
   2.818      0.325249
   2.822      0.323697
   2.827      0.322149
   2.831      0.320607
   2.835      0.319070
   2.839      0.317537
   2.843      0.316010
   2.848      0.314487
   2.852      0.312969
   2.856      0.311457
   2.860      0.309949
   2.864      0.308446
   2.869      0.306948
   2.873      0.305455
   2.877      0.303966
   2.881      0.302483
   2.885      0.301004
   2.890      0.299530
   2.894      0.298060
   2.898      0.296596
   2.902      0.295136
   2.906      0.293681
   2.911      0.292230
   2.915      0.290784
   2.919      0.289343
   2.923      0.287907
   2.927      0.286475
   2.932      0.285047
   2.936      0.283624
   2.940      0.282206
   2.944      0.280792
   2.948      0.279383
   2.953      0.277978
   2.957      0.276578
   2.961      0.275182
   2.965      0.273791
   2.969      0.272404
   2.974      0.271022
   2.978      0.269644
   2.982      0.268270
   2.986      0.266901
   2.990      0.265536
   2.995      0.264175
   2.999      0.262819
   3.003      0.261467
   3.007      0.260119
   3.011      0.258775
   3.016      0.257436
   3.020      0.256101
   3.024      0.254770
   3.028      0.253444
   3.032      0.252121
   3.037      0.250803
   3.041      0.249489
   3.045      0.248179
   3.049      0.246874
   3.053      0.245572
   3.058      0.244274
   3.062      0.242981
   3.066      0.241691
   3.070      0.240406
   3.074      0.239124
   3.079      0.237847
   3.083      0.236574
   3.087      0.235304
   3.091      0.234039
   3.095      0.232778
   3.100      0.231520
   3.104      0.230266
   3.108      0.229017
   3.112      0.227771
   3.116      0.226529
   3.121      0.225291
   3.125      0.224057
   3.129      0.222826
   3.133      0.221600
   3.137      0.220377
   3.142      0.219158
   3.146      0.217943
   3.150      0.216732
   3.154      0.215524
   3.158      0.214320
   3.163      0.213120
   3.167      0.211923
   3.171      0.210731
   3.175      0.209541
   3.179      0.208356
   3.184      0.207174
   3.188      0.205996
   3.192      0.204821
   3.196      0.203650
   3.200      0.202483
   3.205      0.201319
   3.209      0.200159
   3.213      0.199002
   3.217      0.197849
   3.221      0.196700
   3.226      0.195553
   3.230      0.194411
   3.234      0.193272
   3.238      0.192136
   3.242      0.191004
   3.247      0.189875
   3.251      0.188750
   3.255      0.187628
   3.259      0.186509
   3.263      0.185394
   3.268      0.184282
   3.272      0.183174
   3.276      0.182069
   3.280      0.180967
   3.284      0.179869
   3.289      0.178774
   3.293      0.177682
   3.297      0.176594
   3.301      0.175508
   3.305      0.174427
   3.310      0.173348
   3.314      0.172272
   3.318      0.171200
   3.322      0.170131
   3.326      0.169065
   3.331      0.168003
   3.335      0.166943
   3.339      0.165887
   3.343      0.164834
   3.347      0.163784
   3.352      0.162737
   3.356      0.161693
   3.360      0.160652
   3.364      0.159615
   3.368      0.158580
   3.373      0.157549
   3.377      0.156520
   3.381      0.155495
   3.385      0.154473
   3.389      0.153453
   3.394      0.152437
   3.398      0.151424
   3.402      0.150413
   3.406      0.149406
   3.410      0.148401
   3.415      0.147400
   3.419      0.146401
   3.423      0.145406
   3.427      0.144413
   3.431      0.143423
   3.436      0.142436
   3.440      0.141452
   3.444      0.140471
   3.448      0.139492
   3.452      0.138517
   3.457      0.137544
   3.461      0.136574
   3.465      0.135607
   3.469      0.134643
   3.473      0.133681
   3.478      0.132723
   3.482      0.131767
   3.486      0.130814
   3.490      0.129863
   3.494      0.128915
   3.499      0.127970
   3.503      0.127028
   3.507      0.126089
   3.511      0.125152
   3.515      0.124217
   3.520      0.123286
   3.524      0.122357
   3.528      0.121431
   3.532      0.120507
   3.536      0.119586
   3.541      0.118667
   3.545      0.117752
   3.549      0.116838
   3.553      0.115928
   3.557      0.115020
   3.562      0.114114
   3.566      0.113211
   3.570      0.112311
   3.574      0.111413
   3.578      0.110517
   3.583      0.109624
   3.587      0.108734
   3.591      0.107846
   3.595      0.106961
   3.599      0.106078
   3.604      0.105197
   3.608      0.104319
   3.612      0.103443
   3.616      0.102570
   3.620      0.101699
   3.625      0.100831
   3.629      0.099965
   3.633      0.099101
   3.637      0.098240
   3.641      0.097381
   3.646      0.096525
   3.650      0.095671
   3.654      0.094819
   3.658      0.093969
   3.662      0.093122
   3.667      0.092277
   3.671      0.091435
   3.675      0.090594
   3.679      0.089756
   3.683      0.088921
   3.688      0.088087
   3.692      0.087256
   3.696      0.086427
   3.700      0.085600
   3.704      0.084775
   3.709      0.083953
   3.713      0.083133
   3.717      0.082315
   3.721      0.081499
   3.725      0.080686
   3.730      0.079874
   3.734      0.079065
   3.738      0.078258
   3.742      0.077453
   3.746      0.076650
   3.751      0.075849
   3.755      0.075051
   3.759      0.074254
   3.763      0.073460
   3.767      0.072667
   3.772      0.071877
   3.776      0.071089
   3.780      0.070303
   3.784      0.069518
   3.788      0.068736
   3.793      0.067956
   3.797      0.067178
   3.801      0.066402
   3.805      0.065628
   3.809      0.064856
   3.814      0.064086
   3.818      0.063318
   3.822      0.062552
   3.826      0.061788
   3.830      0.061026
   3.835      0.060265
   3.839      0.059507
   3.843      0.058751
   3.847      0.057996
   3.851      0.057244
   3.856      0.056493
   3.860      0.055744
   3.864      0.054997
   3.868      0.054252
   3.872      0.053509
   3.877      0.052768
   3.881      0.052028
   3.885      0.051291
   3.889      0.050555
   3.893      0.049821
   3.898      0.049089
   3.902      0.048359
   3.906      0.047630
   3.910      0.046903
   3.914      0.046178
   3.919      0.045455
   3.923      0.044734
   3.927      0.044014
   3.931      0.043296
   3.935      0.042580
   3.940      0.041865
   3.944      0.041152
   3.948      0.040441
   3.952      0.039732
   3.956      0.039024
   3.961      0.038319
   3.965      0.037614
   3.969      0.036912
   3.973      0.036211
   3.977      0.035512
   3.982      0.034814
   3.986      0.034118
   3.990      0.033424
   3.994      0.032731
   3.998      0.032040
   4.003      0.031350
   4.007      0.030662
   4.011      0.029976
   4.015      0.029292
   4.019      0.028608
   4.024      0.027927
   4.028      0.027247
   4.032      0.026569
   4.036      0.025892
   4.040      0.025216
   4.045      0.024543
   4.049      0.023870
   4.053      0.023200
   4.057      0.022530
   4.061      0.021863
   4.066      0.021196
   4.070      0.020532
   4.074      0.019868
   4.078      0.019207
   4.082      0.018546
   4.087      0.017887
   4.091      0.017230
   4.095      0.016574
   4.099      0.015919
   4.103      0.015266
   4.108      0.014615
   4.112      0.013964
   4.116      0.013315
   4.120      0.012668
   4.124      0.012022
   4.129      0.011377
   4.133      0.010734
   4.137      0.010092
   4.141      0.009451
   4.145      0.008812
   4.150      0.008174
   4.154      0.007537
   4.158      0.006902
   4.162      0.006268
   4.166      0.005636
   4.171      0.005004
   4.175      0.004374
   4.179      0.003746
   4.183      0.003118
   4.187      0.002492
   4.192      0.001867
   4.196      0.001243
   4.200      0.000621
   4.204      0.000000
