   0.000      0.978790
   0.008      0.978787
   0.015      0.978777
   0.023      0.978760
   0.031      0.978737
   0.039      0.978708
   0.046      0.978671
   0.054      0.978628
   0.062      0.978578
   0.069      0.978521
   0.077      0.978458
   0.085      0.978387
   0.093      0.978309
   0.100      0.978225
   0.108      0.978133
   0.116      0.978034
   0.123      0.977927
   0.131      0.977813
   0.139      0.977691
   0.147      0.977562
   0.154      0.977424
   0.162      0.977279
   0.170      0.977125
   0.177      0.976963
   0.185      0.976793
   0.193      0.976613
   0.201      0.976425
   0.208      0.976228
   0.216      0.976021
   0.224      0.975805
   0.231      0.975579
   0.239      0.975343
   0.247      0.975096
   0.254      0.974839
   0.262      0.974572
   0.270      0.974293
   0.278      0.974003
   0.285      0.973701
   0.293      0.973387
   0.301      0.973061
   0.308      0.972722
   0.316      0.972370
   0.324      0.972005
   0.332      0.971626
   0.339      0.971233
   0.347      0.970826
   0.355      0.970403
   0.362      0.969966
   0.370      0.969512
   0.378      0.969043
   0.386      0.968556
   0.393      0.968053
   0.401      0.967532
   0.409      0.966993
   0.416      0.966436
   0.424      0.965860
   0.432      0.965264
   0.440      0.964648
   0.447      0.964012
   0.455      0.963355
   0.463      0.962676
   0.470      0.961976
   0.478      0.961252
   0.486      0.960506
   0.494      0.959736
   0.501      0.958941
   0.509      0.958122
   0.517      0.957278
   0.524      0.956408
   0.532      0.955511
   0.540      0.954587
   0.548      0.953637
   0.555      0.952658
   0.563      0.951650
   0.571      0.950614
   0.578      0.949548
   0.586      0.948452
   0.594      0.947326
   0.602      0.946169
   0.609      0.944981
   0.617      0.943761
   0.625      0.942508
   0.632      0.941223
   0.640      0.939905
   0.648      0.938554
   0.655      0.937169
   0.663      0.935751
   0.671      0.934298
   0.679      0.932810
   0.686      0.931288
   0.694      0.929731
   0.702      0.928139
   0.709      0.926512
   0.717      0.924850
   0.725      0.923152
   0.733      0.921419
   0.740      0.919650
   0.748      0.917846
   0.756      0.916007
   0.763      0.914132
   0.771      0.912222
   0.779      0.910278
   0.787      0.908298
   0.794      0.906284
   0.802      0.904235
   0.810      0.902153
   0.817      0.900036
   0.825      0.897886
   0.833      0.895704
   0.841      0.893488
   0.848      0.891240
   0.856      0.888961
   0.864      0.886650
   0.871      0.884308
   0.879      0.881936
   0.887      0.879534
   0.895      0.877104
   0.902      0.874644
   0.910      0.872157
   0.918      0.869642
   0.925      0.867100
   0.933      0.864533
   0.941      0.861940
   0.949      0.859322
   0.956      0.856681
   0.964      0.854016
   0.972      0.851328
   0.979      0.848619
   0.987      0.845889
   0.995      0.843138
   1.003      0.840367
   1.010      0.837578
   1.018      0.834770
   1.026      0.831945
   1.033      0.829103
   1.041      0.826246
   1.049      0.823373
   1.056      0.820485
   1.064      0.817584
   1.072      0.814670
   1.080      0.811744
   1.087      0.808806
   1.095      0.805857
   1.103      0.802898
   1.110      0.799930
   1.118      0.796953
   1.126      0.793968
   1.134      0.790975
   1.141      0.787976
   1.149      0.784970
   1.157      0.781959
   1.164      0.778944
   1.172      0.775924
   1.180      0.772900
   1.188      0.769874
   1.195      0.766845
   1.203      0.763815
   1.211      0.760783
   1.218      0.757751
   1.226      0.754718
   1.234      0.751686
   1.242      0.748655
   1.249      0.745625
   1.257      0.742597
   1.265      0.739572
   1.272      0.736550
   1.280      0.733531
   1.288      0.730515
   1.296      0.727504
   1.303      0.724498
   1.311      0.721497
   1.319      0.718501
   1.326      0.715512
   1.334      0.712528
   1.342      0.709552
   1.350      0.706582
   1.357      0.703620
   1.365      0.700665
   1.373      0.697719
   1.380      0.694781
   1.388      0.691851
   1.396      0.688931
   1.404      0.686020
   1.411      0.683118
   1.419      0.680226
   1.427      0.677345
   1.434      0.674473
   1.442      0.671612
   1.450      0.668762
   1.457      0.665923
   1.465      0.663095
   1.473      0.660279
   1.481      0.657474
   1.488      0.654681
   1.496      0.651901
   1.504      0.649132
   1.511      0.646375
   1.519      0.643631
   1.527      0.640900
   1.535      0.638182
   1.542      0.635476
   1.550      0.632783
   1.558      0.630104
   1.565      0.627438
   1.573      0.624785
   1.581      0.622145
   1.589      0.619520
   1.596      0.616907
   1.604      0.614309
   1.612      0.611724
   1.619      0.609153
   1.627      0.606596
   1.635      0.604053
   1.643      0.601525
   1.650      0.599010
   1.658      0.596509
   1.666      0.594022
   1.673      0.591550
   1.681      0.589092
   1.689      0.586648
   1.697      0.584218
   1.704      0.581803
   1.712      0.579402
   1.720      0.577015
   1.727      0.574642
   1.735      0.572284
   1.743      0.569940
   1.751      0.567610
   1.758      0.565294
   1.766      0.562993
   1.774      0.560706
   1.781      0.558433
   1.789      0.556174
   1.797      0.553930
   1.805      0.551699
   1.812      0.549483
   1.820      0.547281
   1.828      0.545092
   1.835      0.542918
   1.843      0.540757
   1.851      0.538611
   1.859      0.536478
   1.866      0.534359
   1.874      0.532254
   1.882      0.530162
   1.889      0.528084
   1.897      0.526020
   1.905      0.523969
   1.912      0.521931
   1.920      0.519907
   1.928      0.517896
   1.936      0.515899
   1.943      0.513914
   1.951      0.511943
   1.959      0.509984
   1.966      0.508039
   1.974      0.506107
   1.982      0.504187
   1.990      0.502280
   1.997      0.500386
   2.005      0.498505
   2.013      0.496636
   2.020      0.494779
   2.028      0.492935
   2.036      0.491103
   2.044      0.489283
   2.051      0.487476
   2.059      0.485680
   2.067      0.483897
   2.074      0.482125
   2.082      0.480365
   2.090      0.478617
   2.098      0.476881
   2.105      0.475156
   2.113      0.473443
   2.121      0.471741
   2.128      0.470050
   2.136      0.468371
   2.144      0.466703
   2.152      0.465046
   2.159      0.463400
   2.167      0.461764
   2.175      0.460140
   2.182      0.458527
   2.190      0.456924
   2.198      0.455332
   2.206      0.453750
   2.213      0.452178
   2.221      0.450617
   2.229      0.449067
   2.236      0.447526
   2.244      0.445996
   2.252      0.444475
   2.260      0.442965
   2.267      0.441464
   2.275      0.439974
   2.283      0.438493
   2.290      0.437021
   2.298      0.435559
   2.306      0.434107
   2.313      0.432664
   2.321      0.431230
   2.329      0.429805
   2.337      0.428390
   2.344      0.426984
   2.352      0.425586
   2.360      0.424198
   2.367      0.422819
   2.375      0.421448
   2.383      0.420086
   2.391      0.418732
   2.398      0.417388
   2.406      0.416051
   2.414      0.414723
   2.421      0.413404
   2.429      0.412092
   2.437      0.410789
   2.445      0.409494
   2.452      0.408207
   2.460      0.406928
   2.468      0.405657
   2.475      0.404394
   2.483      0.403139
   2.491      0.401891
   2.499      0.400651
   2.506      0.399419
   2.514      0.398194
   2.522      0.396976
   2.529      0.395766
   2.537      0.394564
   2.545      0.393368
   2.553      0.392180
   2.560      0.390999
   2.568      0.389825
   2.576      0.388658
   2.583      0.387497
   2.591      0.386344
   2.599      0.385198
   2.607      0.384058
   2.614      0.382925
   2.622      0.381799
   2.630      0.380679
   2.637      0.379566
   2.645      0.378460
   2.653      0.377360
   2.661      0.376266
   2.668      0.375178
   2.676      0.374097
   2.684      0.373022
   2.691      0.371953
   2.699      0.370891
   2.707      0.369834
   2.714      0.368783
   2.722      0.367739
   2.730      0.366700
   2.738      0.365667
   2.745      0.364640
   2.753      0.363618
   2.761      0.362603
   2.768      0.361592
   2.776      0.360588
   2.784      0.359589
   2.792      0.358596
   2.799      0.357608
   2.807      0.356626
   2.815      0.355648
   2.822      0.354677
   2.830      0.353710
   2.838      0.352749
   2.846      0.351793
   2.853      0.350842
   2.861      0.349897
   2.869      0.348956
   2.876      0.348021
   2.884      0.347090
   2.892      0.346165
   2.900      0.345244
   2.907      0.344328
   2.915      0.343417
   2.923      0.342511
   2.930      0.341610
   2.938      0.340713
   2.946      0.339821
   2.954      0.338934
   2.961      0.338051
   2.969      0.337173
   2.977      0.336300
   2.984      0.335431
   2.992      0.334566
   3.000      0.333706
   3.008      0.332851
   3.015      0.331999
   3.023      0.331152
   3.031      0.330310
   3.038      0.329471
   3.046      0.328637
   3.054      0.327807
   3.062      0.326982
   3.069      0.326160
