   0.000      1.417591
   0.008      1.417559
   0.015      1.417463
   0.023      1.417302
   0.031      1.417077
   0.039      1.416788
   0.046      1.416434
   0.054      1.416016
   0.062      1.415532
   0.069      1.414983
   0.077      1.414368
   0.085      1.413688
   0.093      1.412941
   0.100      1.412127
   0.108      1.411246
   0.116      1.410298
   0.123      1.409281
   0.131      1.408196
   0.139      1.407041
   0.147      1.405816
   0.154      1.404521
   0.162      1.403154
   0.170      1.401715
   0.177      1.400204
   0.185      1.398619
   0.193      1.396960
   0.201      1.395226
   0.208      1.393416
   0.216      1.391529
   0.224      1.389565
   0.231      1.387522
   0.239      1.385400
   0.247      1.383197
   0.254      1.380913
   0.262      1.378547
   0.270      1.376098
   0.278      1.373564
   0.285      1.370946
   0.293      1.368242
   0.301      1.365451
   0.308      1.362572
   0.316      1.359605
   0.324      1.356548
   0.332      1.353401
   0.339      1.350163
   0.347      1.346833
   0.355      1.343410
   0.362      1.339894
   0.370      1.336284
   0.378      1.332580
   0.386      1.328781
   0.393      1.324886
   0.401      1.320896
   0.409      1.316809
   0.416      1.312626
   0.424      1.308347
   0.432      1.303972
   0.440      1.299500
   0.447      1.294932
   0.455      1.290268
   0.463      1.285509
   0.470      1.280656
   0.478      1.275708
   0.486      1.270667
   0.494      1.265534
   0.501      1.260309
   0.509      1.254995
   0.517      1.249592
   0.524      1.244103
   0.532      1.238528
   0.540      1.232870
   0.548      1.227130
   0.555      1.221311
   0.563      1.215416
   0.571      1.209446
   0.578      1.203405
   0.586      1.197294
   0.594      1.191118
   0.602      1.184878
   0.609      1.178580
   0.617      1.172224
   0.625      1.165816
   0.632      1.159359
   0.640      1.152856
   0.648      1.146311
   0.655      1.139728
   0.663      1.133112
   0.671      1.126465
   0.679      1.119793
   0.686      1.113099
   0.694      1.106387
   0.702      1.099663
   0.709      1.092929
   0.717      1.086190
   0.725      1.079451
   0.733      1.072716
   0.740      1.065988
   0.748      1.059272
   0.756      1.052572
   0.763      1.045891
   0.771      1.039235
   0.779      1.032606
   0.787      1.026008
   0.794      1.019445
   0.802      1.012920
   0.810      1.006437
   0.817      0.999999
   0.825      0.993608
   0.833      0.987268
   0.841      0.980981
   0.848      0.974751
   0.856      0.968578
   0.864      0.962466
   0.871      0.956417
   0.879      0.950432
   0.887      0.944513
   0.895      0.938662
   0.902      0.932879
   0.910      0.927167
   0.918      0.921525
   0.925      0.915956
   0.933      0.910459
   0.941      0.905035
   0.949      0.899684
   0.956      0.894406
   0.964      0.889202
   0.972      0.884072
   0.979      0.879014
   0.987      0.874030
   0.995      0.869117
   1.003      0.864276
   1.010      0.859506
   1.018      0.854805
   1.026      0.850174
   1.033      0.845611
   1.041      0.841115
   1.049      0.836684
   1.056      0.832318
   1.064      0.828016
   1.072      0.823775
   1.080      0.819595
   1.087      0.815473
   1.095      0.811410
   1.103      0.807402
   1.110      0.803450
   1.118      0.799550
   1.126      0.795702
   1.134      0.791904
   1.141      0.788155
   1.149      0.784452
   1.157      0.780795
   1.164      0.777182
   1.172      0.773612
   1.180      0.770083
   1.188      0.766593
   1.195      0.763142
   1.203      0.759727
   1.211      0.756349
   1.218      0.753004
   1.226      0.749692
   1.234      0.746412
   1.242      0.743162
   1.249      0.739942
   1.257      0.736750
   1.265      0.733585
   1.272      0.730447
   1.280      0.727333
   1.288      0.724244
   1.296      0.721177
   1.303      0.718134
   1.311      0.715111
   1.319      0.712110
   1.326      0.709128
   1.334      0.706166
   1.342      0.703223
   1.350      0.700297
   1.357      0.697389
   1.365      0.694498
   1.373      0.691623
   1.380      0.688764
   1.388      0.685921
   1.396      0.683092
   1.404      0.680278
   1.411      0.677479
   1.419      0.674693
   1.427      0.671921
   1.434      0.669162
   1.442      0.666416
   1.450      0.663684
   1.457      0.660963
   1.465      0.658256
   1.473      0.655560
   1.481      0.652877
   1.488      0.650205
   1.496      0.647546
   1.504      0.644898
   1.511      0.642263
   1.519      0.639638
   1.527      0.637026
   1.535      0.634425
   1.542      0.631835
   1.550      0.629257
   1.558      0.626690
   1.565      0.624135
   1.573      0.621591
   1.581      0.619059
   1.589      0.616539
   1.596      0.614029
   1.604      0.611532
   1.612      0.609046
   1.619      0.606571
   1.627      0.604108
   1.635      0.601657
   1.643      0.599217
   1.650      0.596789
   1.658      0.594373
   1.666      0.591969
   1.673      0.589577
   1.681      0.587196
   1.689      0.584828
   1.697      0.582471
   1.704      0.580126
   1.712      0.577794
   1.720      0.575473
   1.727      0.573165
   1.735      0.570869
   1.743      0.568585
   1.751      0.566313
   1.758      0.564054
   1.766      0.561806
   1.774      0.559572
   1.781      0.557349
   1.789      0.555139
   1.797      0.552941
   1.805      0.550755
   1.812      0.548582
   1.820      0.546421
   1.828      0.544273
   1.835      0.542137
   1.843      0.540014
   1.851      0.537902
   1.859      0.535804
   1.866      0.533717
   1.874      0.531643
   1.882      0.529582
   1.889      0.527533
   1.897      0.525496
   1.905      0.523471
   1.912      0.521459
   1.920      0.519459
   1.928      0.517471
   1.936      0.515496
   1.943      0.513532
   1.951      0.511581
   1.959      0.509642
   1.966      0.507715
   1.974      0.505801
   1.982      0.503898
   1.990      0.502007
   1.997      0.500128
   2.005      0.498261
   2.013      0.496406
   2.020      0.494562
   2.028      0.492730
   2.036      0.490910
   2.044      0.489102
   2.051      0.487305
   2.059      0.485520
   2.067      0.483746
   2.074      0.481984
   2.082      0.480232
   2.090      0.478493
   2.098      0.476764
   2.105      0.475047
   2.113      0.473340
   2.121      0.471645
   2.128      0.469961
   2.136      0.468287
   2.144      0.466625
   2.152      0.464973
   2.159      0.463332
   2.167      0.461701
   2.175      0.460081
   2.182      0.458472
   2.190      0.456873
   2.198      0.455285
   2.206      0.453706
   2.213      0.452138
   2.221      0.450580
   2.229      0.449032
   2.236      0.447494
   2.244      0.445966
   2.252      0.444448
   2.260      0.442940
   2.267      0.441442
   2.275      0.439953
   2.283      0.438473
   2.290      0.437003
   2.298      0.435543
   2.306      0.434092
   2.313      0.432650
   2.321      0.431218
   2.329      0.429794
   2.337      0.428380
   2.344      0.426975
   2.352      0.425578
   2.360      0.424191
   2.367      0.422812
   2.375      0.421442
   2.383      0.420080
   2.391      0.418728
   2.398      0.417383
   2.406      0.416047
   2.414      0.414720
   2.421      0.413401
   2.429      0.412090
   2.437      0.410787
   2.445      0.409492
   2.452      0.408206
   2.460      0.406927
   2.468      0.405656
   2.475      0.404393
   2.483      0.403138
   2.491      0.401890
   2.499      0.400650
   2.506      0.399418
   2.514      0.398193
   2.522      0.396976
   2.529      0.395766
   2.537      0.394563
   2.545      0.393368
   2.553      0.392180
   2.560      0.390998
   2.568      0.389824
   2.576      0.388657
   2.583      0.387497
   2.591      0.386344
   2.599      0.385198
   2.607      0.384058
   2.614      0.382925
   2.622      0.381799
   2.630      0.380679
   2.637      0.379566
   2.645      0.378460
   2.653      0.377360
   2.661      0.376266
   2.668      0.375178
   2.676      0.374097
   2.684      0.373022
   2.691      0.371953
   2.699      0.370891
   2.707      0.369834
   2.714      0.368783
   2.722      0.367739
   2.730      0.366700
   2.738      0.365667
   2.745      0.364640
   2.753      0.363618
   2.761      0.362603
   2.768      0.361592
   2.776      0.360588
   2.784      0.359589
   2.792      0.358596
   2.799      0.357608
   2.807      0.356626
   2.815      0.355648
   2.822      0.354677
   2.830      0.353710
   2.838      0.352749
   2.846      0.351793
   2.853      0.350842
   2.861      0.349897
   2.869      0.348956
   2.876      0.348021
   2.884      0.347090
   2.892      0.346165
   2.900      0.345244
   2.907      0.344328
   2.915      0.343417
   2.923      0.342511
   2.930      0.341610
   2.938      0.340713
   2.946      0.339821
   2.954      0.338934
   2.961      0.338051
   2.969      0.337173
   2.977      0.336300
   2.984      0.335431
   2.992      0.334566
   3.000      0.333706
   3.008      0.332851
   3.015      0.331999
   3.023      0.331152
   3.031      0.330310
   3.038      0.329471
   3.046      0.328637
   3.054      0.327807
   3.062      0.326982
   3.069      0.326160
