   0.006      0.000410
   0.012      0.004715
   0.017      0.009019
   0.023      0.013471
   0.029      0.017942
   0.035      0.022419
   0.041      0.026898
   0.046      0.031378
   0.052      0.035857
   0.058      0.040337
   0.064      0.044817
   0.070      0.049296
   0.075      0.053774
   0.081      0.058252
   0.087      0.062729
   0.093      0.067206
   0.099      0.071682
   0.104      0.076157
   0.110      0.080631
   0.116      0.085104
   0.122      0.089576
   0.128      0.094047
   0.133      0.098517
   0.139      0.102986
   0.145      0.107453
   0.151      0.111919
   0.157      0.116384
   0.162      0.120847
   0.168      0.125309
   0.174      0.129769
   0.180      0.134228
   0.186      0.138684
   0.191      0.143139
   0.197      0.147593
   0.203      0.152044
   0.209      0.156493
   0.215      0.160940
   0.220      0.165385
   0.226      0.169828
   0.232      0.174269
   0.238      0.178707
   0.244      0.183143
   0.249      0.187576
   0.255      0.192006
   0.261      0.196434
   0.267      0.200860
   0.273      0.205282
   0.278      0.209701
   0.284      0.214118
   0.290      0.218531
   0.296      0.222941
   0.302      0.227348
   0.307      0.231751
   0.313      0.236151
   0.319      0.240547
   0.325      0.244940
   0.331      0.249329
   0.336      0.253714
   0.342      0.258095
   0.348      0.262472
   0.354      0.266845
   0.360      0.271214
   0.365      0.275578
   0.371      0.279938
   0.377      0.284293
   0.383      0.288643
   0.389      0.292989
   0.394      0.297330
   0.400      0.301666
   0.406      0.305996
   0.412      0.310322
   0.418      0.314641
   0.423      0.318956
   0.429      0.323265
   0.435      0.327568
   0.441      0.331865
   0.447      0.336157
   0.452      0.340442
   0.458      0.344721
   0.464      0.348994
   0.470      0.353260
   0.476      0.357519
   0.481      0.361772
   0.487      0.366018
   0.493      0.370257
   0.499      0.374489
   0.505      0.378714
   0.510      0.382931
   0.516      0.387140
   0.522      0.391342
   0.528      0.395536
   0.534      0.399723
   0.539      0.403901
   0.545      0.408070
   0.551      0.412232
   0.557      0.416384
   0.563      0.420529
   0.568      0.424664
   0.574      0.428790
   0.580      0.432907
   0.586      0.437015
   0.592      0.441114
   0.597      0.445202
   0.603      0.449281
   0.609      0.453350
   0.615      0.457410
   0.621      0.461458
   0.626      0.465497
   0.632      0.469525
   0.638      0.473542
   0.644      0.477548
   0.650      0.481544
   0.655      0.485528
   0.661      0.489501
   0.667      0.493462
   0.673      0.497411
   0.679      0.501349
   0.684      0.505275
   0.690      0.509188
   0.696      0.513089
   0.702      0.516978
   0.708      0.520854
   0.713      0.524717
   0.719      0.528567
   0.725      0.532404
   0.731      0.536227
   0.737      0.540037
   0.742      0.543833
   0.748      0.547615
   0.754      0.551383
   0.760      0.555137
   0.766      0.558877
   0.771      0.562602
   0.777      0.566312
   0.783      0.570007
   0.789      0.573687
   0.795      0.577351
   0.800      0.581000
   0.806      0.584634
   0.812      0.588251
   0.818      0.591853
   0.824      0.595438
   0.829      0.599007
   0.835      0.602560
   0.841      0.606096
   0.847      0.609615
   0.853      0.613116
   0.858      0.616601
   0.864      0.620068
   0.870      0.623517
   0.876      0.626949
   0.882      0.630363
   0.887      0.633758
   0.893      0.637136
   0.899      0.640494
   0.905      0.643834
   0.911      0.647156
   0.916      0.650458
   0.922      0.653741
   0.928      0.657005
   0.934      0.660249
   0.940      0.663474
   0.945      0.666679
   0.951      0.669864
   0.957      0.673028
   0.963      0.676173
   0.969      0.679296
   0.974      0.682399
   0.980      0.685482
   0.986      0.688543
   0.992      0.691583
   0.998      0.694602
   1.003      0.697600
   1.009      0.700575
   1.015      0.703530
   1.021      0.706462
   1.027      0.709372
   1.032      0.712260
   1.038      0.715125
   1.044      0.717968
   1.050      0.720789
   1.056      0.723587
   1.061      0.726361
   1.067      0.729113
   1.073      0.731842
   1.079      0.734547
   1.085      0.737228
   1.090      0.739887
   1.096      0.742521
   1.102      0.745131
   1.108      0.747718
   1.114      0.750281
   1.119      0.752819
   1.125      0.755333
   1.131      0.757822
   1.137      0.760287
   1.143      0.762727
   1.148      0.765143
   1.154      0.767534
   1.160      0.769899
   1.166      0.772240
   1.172      0.774555
   1.177      0.776845
   1.183      0.779110
   1.189      0.781349
   1.195      0.783562
   1.201      0.785750
   1.206      0.787912
   1.212      0.790049
   1.218      0.792159
   1.224      0.794243
   1.230      0.796302
   1.235      0.798334
   1.241      0.800340
   1.247      0.802319
   1.253      0.804273
   1.259      0.806200
   1.264      0.808100
   1.270      0.809974
   1.276      0.811821
   1.282      0.813642
   1.288      0.815436
   1.293      0.817203
   1.299      0.818944
   1.305      0.820657
   1.311      0.822344
   1.317      0.824004
   1.322      0.825637
   1.328      0.827242
   1.334      0.828821
   1.340      0.830373
   1.346      0.831898
   1.351      0.833396
   1.357      0.834866
   1.363      0.836310
   1.369      0.837726
   1.375      0.839115
   1.380      0.840477
   1.386      0.841812
   1.392      0.843119
   1.398      0.844400
   1.404      0.845653
   1.409      0.846879
   1.415      0.848078
   1.421      0.849250
   1.427      0.850395
   1.433      0.851512
   1.438      0.852603
   1.444      0.853666
   1.450      0.854702
   1.456      0.855711
   1.462      0.856693
   1.467      0.857649
   1.473      0.858577
   1.479      0.859478
   1.485      0.860352
   1.491      0.861200
   1.496      0.862021
   1.502      0.862815
   1.508      0.863582
   1.514      0.864322
   1.520      0.865036
   1.525      0.865724
   1.531      0.866384
   1.537      0.867019
   1.543      0.867627
   1.549      0.868208
   1.554      0.868764
   1.560      0.869293
   1.566      0.869796
   1.572      0.870273
   1.578      0.870724
   1.583      0.871149
   1.589      0.871548
   1.595      0.871922
   1.601      0.872270
   1.607      0.872592
   1.612      0.872889
   1.618      0.873161
   1.624      0.873407
   1.630      0.873628
   1.636      0.873823
   1.641      0.873994
   1.647      0.874140
   1.653      0.874261
   1.659      0.874358
   1.665      0.874430
   1.670      0.874477
   1.676      0.874500
   1.682      0.874499
   1.688      0.874473
   1.694      0.874424
   1.699      0.874350
   1.705      0.874253
   1.711      0.874133
   1.717      0.873988
   1.723      0.873820
   1.728      0.873629
   1.734      0.873415
   1.740      0.873178
   1.746      0.872918
   1.752      0.872635
   1.757      0.872329
   1.763      0.872001
   1.769      0.871650
   1.775      0.871278
   1.781      0.870883
   1.786      0.870466
   1.792      0.870028
   1.798      0.869568
   1.804      0.869086
   1.810      0.868583
   1.815      0.868059
   1.821      0.867513
   1.827      0.866947
   1.833      0.866360
   1.839      0.865753
   1.844      0.865125
   1.850      0.864476
   1.856      0.863808
   1.862      0.863119
   1.868      0.862411
   1.873      0.861683
   1.879      0.860935
   1.885      0.860168
   1.891      0.859382
   1.897      0.858577
   1.902      0.857753
   1.908      0.856910
   1.914      0.856049
   1.920      0.855169
   1.926      0.854271
   1.931      0.853355
   1.937      0.852421
   1.943      0.851469
   1.949      0.850499
   1.955      0.849513
   1.960      0.848509
   1.966      0.847487
   1.972      0.846449
   1.978      0.845395
   1.984      0.844323
   1.989      0.843235
   1.995      0.842131
   2.001      0.841011
   2.007      0.839875
   2.013      0.838723
   2.018      0.837555
   2.024      0.836372
   2.030      0.835174
   2.036      0.833961
   2.042      0.832732
   2.047      0.831489
   2.053      0.830232
   2.059      0.828960
   2.065      0.827673
   2.071      0.826373
   2.076      0.825058
   2.082      0.823730
   2.088      0.822388
   2.094      0.821032
   2.100      0.819664
   2.105      0.818282
   2.111      0.816887
   2.117      0.815479
   2.123      0.814059
   2.129      0.812626
   2.134      0.811181
   2.140      0.809724
   2.146      0.808254
   2.152      0.806773
   2.158      0.805280
   2.163      0.803775
   2.169      0.802259
   2.175      0.800732
   2.181      0.799193
   2.187      0.797644
   2.192      0.796084
   2.198      0.794513
   2.204      0.792932
   2.210      0.791340
   2.216      0.789739
   2.221      0.788127
   2.227      0.786505
   2.233      0.784873
   2.239      0.783232
   2.245      0.781582
   2.250      0.779922
   2.256      0.778253
   2.262      0.776574
   2.268      0.774887
   2.274      0.773192
   2.279      0.771487
   2.285      0.769774
   2.291      0.768053
   2.297      0.766323
   2.303      0.764586
   2.308      0.762840
   2.314      0.761087
   2.320      0.759326
   2.326      0.757558
   2.332      0.755782
   2.337      0.753999
   2.343      0.752208
   2.349      0.750411
   2.355      0.748607
   2.361      0.746795
   2.366      0.744978
   2.372      0.743154
   2.378      0.741323
   2.384      0.739486
   2.390      0.737643
   2.395      0.735794
   2.401      0.733939
   2.407      0.732078
   2.413      0.730211
   2.419      0.728339
   2.424      0.726462
   2.430      0.724579
   2.436      0.722690
   2.442      0.720797
   2.448      0.718899
   2.453      0.716996
   2.459      0.715088
   2.465      0.713175
   2.471      0.711258
   2.477      0.709336
   2.482      0.707410
   2.488      0.705479
   2.494      0.703545
   2.500      0.701606
   2.506      0.699664
   2.511      0.697717
   2.517      0.695767
   2.523      0.693813
   2.529      0.691856
   2.535      0.689895
   2.540      0.687930
   2.546      0.685963
   2.552      0.683992
   2.558      0.682018
   2.564      0.680041
   2.569      0.678061
   2.575      0.676079
   2.581      0.674093
   2.587      0.672105
   2.593      0.670115
   2.598      0.668122
   2.604      0.666126
   2.610      0.664128
   2.616      0.662128
   2.622      0.660126
   2.627      0.658122
   2.633      0.656116
   2.639      0.654108
   2.645      0.652098
   2.651      0.650086
   2.656      0.648073
   2.662      0.646058
   2.668      0.644041
   2.674      0.642023
   2.680      0.640004
   2.685      0.637984
   2.691      0.635962
   2.697      0.633939
   2.703      0.631915
   2.709      0.629890
   2.714      0.627864
   2.720      0.625837
   2.726      0.623809
   2.732      0.621781
   2.738      0.619752
   2.743      0.617723
   2.749      0.615692
   2.755      0.613662
   2.761      0.611631
   2.767      0.609599
   2.772      0.607568
   2.778      0.605536
   2.784      0.603504
   2.790      0.601472
   2.796      0.599440
   2.801      0.597408
   2.807      0.595376
   2.813      0.593344
   2.819      0.591312
   2.825      0.589281
   2.830      0.587250
   2.836      0.585219
   2.842      0.583189
   2.848      0.581159
   2.854      0.579130
   2.859      0.577101
   2.865      0.575073
   2.871      0.573046
   2.877      0.571019
   2.883      0.568994
   2.888      0.566969
   2.894      0.564945
   2.900      0.562922
   2.906      0.560899
   2.912      0.558878
   2.917      0.556858
   2.923      0.554839
   2.929      0.552822
   2.935      0.550805
   2.941      0.548790
   2.946      0.546776
   2.952      0.544764
   2.958      0.542753
   2.964      0.540743
   2.970      0.538735
   2.975      0.536728
   2.981      0.534723
   2.987      0.532720
   2.993      0.530719
   2.999      0.528719
   3.004      0.526720
   3.010      0.524724
   3.016      0.522730
   3.022      0.520737
   3.028      0.518746
   3.033      0.516757
   3.039      0.514771
   3.045      0.512786
   3.051      0.510803
   3.057      0.508823
   3.062      0.506844
   3.068      0.504868
   3.074      0.502894
   3.080      0.500922
   3.086      0.498952
   3.091      0.496985
   3.097      0.495020
   3.103      0.493058
   3.109      0.491098
   3.115      0.489140
   3.120      0.487185
   3.126      0.485233
   3.132      0.483283
   3.138      0.481335
   3.144      0.479390
   3.149      0.477448
   3.155      0.475509
   3.161      0.473572
   3.167      0.471638
   3.173      0.469706
   3.178      0.467778
   3.184      0.465852
   3.190      0.463929
   3.196      0.462009
   3.202      0.460092
   3.207      0.458178
   3.213      0.456267
   3.219      0.454359
   3.225      0.452454
   3.231      0.450551
   3.236      0.448652
   3.242      0.446756
   3.248      0.444863
   3.254      0.442974
   3.260      0.441087
   3.265      0.439204
   3.271      0.437324
   3.277      0.435447
   3.283      0.433573
   3.289      0.431703
   3.294      0.429836
   3.300      0.427972
   3.306      0.426112
   3.312      0.424255
   3.318      0.422401
   3.323      0.420551
   3.329      0.418704
   3.335      0.416861
   3.341      0.415021
   3.347      0.413185
   3.352      0.411352
   3.358      0.409523
   3.364      0.407697
   3.370      0.405875
   3.376      0.404056
   3.381      0.402241
   3.387      0.400430
   3.393      0.398623
   3.399      0.396819
   3.405      0.395018
   3.410      0.393222
   3.416      0.391429
   3.422      0.389640
   3.428      0.387855
   3.434      0.386073
   3.439      0.384296
   3.445      0.382522
   3.451      0.380752
   3.457      0.378985
   3.463      0.377223
   3.468      0.375464
   3.474      0.373710
   3.480      0.371959
   3.486      0.370212
   3.492      0.368469
   3.497      0.366731
   3.503      0.364996
   3.509      0.363265
   3.515      0.361538
   3.521      0.359814
   3.526      0.358095
   3.532      0.356381
   3.538      0.354670
   3.544      0.352963
   3.550      0.351260
   3.555      0.349561
   3.561      0.347866
   3.567      0.346176
   3.573      0.344489
   3.579      0.342807
   3.584      0.341129
   3.590      0.339455
   3.596      0.337785
   3.602      0.336119
   3.608      0.334458
   3.613      0.332800
   3.619      0.331147
   3.625      0.329498
   3.631      0.327853
   3.637      0.326213
   3.642      0.324576
   3.648      0.322944
   3.654      0.321317
   3.660      0.319693
   3.666      0.318074
   3.671      0.316459
   3.677      0.314848
   3.683      0.313241
   3.689      0.311639
   3.695      0.310042
   3.700      0.308448
   3.706      0.306859
   3.712      0.305274
   3.718      0.303693
   3.724      0.302117
   3.729      0.300545
   3.735      0.298978
   3.741      0.297415
   3.747      0.295856
   3.753      0.294302
   3.758      0.292752
   3.764      0.291206
   3.770      0.289665
   3.776      0.288128
   3.782      0.286596
   3.787      0.285068
   3.793      0.283544
   3.799      0.282025
   3.805      0.280510
   3.811      0.279000
   3.816      0.277494
   3.822      0.275993
   3.828      0.274496
   3.834      0.273003
   3.840      0.271515
   3.845      0.270031
   3.851      0.268552
   3.857      0.267077
   3.863      0.265607
   3.869      0.264141
   3.874      0.262680
   3.880      0.261223
   3.886      0.259771
   3.892      0.258323
   3.898      0.256879
   3.903      0.255440
   3.909      0.254006
   3.915      0.252576
   3.921      0.251150
   3.927      0.249729
   3.932      0.248313
   3.938      0.246901
   3.944      0.245493
   3.950      0.244090
   3.956      0.242692
   3.961      0.241298
   3.967      0.239908
   3.973      0.238523
   3.979      0.237143
   3.985      0.235767
   3.990      0.234395
   3.996      0.233028
   4.002      0.231666
   4.008      0.230308
   4.014      0.228954
   4.019      0.227605
   4.025      0.226261
   4.031      0.224921
   4.037      0.223585
   4.043      0.222254
   4.048      0.220928
   4.054      0.219606
   4.060      0.218288
   4.066      0.216975
   4.072      0.215667
   4.077      0.214363
   4.083      0.213063
   4.089      0.211768
   4.095      0.210478
   4.101      0.209192
   4.106      0.207910
   4.112      0.206633
   4.118      0.205361
   4.124      0.204092
   4.130      0.202829
   4.135      0.201570
   4.141      0.200315
   4.147      0.199065
   4.153      0.197819
   4.159      0.196578
   4.164      0.195342
   4.170      0.194109
   4.176      0.192882
   4.182      0.191658
   4.188      0.190439
   4.193      0.189225
   4.199      0.188015
   4.205      0.186810
   4.211      0.185608
   4.217      0.184412
   4.222      0.183220
   4.228      0.182032
   4.234      0.180849
   4.240      0.179670
   4.246      0.178495
   4.251      0.177325
   4.257      0.176160
   4.263      0.174999
   4.269      0.173842
   4.275      0.172690
   4.280      0.171542
   4.286      0.170398
   4.292      0.169259
   4.298      0.168124
   4.304      0.166994
   4.309      0.165868
   4.315      0.164746
   4.321      0.163629
   4.327      0.162516
   4.333      0.161408
   4.338      0.160303
   4.344      0.159204
   4.350      0.158108
   4.356      0.157017
   4.362      0.155930
   4.367      0.154848
   4.373      0.153770
   4.379      0.152696
   4.385      0.151626
   4.391      0.150561
   4.396      0.149500
   4.402      0.148444
   4.408      0.147392
   4.414      0.146344
   4.420      0.145300
   4.425      0.144260
   4.431      0.143225
   4.437      0.142194
   4.443      0.141168
   4.449      0.140145
   4.454      0.139127
   4.460      0.138113
   4.466      0.137104
   4.472      0.136098
   4.478      0.135097
   4.483      0.134100
   4.489      0.133107
   4.495      0.132119
   4.501      0.131134
   4.507      0.130154
   4.512      0.129178
   4.518      0.128206
   4.524      0.127239
   4.530      0.126275
   4.536      0.125316
   4.541      0.124361
   4.547      0.123410
   4.553      0.122463
   4.559      0.121520
   4.565      0.120581
   4.570      0.119647
   4.576      0.118716
   4.582      0.117790
   4.588      0.116868
   4.594      0.115950
   4.599      0.115035
   4.605      0.114125
   4.611      0.113219
   4.617      0.112318
   4.623      0.111420
   4.628      0.110526
   4.634      0.109636
   4.640      0.108750
   4.646      0.107869
   4.652      0.106991
   4.657      0.106117
   4.663      0.105247
   4.669      0.104381
   4.675      0.103520
   4.681      0.102662
   4.686      0.101808
   4.692      0.100958
   4.698      0.100112
   4.704      0.099270
   4.710      0.098432
   4.715      0.097598
   4.721      0.096768
   4.727      0.095941
   4.733      0.095119
   4.739      0.094300
   4.744      0.093485
   4.750      0.092675
   4.756      0.091868
   4.762      0.091064
   4.768      0.090265
   4.773      0.089470
   4.779      0.088678
   4.785      0.087890
   4.791      0.087106
   4.797      0.086326
   4.802      0.085550
   4.808      0.084777
   4.814      0.084008
   4.820      0.083243
   4.826      0.082482
   4.831      0.081724
   4.837      0.080971
   4.843      0.080220
   4.849      0.079474
   4.855      0.078731
   4.860      0.077993
   4.866      0.077257
   4.872      0.076526
   4.878      0.075798
   4.884      0.075074
   4.889      0.074353
   4.895      0.073636
   4.901      0.072923
   4.907      0.072213
   4.913      0.071507
   4.918      0.070805
   4.924      0.070106
   4.930      0.069411
   4.936      0.068719
   4.942      0.068031
   4.947      0.067347
   4.953      0.066666
   4.959      0.065989
   4.965      0.065315
   4.971      0.064644
   4.976      0.063978
   4.982      0.063314
   4.988      0.062655
   4.994      0.061998
   5.000      0.061346
   5.005      0.060696
   5.011      0.060050
   5.017      0.059408
   5.023      0.058769
   5.029      0.058134
   5.034      0.057502
   5.040      0.056873
   5.046      0.056248
   5.052      0.055626
   5.058      0.055007
   5.063      0.054392
   5.069      0.053781
   5.075      0.053172
   5.081      0.052567
   5.087      0.051966
   5.092      0.051367
   5.098      0.050772
   5.104      0.050180
   5.110      0.049592
   5.116      0.049007
   5.121      0.048425
   5.127      0.047847
   5.133      0.047271
   5.139      0.046699
   5.145      0.046130
   5.150      0.045565
   5.156      0.045002
   5.162      0.044443
   5.168      0.043887
   5.174      0.043335
   5.179      0.042785
   5.185      0.042239
   5.191      0.041695
   5.197      0.041155
   5.203      0.040618
   5.208      0.040085
   5.214      0.039554
   5.220      0.039027
   5.226      0.038502
   5.232      0.037981
   5.237      0.037462
   5.243      0.036947
   5.249      0.036435
   5.255      0.035926
   5.261      0.035420
   5.266      0.034917
   5.272      0.034417
   5.278      0.033920
   5.284      0.033426
   5.290      0.032935
   5.295      0.032447
   5.301      0.031963
   5.307      0.031481
   5.313      0.031001
   5.319      0.030525
   5.324      0.030052
   5.330      0.029582
   5.336      0.029115
   5.342      0.028650
   5.348      0.028189
   5.353      0.027730
   5.359      0.027274
   5.365      0.026822
   5.371      0.026372
   5.377      0.025924
   5.382      0.025480
   5.388      0.025039
   5.394      0.024600
   5.400      0.024164
   5.406      0.023731
   5.411      0.023301
   5.417      0.022873
   5.423      0.022449
   5.429      0.022027
   5.435      0.021607
   5.440      0.021191
   5.446      0.020777
   5.452      0.020366
   5.458      0.019958
   5.464      0.019552
   5.469      0.019149
   5.475      0.018749
   5.481      0.018351
   5.487      0.017956
   5.493      0.017564
   5.498      0.017174
   5.504      0.016787
   5.510      0.016403
   5.516      0.016021
   5.522      0.015642
   5.527      0.015265
   5.533      0.014891
   5.539      0.014520
   5.545      0.014151
   5.551      0.013785
   5.556      0.013421
   5.562      0.013060
   5.568      0.012701
   5.574      0.012345
   5.580      0.011991
   5.585      0.011639
   5.591      0.011291
   5.597      0.010944
   5.603      0.010600
   5.609      0.010259
   5.614      0.009920
   5.620      0.009583
   5.626      0.009249
   5.632      0.008917
   5.638      0.008588
   5.643      0.008260
   5.649      0.007936
   5.655      0.007613
   5.661      0.007293
   5.667      0.006976
   5.672      0.006660
   5.678      0.006347
   5.684      0.006036
   5.690      0.005728
   5.696      0.005421
   5.701      0.005117
   5.707      0.004815
   5.713      0.004516
   5.719      0.004218
   5.725      0.003923
   5.730      0.003630
   5.736      0.003339
   5.742      0.003050
   5.748      0.002763
   5.754      0.002478
   5.759      0.002196
   5.765      0.001915
   5.771      0.001636
   5.777      0.001359
   5.783      0.001084
   5.788      0.000811
   5.794      0.000539
   5.800      0.000269
   5.806      0.000000
