   0.006      0.001061
   0.012      0.012200
   0.017      0.023339
   0.023      0.034859
   0.029      0.046430
   0.035      0.058017
   0.041      0.069609
   0.046      0.081204
   0.052      0.092801
   0.058      0.104399
   0.064      0.115998
   0.070      0.127598
   0.075      0.139198
   0.081      0.150798
   0.087      0.162399
   0.093      0.174001
   0.099      0.185603
   0.104      0.197205
   0.110      0.208808
   0.116      0.220411
   0.122      0.232014
   0.128      0.243617
   0.133      0.255221
   0.139      0.266825
   0.145      0.278429
   0.151      0.290034
   0.157      0.301638
   0.162      0.313242
   0.168      0.324846
   0.174      0.336450
   0.180      0.348053
   0.186      0.359656
   0.191      0.371258
   0.197      0.382860
   0.203      0.394460
   0.209      0.406060
   0.215      0.417659
   0.220      0.429256
   0.226      0.440851
   0.232      0.452445
   0.238      0.464037
   0.244      0.475627
   0.249      0.487214
   0.255      0.498798
   0.261      0.510380
   0.267      0.521958
   0.273      0.533533
   0.278      0.545104
   0.284      0.556671
   0.290      0.568233
   0.296      0.579791
   0.302      0.591343
   0.307      0.602890
   0.313      0.614431
   0.319      0.625965
   0.325      0.637493
   0.331      0.649014
   0.336      0.660527
   0.342      0.672032
   0.348      0.683528
   0.354      0.695015
   0.360      0.706493
   0.365      0.717961
   0.371      0.729417
   0.377      0.740863
   0.383      0.752297
   0.389      0.763718
   0.394      0.775127
   0.400      0.786522
   0.406      0.797902
   0.412      0.809268
   0.418      0.820618
   0.423      0.831952
   0.429      0.843269
   0.435      0.854568
   0.441      0.865849
   0.447      0.877110
   0.452      0.888352
   0.458      0.899573
   0.464      0.910772
   0.470      0.921949
   0.476      0.933102
   0.481      0.944231
   0.487      0.955336
   0.493      0.966414
   0.499      0.977466
   0.505      0.988490
   0.510      0.999486
   0.516      1.010451
   0.522      1.021386
   0.528      1.032290
   0.534      1.043161
   0.539      1.053998
   0.545      1.064801
   0.551      1.075567
   0.557      1.086297
   0.563      1.096989
   0.568      1.107642
   0.574      1.118255
   0.580      1.128827
   0.586      1.139356
   0.592      1.149841
   0.597      1.160281
   0.603      1.170676
   0.609      1.181023
   0.615      1.191322
   0.621      1.201571
   0.626      1.211768
   0.632      1.221914
   0.638      1.232006
   0.644      1.242043
   0.650      1.252024
   0.655      1.261947
   0.661      1.271811
   0.667      1.281615
   0.673      1.291358
   0.679      1.301037
   0.684      1.310652
   0.690      1.320201
   0.696      1.329683
   0.702      1.339096
   0.708      1.348440
   0.713      1.357711
   0.719      1.366910
   0.725      1.376034
   0.731      1.385082
   0.737      1.394053
   0.742      1.402945
   0.748      1.411757
   0.754      1.420487
   0.760      1.429134
   0.766      1.437695
   0.771      1.446171
   0.777      1.454558
   0.783      1.462856
   0.789      1.471064
   0.795      1.479178
   0.800      1.487199
   0.806      1.495125
   0.812      1.502953
   0.818      1.510684
   0.824      1.518314
   0.829      1.525842
   0.835      1.533268
   0.841      1.540589
   0.847      1.547804
   0.853      1.554912
   0.858      1.561911
   0.864      1.568799
   0.870      1.575575
   0.876      1.582238
   0.882      1.588786
   0.887      1.595218
   0.893      1.601532
   0.899      1.607727
   0.905      1.613801
   0.911      1.619754
   0.916      1.625583
   0.922      1.631287
   0.928      1.636865
   0.934      1.642316
   0.940      1.647638
   0.945      1.652830
   0.951      1.657890
   0.957      1.662818
   0.963      1.667612
   0.969      1.672271
   0.974      1.676794
   0.980      1.681179
   0.986      1.685425
   0.992      1.689532
   0.998      1.693498
   1.003      1.697321
   1.009      1.701002
   1.015      1.704538
   1.021      1.707929
   1.027      1.711174
   1.032      1.714271
   1.038      1.717221
   1.044      1.720022
   1.050      1.722672
   1.056      1.725173
   1.061      1.727521
   1.067      1.729717
   1.073      1.731760
   1.079      1.733650
   1.085      1.735384
   1.090      1.736964
   1.096      1.738388
   1.102      1.739656
   1.108      1.740766
   1.114      1.741719
   1.119      1.742515
   1.125      1.743152
   1.131      1.743630
   1.137      1.743949
   1.143      1.744109
   1.148      1.744109
   1.154      1.743949
   1.160      1.743628
   1.166      1.743147
   1.172      1.742506
   1.177      1.741704
   1.183      1.740742
   1.189      1.739618
   1.195      1.738334
   1.201      1.736889
   1.206      1.735284
   1.212      1.733518
   1.218      1.731592
   1.224      1.729505
   1.230      1.727259
   1.235      1.724854
   1.241      1.722289
   1.247      1.719566
   1.253      1.716684
   1.259      1.713644
   1.264      1.710446
   1.270      1.707092
   1.276      1.703581
   1.282      1.699915
   1.288      1.696093
   1.293      1.692117
   1.299      1.687987
   1.305      1.683705
   1.311      1.679270
   1.317      1.674684
   1.322      1.669947
   1.328      1.665061
   1.334      1.660026
   1.340      1.654844
   1.346      1.649515
   1.351      1.644040
   1.357      1.638421
   1.363      1.632659
   1.369      1.626754
   1.375      1.620709
   1.380      1.614523
   1.386      1.608199
   1.392      1.601738
   1.398      1.595141
   1.404      1.588409
   1.409      1.581544
   1.415      1.574547
   1.421      1.567420
   1.427      1.560164
   1.433      1.552780
   1.438      1.545271
   1.444      1.537637
   1.450      1.529880
   1.456      1.522001
   1.462      1.514004
   1.467      1.505888
   1.473      1.497655
   1.479      1.489308
   1.485      1.480848
   1.491      1.472277
   1.496      1.463596
   1.502      1.454808
   1.508      1.445913
   1.514      1.436914
   1.520      1.427813
   1.525      1.418611
   1.531      1.409311
   1.537      1.399913
   1.543      1.390421
   1.549      1.380835
   1.554      1.371159
   1.560      1.361392
   1.566      1.351539
   1.572      1.341600
   1.578      1.331577
   1.583      1.321473
   1.589      1.311289
   1.595      1.301028
   1.601      1.290691
   1.607      1.280280
   1.612      1.269797
   1.618      1.259245
   1.624      1.248624
   1.630      1.237938
   1.636      1.227188
   1.641      1.216377
   1.647      1.205505
   1.653      1.194576
   1.659      1.183591
   1.665      1.172552
   1.670      1.161461
   1.676      1.150320
   1.682      1.139131
   1.688      1.127897
   1.694      1.116618
   1.699      1.105298
   1.705      1.093937
   1.711      1.082539
   1.717      1.071105
   1.723      1.059636
   1.728      1.048135
   1.734      1.036605
   1.740      1.025045
   1.746      1.013460
   1.752      1.001850
   1.757      0.990217
   1.763      0.978564
   1.769      0.966892
   1.775      0.955202
   1.781      0.943498
   1.786      0.931781
   1.792      0.920052
   1.798      0.908313
   1.804      0.896567
   1.810      0.884814
   1.815      0.873058
   1.821      0.861299
   1.827      0.849539
   1.833      0.837780
   1.839      0.826023
   1.844      0.814271
   1.850      0.802525
   1.856      0.790787
   1.862      0.779058
   1.868      0.767340
   1.873      0.755635
   1.879      0.743943
   1.885      0.732268
   1.891      0.720610
   1.897      0.708970
   1.902      0.697351
   1.908      0.685754
   1.914      0.674180
   1.920      0.662631
   1.926      0.651109
   1.931      0.639613
   1.937      0.628147
   1.943      0.616712
   1.949      0.605308
   1.955      0.593937
   1.960      0.582601
   1.966      0.571300
   1.972      0.560036
   1.978      0.548811
   1.984      0.537626
   1.989      0.526481
   1.995      0.515378
   2.001      0.504318
   2.007      0.493302
   2.013      0.482332
   2.018      0.471408
   2.024      0.460532
   2.030      0.449705
   2.036      0.438927
   2.042      0.428200
   2.047      0.417525
   2.053      0.406903
   2.059      0.396334
   2.065      0.385821
   2.071      0.375362
   2.076      0.364960
   2.082      0.354616
   2.088      0.344330
   2.094      0.334103
   2.100      0.323936
   2.105      0.313829
   2.111      0.303784
   2.117      0.293801
   2.123      0.283881
   2.129      0.274025
   2.134      0.264234
   2.140      0.254507
   2.146      0.244846
   2.152      0.235251
   2.158      0.225724
   2.163      0.216264
   2.169      0.206872
   2.175      0.197549
   2.181      0.188295
   2.187      0.179111
   2.192      0.169997
   2.198      0.160954
   2.204      0.151982
   2.210      0.143081
   2.216      0.134253
   2.221      0.125498
   2.227      0.116815
   2.233      0.108205
   2.239      0.099669
   2.245      0.091207
   2.250      0.082819
   2.256      0.074506
   2.262      0.066267
   2.268      0.058104
   2.274      0.050016
   2.279      0.042003
   2.285      0.034066
   2.291      0.026206
   2.297      0.018421
   2.303      0.010713
   2.308      0.003081
   2.314     -0.004474
   2.320     -0.011952
   2.326     -0.019354
   2.332     -0.026679
   2.337     -0.033926
   2.343     -0.041097
   2.349     -0.048190
   2.355     -0.055207
   2.361     -0.062146
   2.366     -0.069008
   2.372     -0.075793
   2.378     -0.082501
   2.384     -0.089131
   2.390     -0.095685
   2.395     -0.102162
   2.401     -0.108562
   2.407     -0.114885
   2.413     -0.121131
   2.419     -0.127301
   2.424     -0.133394
   2.430     -0.139411
   2.436     -0.145352
   2.442     -0.151217
   2.448     -0.157006
   2.453     -0.162719
   2.459     -0.168357
   2.465     -0.173919
   2.471     -0.179407
   2.477     -0.184820
   2.482     -0.190158
   2.488     -0.195422
   2.494     -0.200611
   2.500     -0.205727
   2.506     -0.210769
   2.511     -0.215738
   2.517     -0.220634
   2.523     -0.225458
   2.529     -0.230209
   2.535     -0.234887
   2.540     -0.239494
   2.546     -0.244030
   2.552     -0.248495
   2.558     -0.252888
   2.564     -0.257212
   2.569     -0.261465
   2.575     -0.265649
   2.581     -0.269763
   2.587     -0.273808
   2.593     -0.277785
   2.598     -0.281694
   2.604     -0.285535
   2.610     -0.289308
   2.616     -0.293015
   2.622     -0.296655
   2.627     -0.300229
   2.633     -0.303737
   2.639     -0.307180
   2.645     -0.310558
   2.651     -0.313872
   2.656     -0.317122
   2.662     -0.320308
   2.668     -0.323431
   2.674     -0.326491
   2.680     -0.329490
   2.685     -0.332426
   2.691     -0.335302
   2.697     -0.338116
   2.703     -0.340871
   2.709     -0.343565
   2.714     -0.346200
   2.720     -0.348776
   2.726     -0.351294
   2.732     -0.353754
   2.738     -0.356156
   2.743     -0.358501
   2.749     -0.360790
   2.755     -0.363023
   2.761     -0.365201
   2.767     -0.367323
   2.772     -0.369391
   2.778     -0.371405
   2.784     -0.373365
   2.790     -0.375273
   2.796     -0.377128
   2.801     -0.378930
   2.807     -0.380682
   2.813     -0.382382
   2.819     -0.384032
   2.825     -0.385632
   2.830     -0.387182
   2.836     -0.388683
   2.842     -0.390136
   2.848     -0.391540
   2.854     -0.392898
   2.859     -0.394208
   2.865     -0.395472
   2.871     -0.396689
   2.877     -0.397861
   2.883     -0.398988
   2.888     -0.400071
   2.894     -0.401110
   2.900     -0.402105
   2.906     -0.403057
   2.912     -0.403966
   2.917     -0.404834
   2.923     -0.405660
   2.929     -0.406445
   2.935     -0.407190
   2.941     -0.407894
   2.946     -0.408559
   2.952     -0.409184
   2.958     -0.409771
   2.964     -0.410320
   2.970     -0.410831
   2.975     -0.411305
   2.981     -0.411742
   2.987     -0.412143
   2.993     -0.412508
   2.999     -0.412837
   3.004     -0.413132
   3.010     -0.413393
   3.016     -0.413619
   3.022     -0.413812
   3.028     -0.413972
   3.033     -0.414099
   3.039     -0.414194
   3.045     -0.414258
   3.051     -0.414290
   3.057     -0.414292
   3.062     -0.414263
   3.068     -0.414204
   3.074     -0.414116
   3.080     -0.413999
   3.086     -0.413853
   3.091     -0.413679
   3.097     -0.413477
   3.103     -0.413247
   3.109     -0.412991
   3.115     -0.412708
   3.120     -0.412399
   3.126     -0.412065
   3.132     -0.411705
   3.138     -0.411320
   3.144     -0.410911
   3.149     -0.410477
   3.155     -0.410020
   3.161     -0.409540
   3.167     -0.409036
   3.173     -0.408510
   3.178     -0.407962
   3.184     -0.407392
   3.190     -0.406801
   3.196     -0.406188
   3.202     -0.405555
   3.207     -0.404901
   3.213     -0.404228
   3.219     -0.403534
   3.225     -0.402822
   3.231     -0.402090
   3.236     -0.401340
   3.242     -0.400572
   3.248     -0.399786
   3.254     -0.398982
   3.260     -0.398161
   3.265     -0.397323
   3.271     -0.396469
   3.277     -0.395598
   3.283     -0.394712
   3.289     -0.393809
   3.294     -0.392892
   3.300     -0.391959
   3.306     -0.391012
   3.312     -0.390050
   3.318     -0.389074
   3.323     -0.388085
   3.329     -0.387082
   3.335     -0.386065
   3.341     -0.385036
   3.347     -0.383994
   3.352     -0.382940
   3.358     -0.381873
   3.364     -0.380795
   3.370     -0.379705
   3.376     -0.378604
   3.381     -0.377492
   3.387     -0.376369
   3.393     -0.375236
   3.399     -0.374092
   3.405     -0.372939
   3.410     -0.371775
   3.416     -0.370603
   3.422     -0.369420
   3.428     -0.368229
   3.434     -0.367029
   3.439     -0.365821
   3.445     -0.364604
   3.451     -0.363379
   3.457     -0.362146
   3.463     -0.360905
   3.468     -0.359657
   3.474     -0.358402
   3.480     -0.357140
   3.486     -0.355870
   3.492     -0.354595
   3.497     -0.353313
   3.503     -0.352024
   3.509     -0.350730
   3.515     -0.349430
   3.521     -0.348124
   3.526     -0.346813
   3.532     -0.345496
   3.538     -0.344174
   3.544     -0.342848
   3.550     -0.341517
   3.555     -0.340181
   3.561     -0.338841
   3.567     -0.337497
   3.573     -0.336148
   3.579     -0.334796
   3.584     -0.333440
   3.590     -0.332081
   3.596     -0.330718
   3.602     -0.329352
   3.608     -0.327983
   3.613     -0.326611
   3.619     -0.325237
   3.625     -0.323859
   3.631     -0.322479
   3.637     -0.321097
   3.642     -0.319713
   3.648     -0.318326
   3.654     -0.316938
   3.660     -0.315548
   3.666     -0.314156
   3.671     -0.312763
   3.677     -0.311368
   3.683     -0.309972
   3.689     -0.308574
   3.695     -0.307176
   3.700     -0.305777
   3.706     -0.304377
   3.712     -0.302976
   3.718     -0.301575
   3.724     -0.300173
   3.729     -0.298771
   3.735     -0.297368
   3.741     -0.295966
   3.747     -0.294563
   3.753     -0.293160
   3.758     -0.291758
   3.764     -0.290356
   3.770     -0.288954
   3.776     -0.287552
   3.782     -0.286151
   3.787     -0.284751
   3.793     -0.283351
   3.799     -0.281952
   3.805     -0.280554
   3.811     -0.279157
   3.816     -0.277761
   3.822     -0.276366
   3.828     -0.274973
   3.834     -0.273580
   3.840     -0.272189
   3.845     -0.270799
   3.851     -0.269411
   3.857     -0.268024
   3.863     -0.266639
   3.869     -0.265256
   3.874     -0.263874
   3.880     -0.262495
   3.886     -0.261117
   3.892     -0.259741
   3.898     -0.258367
   3.903     -0.256995
   3.909     -0.255626
   3.915     -0.254258
   3.921     -0.252893
   3.927     -0.251530
   3.932     -0.250170
   3.938     -0.248812
   3.944     -0.247456
   3.950     -0.246103
   3.956     -0.244752
   3.961     -0.243404
   3.967     -0.242059
   3.973     -0.240717
   3.979     -0.239377
   3.985     -0.238040
   3.990     -0.236706
   3.996     -0.235375
   4.002     -0.234046
   4.008     -0.232721
   4.014     -0.231399
   4.019     -0.230079
   4.025     -0.228763
   4.031     -0.227450
   4.037     -0.226140
   4.043     -0.224833
   4.048     -0.223530
   4.054     -0.222230
   4.060     -0.220933
   4.066     -0.219639
   4.072     -0.218349
   4.077     -0.217062
   4.083     -0.215779
   4.089     -0.214499
   4.095     -0.213222
   4.101     -0.211949
   4.106     -0.210679
   4.112     -0.209413
   4.118     -0.208151
   4.124     -0.206892
   4.130     -0.205637
   4.135     -0.204386
   4.141     -0.203138
   4.147     -0.201893
   4.153     -0.200653
   4.159     -0.199416
   4.164     -0.198183
   4.170     -0.196954
   4.176     -0.195728
   4.182     -0.194507
   4.188     -0.193289
   4.193     -0.192075
   4.199     -0.190865
   4.205     -0.189658
   4.211     -0.188456
   4.217     -0.187257
   4.222     -0.186063
   4.228     -0.184872
   4.234     -0.183685
   4.240     -0.182502
   4.246     -0.181324
   4.251     -0.180149
   4.257     -0.178978
   4.263     -0.177811
   4.269     -0.176648
   4.275     -0.175489
   4.280     -0.174334
   4.286     -0.173183
   4.292     -0.172036
   4.298     -0.170894
   4.304     -0.169755
   4.309     -0.168620
   4.315     -0.167490
   4.321     -0.166363
   4.327     -0.165241
   4.333     -0.164122
   4.338     -0.163008
   4.344     -0.161898
   4.350     -0.160792
   4.356     -0.159690
   4.362     -0.158592
   4.367     -0.157498
   4.373     -0.156408
   4.379     -0.155323
   4.385     -0.154242
   4.391     -0.153164
   4.396     -0.152091
   4.402     -0.151022
   4.408     -0.149957
   4.414     -0.148897
   4.420     -0.147840
   4.425     -0.146787
   4.431     -0.145739
   4.437     -0.144695
   4.443     -0.143655
   4.449     -0.142619
   4.454     -0.141587
   4.460     -0.140560
   4.466     -0.139536
   4.472     -0.138517
   4.478     -0.137501
   4.483     -0.136490
   4.489     -0.135483
   4.495     -0.134481
   4.501     -0.133482
   4.507     -0.132487
   4.512     -0.131497
   4.518     -0.130510
   4.524     -0.129528
   4.530     -0.128550
   4.536     -0.127576
   4.541     -0.126606
   4.547     -0.125640
   4.553     -0.124679
   4.559     -0.123721
   4.565     -0.122768
   4.570     -0.121818
   4.576     -0.120873
   4.582     -0.119932
   4.588     -0.118995
   4.594     -0.118062
   4.599     -0.117133
   4.605     -0.116208
   4.611     -0.115287
   4.617     -0.114370
   4.623     -0.113457
   4.628     -0.112548
   4.634     -0.111644
   4.640     -0.110743
   4.646     -0.109846
   4.652     -0.108954
   4.657     -0.108065
   4.663     -0.107181
   4.669     -0.106300
   4.675     -0.105424
   4.681     -0.104551
   4.686     -0.103682
   4.692     -0.102818
   4.698     -0.101957
   4.704     -0.101100
   4.710     -0.100248
   4.715     -0.099399
   4.721     -0.098554
   4.727     -0.097713
   4.733     -0.096876
   4.739     -0.096043
   4.744     -0.095214
   4.750     -0.094389
   4.756     -0.093568
   4.762     -0.092750
   4.768     -0.091937
   4.773     -0.091127
   4.779     -0.090321
   4.785     -0.089519
   4.791     -0.088721
   4.797     -0.087927
   4.802     -0.087137
   4.808     -0.086350
   4.814     -0.085568
   4.820     -0.084789
   4.826     -0.084014
   4.831     -0.083242
   4.837     -0.082475
   4.843     -0.081711
   4.849     -0.080951
   4.855     -0.080195
   4.860     -0.079443
   4.866     -0.078694
   4.872     -0.077949
   4.878     -0.077208
   4.884     -0.076470
   4.889     -0.075737
   4.895     -0.075007
   4.901     -0.074280
   4.907     -0.073558
   4.913     -0.072839
   4.918     -0.072123
   4.924     -0.071412
   4.930     -0.070704
   4.936     -0.069999
   4.942     -0.069299
   4.947     -0.068602
   4.953     -0.067908
   4.959     -0.067218
   4.965     -0.066532
   4.971     -0.065849
   4.976     -0.065170
   4.982     -0.064495
   4.988     -0.063823
   4.994     -0.063155
   5.000     -0.062490
   5.005     -0.061828
   5.011     -0.061171
   5.017     -0.060516
   5.023     -0.059865
   5.029     -0.059218
   5.034     -0.058574
   5.040     -0.057934
   5.046     -0.057297
   5.052     -0.056664
   5.058     -0.056034
   5.063     -0.055407
   5.069     -0.054784
   5.075     -0.054165
   5.081     -0.053548
   5.087     -0.052936
   5.092     -0.052326
   5.098     -0.051720
   5.104     -0.051117
   5.110     -0.050518
   5.116     -0.049922
   5.121     -0.049329
   5.127     -0.048740
   5.133     -0.048154
   5.139     -0.047571
   5.145     -0.046992
   5.150     -0.046416
   5.156     -0.045843
   5.162     -0.045273
   5.168     -0.044707
   5.174     -0.044144
   5.179     -0.043584
   5.185     -0.043028
   5.191     -0.042474
   5.197     -0.041924
   5.203     -0.041377
   5.208     -0.040833
   5.214     -0.040293
   5.220     -0.039755
   5.226     -0.039221
   5.232     -0.038690
   5.237     -0.038162
   5.243     -0.037637
   5.249     -0.037116
   5.255     -0.036597
   5.261     -0.036082
   5.266     -0.035569
   5.272     -0.035060
   5.278     -0.034554
   5.284     -0.034051
   5.290     -0.033551
   5.295     -0.033054
   5.301     -0.032560
   5.307     -0.032069
   5.313     -0.031581
   5.319     -0.031096
   5.324     -0.030614
   5.330     -0.030135
   5.336     -0.029659
   5.342     -0.029186
   5.348     -0.028715
   5.353     -0.028248
   5.359     -0.027784
   5.365     -0.027323
   5.371     -0.026864
   5.377     -0.026409
   5.382     -0.025956
   5.388     -0.025506
   5.394     -0.025060
   5.400     -0.024616
   5.406     -0.024174
   5.411     -0.023736
   5.417     -0.023301
   5.423     -0.022868
   5.429     -0.022438
   5.435     -0.022011
   5.440     -0.021587
   5.446     -0.021165
   5.452     -0.020747
   5.458     -0.020331
   5.464     -0.019917
   5.469     -0.019507
   5.475     -0.019099
   5.481     -0.018694
   5.487     -0.018292
   5.493     -0.017892
   5.498     -0.017495
   5.504     -0.017101
   5.510     -0.016710
   5.516     -0.016321
   5.522     -0.015934
   5.527     -0.015551
   5.533     -0.015170
   5.539     -0.014791
   5.545     -0.014415
   5.551     -0.014042
   5.556     -0.013672
   5.562     -0.013304
   5.568     -0.012938
   5.574     -0.012575
   5.580     -0.012215
   5.585     -0.011857
   5.591     -0.011502
   5.597     -0.011149
   5.603     -0.010798
   5.609     -0.010450
   5.614     -0.010105
   5.620     -0.009762
   5.626     -0.009422
   5.632     -0.009084
   5.638     -0.008748
   5.643     -0.008415
   5.649     -0.008084
   5.655     -0.007756
   5.661     -0.007430
   5.667     -0.007106
   5.672     -0.006785
   5.678     -0.006466
   5.684     -0.006149
   5.690     -0.005835
   5.696     -0.005523
   5.701     -0.005213
   5.707     -0.004905
   5.713     -0.004600
   5.719     -0.004297
   5.725     -0.003996
   5.730     -0.003698
   5.736     -0.003401
   5.742     -0.003107
   5.748     -0.002815
   5.754     -0.002525
   5.759     -0.002237
   5.765     -0.001951
   5.771     -0.001667
   5.777     -0.001385
   5.783     -0.001104
   5.788     -0.000826
   5.794     -0.000549
   5.800     -0.000274
   5.806      0.000000
