   0.000      0.954477
   0.008      0.954473
   0.017      0.954462
   0.025      0.954445
   0.034      0.954420
   0.042      0.954387
   0.050      0.954348
   0.059      0.954301
   0.067      0.954247
   0.075      0.954185
   0.084      0.954116
   0.092      0.954039
   0.101      0.953955
   0.109      0.953863
   0.117      0.953763
   0.126      0.953654
   0.134      0.953538
   0.142      0.953413
   0.151      0.953280
   0.159      0.953138
   0.168      0.952988
   0.176      0.952828
   0.184      0.952659
   0.193      0.952481
   0.201      0.952293
   0.209      0.952095
   0.218      0.951887
   0.226      0.951668
   0.235      0.951439
   0.243      0.951199
   0.251      0.950947
   0.260      0.950684
   0.268      0.950409
   0.276      0.950122
   0.285      0.949822
   0.293      0.949509
   0.302      0.949183
   0.310      0.948842
   0.318      0.948488
   0.327      0.948119
   0.335      0.947735
   0.343      0.947335
   0.352      0.946920
   0.360      0.946488
   0.369      0.946039
   0.377      0.945572
   0.385      0.945088
   0.394      0.944584
   0.402      0.944062
   0.410      0.943520
   0.419      0.942958
   0.427      0.942375
   0.436      0.941771
   0.444      0.941144
   0.452      0.940495
   0.461      0.939823
   0.469      0.939126
   0.477      0.938406
   0.486      0.937660
   0.494      0.936888
   0.503      0.936089
   0.511      0.935264
   0.519      0.934411
   0.528      0.933529
   0.536      0.932618
   0.544      0.931677
   0.553      0.930707
   0.561      0.929705
   0.570      0.928671
   0.578      0.927605
   0.586      0.926507
   0.595      0.925375
   0.603      0.924209
   0.611      0.923009
   0.620      0.921774
   0.628      0.920503
   0.637      0.919196
   0.645      0.917853
   0.653      0.916473
   0.662      0.915056
   0.670      0.913601
   0.678      0.912108
   0.687      0.910577
   0.695      0.909008
   0.704      0.907400
   0.712      0.905753
   0.720      0.904067
   0.729      0.902343
   0.737      0.900578
   0.746      0.898775
   0.754      0.896933
   0.762      0.895051
   0.771      0.893131
   0.779      0.891172
   0.787      0.889174
   0.796      0.887138
   0.804      0.885063
   0.813      0.882951
   0.821      0.880801
   0.829      0.878615
   0.838      0.876391
   0.846      0.874132
   0.854      0.871836
   0.863      0.869506
   0.871      0.867141
   0.880      0.864742
   0.888      0.862309
   0.896      0.859844
   0.905      0.857347
   0.913      0.854818
   0.921      0.852259
   0.930      0.849670
   0.938      0.847052
   0.947      0.844406
   0.955      0.841732
   0.963      0.839031
   0.972      0.836305
   0.980      0.833554
   0.988      0.830778
   0.997      0.827979
   1.005      0.825158
   1.014      0.822315
   1.022      0.819451
   1.030      0.816568
   1.039      0.813666
   1.047      0.810745
   1.055      0.807807
   1.064      0.804853
   1.072      0.801884
   1.081      0.798899
   1.089      0.795901
   1.097      0.792890
   1.106      0.789867
   1.114      0.786832
   1.122      0.783787
   1.131      0.780733
   1.139      0.777669
   1.148      0.774597
   1.156      0.771518
   1.164      0.768432
   1.173      0.765340
   1.181      0.762243
   1.189      0.759142
   1.198      0.756037
   1.206      0.752929
   1.215      0.749818
   1.223      0.746706
   1.231      0.743593
   1.240      0.740479
   1.248      0.737366
   1.256      0.734253
   1.265      0.731142
   1.273      0.728032
   1.282      0.724925
   1.290      0.721821
   1.298      0.718721
   1.307      0.715625
   1.315      0.712533
   1.323      0.709446
   1.332      0.706365
   1.340      0.703290
   1.349      0.700221
   1.357      0.697160
   1.365      0.694105
   1.374      0.691058
   1.382      0.688019
   1.390      0.684989
   1.399      0.681968
   1.407      0.678955
   1.416      0.675953
   1.424      0.672960
   1.432      0.669977
   1.441      0.667005
   1.449      0.664043
   1.457      0.661093
   1.466      0.658153
   1.474      0.655226
   1.483      0.652310
   1.491      0.649406
   1.499      0.646514
   1.508      0.643635
   1.516      0.640769
   1.525      0.637915
   1.533      0.635075
   1.541      0.632248
   1.550      0.629434
   1.558      0.626633
   1.566      0.623847
   1.575      0.621074
   1.583      0.618316
   1.592      0.615571
   1.600      0.612841
   1.608      0.610125
   1.617      0.607423
   1.625      0.604736
   1.633      0.602064
   1.642      0.599407
   1.650      0.596764
   1.659      0.594136
   1.667      0.591523
   1.675      0.588925
   1.684      0.586342
   1.692      0.583774
   1.700      0.581221
   1.709      0.578683
   1.717      0.576161
   1.726      0.573653
   1.734      0.571161
   1.742      0.568684
   1.751      0.566222
   1.759      0.563776
   1.767      0.561345
   1.776      0.558929
   1.784      0.556528
   1.793      0.554142
   1.801      0.551772
   1.809      0.549417
   1.818      0.547076
   1.826      0.544751
   1.834      0.542441
   1.843      0.540146
   1.851      0.537866
   1.860      0.535601
   1.868      0.533351
   1.876      0.531116
   1.885      0.528896
   1.893      0.526690
   1.901      0.524499
   1.910      0.522323
   1.918      0.520161
   1.927      0.518014
   1.935      0.515882
   1.943      0.513764
   1.952      0.511660
   1.960      0.509570
   1.968      0.507495
   1.977      0.505434
   1.985      0.503386
   1.994      0.501353
   2.002      0.499334
   2.010      0.497329
   2.019      0.495337
   2.027      0.493359
   2.035      0.491395
   2.044      0.489444
   2.052      0.487507
   2.061      0.485583
   2.069      0.483672
   2.077      0.481774
   2.086      0.479890
   2.094      0.478019
   2.102      0.476160
   2.111      0.474315
   2.119      0.472482
   2.128      0.470662
   2.136      0.468854
   2.144      0.467059
   2.153      0.465276
   2.161      0.463506
   2.169      0.461748
   2.178      0.460002
   2.186      0.458268
   2.195      0.456546
   2.203      0.454836
   2.211      0.453138
   2.220      0.451451
   2.228      0.449776
   2.237      0.448112
   2.245      0.446460
   2.253      0.444820
   2.262      0.443190
   2.270      0.441572
   2.278      0.439965
   2.287      0.438368
   2.295      0.436783
   2.304      0.435209
   2.312      0.433645
   2.320      0.432092
   2.329      0.430549
   2.337      0.429017
   2.345      0.427495
   2.354      0.425983
   2.362      0.424482
   2.371      0.422991
   2.379      0.421510
   2.387      0.420038
   2.396      0.418577
   2.404      0.417125
   2.412      0.415683
   2.421      0.414251
   2.429      0.412828
   2.438      0.411415
   2.446      0.410011
   2.454      0.408616
   2.463      0.407231
   2.471      0.405854
   2.479      0.404487
   2.488      0.403128
   2.496      0.401779
   2.505      0.400438
   2.513      0.399106
   2.521      0.397783
   2.530      0.396468
   2.538      0.395162
   2.546      0.393864
   2.555      0.392575
   2.563      0.391294
   2.572      0.390021
   2.580      0.388756
   2.588      0.387500
   2.597      0.386251
   2.605      0.385010
   2.613      0.383777
   2.622      0.382552
   2.630      0.381335
   2.639      0.380125
   2.647      0.378923
   2.655      0.377728
   2.664      0.376541
   2.672      0.375361
   2.680      0.374189
   2.689      0.373023
   2.697      0.371865
   2.706      0.370714
   2.714      0.369571
   2.722      0.368434
   2.731      0.367304
   2.739      0.366181
   2.747      0.365065
   2.756      0.363955
   2.764      0.362852
   2.773      0.361756
   2.781      0.360667
   2.789      0.359584
   2.798      0.358507
   2.806      0.357437
   2.814      0.356373
   2.823      0.355316
   2.831      0.354265
   2.840      0.353220
   2.848      0.352181
   2.856      0.351148
   2.865      0.350121
   2.873      0.349101
   2.881      0.348086
   2.890      0.347077
   2.898      0.346074
   2.907      0.345077
   2.915      0.344085
   2.923      0.343099
   2.932      0.342119
   2.940      0.341144
   2.949      0.340175
   2.957      0.339211
   2.965      0.338253
   2.974      0.337300
   2.982      0.336353
   2.990      0.335411
   2.999      0.334474
   3.007      0.333542
   3.016      0.332615
   3.024      0.331694
   3.032      0.330778
   3.041      0.329867
   3.049      0.328960
   3.057      0.328059
   3.066      0.327163
   3.074      0.326271
   3.083      0.325385
   3.091      0.324503
   3.099      0.323626
   3.108      0.322754
   3.116      0.321886
   3.124      0.321023
   3.133      0.320165
   3.141      0.319311
   3.150      0.318462
   3.158      0.317617
   3.166      0.316777
   3.175      0.315941
   3.183      0.315109
   3.191      0.314282
   3.200      0.313460
   3.208      0.312641
   3.217      0.311827
   3.225      0.311017
   3.233      0.310211
   3.242      0.309410
   3.250      0.308612
   3.258      0.307819
   3.267      0.307030
   3.275      0.306244
   3.284      0.305463
   3.292      0.304686
   3.300      0.303913
   3.309      0.303143
   3.317      0.302378
   3.325      0.301616
   3.334      0.300858
