   0.006      1.380656
   0.013      1.380741
   0.019      1.380826
   0.025      1.380967
   0.032      1.381165
   0.038      1.381420
   0.044      1.381731
   0.050      1.382099
   0.057      1.382524
   0.063      1.383006
   0.069      1.383545
   0.076      1.384141
   0.082      1.384794
   0.088      1.385503
   0.095      1.386270
   0.101      1.387094
   0.107      1.387975
   0.113      1.388912
   0.120      1.389907
   0.126      1.390958
   0.132      1.392067
   0.139      1.393231
   0.145      1.394453
   0.151      1.395731
   0.158      1.397065
   0.164      1.398456
   0.170      1.399902
   0.176      1.401405
   0.183      1.402963
   0.189      1.404577
   0.195      1.406247
   0.202      1.407971
   0.208      1.409751
   0.214      1.411585
   0.221      1.413474
   0.227      1.415417
   0.233      1.417414
   0.239      1.419465
   0.246      1.421569
   0.252      1.423726
   0.258      1.425935
   0.265      1.428197
   0.271      1.430511
   0.277      1.432877
   0.283      1.435294
   0.290      1.437761
   0.296      1.440279
   0.302      1.442847
   0.309      1.445464
   0.315      1.448130
   0.321      1.450844
   0.328      1.453607
   0.334      1.456416
   0.340      1.459273
   0.347      1.462176
   0.353      1.465125
   0.359      1.468118
   0.365      1.471157
   0.372      1.474239
   0.378      1.477364
   0.384      1.480532
   0.391      1.483742
   0.397      1.486992
   0.403      1.490284
   0.409      1.493614
   0.416      1.496984
   0.422      1.500392
   0.428      1.503837
   0.435      1.507319
   0.441      1.510836
   0.447      1.514388
   0.454      1.517973
   0.460      1.521592
   0.466      1.525242
   0.473      1.528924
   0.479      1.532635
   0.485      1.536376
   0.491      1.540144
   0.498      1.543939
   0.504      1.547760
   0.510      1.551606
   0.517      1.555475
   0.523      1.559366
   0.529      1.563279
   0.535      1.567211
   0.542      1.571163
   0.548      1.575131
   0.554      1.579116
   0.561      1.583115
   0.567      1.587128
   0.573      1.591153
   0.580      1.595189
   0.586      1.599234
   0.592      1.603286
   0.599      1.607345
   0.605      1.611408
   0.611      1.615475
   0.617      1.619543
   0.624      1.623611
   0.630      1.627678
   0.636      1.631741
   0.643      1.635799
   0.649      1.639850
   0.655      1.643893
   0.661      1.647926
   0.668      1.651946
   0.674      1.655953
   0.680      1.659944
   0.687      1.663917
   0.693      1.667871
   0.699      1.671803
   0.706      1.675712
   0.712      1.679595
   0.718      1.683451
   0.725      1.687277
   0.731      1.691072
   0.737      1.694833
   0.743      1.698558
   0.750      1.702245
   0.756      1.705893
   0.762      1.709498
   0.769      1.713059
   0.775      1.716573
   0.781      1.720038
   0.787      1.723452
   0.794      1.726813
   0.800      1.730118
   0.806      1.733365
   0.813      1.736552
   0.819      1.739677
   0.825      1.742736
   0.832      1.745729
   0.838      1.748651
   0.844      1.751502
   0.851      1.754278
   0.857      1.756978
   0.863      1.759598
   0.869      1.762137
   0.876      1.764592
   0.882      1.766960
   0.888      1.769240
   0.895      1.771429
   0.901      1.773524
   0.907      1.775524
   0.913      1.777425
   0.920      1.779225
   0.926      1.780923
   0.932      1.782515
   0.939      1.783999
   0.945      1.785373
   0.951      1.786635
   0.958      1.787783
   0.964      1.788813
   0.970      1.789724
   0.977      1.790513
   0.983      1.791179
   0.989      1.791719
   0.995      1.792130
   1.002      1.792412
   1.008      1.792561
   1.014      1.792576
   1.021      1.792454
   1.027      1.792193
   1.033      1.791792
   1.040      1.791248
   1.046      1.790560
   1.052      1.789726
   1.058      1.788744
   1.065      1.787611
   1.071      1.786327
   1.077      1.784889
   1.084      1.783297
   1.090      1.781548
   1.096      1.779640
   1.103      1.777573
   1.109      1.775345
   1.115      1.772954
   1.121      1.770399
   1.128      1.767680
   1.134      1.764793
   1.140      1.761740
   1.147      1.758517
   1.153      1.755125
   1.159      1.751562
   1.165      1.747828
   1.172      1.743922
   1.178      1.739842
   1.184      1.735588
   1.191      1.731160
   1.197      1.726557
   1.203      1.721778
   1.210      1.716823
   1.216      1.711692
   1.222      1.706385
   1.228      1.700900
   1.235      1.695239
   1.241      1.689401
   1.247      1.683386
   1.254      1.677194
   1.260      1.670825
   1.266      1.664280
   1.273      1.657558
   1.279      1.650661
   1.285      1.643589
   1.292      1.636343
   1.298      1.628922
   1.304      1.621328
   1.310      1.613561
   1.317      1.605623
   1.323      1.597514
   1.329      1.589235
   1.336      1.580787
   1.342      1.572172
   1.348      1.563391
   1.355      1.554445
   1.361      1.545336
   1.367      1.536064
   1.373      1.526632
   1.380      1.517040
   1.386      1.507292
   1.392      1.497387
   1.399      1.487329
   1.405      1.477119
   1.411      1.466759
   1.417      1.456251
   1.424      1.445597
   1.430      1.434799
   1.436      1.423859
   1.443      1.412780
   1.449      1.401563
   1.455      1.390212
   1.462      1.378728
   1.468      1.367114
   1.474      1.355373
   1.480      1.343506
   1.487      1.331517
   1.493      1.319408
   1.499      1.307182
   1.506      1.294842
   1.512      1.282390
   1.518      1.269829
   1.525      1.257162
   1.531      1.244392
   1.537      1.231521
   1.544      1.218554
   1.550      1.205491
   1.556      1.192338
   1.562      1.179095
   1.569      1.165768
   1.575      1.152358
   1.581      1.138869
   1.588      1.125304
   1.594      1.111665
   1.600      1.097957
   1.607      1.084181
   1.613      1.070342
   1.619      1.056443
   1.625      1.042486
   1.632      1.028475
   1.638      1.014412
   1.644      1.000302
   1.651      0.986147
   1.657      0.971950
   1.663      0.957714
   1.669      0.943444
   1.676      0.929141
   1.682      0.914809
   1.688      0.900451
   1.695      0.886070
   1.701      0.871669
   1.707      0.857251
   1.714      0.842820
   1.720      0.828378
   1.726      0.813929
   1.732      0.799474
   1.739      0.785018
   1.745      0.770564
   1.751      0.756113
   1.758      0.741670
   1.764      0.727236
   1.770      0.712815
   1.777      0.698410
   1.783      0.684023
   1.789      0.669657
   1.796      0.655315
   1.802      0.641000
   1.808      0.626713
   1.814      0.612458
   1.821      0.598238
   1.827      0.584054
   1.833      0.569909
   1.840      0.555807
   1.846      0.541748
   1.852      0.527736
   1.859      0.513773
   1.865      0.499861
   1.871      0.486003
   1.877      0.472200
   1.884      0.458455
   1.890      0.444770
   1.896      0.431146
   1.903      0.417587
   1.909      0.404094
   1.915      0.390670
   1.921      0.377315
   1.928      0.364032
   1.934      0.350822
   1.940      0.337688
   1.947      0.324631
   1.953      0.311653
   1.959      0.298756
   1.966      0.285941
   1.972      0.273209
   1.978      0.260563
   1.984      0.248003
   1.991      0.235532
   1.997      0.223150
   2.003      0.210859
   2.010      0.198660
   2.016      0.186555
   2.022      0.174544
   2.029      0.162629
   2.035      0.150811
   2.041      0.139092
   2.047      0.127471
   2.054      0.115951
   2.060      0.104532
   2.066      0.093215
   2.073      0.082001
   2.079      0.070890
   2.085      0.059885
   2.092      0.048985
   2.098      0.038191
   2.104      0.027504
   2.111      0.016925
   2.117      0.006453
   2.123     -0.003909
   2.129     -0.014162
   2.136     -0.024305
   2.142     -0.034338
   2.148     -0.044260
   2.155     -0.054071
   2.161     -0.063770
   2.167     -0.073358
   2.174     -0.082833
   2.180     -0.092195
   2.186     -0.101445
   2.192     -0.110581
   2.199     -0.119605
   2.205     -0.128514
   2.211     -0.137311
   2.218     -0.145994
   2.224     -0.154563
   2.230     -0.163018
   2.236     -0.171360
   2.243     -0.179587
   2.249     -0.187701
   2.255     -0.195702
   2.262     -0.203589
   2.268     -0.211362
   2.274     -0.219022
   2.281     -0.226569
   2.287     -0.234003
   2.293     -0.241324
   2.300     -0.248533
   2.306     -0.255630
   2.312     -0.262614
   2.318     -0.269487
   2.325     -0.276249
   2.331     -0.282899
   2.337     -0.289439
   2.344     -0.295869
   2.350     -0.302188
   2.356     -0.308399
   2.362     -0.314500
   2.369     -0.320493
   2.375     -0.326378
   2.381     -0.332155
   2.388     -0.337825
   2.394     -0.343389
   2.400     -0.348847
   2.407     -0.354199
   2.413     -0.359447
   2.419     -0.364590
   2.425     -0.369629
   2.432     -0.374566
   2.438     -0.379400
   2.444     -0.384132
   2.451     -0.388764
   2.457     -0.393294
   2.463     -0.397725
   2.470     -0.402057
   2.476     -0.406291
   2.482     -0.410427
   2.489     -0.414466
   2.495     -0.418408
   2.501     -0.422256
   2.507     -0.426008
   2.514     -0.429667
   2.520     -0.433232
   2.526     -0.436705
   2.533     -0.440086
   2.539     -0.443376
   2.545     -0.446577
   2.551     -0.449688
   2.558     -0.452710
   2.564     -0.455645
   2.570     -0.458493
   2.577     -0.461255
   2.583     -0.463932
   2.589     -0.466524
   2.596     -0.469033
   2.602     -0.471460
   2.608     -0.473804
   2.615     -0.476068
   2.621     -0.478251
   2.627     -0.480355
   2.633     -0.482381
   2.640     -0.484329
   2.646     -0.486200
   2.652     -0.487996
   2.659     -0.489716
   2.665     -0.491363
   2.671     -0.492936
   2.678     -0.494437
   2.684     -0.495866
   2.690     -0.497225
   2.696     -0.498514
   2.703     -0.499734
   2.709     -0.500886
   2.715     -0.501971
   2.722     -0.502989
   2.728     -0.503942
   2.734     -0.504830
   2.740     -0.505655
   2.747     -0.506417
   2.753     -0.507117
   2.759     -0.507755
   2.766     -0.508334
   2.772     -0.508852
   2.778     -0.509313
   2.785     -0.509715
   2.791     -0.510060
   2.797     -0.510350
   2.804     -0.510584
   2.810     -0.510764
   2.816     -0.510890
   2.822     -0.510964
   2.829     -0.510985
   2.835     -0.510955
   2.841     -0.510875
   2.848     -0.510746
   2.854     -0.510567
   2.860     -0.510341
   2.866     -0.510067
   2.873     -0.509748
   2.879     -0.509382
   2.885     -0.508972
   2.892     -0.508517
   2.898     -0.508020
   2.904     -0.507480
   2.911     -0.506898
   2.917     -0.506275
   2.923     -0.505611
   2.929     -0.504909
   2.936     -0.504167
   2.942     -0.503387
   2.948     -0.502570
   2.955     -0.501717
   2.961     -0.500827
   2.967     -0.499902
   2.974     -0.498943
   2.980     -0.497950
   2.986     -0.496923
   2.993     -0.495864
   2.999     -0.494773
   3.005     -0.493651
   3.011     -0.492499
   3.018     -0.491317
   3.024     -0.490105
   3.030     -0.488865
   3.037     -0.487597
   3.043     -0.486302
   3.049     -0.484980
   3.055     -0.483632
   3.062     -0.482258
   3.068     -0.480860
   3.074     -0.479437
   3.081     -0.477991
   3.087     -0.476521
   3.093     -0.475029
   3.100     -0.473515
   3.106     -0.471980
   3.112     -0.470423
   3.119     -0.468846
   3.125     -0.467250
   3.131     -0.465634
   3.137     -0.464000
   3.144     -0.462347
   3.150     -0.460676
   3.156     -0.458989
   3.163     -0.457284
   3.169     -0.455564
   3.175     -0.453827
   3.182     -0.452076
   3.188     -0.450310
   3.194     -0.448529
   3.200     -0.446734
   3.207     -0.444926
   3.213     -0.443105
   3.219     -0.441272
   3.226     -0.439427
   3.232     -0.437569
   3.238     -0.435701
   3.244     -0.433822
   3.251     -0.431932
   3.257     -0.430032
   3.263     -0.428123
   3.270     -0.426205
   3.276     -0.424277
   3.282     -0.422341
   3.289     -0.420398
   3.295     -0.418446
   3.301     -0.416487
   3.308     -0.414521
   3.314     -0.412548
   3.320     -0.410569
   3.326     -0.408584
   3.333     -0.406593
   3.339     -0.404597
   3.345     -0.402596
   3.352     -0.400590
   3.358     -0.398580
   3.364     -0.396566
   3.370     -0.394548
   3.377     -0.392527
   3.383     -0.390502
   3.389     -0.388474
   3.396     -0.386444
   3.402     -0.384411
   3.408     -0.382376
   3.415     -0.380340
   3.421     -0.378302
   3.427     -0.376262
   3.433     -0.374221
   3.440     -0.372180
   3.446     -0.370138
   3.452     -0.368095
   3.459     -0.366052
   3.465     -0.364010
   3.471     -0.361968
   3.478     -0.359926
   3.484     -0.357885
   3.490     -0.355844
   3.497     -0.353805
   3.503     -0.351768
   3.509     -0.349731
   3.515     -0.347697
   3.522     -0.345664
   3.528     -0.343634
   3.534     -0.341605
   3.541     -0.339579
   3.547     -0.337556
   3.553     -0.335535
   3.559     -0.333518
   3.566     -0.331503
   3.572     -0.329492
   3.578     -0.327484
   3.585     -0.325479
   3.591     -0.323478
   3.597     -0.321481
   3.604     -0.319488
   3.610     -0.317499
   3.616     -0.315515
   3.623     -0.313534
   3.629     -0.311558
   3.635     -0.309587
   3.641     -0.307620
   3.648     -0.305658
   3.654     -0.303701
   3.660     -0.301749
   3.667     -0.299802
   3.673     -0.297860
   3.679     -0.295924
   3.686     -0.293993
   3.692     -0.292067
   3.698     -0.290148
   3.704     -0.288234
   3.711     -0.286325
   3.717     -0.284423
   3.723     -0.282526
   3.730     -0.280636
   3.736     -0.278751
   3.742     -0.276873
   3.748     -0.275001
   3.755     -0.273136
   3.761     -0.271276
   3.767     -0.269424
   3.774     -0.267577
   3.780     -0.265738
   3.786     -0.263904
   3.793     -0.262078
   3.799     -0.260258
   3.805     -0.258445
   3.812     -0.256639
   3.818     -0.254840
   3.824     -0.253048
   3.830     -0.251263
   3.837     -0.249484
   3.843     -0.247713
   3.849     -0.245949
   3.856     -0.244192
   3.862     -0.242442
   3.868     -0.240700
   3.874     -0.238964
   3.881     -0.237236
   3.887     -0.235515
   3.893     -0.233802
   3.900     -0.232096
   3.906     -0.230397
   3.912     -0.228706
   3.919     -0.227022
   3.925     -0.225345
   3.931     -0.223676
   3.938     -0.222015
   3.944     -0.220360
   3.950     -0.218714
   3.956     -0.217075
   3.963     -0.215443
   3.969     -0.213819
   3.975     -0.212203
   3.982     -0.210594
   3.988     -0.208993
   3.994     -0.207399
   4.000     -0.205813
   4.007     -0.204235
   4.013     -0.202664
   4.019     -0.201100
   4.026     -0.199545
   4.032     -0.197997
   4.038     -0.196456
   4.045     -0.194923
   4.051     -0.193398
   4.057     -0.191881
   4.064     -0.190371
   4.070     -0.188868
   4.076     -0.187373
   4.082     -0.185886
   4.089     -0.184406
   4.095     -0.182934
   4.101     -0.181470
   4.108     -0.180013
   4.114     -0.178564
   4.120     -0.177122
   4.127     -0.175688
   4.133     -0.174261
   4.139     -0.172842
   4.145     -0.171430
   4.152     -0.170026
   4.158     -0.168629
   4.164     -0.167240
   4.171     -0.165858
   4.177     -0.164484
   4.183     -0.163117
   4.189     -0.161757
   4.196     -0.160405
   4.202     -0.159060
   4.208     -0.157723
   4.215     -0.156393
   4.221     -0.155070
   4.227     -0.153755
   4.234     -0.152447
   4.240     -0.151146
   4.246     -0.149852
   4.253     -0.148566
   4.259     -0.147287
   4.265     -0.146015
   4.271     -0.144751
   4.278     -0.143493
   4.284     -0.142243
   4.290     -0.140999
   4.297     -0.139763
   4.303     -0.138534
   4.309     -0.137312
   4.316     -0.136097
   4.322     -0.134889
   4.328     -0.133688
   4.334     -0.132494
   4.341     -0.131307
   4.347     -0.130127
   4.353     -0.128954
   4.360     -0.127787
   4.366     -0.126628
   4.372     -0.125475
   4.378     -0.124329
   4.385     -0.123190
   4.391     -0.122058
   4.397     -0.120932
   4.404     -0.119813
   4.410     -0.118701
   4.416     -0.117595
   4.423     -0.116496
   4.429     -0.115404
   4.435     -0.114318
   4.442     -0.113239
   4.448     -0.112167
   4.454     -0.111100
   4.460     -0.110041
   4.467     -0.108988
   4.473     -0.107941
   4.479     -0.106901
   4.486     -0.105867
   4.492     -0.104839
   4.498     -0.103818
   4.505     -0.102803
   4.511     -0.101794
   4.517     -0.100792
   4.523     -0.099795
   4.530     -0.098805
   4.536     -0.097822
   4.542     -0.096844
   4.549     -0.095872
   4.555     -0.094907
   4.561     -0.093947
   4.567     -0.092994
   4.574     -0.092047
   4.580     -0.091105
   4.586     -0.090170
   4.593     -0.089241
   4.599     -0.088317
   4.605     -0.087399
   4.612     -0.086488
   4.618     -0.085582
   4.624     -0.084681
   4.630     -0.083787
   4.637     -0.082899
   4.643     -0.082016
   4.649     -0.081138
   4.656     -0.080267
   4.662     -0.079401
   4.668     -0.078541
   4.675     -0.077686
   4.681     -0.076837
   4.687     -0.075994
   4.694     -0.075156
   4.700     -0.074323
   4.706     -0.073496
   4.712     -0.072675
   4.719     -0.071859
   4.725     -0.071048
   4.731     -0.070243
   4.738     -0.069443
   4.744     -0.068648
   4.750     -0.067858
   4.756     -0.067074
   4.763     -0.066295
   4.769     -0.065522
   4.775     -0.064753
   4.782     -0.063990
   4.788     -0.063232
   4.794     -0.062479
   4.801     -0.061731
   4.807     -0.060988
   4.813     -0.060250
   4.819     -0.059517
   4.826     -0.058789
   4.832     -0.058066
   4.838     -0.057348
   4.845     -0.056635
   4.851     -0.055927
   4.857     -0.055223
   4.864     -0.054525
   4.870     -0.053831
   4.876     -0.053142
   4.883     -0.052458
   4.889     -0.051779
   4.895     -0.051104
   4.901     -0.050434
   4.908     -0.049769
   4.914     -0.049108
   4.920     -0.048452
   4.927     -0.047801
   4.933     -0.047154
   4.939     -0.046512
   4.946     -0.045874
   4.952     -0.045241
   4.958     -0.044612
   4.964     -0.043988
   4.971     -0.043368
   4.977     -0.042752
   4.983     -0.042141
   4.990     -0.041535
   4.996     -0.040932
   5.002     -0.040334
   5.008     -0.039740
   5.015     -0.039151
   5.021     -0.038566
   5.027     -0.037985
   5.034     -0.037408
   5.040     -0.036835
   5.046     -0.036267
   5.053     -0.035702
   5.059     -0.035142
   5.065     -0.034586
   5.072     -0.034034
   5.078     -0.033486
   5.084     -0.032942
   5.090     -0.032402
   5.097     -0.031866
   5.103     -0.031334
   5.109     -0.030806
   5.116     -0.030282
   5.122     -0.029762
   5.128     -0.029245
   5.135     -0.028733
   5.141     -0.028224
   5.147     -0.027719
   5.153     -0.027218
   5.160     -0.026720
   5.166     -0.026227
   5.172     -0.025737
   5.179     -0.025251
   5.185     -0.024768
   5.191     -0.024289
   5.197     -0.023814
   5.204     -0.023342
   5.210     -0.022874
   5.216     -0.022410
   5.223     -0.021949
   5.229     -0.021492
   5.235     -0.021038
   5.242     -0.020588
   5.248     -0.020141
   5.254     -0.019697
   5.261     -0.019257
   5.267     -0.018821
   5.273     -0.018388
   5.279     -0.017958
   5.286     -0.017531
   5.292     -0.017108
   5.298     -0.016688
   5.305     -0.016272
   5.311     -0.015859
   5.317     -0.015448
   5.324     -0.015042
   5.330     -0.014638
   5.336     -0.014238
   5.342     -0.013840
   5.349     -0.013446
   5.355     -0.013055
   5.361     -0.012668
   5.368     -0.012283
   5.374     -0.011901
   5.380     -0.011522
   5.386     -0.011147
   5.393     -0.010774
   5.399     -0.010404
   5.405     -0.010038
   5.412     -0.009674
   5.418     -0.009313
   5.424     -0.008955
   5.431     -0.008600
   5.437     -0.008248
   5.443     -0.007899
   5.450     -0.007552
   5.456     -0.007208
   5.462     -0.006867
   5.468     -0.006529
   5.475     -0.006193
   5.481     -0.005860
   5.487     -0.005530
   5.494     -0.005203
   5.500     -0.004878
   5.506     -0.004555
   5.513     -0.004236
   5.519     -0.003918
   5.525     -0.003603
   5.531     -0.003291
   5.538     -0.002981
   5.544     -0.002673
   5.550     -0.002368
   5.557     -0.002065
   5.563     -0.001764
   5.569     -0.001466
   5.575     -0.001169
   5.582     -0.000874
   5.588     -0.000582
   5.594     -0.000290
   5.601      0.000000
