   0.000      1.355458
   0.007      1.355458
   0.013      1.355458
   0.020      1.355458
   0.027      1.355458
   0.033      1.355458
   0.040      1.355458
   0.047      1.355458
   0.053      1.355458
   0.060      1.355457
   0.066      1.355457
   0.073      1.355457
   0.080      1.355456
   0.086      1.355455
   0.093      1.355453
   0.100      1.355451
   0.106      1.355447
   0.113      1.355443
   0.120      1.355437
   0.126      1.355429
   0.133      1.355419
   0.140      1.355406
   0.146      1.355389
   0.153      1.355369
   0.160      1.355344
   0.166      1.355313
   0.173      1.355276
   0.179      1.355231
   0.186      1.355178
   0.193      1.355115
   0.199      1.355041
   0.206      1.354955
   0.213      1.354855
   0.219      1.354739
   0.226      1.354606
   0.233      1.354455
   0.239      1.354282
   0.246      1.354087
   0.253      1.353866
   0.259      1.353619
   0.266      1.353342
   0.273      1.353034
   0.279      1.352692
   0.286      1.352313
   0.293      1.351894
   0.299      1.351435
   0.306      1.350931
   0.312      1.350380
   0.319      1.349780
   0.326      1.349128
   0.332      1.348421
   0.339      1.347656
   0.346      1.346832
   0.352      1.345945
   0.359      1.344993
   0.366      1.343974
   0.372      1.342885
   0.379      1.341724
   0.386      1.340489
   0.392      1.339178
   0.399      1.337788
   0.406      1.336319
   0.412      1.334768
   0.419      1.333133
   0.425      1.331415
   0.432      1.329610
   0.439      1.327719
   0.445      1.325739
   0.452      1.323672
   0.459      1.321515
   0.465      1.319269
   0.472      1.316933
   0.479      1.314507
   0.485      1.311992
   0.492      1.309387
   0.499      1.306693
   0.505      1.303910
   0.512      1.301039
   0.519      1.298082
   0.525      1.295038
   0.532      1.291909
   0.538      1.288697
   0.545      1.285402
   0.552      1.282025
   0.558      1.278569
   0.565      1.275035
   0.572      1.271425
   0.578      1.267740
   0.585      1.263981
   0.592      1.260152
   0.598      1.256254
   0.605      1.252288
   0.612      1.248256
   0.618      1.244162
   0.625      1.240006
   0.632      1.235790
   0.638      1.231517
   0.645      1.227189
   0.651      1.222807
   0.658      1.218374
   0.665      1.213891
   0.671      1.209361
   0.678      1.204786
   0.685      1.200167
   0.691      1.195507
   0.698      1.190807
   0.705      1.186069
   0.711      1.181296
   0.718      1.176488
   0.725      1.171648
   0.731      1.166778
   0.738      1.161879
   0.745      1.156954
   0.751      1.152003
   0.758      1.147028
   0.765      1.142031
   0.771      1.137015
   0.778      1.131979
   0.784      1.126926
   0.791      1.121858
   0.798      1.116775
   0.804      1.111680
   0.811      1.106573
   0.818      1.101457
   0.824      1.096332
   0.831      1.091200
   0.838      1.086062
   0.844      1.080920
   0.851      1.075774
   0.858      1.070627
   0.864      1.065479
   0.871      1.060331
   0.878      1.055185
   0.884      1.050042
   0.891      1.044903
   0.897      1.039768
   0.904      1.034640
   0.911      1.029519
   0.917      1.024406
   0.924      1.019302
   0.931      1.014208
   0.937      1.009125
   0.944      1.004054
   0.951      0.998996
   0.957      0.993952
   0.964      0.988922
   0.971      0.983907
   0.977      0.978908
   0.984      0.973926
   0.991      0.968962
   0.997      0.964015
   1.004      0.959088
   1.010      0.954181
   1.017      0.949293
   1.024      0.944427
   1.030      0.939581
   1.037      0.934758
   1.044      0.929957
   1.050      0.925180
   1.057      0.920425
   1.064      0.915695
   1.070      0.910989
   1.077      0.906308
   1.084      0.901652
   1.090      0.897022
   1.097      0.892418
   1.104      0.887840
   1.110      0.883289
   1.117      0.878764
   1.124      0.874267
   1.130      0.869798
   1.137      0.865356
   1.143      0.860942
   1.150      0.856556
   1.157      0.852198
   1.163      0.847869
   1.170      0.843569
   1.177      0.839297
   1.183      0.835055
   1.190      0.830841
   1.197      0.826657
   1.203      0.822502
   1.210      0.818376
   1.217      0.814279
   1.223      0.810212
   1.230      0.806175
   1.237      0.802166
   1.243      0.798187
   1.250      0.794238
   1.256      0.790318
   1.263      0.786427
   1.270      0.782566
   1.276      0.778733
   1.283      0.774931
   1.290      0.771157
   1.296      0.767412
   1.303      0.763696
   1.310      0.760009
   1.316      0.756351
   1.323      0.752722
   1.330      0.749121
   1.336      0.745548
   1.343      0.742004
   1.350      0.738488
   1.356      0.735000
   1.363      0.731539
   1.369      0.728107
   1.376      0.724702
   1.383      0.721324
   1.389      0.717973
   1.396      0.714650
   1.403      0.711353
   1.409      0.708083
   1.416      0.704840
   1.423      0.701622
   1.429      0.698431
   1.436      0.695266
   1.443      0.692126
   1.449      0.689012
   1.456      0.685923
   1.463      0.682860
   1.469      0.679821
   1.476      0.676807
   1.482      0.673817
   1.489      0.670852
   1.496      0.667911
   1.502      0.664993
   1.509      0.662099
   1.516      0.659229
   1.522      0.656382
   1.529      0.653558
   1.536      0.650756
   1.542      0.647978
   1.549      0.645221
   1.556      0.642487
   1.562      0.639775
   1.569      0.637084
   1.576      0.634415
   1.582      0.631767
   1.589      0.629141
   1.596      0.626535
   1.602      0.623950
   1.609      0.621386
   1.615      0.618841
   1.622      0.616317
   1.629      0.613813
   1.635      0.611328
   1.642      0.608863
   1.649      0.606417
   1.655      0.603990
   1.662      0.601582
   1.669      0.599193
   1.675      0.596822
   1.682      0.594469
   1.689      0.592135
   1.695      0.589818
   1.702      0.587520
   1.709      0.585238
   1.715      0.582975
   1.722      0.580728
   1.728      0.578498
   1.735      0.576285
   1.742      0.574089
   1.748      0.571909
   1.755      0.569746
   1.762      0.567599
   1.768      0.565467
   1.775      0.563352
   1.782      0.561252
   1.788      0.559167
   1.795      0.557098
   1.802      0.555044
   1.808      0.553005
   1.815      0.550981
   1.822      0.548971
   1.828      0.546976
   1.835      0.544995
   1.841      0.543029
   1.848      0.541077
   1.855      0.539138
   1.861      0.537213
   1.868      0.535302
   1.875      0.533405
   1.881      0.531521
   1.888      0.529650
   1.895      0.527792
   1.901      0.525947
   1.908      0.524115
   1.915      0.522295
   1.921      0.520488
   1.928      0.518694
   1.935      0.516912
   1.941      0.515142
   1.948      0.513384
   1.954      0.511638
   1.961      0.509904
   1.968      0.508181
   1.974      0.506470
   1.981      0.504771
   1.988      0.503083
   1.994      0.501406
   2.001      0.499740
   2.008      0.498086
   2.014      0.496442
   2.021      0.494809
   2.028      0.493187
   2.034      0.491575
   2.041      0.489974
   2.048      0.488383
   2.054      0.486803
   2.061      0.485232
   2.068      0.483672
   2.074      0.482122
   2.081      0.480582
   2.087      0.479051
   2.094      0.477531
   2.101      0.476019
   2.107      0.474518
   2.114      0.473026
   2.121      0.471543
   2.127      0.470069
   2.134      0.468605
   2.141      0.467150
   2.147      0.465703
   2.154      0.464266
   2.161      0.462837
   2.167      0.461418
   2.174      0.460007
   2.181      0.458604
   2.187      0.457210
   2.194      0.455825
   2.200      0.454448
   2.207      0.453079
   2.214      0.451718
   2.220      0.450366
   2.227      0.449021
   2.234      0.447685
   2.240      0.446357
   2.247      0.445036
   2.254      0.443723
   2.260      0.442418
   2.267      0.441121
   2.274      0.439831
   2.280      0.438549
   2.287      0.437274
   2.294      0.436006
   2.300      0.434746
   2.307      0.433493
   2.313      0.432248
   2.320      0.431009
   2.327      0.429778
   2.333      0.428553
   2.340      0.427336
   2.347      0.426125
   2.353      0.424921
   2.360      0.423724
   2.367      0.422534
   2.373      0.421351
   2.380      0.420174
   2.387      0.419003
   2.393      0.417839
   2.400      0.416682
   2.407      0.415531
   2.413      0.414386
   2.420      0.413248
   2.427      0.412116
   2.433      0.410990
   2.440      0.409870
   2.446      0.408756
   2.453      0.407648
   2.460      0.406546
   2.466      0.405451
   2.473      0.404361
   2.480      0.403277
   2.486      0.402198
   2.493      0.401126
   2.500      0.400059
   2.506      0.398998
   2.513      0.397942
   2.520      0.396892
   2.526      0.395848
   2.533      0.394809
   2.540      0.393775
   2.546      0.392747
   2.553      0.391724
   2.559      0.390707
   2.566      0.389695
   2.573      0.388688
   2.579      0.387686
   2.586      0.386689
   2.593      0.385698
   2.599      0.384711
   2.606      0.383730
   2.613      0.382754
   2.619      0.381782
   2.626      0.380816
   2.633      0.379854
   2.639      0.378897
   2.646      0.377945
