   0.000      1.123720
   0.007      1.123720
   0.013      1.123720
   0.020      1.123720
   0.027      1.123720
   0.033      1.123720
   0.040      1.123719
   0.047      1.123718
   0.053      1.123716
   0.060      1.123714
   0.066      1.123710
   0.073      1.123705
   0.080      1.123699
   0.086      1.123691
   0.093      1.123681
   0.100      1.123668
   0.106      1.123653
   0.113      1.123634
   0.120      1.123612
   0.126      1.123586
   0.133      1.123555
   0.140      1.123519
   0.146      1.123478
   0.153      1.123431
   0.160      1.123377
   0.166      1.123316
   0.173      1.123247
   0.179      1.123169
   0.186      1.123083
   0.193      1.122986
   0.199      1.122880
   0.206      1.122761
   0.213      1.122631
   0.219      1.122488
   0.226      1.122332
   0.233      1.122161
   0.239      1.121974
   0.246      1.121772
   0.253      1.121553
   0.259      1.121315
   0.266      1.121059
   0.273      1.120783
   0.279      1.120487
   0.286      1.120169
   0.293      1.119828
   0.299      1.119464
   0.306      1.119075
   0.312      1.118661
   0.319      1.118221
   0.326      1.117753
   0.332      1.117257
   0.339      1.116731
   0.346      1.116175
   0.352      1.115588
   0.359      1.114969
   0.366      1.114317
   0.372      1.113630
   0.379      1.112909
   0.386      1.112152
   0.392      1.111358
   0.399      1.110527
   0.406      1.109657
   0.412      1.108749
   0.419      1.107800
   0.425      1.106811
   0.432      1.105781
   0.439      1.104709
   0.445      1.103594
   0.452      1.102437
   0.459      1.101236
   0.465      1.099991
   0.472      1.098701
   0.479      1.097366
   0.485      1.095987
   0.492      1.094561
   0.499      1.093090
   0.505      1.091573
   0.512      1.090010
   0.519      1.088400
   0.525      1.086745
   0.532      1.085042
   0.538      1.083294
   0.545      1.081499
   0.552      1.079658
   0.558      1.077771
   0.565      1.075838
   0.572      1.073860
   0.578      1.071836
   0.585      1.069768
   0.592      1.067655
   0.598      1.065497
   0.605      1.063297
   0.612      1.061053
   0.618      1.058766
   0.625      1.056437
   0.632      1.054067
   0.638      1.051656
   0.645      1.049205
   0.651      1.046714
   0.658      1.044185
   0.665      1.041617
   0.671      1.039012
   0.678      1.036371
   0.685      1.033694
   0.691      1.030982
   0.698      1.028236
   0.705      1.025456
   0.711      1.022645
   0.718      1.019801
   0.725      1.016928
   0.731      1.014024
   0.738      1.011092
   0.745      1.008132
   0.751      1.005145
   0.758      1.002132
   0.765      0.999093
   0.771      0.996031
   0.778      0.992945
   0.784      0.989836
   0.791      0.986706
   0.798      0.983556
   0.804      0.980385
   0.811      0.977196
   0.818      0.973989
   0.824      0.970765
   0.831      0.967524
   0.838      0.964268
   0.844      0.960998
   0.851      0.957713
   0.858      0.954416
   0.864      0.951107
   0.871      0.947787
   0.878      0.944456
   0.884      0.941115
   0.891      0.937765
   0.897      0.934408
   0.904      0.931042
   0.911      0.927670
   0.917      0.924292
   0.924      0.920909
   0.931      0.917520
   0.937      0.914128
   0.944      0.910733
   0.951      0.907334
   0.957      0.903934
   0.964      0.900532
   0.971      0.897129
   0.977      0.893726
   0.984      0.890323
   0.991      0.886921
   0.997      0.883521
   1.004      0.880122
   1.010      0.876725
   1.017      0.873332
   1.024      0.869941
   1.030      0.866555
   1.037      0.863172
   1.044      0.859795
   1.050      0.856422
   1.057      0.853055
   1.064      0.849694
   1.070      0.846340
   1.077      0.842992
   1.084      0.839651
   1.090      0.836317
   1.097      0.832992
   1.104      0.829674
   1.110      0.826365
   1.117      0.823065
   1.124      0.819773
   1.130      0.816491
   1.137      0.813219
   1.143      0.809956
   1.150      0.806704
   1.157      0.803462
   1.163      0.800230
   1.170      0.797009
   1.177      0.793800
   1.183      0.790601
   1.190      0.787415
   1.197      0.784239
   1.203      0.781076
   1.210      0.777925
   1.217      0.774785
   1.223      0.771659
   1.230      0.768544
   1.237      0.765443
   1.243      0.762354
   1.250      0.759278
   1.256      0.756215
   1.263      0.753165
   1.270      0.750128
   1.276      0.747105
   1.283      0.744096
   1.290      0.741100
   1.296      0.738117
   1.303      0.735149
   1.310      0.732194
   1.316      0.729253
   1.323      0.726326
   1.330      0.723413
   1.336      0.720514
   1.343      0.717629
   1.350      0.714759
   1.356      0.711902
   1.363      0.709060
   1.369      0.706233
   1.376      0.703419
   1.383      0.700620
   1.389      0.697835
   1.396      0.695065
   1.403      0.692309
   1.409      0.689567
   1.416      0.686840
   1.423      0.684127
   1.429      0.681429
   1.436      0.678745
   1.443      0.676075
   1.449      0.673420
   1.456      0.670779
   1.463      0.668153
   1.469      0.665541
   1.476      0.662943
   1.482      0.660360
   1.489      0.657791
   1.496      0.655236
   1.502      0.652696
   1.509      0.650170
   1.516      0.647658
   1.522      0.645160
   1.529      0.642676
   1.536      0.640206
   1.542      0.637751
   1.549      0.635309
   1.556      0.632882
   1.562      0.630468
   1.569      0.628068
   1.576      0.625682
   1.582      0.623310
   1.589      0.620951
   1.596      0.618606
   1.602      0.616275
   1.609      0.613958
   1.615      0.611653
   1.622      0.609363
   1.629      0.607086
   1.635      0.604822
   1.642      0.602571
   1.649      0.600334
   1.655      0.598110
   1.662      0.595899
   1.669      0.593701
   1.675      0.591516
   1.682      0.589344
   1.689      0.587185
   1.695      0.585038
   1.702      0.582905
   1.709      0.580784
   1.715      0.578676
   1.722      0.576580
   1.728      0.574497
   1.735      0.572426
   1.742      0.570367
   1.748      0.568321
   1.755      0.566287
   1.762      0.564265
   1.768      0.562256
   1.775      0.560258
   1.782      0.558272
   1.788      0.556298
   1.795      0.554336
   1.802      0.552386
   1.808      0.550447
   1.815      0.548520
   1.822      0.546605
   1.828      0.544701
   1.835      0.542808
   1.841      0.540927
   1.848      0.539057
   1.855      0.537198
   1.861      0.535351
   1.868      0.533514
   1.875      0.531688
   1.881      0.529874
   1.888      0.528070
   1.895      0.526277
   1.901      0.524494
   1.908      0.522723
   1.915      0.520962
   1.921      0.519211
   1.928      0.517471
   1.935      0.515741
   1.941      0.514022
   1.948      0.512312
   1.954      0.510613
   1.961      0.508924
   1.968      0.507245
   1.974      0.505576
   1.981      0.503917
   1.988      0.502268
   1.994      0.500629
   2.001      0.498999
   2.008      0.497379
   2.014      0.495768
   2.021      0.494167
   2.028      0.492576
   2.034      0.490994
   2.041      0.489421
   2.048      0.487857
   2.054      0.486303
   2.061      0.484757
   2.068      0.483221
   2.074      0.481694
   2.081      0.480176
   2.087      0.478666
   2.094      0.477166
   2.101      0.475674
   2.107      0.474191
   2.114      0.472716
   2.121      0.471250
   2.127      0.469793
   2.134      0.468344
   2.141      0.466903
   2.147      0.465471
   2.154      0.464047
   2.161      0.462632
   2.167      0.461224
   2.174      0.459824
   2.181      0.458433
   2.187      0.457050
   2.194      0.455674
   2.200      0.454306
   2.207      0.452947
   2.214      0.451595
   2.220      0.450250
   2.227      0.448913
   2.234      0.447584
   2.240      0.446263
   2.247      0.444949
   2.254      0.443642
   2.260      0.442343
   2.267      0.441051
   2.274      0.439766
   2.280      0.438489
   2.287      0.437218
   2.294      0.435955
   2.300      0.434699
   2.307      0.433450
   2.313      0.432208
   2.320      0.430972
   2.327      0.429744
   2.333      0.428523
   2.340      0.427308
   2.347      0.426100
   2.353      0.424898
   2.360      0.423703
   2.367      0.422515
   2.373      0.421333
   2.380      0.420158
   2.387      0.418989
   2.393      0.417827
   2.400      0.416671
   2.407      0.415521
   2.413      0.414377
   2.420      0.413240
   2.427      0.412109
   2.433      0.410983
   2.440      0.409864
   2.446      0.408751
   2.453      0.407644
   2.460      0.406543
   2.466      0.405448
   2.473      0.404358
   2.480      0.403274
   2.486      0.402196
   2.493      0.401124
   2.500      0.400058
   2.506      0.398997
   2.513      0.397941
   2.520      0.396892
   2.526      0.395847
   2.533      0.394808
   2.540      0.393775
   2.546      0.392747
   2.553      0.391724
   2.559      0.390707
   2.566      0.389695
   2.573      0.388688
   2.579      0.387686
   2.586      0.386689
   2.593      0.385698
   2.599      0.384711
   2.606      0.383730
   2.613      0.382754
   2.619      0.381782
   2.626      0.380816
   2.633      0.379854
   2.639      0.378897
   2.646      0.377945
