   0.000      1.457926
   0.007      1.457896
   0.013      1.457805
   0.020      1.457654
   0.027      1.457441
   0.033      1.457168
   0.040      1.456834
   0.047      1.456438
   0.053      1.455980
   0.060      1.455459
   0.066      1.454876
   0.073      1.454229
   0.080      1.453517
   0.086      1.452740
   0.093      1.451898
   0.100      1.450988
   0.106      1.450011
   0.113      1.448965
   0.120      1.447849
   0.126      1.446663
   0.133      1.445404
   0.140      1.444071
   0.146      1.442664
   0.153      1.441181
   0.160      1.439621
   0.166      1.437982
   0.173      1.436262
   0.179      1.434460
   0.186      1.432575
   0.193      1.430605
   0.199      1.428549
   0.206      1.426404
   0.213      1.424169
   0.219      1.421843
   0.226      1.419424
   0.233      1.416909
   0.239      1.414299
   0.246      1.411590
   0.253      1.408782
   0.259      1.405873
   0.266      1.402861
   0.273      1.399745
   0.279      1.396524
   0.286      1.393196
   0.293      1.389761
   0.299      1.386217
   0.306      1.382563
   0.312      1.378799
   0.319      1.374923
   0.326      1.370936
   0.332      1.366836
   0.339      1.362624
   0.346      1.358299
   0.352      1.353862
   0.359      1.349313
   0.366      1.344653
   0.372      1.339881
   0.379      1.335000
   0.386      1.330010
   0.392      1.324913
   0.399      1.319710
   0.406      1.314403
   0.412      1.308995
   0.419      1.303487
   0.425      1.297882
   0.432      1.292183
   0.439      1.286393
   0.445      1.280516
   0.452      1.274554
   0.459      1.268511
   0.465      1.262392
   0.472      1.256199
   0.479      1.249939
   0.485      1.243614
   0.492      1.237230
   0.499      1.230790
   0.505      1.224301
   0.512      1.217766
   0.519      1.211191
   0.525      1.204581
   0.532      1.197941
   0.538      1.191276
   0.545      1.184592
   0.552      1.177892
   0.558      1.171183
   0.565      1.164469
   0.572      1.157757
   0.578      1.151049
   0.585      1.144352
   0.592      1.137670
   0.598      1.131007
   0.605      1.124369
   0.612      1.117760
   0.618      1.111183
   0.625      1.104643
   0.632      1.098143
   0.638      1.091688
   0.645      1.085280
   0.651      1.078924
   0.658      1.072621
   0.665      1.066375
   0.671      1.060189
   0.678      1.054065
   0.685      1.048004
   0.691      1.042010
   0.698      1.036084
   0.705      1.030227
   0.711      1.024441
   0.718      1.018727
   0.725      1.013087
   0.731      1.007521
   0.738      1.002029
   0.745      0.996613
   0.751      0.991272
   0.758      0.986007
   0.765      0.980818
   0.771      0.975705
   0.778      0.970668
   0.784      0.965706
   0.791      0.960819
   0.798      0.956006
   0.804      0.951267
   0.811      0.946600
   0.818      0.942006
   0.824      0.937483
   0.831      0.933030
   0.838      0.928646
   0.844      0.924330
   0.851      0.920080
   0.858      0.915896
   0.864      0.911777
   0.871      0.907720
   0.878      0.903724
   0.884      0.899789
   0.891      0.895912
   0.897      0.892092
   0.904      0.888328
   0.911      0.884619
   0.917      0.880962
   0.924      0.877356
   0.931      0.873801
   0.937      0.870293
   0.944      0.866833
   0.951      0.863418
   0.957      0.860047
   0.964      0.856718
   0.971      0.853431
   0.977      0.850183
   0.984      0.846974
   0.991      0.843801
   0.997      0.840664
   1.004      0.837561
   1.010      0.834492
   1.017      0.831454
   1.024      0.828446
   1.030      0.825468
   1.037      0.822518
   1.044      0.819595
   1.050      0.816698
   1.057      0.813825
   1.064      0.810977
   1.070      0.808151
   1.077      0.805346
   1.084      0.802563
   1.090      0.799799
   1.097      0.797055
   1.104      0.794328
   1.110      0.791619
   1.117      0.788926
   1.124      0.786249
   1.130      0.783588
   1.137      0.780940
   1.143      0.778306
   1.150      0.775685
   1.157      0.773077
   1.163      0.770481
   1.170      0.767895
   1.177      0.765321
   1.183      0.762757
   1.190      0.760203
   1.197      0.757658
   1.203      0.755122
   1.210      0.752594
   1.217      0.750075
   1.223      0.747564
   1.230      0.745060
   1.237      0.742564
   1.243      0.740074
   1.250      0.737592
   1.256      0.735115
   1.263      0.732645
   1.270      0.730182
   1.276      0.727723
   1.283      0.725271
   1.290      0.722824
   1.296      0.720383
   1.303      0.717947
   1.310      0.715516
   1.316      0.713090
   1.323      0.710670
   1.330      0.708254
   1.336      0.705843
   1.343      0.703437
   1.350      0.701036
   1.356      0.698640
   1.363      0.696249
   1.369      0.693862
   1.376      0.691481
   1.383      0.689104
   1.389      0.686732
   1.396      0.684365
   1.403      0.682003
   1.409      0.679645
   1.416      0.677293
   1.423      0.674946
   1.429      0.672605
   1.436      0.670268
   1.443      0.667937
   1.449      0.665611
   1.456      0.663290
   1.463      0.660976
   1.469      0.658666
   1.476      0.656363
   1.482      0.654065
   1.489      0.651773
   1.496      0.649487
   1.502      0.647207
   1.509      0.644934
   1.516      0.642666
   1.522      0.640405
   1.529      0.638150
   1.536      0.635902
   1.542      0.633661
   1.549      0.631427
   1.556      0.629199
   1.562      0.626978
   1.569      0.624764
   1.576      0.622558
   1.582      0.620359
   1.589      0.618167
   1.596      0.615982
   1.602      0.613805
   1.609      0.611636
   1.615      0.609474
   1.622      0.607320
   1.629      0.605174
   1.635      0.603036
   1.642      0.600906
   1.649      0.598785
   1.655      0.596671
   1.662      0.594566
   1.669      0.592469
   1.675      0.590380
   1.682      0.588300
   1.689      0.586229
   1.695      0.584166
   1.702      0.582112
   1.709      0.580067
   1.715      0.578031
   1.722      0.576003
   1.728      0.573985
   1.735      0.571975
   1.742      0.569975
   1.748      0.567983
   1.755      0.566001
   1.762      0.564028
   1.768      0.562064
   1.775      0.560109
   1.782      0.558164
   1.788      0.556228
   1.795      0.554301
   1.802      0.552384
   1.808      0.550476
   1.815      0.548577
   1.822      0.546688
   1.828      0.544809
   1.835      0.542939
   1.841      0.541078
   1.848      0.539227
   1.855      0.537386
   1.861      0.535554
   1.868      0.533731
   1.875      0.531918
   1.881      0.530115
   1.888      0.528321
   1.895      0.526537
   1.901      0.524762
   1.908      0.522997
   1.915      0.521241
   1.921      0.519495
   1.928      0.517759
   1.935      0.516031
   1.941      0.514314
   1.948      0.512606
   1.954      0.510907
   1.961      0.509217
   1.968      0.507538
   1.974      0.505867
   1.981      0.504206
   1.988      0.502554
   1.994      0.500911
   2.001      0.499278
   2.008      0.497654
   2.014      0.496039
   2.021      0.494434
   2.028      0.492837
   2.034      0.491250
   2.041      0.489672
   2.048      0.488102
   2.054      0.486542
   2.061      0.484991
   2.068      0.483449
   2.074      0.481915
   2.081      0.480391
   2.087      0.478875
   2.094      0.477368
   2.101      0.475870
   2.107      0.474380
   2.114      0.472899
   2.121      0.471427
   2.127      0.469963
   2.134      0.468508
   2.141      0.467061
   2.147      0.465623
   2.154      0.464193
   2.161      0.462771
   2.167      0.461357
   2.174      0.459952
   2.181      0.458555
   2.187      0.457166
   2.194      0.455785
   2.200      0.454412
   2.207      0.453047
   2.214      0.451689
   2.220      0.450340
   2.227      0.448998
   2.234      0.447665
   2.240      0.446339
   2.247      0.445020
   2.254      0.443709
   2.260      0.442406
   2.267      0.441110
   2.274      0.439822
   2.280      0.438541
   2.287      0.437267
   2.294      0.436000
   2.300      0.434741
   2.307      0.433489
   2.313      0.432244
   2.320      0.431006
   2.327      0.429775
   2.333      0.428551
   2.340      0.427334
   2.347      0.426124
   2.353      0.424920
   2.360      0.423724
   2.367      0.422533
   2.373      0.421350
   2.380      0.420173
   2.387      0.419003
   2.393      0.417839
   2.400      0.416682
   2.407      0.415531
   2.413      0.414386
   2.420      0.413248
   2.427      0.412116
   2.433      0.410990
   2.440      0.409870
   2.446      0.408756
   2.453      0.407648
   2.460      0.406546
   2.466      0.405451
   2.473      0.404361
   2.480      0.403277
   2.486      0.402198
   2.493      0.401126
   2.500      0.400059
   2.506      0.398998
   2.513      0.397942
   2.520      0.396892
   2.526      0.395848
   2.533      0.394809
   2.540      0.393775
   2.546      0.392747
   2.553      0.391724
   2.559      0.390707
   2.566      0.389695
   2.573      0.388688
   2.579      0.387686
   2.586      0.386689
   2.593      0.385698
   2.599      0.384711
   2.606      0.383730
   2.613      0.382754
   2.619      0.381782
   2.626      0.380816
   2.633      0.379854
   2.639      0.378897
   2.646      0.377945
