   0.005      0.000785
   0.010      0.009029
   0.015      0.017273
   0.020      0.025799
   0.025      0.034363
   0.030      0.042939
   0.035      0.051520
   0.040      0.060103
   0.045      0.068689
   0.050      0.077277
   0.055      0.085866
   0.060      0.094456
   0.065      0.103049
   0.070      0.111643
   0.075      0.120238
   0.080      0.128836
   0.085      0.137435
   0.090      0.146037
   0.095      0.154641
   0.100      0.163247
   0.105      0.171855
   0.110      0.180465
   0.115      0.189079
   0.120      0.197694
   0.125      0.206312
   0.130      0.214933
   0.135      0.223557
   0.140      0.232184
   0.145      0.240813
   0.150      0.249445
   0.155      0.258081
   0.160      0.266719
   0.165      0.275360
   0.170      0.284004
   0.175      0.292651
   0.180      0.301300
   0.185      0.309953
   0.190      0.318609
   0.195      0.327267
   0.200      0.335929
   0.205      0.344593
   0.210      0.353259
   0.215      0.361929
   0.220      0.370601
   0.225      0.379275
   0.230      0.387951
   0.235      0.396630
   0.240      0.405310
   0.245      0.413993
   0.250      0.422677
   0.255      0.431363
   0.260      0.440050
   0.265      0.448738
   0.270      0.457427
   0.275      0.466117
   0.280      0.474807
   0.285      0.483498
   0.290      0.492188
   0.295      0.500878
   0.300      0.509568
   0.305      0.518257
   0.310      0.526944
   0.315      0.535631
   0.320      0.544315
   0.325      0.552997
   0.330      0.561677
   0.335      0.570353
   0.340      0.579027
   0.345      0.587697
   0.350      0.596362
   0.355      0.605023
   0.360      0.613679
   0.365      0.622330
   0.370      0.630975
   0.375      0.639613
   0.380      0.648245
   0.385      0.656869
   0.390      0.665485
   0.395      0.674093
   0.400      0.682692
   0.405      0.691281
   0.410      0.699861
   0.415      0.708429
   0.420      0.716986
   0.425      0.725532
   0.430      0.734064
   0.435      0.742584
   0.440      0.751090
   0.445      0.759581
   0.450      0.768057
   0.455      0.776517
   0.460      0.784961
   0.465      0.793387
   0.470      0.801795
   0.475      0.810185
   0.480      0.818555
   0.485      0.826905
   0.490      0.835233
   0.495      0.843540
   0.500      0.851824
   0.505      0.860085
   0.510      0.868322
   0.515      0.876533
   0.520      0.884719
   0.525      0.892877
   0.530      0.901009
   0.535      0.909111
   0.540      0.917185
   0.545      0.925228
   0.550      0.933240
   0.555      0.941220
   0.560      0.949167
   0.565      0.957081
   0.570      0.964959
   0.575      0.972802
   0.580      0.980609
   0.585      0.988378
   0.590      0.996108
   0.595      1.003799
   0.600      1.011450
   0.605      1.019060
   0.610      1.026627
   0.615      1.034151
   0.620      1.041632
   0.625      1.049067
   0.630      1.056456
   0.635      1.063798
   0.640      1.071092
   0.645      1.078338
   0.650      1.085534
   0.655      1.092679
   0.660      1.099772
   0.665      1.106813
   0.670      1.113800
   0.675      1.120733
   0.680      1.127610
   0.685      1.134431
   0.690      1.141195
   0.695      1.147900
   0.700      1.154547
   0.705      1.161133
   0.710      1.167659
   0.715      1.174123
   0.720      1.180524
   0.725      1.186862
   0.730      1.193136
   0.735      1.199345
   0.740      1.205487
   0.745      1.211563
   0.750      1.217571
   0.755      1.223511
   0.760      1.229381
   0.765      1.235182
   0.770      1.240912
   0.775      1.246570
   0.780      1.252156
   0.785      1.257670
   0.790      1.263110
   0.795      1.268475
   0.800      1.273766
   0.805      1.278982
   0.810      1.284121
   0.815      1.289183
   0.820      1.294168
   0.825      1.299075
   0.830      1.303904
   0.835      1.308654
   0.840      1.313325
   0.845      1.317915
   0.850      1.322426
   0.855      1.326855
   0.860      1.331204
   0.865      1.335470
   0.870      1.339655
   0.875      1.343758
   0.880      1.347778
   0.885      1.351716
   0.890      1.355570
   0.895      1.359342
   0.900      1.363029
   0.905      1.366634
   0.910      1.370154
   0.915      1.373590
   0.920      1.376943
   0.925      1.380211
   0.930      1.383396
   0.935      1.386496
   0.940      1.389512
   0.945      1.392444
   0.950      1.395292
   0.955      1.398055
   0.960      1.400735
   0.965      1.403331
   0.970      1.405844
   0.975      1.408273
   0.980      1.410618
   0.985      1.412880
   0.990      1.415059
   0.995      1.417156
   1.000      1.419170
   1.005      1.421101
   1.010      1.422951
   1.015      1.424718
   1.020      1.426404
   1.025      1.428009
   1.030      1.429533
   1.035      1.430976
   1.040      1.432339
   1.045      1.433622
   1.050      1.434826
   1.055      1.435950
   1.060      1.436995
   1.065      1.437962
   1.070      1.438851
   1.075      1.439662
   1.080      1.440396
   1.085      1.441053
   1.090      1.441633
   1.095      1.442138
   1.100      1.442567
   1.105      1.442921
   1.110      1.443200
   1.115      1.443406
   1.120      1.443538
   1.125      1.443596
   1.130      1.443583
   1.135      1.443497
   1.140      1.443340
   1.145      1.443112
   1.150      1.442813
   1.155      1.442445
   1.160      1.442008
   1.165      1.441502
   1.170      1.440928
   1.175      1.440287
   1.180      1.439580
   1.185      1.438806
   1.190      1.437967
   1.195      1.437064
   1.200      1.436096
   1.205      1.435065
   1.210      1.433972
   1.215      1.432816
   1.220      1.431600
   1.225      1.430323
   1.230      1.428986
   1.235      1.427590
   1.240      1.426136
   1.245      1.424624
   1.250      1.423055
   1.255      1.421431
   1.260      1.419751
   1.265      1.418017
   1.270      1.416229
   1.275      1.414387
   1.280      1.412494
   1.285      1.410549
   1.290      1.408553
   1.295      1.406508
   1.300      1.404413
   1.305      1.402270
   1.310      1.400079
   1.315      1.397842
   1.320      1.395558
   1.325      1.393229
   1.330      1.390856
   1.335      1.388439
   1.340      1.385978
   1.345      1.383476
   1.350      1.380932
   1.355      1.378347
   1.360      1.375722
   1.365      1.373058
   1.370      1.370356
   1.375      1.367616
   1.380      1.364839
   1.385      1.362025
   1.390      1.359176
   1.395      1.356292
   1.400      1.353375
   1.405      1.350423
   1.410      1.347439
   1.415      1.344423
   1.420      1.341376
   1.425      1.338298
   1.430      1.335190
   1.435      1.332053
   1.440      1.328887
   1.445      1.325694
   1.450      1.322473
   1.455      1.319226
   1.460      1.315952
   1.465      1.312654
   1.470      1.309330
   1.475      1.305983
   1.480      1.302612
   1.485      1.299218
   1.490      1.295802
   1.495      1.292364
   1.500      1.288906
   1.505      1.285427
   1.510      1.281927
   1.515      1.278409
   1.520      1.274872
   1.525      1.271317
   1.530      1.267744
   1.535      1.264153
   1.540      1.260547
   1.545      1.256924
   1.550      1.253285
   1.555      1.249632
   1.560      1.245964
   1.565      1.242282
   1.570      1.238586
   1.575      1.234878
   1.580      1.231157
   1.585      1.227423
   1.590      1.223678
   1.595      1.219922
   1.600      1.216155
   1.605      1.212378
   1.610      1.208591
   1.615      1.204794
   1.620      1.200988
   1.625      1.197174
   1.630      1.193352
   1.635      1.189522
   1.640      1.185684
   1.645      1.181839
   1.650      1.177988
   1.655      1.174131
   1.660      1.170267
   1.665      1.166398
   1.670      1.162524
   1.675      1.158646
   1.680      1.154762
   1.685      1.150875
   1.690      1.146984
   1.695      1.143089
   1.700      1.139192
   1.705      1.135291
   1.710      1.131388
   1.715      1.127483
   1.720      1.123576
   1.725      1.119668
   1.730      1.115758
   1.735      1.111847
   1.740      1.107936
   1.745      1.104024
   1.750      1.100112
   1.755      1.096200
   1.760      1.092288
   1.765      1.088377
   1.770      1.084467
   1.775      1.080558
   1.780      1.076651
   1.785      1.072745
   1.790      1.068840
   1.795      1.064938
   1.800      1.061039
   1.805      1.057141
   1.810      1.053247
   1.815      1.049355
   1.820      1.045467
   1.825      1.041582
   1.830      1.037700
   1.835      1.033822
   1.840      1.029948
   1.845      1.026079
   1.850      1.022213
   1.855      1.018352
   1.860      1.014496
   1.865      1.010644
   1.870      1.006798
   1.875      1.002957
   1.880      0.999121
   1.885      0.995290
   1.890      0.991465
   1.895      0.987646
   1.900      0.983833
   1.905      0.980026
   1.910      0.976225
   1.915      0.972430
   1.920      0.968642
   1.925      0.964861
   1.930      0.961086
   1.935      0.957318
   1.940      0.953558
   1.945      0.949804
   1.950      0.946057
   1.955      0.942318
   1.960      0.938587
   1.965      0.934862
   1.970      0.931146
   1.975      0.927437
   1.980      0.923736
   1.985      0.920044
   1.990      0.916359
   1.995      0.912682
   2.000      0.909014
   2.005      0.905354
   2.010      0.901702
   2.015      0.898059
   2.020      0.894424
   2.025      0.890799
   2.030      0.887181
   2.035      0.883573
   2.040      0.879974
   2.045      0.876383
   2.050      0.872802
   2.055      0.869229
   2.060      0.865666
   2.065      0.862112
   2.070      0.858567
   2.075      0.855032
   2.080      0.851506
   2.085      0.847989
   2.090      0.844482
   2.095      0.840985
   2.100      0.837497
   2.105      0.834018
   2.110      0.830550
   2.115      0.827091
   2.120      0.823642
   2.125      0.820202
   2.130      0.816773
   2.135      0.813354
   2.140      0.809944
   2.145      0.806544
   2.150      0.803155
   2.155      0.799775
   2.160      0.796406
   2.165      0.793046
   2.170      0.789697
   2.175      0.786358
   2.180      0.783029
   2.185      0.779710
   2.190      0.776402
   2.195      0.773103
   2.200      0.769815
   2.205      0.766538
   2.210      0.763270
   2.215      0.760013
   2.220      0.756766
   2.225      0.753530
   2.230      0.750304
   2.235      0.747088
   2.240      0.743883
   2.245      0.740688
   2.250      0.737504
   2.255      0.734330
   2.260      0.731166
   2.265      0.728013
   2.270      0.724870
   2.275      0.721738
   2.280      0.718616
   2.285      0.715505
   2.290      0.712404
   2.295      0.709314
   2.300      0.706234
   2.305      0.703165
   2.310      0.700106
   2.315      0.697057
   2.320      0.694019
   2.325      0.690992
   2.330      0.687975
   2.335      0.684968
   2.340      0.681972
   2.345      0.678986
   2.350      0.676011
   2.355      0.673046
   2.360      0.670092
   2.365      0.667148
   2.370      0.664214
   2.375      0.661291
   2.380      0.658378
   2.385      0.655476
   2.390      0.652584
   2.395      0.649702
   2.400      0.646831
   2.405      0.643970
   2.410      0.641119
   2.415      0.638279
   2.420      0.635449
   2.425      0.632629
   2.430      0.629819
   2.435      0.627020
   2.440      0.624231
   2.445      0.621452
   2.450      0.618684
   2.455      0.615925
   2.460      0.613177
   2.465      0.610439
   2.470      0.607711
   2.475      0.604993
   2.480      0.602286
   2.485      0.599588
   2.490      0.596901
   2.495      0.594223
   2.500      0.591556
   2.505      0.588898
   2.510      0.586250
   2.515      0.583613
   2.520      0.580985
   2.525      0.578367
   2.530      0.575759
   2.535      0.573161
   2.540      0.570573
   2.545      0.567995
   2.550      0.565426
   2.555      0.562868
   2.560      0.560319
   2.565      0.557779
   2.570      0.555250
   2.575      0.552730
   2.580      0.550220
   2.585      0.547719
   2.590      0.545228
   2.595      0.542747
   2.600      0.540275
   2.605      0.537813
   2.610      0.535360
   2.615      0.532917
   2.620      0.530483
   2.625      0.528058
   2.630      0.525644
   2.635      0.523238
   2.640      0.520842
   2.645      0.518455
   2.650      0.516077
   2.655      0.513709
   2.660      0.511350
   2.665      0.509000
   2.670      0.506659
   2.675      0.504327
   2.680      0.502005
   2.685      0.499692
   2.690      0.497387
   2.695      0.495092
   2.700      0.492806
   2.705      0.490529
   2.710      0.488261
   2.715      0.486001
   2.720      0.483751
   2.725      0.481510
   2.730      0.479277
   2.735      0.477053
   2.740      0.474838
   2.745      0.472632
   2.750      0.470434
   2.755      0.468246
   2.760      0.466066
   2.765      0.463894
   2.770      0.461731
   2.775      0.459577
   2.780      0.457431
   2.785      0.455294
   2.790      0.453166
   2.795      0.451045
   2.800      0.448934
   2.805      0.446830
   2.810      0.444736
   2.815      0.442649
   2.820      0.440571
   2.825      0.438501
   2.830      0.436439
   2.835      0.434386
   2.840      0.432341
   2.845      0.430304
   2.850      0.428275
   2.855      0.426254
   2.860      0.424241
   2.865      0.422237
   2.870      0.420240
   2.875      0.418252
   2.880      0.416271
   2.885      0.414299
   2.890      0.412334
   2.895      0.410377
   2.900      0.408428
   2.905      0.406487
   2.910      0.404554
   2.915      0.402628
   2.920      0.400711
   2.925      0.398800
   2.930      0.396898
   2.935      0.395003
   2.940      0.393116
   2.945      0.391237
   2.950      0.389365
   2.955      0.387500
   2.960      0.385643
   2.965      0.383794
   2.970      0.381952
   2.975      0.380117
   2.980      0.378290
   2.985      0.376471
   2.990      0.374658
   2.995      0.372853
   3.000      0.371055
   3.005      0.369264
   3.010      0.367481
   3.015      0.365705
   3.020      0.363936
   3.025      0.362174
   3.030      0.360419
   3.035      0.358671
   3.040      0.356931
   3.045      0.355197
   3.050      0.353470
   3.055      0.351751
   3.060      0.350038
   3.065      0.348332
   3.070      0.346633
   3.075      0.344941
   3.080      0.343256
   3.085      0.341577
   3.090      0.339906
   3.095      0.338241
   3.100      0.336582
   3.105      0.334931
   3.110      0.333286
   3.115      0.331648
   3.120      0.330016
   3.125      0.328391
   3.130      0.326772
   3.135      0.325160
   3.140      0.323555
   3.145      0.321956
   3.150      0.320363
   3.155      0.318777
   3.160      0.317197
   3.165      0.315624
   3.170      0.314057
   3.175      0.312496
   3.180      0.310941
   3.185      0.309393
   3.190      0.307851
   3.195      0.306315
   3.200      0.304786
   3.205      0.303262
   3.210      0.301745
   3.215      0.300233
   3.220      0.298728
   3.225      0.297229
   3.230      0.295736
   3.235      0.294249
   3.240      0.292767
   3.245      0.291292
   3.250      0.289823
   3.255      0.288359
   3.260      0.286902
   3.265      0.285450
   3.270      0.284004
   3.275      0.282564
   3.280      0.281130
   3.285      0.279701
   3.290      0.278278
   3.295      0.276861
   3.300      0.275449
   3.305      0.274044
   3.310      0.272643
   3.315      0.271249
   3.320      0.269859
   3.325      0.268476
   3.330      0.267098
   3.335      0.265725
   3.340      0.264358
   3.345      0.262997
   3.350      0.261640
   3.355      0.260289
   3.360      0.258944
   3.365      0.257604
   3.370      0.256269
   3.375      0.254940
   3.380      0.253615
   3.385      0.252296
   3.390      0.250983
   3.395      0.249674
   3.400      0.248371
   3.405      0.247073
   3.410      0.245780
   3.415      0.244492
   3.420      0.243209
   3.425      0.241931
   3.430      0.240659
   3.435      0.239391
   3.440      0.238128
   3.445      0.236871
   3.450      0.235618
   3.455      0.234370
   3.460      0.233127
   3.465      0.231890
   3.470      0.230656
   3.475      0.229428
   3.480      0.228205
   3.485      0.226986
   3.490      0.225772
   3.495      0.224563
   3.500      0.223359
   3.505      0.222159
   3.510      0.220964
   3.515      0.219774
   3.520      0.218589
   3.525      0.217408
   3.530      0.216231
   3.535      0.215060
   3.540      0.213892
   3.545      0.212730
   3.550      0.211572
   3.555      0.210418
   3.560      0.209269
   3.565      0.208124
   3.570      0.206984
   3.575      0.205848
   3.580      0.204717
   3.585      0.203590
   3.590      0.202467
   3.595      0.201349
   3.600      0.200235
   3.605      0.199125
   3.610      0.198020
   3.615      0.196919
   3.620      0.195822
   3.625      0.194729
   3.630      0.193641
   3.635      0.192556
   3.640      0.191476
   3.645      0.190400
   3.650      0.189328
   3.655      0.188261
   3.660      0.187197
   3.665      0.186137
   3.670      0.185082
   3.675      0.184030
   3.680      0.182983
   3.685      0.181939
   3.690      0.180900
   3.695      0.179864
   3.700      0.178833
   3.705      0.177805
   3.710      0.176781
   3.715      0.175761
   3.720      0.174745
   3.725      0.173733
   3.730      0.172724
   3.735      0.171720
   3.740      0.170719
   3.745      0.169722
   3.750      0.168728
   3.755      0.167739
   3.760      0.166753
   3.765      0.165771
   3.770      0.164792
   3.775      0.163817
   3.780      0.162846
   3.785      0.161878
   3.790      0.160915
   3.795      0.159954
   3.800      0.158997
   3.805      0.158044
   3.810      0.157094
   3.815      0.156148
   3.820      0.155206
   3.825      0.154266
   3.830      0.153331
   3.835      0.152398
   3.840      0.151470
   3.845      0.150544
   3.850      0.149622
   3.855      0.148704
   3.860      0.147788
   3.865      0.146876
   3.870      0.145968
   3.875      0.145063
   3.880      0.144161
   3.885      0.143262
   3.890      0.142367
   3.895      0.141475
   3.900      0.140586
   3.905      0.139700
   3.910      0.138818
   3.915      0.137939
   3.920      0.137063
   3.925      0.136190
   3.930      0.135320
   3.935      0.134453
   3.940      0.133590
   3.945      0.132729
   3.950      0.131872
   3.955      0.131018
   3.960      0.130167
   3.965      0.129319
   3.970      0.128473
   3.975      0.127631
   3.980      0.126792
   3.985      0.125956
   3.990      0.125123
   3.995      0.124293
   4.000      0.123465
   4.005      0.122641
   4.010      0.121819
   4.015      0.121001
   4.020      0.120185
   4.025      0.119372
   4.030      0.118562
   4.035      0.117755
   4.040      0.116951
   4.045      0.116149
   4.050      0.115350
   4.055      0.114554
   4.060      0.113761
   4.065      0.112970
   4.070      0.112183
   4.075      0.111398
   4.080      0.110615
   4.085      0.109835
   4.090      0.109058
   4.095      0.108284
   4.100      0.107512
   4.105      0.106743
   4.110      0.105977
   4.115      0.105213
   4.120      0.104452
   4.125      0.103693
   4.130      0.102937
   4.135      0.102183
   4.140      0.101432
   4.145      0.100684
   4.150      0.099938
   4.155      0.099194
   4.160      0.098453
   4.165      0.097715
   4.170      0.096979
   4.175      0.096245
   4.180      0.095514
   4.185      0.094785
   4.190      0.094059
   4.195      0.093335
   4.200      0.092613
   4.205      0.091894
   4.210      0.091177
   4.215      0.090462
   4.220      0.089750
   4.225      0.089040
   4.230      0.088333
   4.235      0.087628
   4.240      0.086925
   4.245      0.086224
   4.250      0.085525
   4.255      0.084829
   4.260      0.084135
   4.265      0.083443
   4.270      0.082754
   4.275      0.082066
   4.280      0.081381
   4.285      0.080698
   4.290      0.080017
   4.295      0.079339
   4.300      0.078662
   4.305      0.077988
   4.310      0.077315
   4.315      0.076645
   4.320      0.075977
   4.325      0.075311
   4.330      0.074647
   4.335      0.073985
   4.340      0.073325
   4.345      0.072667
   4.350      0.072011
   4.355      0.071358
   4.360      0.070706
   4.365      0.070056
   4.370      0.069408
   4.375      0.068762
   4.380      0.068118
   4.385      0.067476
   4.390      0.066836
   4.395      0.066198
   4.400      0.065562
   4.405      0.064928
   4.410      0.064295
   4.415      0.063665
   4.420      0.063036
   4.425      0.062409
   4.430      0.061784
   4.435      0.061161
   4.440      0.060540
   4.445      0.059921
   4.450      0.059303
   4.455      0.058687
   4.460      0.058073
   4.465      0.057461
   4.470      0.056850
   4.475      0.056242
   4.480      0.055635
   4.485      0.055029
   4.490      0.054426
   4.495      0.053824
   4.500      0.053224
   4.505      0.052626
   4.510      0.052029
   4.515      0.051434
   4.520      0.050841
   4.525      0.050249
   4.530      0.049659
   4.535      0.049071
   4.540      0.048484
   4.545      0.047899
   4.550      0.047315
   4.555      0.046733
   4.560      0.046153
   4.565      0.045575
   4.570      0.044997
   4.575      0.044422
   4.580      0.043848
   4.585      0.043276
   4.590      0.042705
   4.595      0.042136
   4.600      0.041568
   4.605      0.041002
   4.610      0.040437
   4.615      0.039874
   4.620      0.039312
   4.625      0.038752
   4.630      0.038193
   4.635      0.037636
   4.640      0.037080
   4.645      0.036526
   4.650      0.035973
   4.655      0.035421
   4.660      0.034871
   4.665      0.034323
   4.670      0.033776
   4.675      0.033230
   4.680      0.032686
   4.685      0.032143
   4.690      0.031601
   4.695      0.031061
   4.700      0.030523
   4.705      0.029987
   4.710      0.029452
   4.715      0.028917
   4.720      0.028384
   4.725      0.027852
   4.730      0.027322
   4.735      0.026792
   4.740      0.026265
   4.745      0.025738
   4.750      0.025213
   4.755      0.024689
   4.760      0.024166
   4.765      0.023645
   4.770      0.023125
   4.775      0.022606
   4.780      0.022089
   4.785      0.021573
   4.790      0.021058
   4.795      0.020544
   4.800      0.020031
   4.805      0.019520
   4.810      0.019010
   4.815      0.018502
   4.820      0.017994
   4.825      0.017488
   4.830      0.016982
   4.835      0.016478
   4.840      0.015976
   4.845      0.015474
   4.850      0.014974
   4.855      0.014474
   4.860      0.013976
   4.865      0.013479
   4.870      0.012984
   4.875      0.012489
   4.880      0.011995
   4.885      0.011503
   4.890      0.011012
   4.895      0.010521
   4.900      0.010032
   4.905      0.009544
   4.910      0.009057
   4.915      0.008571
   4.920      0.008087
   4.925      0.007603
   4.930      0.007120
   4.935      0.006638
   4.940      0.006158
   4.945      0.005678
   4.950      0.005199
   4.955      0.004722
   4.960      0.004245
   4.965      0.003770
   4.970      0.003295
   4.975      0.002822
   4.980      0.002349
   4.985      0.001877
   4.990      0.001406
   4.995      0.000937
   5.000      0.000468
   5.005      0.000000
