   0.005     -2.026948
   0.010     -2.027023
   0.015     -2.027098
   0.020     -2.027218
   0.025     -2.027413
   0.030     -2.027702
   0.035     -2.028094
   0.040     -2.028595
   0.045     -2.029204
   0.050     -2.029921
   0.055     -2.030744
   0.060     -2.031674
   0.065     -2.032707
   0.070     -2.033843
   0.075     -2.035081
   0.080     -2.036419
   0.085     -2.037858
   0.090     -2.039395
   0.095     -2.041031
   0.100     -2.042764
   0.105     -2.044595
   0.110     -2.046522
   0.115     -2.048545
   0.120     -2.050663
   0.125     -2.052877
   0.130     -2.055186
   0.135     -2.057588
   0.140     -2.060084
   0.145     -2.062673
   0.150     -2.065355
   0.155     -2.068129
   0.160     -2.070994
   0.165     -2.073949
   0.170     -2.076995
   0.175     -2.080130
   0.180     -2.083353
   0.185     -2.086664
   0.190     -2.090062
   0.195     -2.093545
   0.200     -2.097114
   0.205     -2.100767
   0.210     -2.104503
   0.215     -2.108320
   0.220     -2.112219
   0.225     -2.116197
   0.230     -2.120254
   0.235     -2.124388
   0.240     -2.128597
   0.245     -2.132882
   0.250     -2.137239
   0.255     -2.141668
   0.260     -2.146167
   0.265     -2.150735
   0.270     -2.155370
   0.275     -2.160070
   0.280     -2.164835
   0.285     -2.169661
   0.290     -2.174548
   0.295     -2.179493
   0.300     -2.184495
   0.305     -2.189552
   0.310     -2.194662
   0.315     -2.199823
   0.320     -2.205032
   0.325     -2.210289
   0.330     -2.215590
   0.335     -2.220934
   0.340     -2.226318
   0.345     -2.231740
   0.350     -2.237198
   0.355     -2.242689
   0.360     -2.248212
   0.365     -2.253763
   0.370     -2.259340
   0.375     -2.264941
   0.380     -2.270563
   0.385     -2.276204
   0.390     -2.281860
   0.395     -2.287529
   0.400     -2.293208
   0.405     -2.298895
   0.410     -2.304587
   0.415     -2.310280
   0.420     -2.315972
   0.425     -2.321660
   0.430     -2.327341
   0.435     -2.333012
   0.440     -2.338669
   0.445     -2.344309
   0.450     -2.349930
   0.455     -2.355528
   0.460     -2.361100
   0.465     -2.366642
   0.470     -2.372151
   0.475     -2.377624
   0.480     -2.383057
   0.485     -2.388448
   0.490     -2.393791
   0.495     -2.399085
   0.500     -2.404324
   0.505     -2.409507
   0.510     -2.414629
   0.515     -2.419686
   0.520     -2.424675
   0.525     -2.429592
   0.530     -2.434434
   0.535     -2.439197
   0.540     -2.443877
   0.545     -2.448470
   0.550     -2.452973
   0.555     -2.457381
   0.560     -2.461692
   0.565     -2.465901
   0.570     -2.470004
   0.575     -2.473999
   0.580     -2.477880
   0.585     -2.481644
   0.590     -2.485288
   0.595     -2.488807
   0.600     -2.492198
   0.605     -2.495458
   0.610     -2.498581
   0.615     -2.501566
   0.620     -2.504407
   0.625     -2.507101
   0.630     -2.509645
   0.635     -2.512036
   0.640     -2.514268
   0.645     -2.516339
   0.650     -2.518246
   0.655     -2.519985
   0.660     -2.521551
   0.665     -2.522943
   0.670     -2.524156
   0.675     -2.525188
   0.680     -2.526035
   0.685     -2.526693
   0.690     -2.527160
   0.695     -2.527433
   0.700     -2.527508
   0.705     -2.527382
   0.710     -2.527053
   0.715     -2.526518
   0.720     -2.525774
   0.725     -2.524818
   0.730     -2.523647
   0.735     -2.522260
   0.740     -2.520653
   0.745     -2.518825
   0.750     -2.516772
   0.755     -2.514493
   0.760     -2.511986
   0.765     -2.509248
   0.770     -2.506278
   0.775     -2.503073
   0.780     -2.499633
   0.785     -2.495954
   0.790     -2.492037
   0.795     -2.487879
   0.800     -2.483479
   0.805     -2.478836
   0.810     -2.473949
   0.815     -2.468816
   0.820     -2.463438
   0.825     -2.457812
   0.830     -2.451939
   0.835     -2.445818
   0.840     -2.439448
   0.845     -2.432830
   0.850     -2.425963
   0.855     -2.418848
   0.860     -2.411483
   0.865     -2.403871
   0.870     -2.396010
   0.875     -2.387901
   0.880     -2.379546
   0.885     -2.370944
   0.890     -2.362097
   0.895     -2.353006
   0.900     -2.343671
   0.905     -2.334095
   0.910     -2.324278
   0.915     -2.314222
   0.920     -2.303929
   0.925     -2.293400
   0.930     -2.282637
   0.935     -2.271642
   0.940     -2.260417
   0.945     -2.248965
   0.950     -2.237287
   0.955     -2.225386
   0.960     -2.213264
   0.965     -2.200924
   0.970     -2.188369
   0.975     -2.175600
   0.980     -2.162622
   0.985     -2.149436
   0.990     -2.136045
   0.995     -2.122454
   1.000     -2.108664
   1.005     -2.094679
   1.010     -2.080501
   1.015     -2.066135
   1.020     -2.051584
   1.025     -2.036850
   1.030     -2.021938
   1.035     -2.006851
   1.040     -1.991592
   1.045     -1.976165
   1.050     -1.960574
   1.055     -1.944824
   1.060     -1.928916
   1.065     -1.912857
   1.070     -1.896650
   1.075     -1.880298
   1.080     -1.863807
   1.085     -1.847181
   1.090     -1.830424
   1.095     -1.813540
   1.100     -1.796535
   1.105     -1.779412
   1.110     -1.762177
   1.115     -1.744834
   1.120     -1.727387
   1.125     -1.709843
   1.130     -1.692204
   1.135     -1.674477
   1.140     -1.656666
   1.145     -1.638776
   1.150     -1.620811
   1.155     -1.602777
   1.160     -1.584677
   1.165     -1.566518
   1.170     -1.548303
   1.175     -1.530037
   1.180     -1.511725
   1.185     -1.493372
   1.190     -1.474982
   1.195     -1.456560
   1.200     -1.438110
   1.205     -1.419636
   1.210     -1.401144
   1.215     -1.382637
   1.220     -1.364119
   1.225     -1.345596
   1.230     -1.327070
   1.235     -1.308546
   1.240     -1.290028
   1.245     -1.271519
   1.250     -1.253024
   1.255     -1.234546
   1.260     -1.216089
   1.265     -1.197655
   1.270     -1.179249
   1.275     -1.160873
   1.280     -1.142531
   1.285     -1.124226
   1.290     -1.105960
   1.295     -1.087737
   1.300     -1.069559
   1.305     -1.051429
   1.310     -1.033350
   1.315     -1.015323
   1.320     -0.997352
   1.325     -0.979439
   1.330     -0.961586
   1.335     -0.943795
   1.340     -0.926069
   1.345     -0.908409
   1.350     -0.890819
   1.355     -0.873299
   1.360     -0.855851
   1.365     -0.838479
   1.370     -0.821183
   1.375     -0.803965
   1.380     -0.786827
   1.385     -0.769771
   1.390     -0.752798
   1.395     -0.735910
   1.400     -0.719109
   1.405     -0.702396
   1.410     -0.685773
   1.415     -0.669240
   1.420     -0.652800
   1.425     -0.636453
   1.430     -0.620201
   1.435     -0.604045
   1.440     -0.587987
   1.445     -0.572026
   1.450     -0.556166
   1.455     -0.540406
   1.460     -0.524747
   1.465     -0.509191
   1.470     -0.493739
   1.475     -0.478391
   1.480     -0.463148
   1.485     -0.448011
   1.490     -0.432981
   1.495     -0.418058
   1.500     -0.403243
   1.505     -0.388538
   1.510     -0.373942
   1.515     -0.359456
   1.520     -0.345080
   1.525     -0.330816
   1.530     -0.316663
   1.535     -0.302622
   1.540     -0.288694
   1.545     -0.274878
   1.550     -0.261176
   1.555     -0.247588
   1.560     -0.234113
   1.565     -0.220752
   1.570     -0.207505
   1.575     -0.194374
   1.580     -0.181356
   1.585     -0.168454
   1.590     -0.155667
   1.595     -0.142995
   1.600     -0.130438
   1.605     -0.117996
   1.610     -0.105669
   1.615     -0.093458
   1.620     -0.081362
   1.625     -0.069382
   1.630     -0.057516
   1.635     -0.045766
   1.640     -0.034130
   1.645     -0.022610
   1.650     -0.011204
   1.655      0.000087
   1.660      0.011264
   1.665      0.022326
   1.670      0.033275
   1.675      0.044109
   1.680      0.054830
   1.685      0.065438
   1.690      0.075933
   1.695      0.086315
   1.700      0.096584
   1.705      0.106741
   1.710      0.116787
   1.715      0.126721
   1.720      0.136544
   1.725      0.146256
   1.730      0.155858
   1.735      0.165350
   1.740      0.174732
   1.745      0.184005
   1.750      0.193170
   1.755      0.202226
   1.760      0.211174
   1.765      0.220015
   1.770      0.228749
   1.775      0.237376
   1.780      0.245897
   1.785      0.254313
   1.790      0.262624
   1.795      0.270831
   1.800      0.278933
   1.805      0.286932
   1.810      0.294828
   1.815      0.302621
   1.820      0.310313
   1.825      0.317903
   1.830      0.325393
   1.835      0.332782
   1.840      0.340071
   1.845      0.347262
   1.850      0.354354
   1.855      0.361348
   1.860      0.368244
   1.865      0.375044
   1.870      0.381748
   1.875      0.388356
   1.880      0.394869
   1.885      0.401287
   1.890      0.407612
   1.895      0.413843
   1.900      0.419982
   1.905      0.426029
   1.910      0.431984
   1.915      0.437849
   1.920      0.443623
   1.925      0.449308
   1.930      0.454904
   1.935      0.460412
   1.940      0.465832
   1.945      0.471165
   1.950      0.476412
   1.955      0.481572
   1.960      0.486648
   1.965      0.491639
   1.970      0.496546
   1.975      0.501370
   1.980      0.506111
   1.985      0.510770
   1.990      0.515348
   1.995      0.519845
   2.000      0.524261
   2.005      0.528599
   2.010      0.532857
   2.015      0.537037
   2.020      0.541140
   2.025      0.545165
   2.030      0.549114
   2.035      0.552988
   2.040      0.556786
   2.045      0.560510
   2.050      0.564160
   2.055      0.567736
   2.060      0.571240
   2.065      0.574672
   2.070      0.578033
   2.075      0.581323
   2.080      0.584542
   2.085      0.587692
   2.090      0.590773
   2.095      0.593786
   2.100      0.596731
   2.105      0.599609
   2.110      0.602421
   2.115      0.605166
   2.120      0.607846
   2.125      0.610462
   2.130      0.613013
   2.135      0.615501
   2.140      0.617926
   2.145      0.620288
   2.150      0.622589
   2.155      0.624829
   2.160      0.627008
   2.165      0.629127
   2.170      0.631186
   2.175      0.633187
   2.180      0.635129
   2.185      0.637013
   2.190      0.638841
   2.195      0.640612
   2.200      0.642326
   2.205      0.643986
   2.210      0.645590
   2.215      0.647140
   2.220      0.648636
   2.225      0.650079
   2.230      0.651469
   2.235      0.652806
   2.240      0.654093
   2.245      0.655328
   2.250      0.656512
   2.255      0.657646
   2.260      0.658731
   2.265      0.659767
   2.270      0.660754
   2.275      0.661693
   2.280      0.662585
   2.285      0.663430
   2.290      0.664228
   2.295      0.664980
   2.300      0.665687
   2.305      0.666349
   2.310      0.666967
   2.315      0.667540
   2.320      0.668070
   2.325      0.668557
   2.330      0.669001
   2.335      0.669404
   2.340      0.669765
   2.345      0.670084
   2.350      0.670363
   2.355      0.670602
   2.360      0.670801
   2.365      0.670961
   2.370      0.671082
   2.375      0.671165
   2.380      0.671210
   2.385      0.671217
   2.390      0.671188
   2.395      0.671121
   2.400      0.671019
   2.405      0.670881
   2.410      0.670708
   2.415      0.670500
   2.420      0.670258
   2.425      0.669981
   2.430      0.669671
   2.435      0.669328
   2.440      0.668953
   2.445      0.668545
   2.450      0.668105
   2.455      0.667633
   2.460      0.667131
   2.465      0.666597
   2.470      0.666034
   2.475      0.665440
   2.480      0.664817
   2.485      0.664165
   2.490      0.663484
   2.495      0.662774
   2.500      0.662037
   2.505      0.661272
   2.510      0.660480
   2.515      0.659660
   2.520      0.658815
   2.525      0.657943
   2.530      0.657045
   2.535      0.656122
   2.540      0.655173
   2.545      0.654200
   2.550      0.653203
   2.555      0.652181
   2.560      0.651136
   2.565      0.650067
   2.570      0.648975
   2.575      0.647860
   2.580      0.646723
   2.585      0.645564
   2.590      0.644383
   2.595      0.643181
   2.600      0.641958
   2.605      0.640713
   2.610      0.639449
   2.615      0.638164
   2.620      0.636859
   2.625      0.635535
   2.630      0.634191
   2.635      0.632828
   2.640      0.631447
   2.645      0.630047
   2.650      0.628630
   2.655      0.627194
   2.660      0.625741
   2.665      0.624271
   2.670      0.622783
   2.675      0.621279
   2.680      0.619759
   2.685      0.618222
   2.690      0.616670
   2.695      0.615102
   2.700      0.613519
   2.705      0.611920
   2.710      0.610307
   2.715      0.608680
   2.720      0.607037
   2.725      0.605381
   2.730      0.603712
   2.735      0.602028
   2.740      0.600332
   2.745      0.598622
   2.750      0.596899
   2.755      0.595164
   2.760      0.593417
   2.765      0.591657
   2.770      0.589886
   2.775      0.588103
   2.780      0.586308
   2.785      0.584503
   2.790      0.582686
   2.795      0.580859
   2.800      0.579021
   2.805      0.577173
   2.810      0.575315
   2.815      0.573447
   2.820      0.571569
   2.825      0.569682
   2.830      0.567785
   2.835      0.565880
   2.840      0.563965
   2.845      0.562042
   2.850      0.560111
   2.855      0.558171
   2.860      0.556223
   2.865      0.554267
   2.870      0.552304
   2.875      0.550333
   2.880      0.548355
   2.885      0.546370
   2.890      0.544378
   2.895      0.542379
   2.900      0.540373
   2.905      0.538362
   2.910      0.536343
   2.915      0.534319
   2.920      0.532289
   2.925      0.530254
   2.930      0.528212
   2.935      0.526166
   2.940      0.524114
   2.945      0.522057
   2.950      0.519995
   2.955      0.517928
   2.960      0.515857
   2.965      0.513782
   2.970      0.511702
   2.975      0.509618
   2.980      0.507530
   2.985      0.505438
   2.990      0.503343
   2.995      0.501244
   3.000      0.499142
   3.005      0.497036
   3.010      0.494928
   3.015      0.492816
   3.020      0.490702
   3.025      0.488585
   3.030      0.486465
   3.035      0.484343
   3.040      0.482219
   3.045      0.480093
   3.050      0.477964
   3.055      0.475834
   3.060      0.473702
   3.065      0.471568
   3.070      0.469432
   3.075      0.467296
   3.080      0.465158
   3.085      0.463019
   3.090      0.460878
   3.095      0.458737
   3.100      0.456595
   3.105      0.454453
   3.110      0.452309
   3.115      0.450166
   3.120      0.448022
   3.125      0.445877
   3.130      0.443733
   3.135      0.441588
   3.140      0.439444
   3.145      0.437299
   3.150      0.435155
   3.155      0.433011
   3.160      0.430868
   3.165      0.428725
   3.170      0.426583
   3.175      0.424442
   3.180      0.422301
   3.185      0.420162
   3.190      0.418023
   3.195      0.415886
   3.200      0.413749
   3.205      0.411614
   3.210      0.409481
   3.215      0.407349
   3.220      0.405218
   3.225      0.403089
   3.230      0.400962
   3.235      0.398837
   3.240      0.396713
   3.245      0.394591
   3.250      0.392472
   3.255      0.390354
   3.260      0.388239
   3.265      0.386126
   3.270      0.384016
   3.275      0.381907
   3.280      0.379802
   3.285      0.377699
   3.290      0.375598
   3.295      0.373500
   3.300      0.371405
   3.305      0.369313
   3.310      0.367224
   3.315      0.365137
   3.320      0.363054
   3.325      0.360974
   3.330      0.358897
   3.335      0.356823
   3.340      0.354753
   3.345      0.352685
   3.350      0.350622
   3.355      0.348561
   3.360      0.346505
   3.365      0.344452
   3.370      0.342402
   3.375      0.340356
   3.380      0.338314
   3.385      0.336276
   3.390      0.334242
   3.395      0.332211
   3.400      0.330185
   3.405      0.328162
   3.410      0.326144
   3.415      0.324129
   3.420      0.322119
   3.425      0.320113
   3.430      0.318111
   3.435      0.316114
   3.440      0.314121
   3.445      0.312132
   3.450      0.310148
   3.455      0.308169
   3.460      0.306193
   3.465      0.304223
   3.470      0.302257
   3.475      0.300295
   3.480      0.298339
   3.485      0.296387
   3.490      0.294440
   3.495      0.292498
   3.500      0.290560
   3.505      0.288627
   3.510      0.286700
   3.515      0.284777
   3.520      0.282859
   3.525      0.280947
   3.530      0.279039
   3.535      0.277137
   3.540      0.275239
   3.545      0.273347
   3.550      0.271460
   3.555      0.269578
   3.560      0.267702
   3.565      0.265830
   3.570      0.263965
   3.575      0.262104
   3.580      0.260249
   3.585      0.258399
   3.590      0.256555
   3.595      0.254716
   3.600      0.252882
   3.605      0.251054
   3.610      0.249232
   3.615      0.247415
   3.620      0.245604
   3.625      0.243798
   3.630      0.241998
   3.635      0.240204
   3.640      0.238415
   3.645      0.236633
   3.650      0.234855
   3.655      0.233084
   3.660      0.231318
   3.665      0.229558
   3.670      0.227804
   3.675      0.226056
   3.680      0.224314
   3.685      0.222577
   3.690      0.220846
   3.695      0.219122
   3.700      0.217403
   3.705      0.215690
   3.710      0.213983
   3.715      0.212282
   3.720      0.210587
   3.725      0.208898
   3.730      0.207215
   3.735      0.205538
   3.740      0.203867
   3.745      0.202203
   3.750      0.200544
   3.755      0.198891
   3.760      0.197245
   3.765      0.195604
   3.770      0.193970
   3.775      0.192342
   3.780      0.190720
   3.785      0.189104
   3.790      0.187495
   3.795      0.185891
   3.800      0.184294
   3.805      0.182703
   3.810      0.181118
   3.815      0.179540
   3.820      0.177967
   3.825      0.176401
   3.830      0.174841
   3.835      0.173288
   3.840      0.171741
   3.845      0.170200
   3.850      0.168665
   3.855      0.167137
   3.860      0.165615
   3.865      0.164099
   3.870      0.162590
   3.875      0.161086
   3.880      0.159590
   3.885      0.158099
   3.890      0.156615
   3.895      0.155138
   3.900      0.153666
   3.905      0.152201
   3.910      0.150743
   3.915      0.149291
   3.920      0.147845
   3.925      0.146405
   3.930      0.144972
   3.935      0.143546
   3.940      0.142125
   3.945      0.140712
   3.950      0.139304
   3.955      0.137903
   3.960      0.136509
   3.965      0.135120
   3.970      0.133739
   3.975      0.132363
   3.980      0.130994
   3.985      0.129632
   3.990      0.128276
   3.995      0.126926
   4.000      0.125583
   4.005      0.124246
   4.010      0.122916
   4.015      0.121592
   4.020      0.120275
   4.025      0.118964
   4.030      0.117659
   4.035      0.116361
   4.040      0.115070
   4.045      0.113785
   4.050      0.112506
   4.055      0.111234
   4.060      0.109968
   4.065      0.108708
   4.070      0.107455
   4.075      0.106209
   4.080      0.104969
   4.085      0.103735
   4.090      0.102508
   4.095      0.101288
   4.100      0.100073
   4.105      0.098866
   4.110      0.097664
   4.115      0.096469
   4.120      0.095281
   4.125      0.094099
   4.130      0.092924
   4.135      0.091754
   4.140      0.090592
   4.145      0.089436
   4.150      0.088286
   4.155      0.087143
   4.160      0.086006
   4.165      0.084875
   4.170      0.083751
   4.175      0.082634
   4.180      0.081523
   4.185      0.080418
   4.190      0.079320
   4.195      0.078228
   4.200      0.077142
   4.205      0.076063
   4.210      0.074991
   4.215      0.073924
   4.220      0.072865
   4.225      0.071811
   4.230      0.070764
   4.235      0.069724
   4.240      0.068690
   4.245      0.067662
   4.250      0.066641
   4.255      0.065626
   4.260      0.064618
   4.265      0.063615
   4.270      0.062620
   4.275      0.061630
   4.280      0.060648
   4.285      0.059671
   4.290      0.058701
   4.295      0.057737
   4.300      0.056780
   4.305      0.055829
   4.310      0.054884
   4.315      0.053946
   4.320      0.053014
   4.325      0.052088
   4.330      0.051169
   4.335      0.050256
   4.340      0.049350
   4.345      0.048450
   4.350      0.047556
   4.355      0.046669
   4.360      0.045788
   4.365      0.044913
   4.370      0.044045
   4.375      0.043183
   4.380      0.042327
   4.385      0.041478
   4.390      0.040635
   4.395      0.039798
   4.400      0.038968
   4.405      0.038144
   4.410      0.037326
   4.415      0.036515
   4.420      0.035709
   4.425      0.034911
   4.430      0.034118
   4.435      0.033332
   4.440      0.032552
   4.445      0.031778
   4.450      0.031011
   4.455      0.030250
   4.460      0.029495
   4.465      0.028747
   4.470      0.028005
   4.475      0.027269
   4.480      0.026539
   4.485      0.025816
   4.490      0.025098
   4.495      0.024387
   4.500      0.023683
   4.505      0.022984
   4.510      0.022292
   4.515      0.021606
   4.520      0.020926
   4.525      0.020253
   4.530      0.019585
   4.535      0.018924
   4.540      0.018269
   4.545      0.017621
   4.550      0.016978
   4.555      0.016341
   4.560      0.015711
   4.565      0.015087
   4.570      0.014469
   4.575      0.013857
   4.580      0.013251
   4.585      0.012652
   4.590      0.012058
   4.595      0.011471
   4.600      0.010889
   4.605      0.010314
   4.610      0.009744
   4.615      0.009181
   4.620      0.008623
   4.625      0.008072
   4.630      0.007526
   4.635      0.006986
   4.640      0.006452
   4.645      0.005924
   4.650      0.005401
   4.655      0.004885
   4.660      0.004373
   4.665      0.003868
   4.670      0.003367
   4.675      0.002872
   4.680      0.002383
   4.685      0.001898
   4.690      0.001417
   4.695      0.000942
   4.700      0.000469
   4.705      0.000000
