   0.005      0.714028
   0.010      0.714134
   0.015      0.714240
   0.020      0.714424
   0.025      0.714686
   0.030      0.715023
   0.035      0.715437
   0.040      0.715926
   0.045      0.716491
   0.050      0.717132
   0.055      0.717848
   0.060      0.718639
   0.065      0.719507
   0.070      0.720450
   0.075      0.721468
   0.080      0.722563
   0.085      0.723734
   0.090      0.724981
   0.095      0.726304
   0.100      0.727703
   0.105      0.729179
   0.110      0.730732
   0.115      0.732361
   0.120      0.734067
   0.125      0.735850
   0.130      0.737710
   0.135      0.739648
   0.140      0.741662
   0.145      0.743755
   0.150      0.745924
   0.155      0.748172
   0.160      0.750497
   0.165      0.752900
   0.170      0.755382
   0.175      0.757941
   0.180      0.760578
   0.185      0.763294
   0.190      0.766088
   0.195      0.768961
   0.200      0.771912
   0.205      0.774942
   0.210      0.778050
   0.215      0.781238
   0.220      0.784504
   0.225      0.787848
   0.230      0.791272
   0.235      0.794775
   0.240      0.798356
   0.245      0.802017
   0.250      0.805756
   0.255      0.809574
   0.260      0.813471
   0.265      0.817447
   0.270      0.821502
   0.275      0.825636
   0.280      0.829848
   0.285      0.834139
   0.290      0.838508
   0.295      0.842956
   0.300      0.847482
   0.305      0.852086
   0.310      0.856768
   0.315      0.861529
   0.320      0.866367
   0.325      0.871282
   0.330      0.876275
   0.335      0.881344
   0.340      0.886491
   0.345      0.891714
   0.350      0.897013
   0.355      0.902388
   0.360      0.907839
   0.365      0.913365
   0.370      0.918966
   0.375      0.924641
   0.380      0.930391
   0.385      0.936213
   0.390      0.942109
   0.395      0.948078
   0.400      0.954118
   0.405      0.960230
   0.410      0.966413
   0.415      0.972666
   0.420      0.978988
   0.425      0.985379
   0.430      0.991839
   0.435      0.998366
   0.440      1.004959
   0.445      1.011618
   0.450      1.018342
   0.455      1.025131
   0.460      1.031982
   0.465      1.038895
   0.470      1.045870
   0.475      1.052904
   0.480      1.059998
   0.485      1.067149
   0.490      1.074357
   0.495      1.081621
   0.500      1.088939
   0.505      1.096310
   0.510      1.103733
   0.515      1.111206
   0.520      1.118728
   0.525      1.126298
   0.530      1.133914
   0.535      1.141574
   0.540      1.149277
   0.545      1.157022
   0.550      1.164807
   0.555      1.172629
   0.560      1.180488
   0.565      1.188382
   0.570      1.196309
   0.575      1.204266
   0.580      1.212253
   0.585      1.220267
   0.590      1.228306
   0.595      1.236369
   0.600      1.244453
   0.605      1.252556
   0.610      1.260676
   0.615      1.268811
   0.620      1.276959
   0.625      1.285117
   0.630      1.293284
   0.635      1.301457
   0.640      1.309633
   0.645      1.317811
   0.650      1.325989
   0.655      1.334163
   0.660      1.342331
   0.665      1.350491
   0.670      1.358641
   0.675      1.366777
   0.680      1.374898
   0.685      1.383001
   0.690      1.391083
   0.695      1.399142
   0.700      1.407175
   0.705      1.415180
   0.710      1.423153
   0.715      1.431094
   0.720      1.438998
   0.725      1.446863
   0.730      1.454686
   0.735      1.462466
   0.740      1.470199
   0.745      1.477882
   0.750      1.485514
   0.755      1.493090
   0.760      1.500610
   0.765      1.508070
   0.770      1.515467
   0.775      1.522799
   0.780      1.530064
   0.785      1.537258
   0.790      1.544380
   0.795      1.551427
   0.800      1.558396
   0.805      1.565285
   0.810      1.572091
   0.815      1.578813
   0.820      1.585447
   0.825      1.591992
   0.830      1.598445
   0.835      1.604804
   0.840      1.611067
   0.845      1.617231
   0.850      1.623295
   0.855      1.629256
   0.860      1.635113
   0.865      1.640863
   0.870      1.646506
   0.875      1.652038
   0.880      1.657458
   0.885      1.662764
   0.890      1.667955
   0.895      1.673030
   0.900      1.677986
   0.905      1.682822
   0.910      1.687537
   0.915      1.692130
   0.920      1.696599
   0.925      1.700943
   0.930      1.705162
   0.935      1.709253
   0.940      1.713216
   0.945      1.717051
   0.950      1.720755
   0.955      1.724329
   0.960      1.727772
   0.965      1.731083
   0.970      1.734262
   0.975      1.737308
   0.980      1.740221
   0.985      1.742999
   0.990      1.745644
   0.995      1.748155
   1.000      1.750531
   1.005      1.752772
   1.010      1.754879
   1.015      1.756850
   1.020      1.758688
   1.025      1.760390
   1.030      1.761958
   1.035      1.763392
   1.040      1.764692
   1.045      1.765858
   1.050      1.766891
   1.055      1.767791
   1.060      1.768558
   1.065      1.769193
   1.070      1.769697
   1.075      1.770070
   1.080      1.770313
   1.085      1.770426
   1.090      1.770411
   1.095      1.770268
   1.100      1.769997
   1.105      1.769601
   1.110      1.769079
   1.115      1.768432
   1.120      1.767663
   1.125      1.766771
   1.130      1.765757
   1.135      1.764624
   1.140      1.763372
   1.145      1.762002
   1.150      1.760516
   1.155      1.758914
   1.160      1.757199
   1.165      1.755370
   1.170      1.753431
   1.175      1.751382
   1.180      1.749224
   1.185      1.746960
   1.190      1.744590
   1.195      1.742116
   1.200      1.739539
   1.205      1.736861
   1.210      1.734084
   1.215      1.731210
   1.220      1.728238
   1.225      1.725172
   1.230      1.722013
   1.235      1.718763
   1.240      1.715422
   1.245      1.711994
   1.250      1.708479
   1.255      1.704878
   1.260      1.701195
   1.265      1.697429
   1.270      1.693584
   1.275      1.689660
   1.280      1.685660
   1.285      1.681584
   1.290      1.677435
   1.295      1.673214
   1.300      1.668923
   1.305      1.664563
   1.310      1.660136
   1.315      1.655644
   1.320      1.651087
   1.325      1.646469
   1.330      1.641790
   1.335      1.637051
   1.340      1.632255
   1.345      1.627403
   1.350      1.622497
   1.355      1.617537
   1.360      1.612526
   1.365      1.607464
   1.370      1.602354
   1.375      1.597197
   1.380      1.591994
   1.385      1.586746
   1.390      1.581455
   1.395      1.576123
   1.400      1.570750
   1.405      1.565339
   1.410      1.559889
   1.415      1.554404
   1.420      1.548883
   1.425      1.543328
   1.430      1.537741
   1.435      1.532122
   1.440      1.526473
   1.445      1.520795
   1.450      1.515089
   1.455      1.509356
   1.460      1.503598
   1.465      1.497815
   1.470      1.492009
   1.475      1.486181
   1.480      1.480331
   1.485      1.474461
   1.490      1.468571
   1.495      1.462663
   1.500      1.456738
   1.505      1.450797
   1.510      1.444840
   1.515      1.438869
   1.520      1.432884
   1.525      1.426887
   1.530      1.420878
   1.535      1.414857
   1.540      1.408827
   1.545      1.402787
   1.550      1.396739
   1.555      1.390683
   1.560      1.384621
   1.565      1.378552
   1.570      1.372477
   1.575      1.366398
   1.580      1.360315
   1.585      1.354228
   1.590      1.348139
   1.595      1.342048
   1.600      1.335956
   1.605      1.329863
   1.610      1.323770
   1.615      1.317678
   1.620      1.311587
   1.625      1.305497
   1.630      1.299410
   1.635      1.293326
   1.640      1.287245
   1.645      1.281169
   1.650      1.275097
   1.655      1.269029
   1.660      1.262968
   1.665      1.256912
   1.670      1.250863
   1.675      1.244821
   1.680      1.238787
   1.685      1.232760
   1.690      1.226741
   1.695      1.220732
   1.700      1.214731
   1.705      1.208740
   1.710      1.202759
   1.715      1.196788
   1.720      1.190828
   1.725      1.184880
   1.730      1.178942
   1.735      1.173016
   1.740      1.167103
   1.745      1.161202
   1.750      1.155314
   1.755      1.149438
   1.760      1.143576
   1.765      1.137728
   1.770      1.131894
   1.775      1.126074
   1.780      1.120269
   1.785      1.114479
   1.790      1.108703
   1.795      1.102943
   1.800      1.097198
   1.805      1.091470
   1.810      1.085757
   1.815      1.080061
   1.820      1.074381
   1.825      1.068717
   1.830      1.063071
   1.835      1.057441
   1.840      1.051829
   1.845      1.046235
   1.850      1.040658
   1.855      1.035099
   1.860      1.029558
   1.865      1.024035
   1.870      1.018530
   1.875      1.013044
   1.880      1.007576
   1.885      1.002128
   1.890      0.996698
   1.895      0.991287
   1.900      0.985895
   1.905      0.980522
   1.910      0.975169
   1.915      0.969836
   1.920      0.964522
   1.925      0.959227
   1.930      0.953953
   1.935      0.948698
   1.940      0.943464
   1.945      0.938249
   1.950      0.933055
   1.955      0.927881
   1.960      0.922727
   1.965      0.917593
   1.970      0.912481
   1.975      0.907388
   1.980      0.902316
   1.985      0.897265
   1.990      0.892234
   1.995      0.887225
   2.000      0.882236
   2.005      0.877268
   2.010      0.872320
   2.015      0.867394
   2.020      0.862488
   2.025      0.857604
   2.030      0.852741
   2.035      0.847898
   2.040      0.843077
   2.045      0.838276
   2.050      0.833497
   2.055      0.828739
   2.060      0.824002
   2.065      0.819286
   2.070      0.814591
   2.075      0.809918
   2.080      0.805265
   2.085      0.800634
   2.090      0.796024
   2.095      0.791435
   2.100      0.786867
   2.105      0.782320
   2.110      0.777795
   2.115      0.773290
   2.120      0.768807
   2.125      0.764344
   2.130      0.759903
   2.135      0.755482
   2.140      0.751083
   2.145      0.746705
   2.150      0.742347
   2.155      0.738011
   2.160      0.733696
   2.165      0.729401
   2.170      0.725127
   2.175      0.720874
   2.180      0.716642
   2.185      0.712431
   2.190      0.708240
   2.195      0.704070
   2.200      0.699921
   2.205      0.695792
   2.210      0.691684
   2.215      0.687596
   2.220      0.683529
   2.225      0.679482
   2.230      0.675456
   2.235      0.671450
   2.240      0.667464
   2.245      0.663498
   2.250      0.659553
   2.255      0.655627
   2.260      0.651722
   2.265      0.647837
   2.270      0.643972
   2.275      0.640127
   2.280      0.636301
   2.285      0.632496
   2.290      0.628710
   2.295      0.624943
   2.300      0.621197
   2.305      0.617470
   2.310      0.613762
   2.315      0.610074
   2.320      0.606406
   2.325      0.602756
   2.330      0.599126
   2.335      0.595516
   2.340      0.591924
   2.345      0.588351
   2.350      0.584797
   2.355      0.581263
   2.360      0.577747
   2.365      0.574249
   2.370      0.570771
   2.375      0.567311
   2.380      0.563870
   2.385      0.560447
   2.390      0.557043
   2.395      0.553657
   2.400      0.550290
   2.405      0.546941
   2.410      0.543610
   2.415      0.540297
   2.420      0.537002
   2.425      0.533725
   2.430      0.530466
   2.435      0.527225
   2.440      0.524001
   2.445      0.520796
   2.450      0.517608
   2.455      0.514437
   2.460      0.511284
   2.465      0.508148
   2.470      0.505030
   2.475      0.501929
   2.480      0.498845
   2.485      0.495778
   2.490      0.492728
   2.495      0.489695
   2.500      0.486679
   2.505      0.483680
   2.510      0.480697
   2.515      0.477732
   2.520      0.474782
   2.525      0.471850
   2.530      0.468933
   2.535      0.466033
   2.540      0.463150
   2.545      0.460282
   2.550      0.457431
   2.555      0.454596
   2.560      0.451777
   2.565      0.448973
   2.570      0.446186
   2.575      0.443414
   2.580      0.440658
   2.585      0.437918
   2.590      0.435193
   2.595      0.432483
   2.600      0.429789
   2.605      0.427111
   2.610      0.424447
   2.615      0.421799
   2.620      0.419166
   2.625      0.416547
   2.630      0.413944
   2.635      0.411356
   2.640      0.408782
   2.645      0.406223
   2.650      0.403679
   2.655      0.401150
   2.660      0.398635
   2.665      0.396134
   2.670      0.393648
   2.675      0.391176
   2.680      0.388718
   2.685      0.386274
   2.690      0.383845
   2.695      0.381429
   2.700      0.379028
   2.705      0.376640
   2.710      0.374266
   2.715      0.371906
   2.720      0.369559
   2.725      0.367226
   2.730      0.364906
   2.735      0.362600
   2.740      0.360307
   2.745      0.358028
   2.750      0.355762
   2.755      0.353509
   2.760      0.351269
   2.765      0.349042
   2.770      0.346827
   2.775      0.344626
   2.780      0.342438
   2.785      0.340262
   2.790      0.338099
   2.795      0.335949
   2.800      0.333811
   2.805      0.331685
   2.810      0.329572
   2.815      0.327472
   2.820      0.325383
   2.825      0.323307
   2.830      0.321243
   2.835      0.319191
   2.840      0.317151
   2.845      0.315123
   2.850      0.313106
   2.855      0.311102
   2.860      0.309109
   2.865      0.307128
   2.870      0.305158
   2.875      0.303201
   2.880      0.301254
   2.885      0.299319
   2.890      0.297395
   2.895      0.295483
   2.900      0.293581
   2.905      0.291691
   2.910      0.289812
   2.915      0.287944
   2.920      0.286087
   2.925      0.284241
   2.930      0.282406
   2.935      0.280581
   2.940      0.278768
   2.945      0.276965
   2.950      0.275172
   2.955      0.273390
   2.960      0.271619
   2.965      0.269857
   2.970      0.268107
   2.975      0.266366
   2.980      0.264636
   2.985      0.262916
   2.990      0.261206
   2.995      0.259506
   3.000      0.257816
   3.005      0.256137
   3.010      0.254466
   3.015      0.252806
   3.020      0.251156
   3.025      0.249515
   3.030      0.247884
   3.035      0.246263
   3.040      0.244651
   3.045      0.243048
   3.050      0.241455
   3.055      0.239872
   3.060      0.238297
   3.065      0.236732
   3.070      0.235177
   3.075      0.233630
   3.080      0.232092
   3.085      0.230564
   3.090      0.229044
   3.095      0.227534
   3.100      0.226032
   3.105      0.224539
   3.110      0.223055
   3.115      0.221580
   3.120      0.220113
   3.125      0.218655
   3.130      0.217206
   3.135      0.215765
   3.140      0.214332
   3.145      0.212908
   3.150      0.211493
   3.155      0.210085
   3.160      0.208686
   3.165      0.207295
   3.170      0.205913
   3.175      0.204538
   3.180      0.203172
   3.185      0.201813
   3.190      0.200463
   3.195      0.199120
   3.200      0.197785
   3.205      0.196459
   3.210      0.195140
   3.215      0.193828
   3.220      0.192525
   3.225      0.191229
   3.230      0.189940
   3.235      0.188659
   3.240      0.187386
   3.245      0.186120
   3.250      0.184862
   3.255      0.183610
   3.260      0.182367
   3.265      0.181130
   3.270      0.179901
   3.275      0.178679
   3.280      0.177464
   3.285      0.176256
   3.290      0.175055
   3.295      0.173861
   3.300      0.172674
   3.305      0.171494
   3.310      0.170321
   3.315      0.169155
   3.320      0.167995
   3.325      0.166843
   3.330      0.165697
   3.335      0.164557
   3.340      0.163425
   3.345      0.162299
   3.350      0.161179
   3.355      0.160066
   3.360      0.158959
   3.365      0.157859
   3.370      0.156765
   3.375      0.155678
   3.380      0.154597
   3.385      0.153522
   3.390      0.152453
   3.395      0.151391
   3.400      0.150334
   3.405      0.149284
   3.410      0.148240
   3.415      0.147202
   3.420      0.146169
   3.425      0.145143
   3.430      0.144123
   3.435      0.143108
   3.440      0.142100
   3.445      0.141097
   3.450      0.140100
   3.455      0.139109
   3.460      0.138123
   3.465      0.137143
   3.470      0.136168
   3.475      0.135200
   3.480      0.134236
   3.485      0.133279
   3.490      0.132326
   3.495      0.131380
   3.500      0.130438
   3.505      0.129502
   3.510      0.128571
   3.515      0.127646
   3.520      0.126726
   3.525      0.125811
   3.530      0.124901
   3.535      0.123996
   3.540      0.123097
   3.545      0.122203
   3.550      0.121313
   3.555      0.120429
   3.560      0.119550
   3.565      0.118675
   3.570      0.117806
   3.575      0.116941
   3.580      0.116082
   3.585      0.115227
   3.590      0.114377
   3.595      0.113532
   3.600      0.112691
   3.605      0.111856
   3.610      0.111025
   3.615      0.110198
   3.620      0.109376
   3.625      0.108559
   3.630      0.107746
   3.635      0.106938
   3.640      0.106135
   3.645      0.105335
   3.650      0.104541
   3.655      0.103750
   3.660      0.102964
   3.665      0.102183
   3.670      0.101405
   3.675      0.100632
   3.680      0.099864
   3.685      0.099099
   3.690      0.098339
   3.695      0.097583
   3.700      0.096831
   3.705      0.096083
   3.710      0.095339
   3.715      0.094599
   3.720      0.093863
   3.725      0.093132
   3.730      0.092404
   3.735      0.091680
   3.740      0.090960
   3.745      0.090245
   3.750      0.089533
   3.755      0.088824
   3.760      0.088120
   3.765      0.087419
   3.770      0.086723
   3.775      0.086029
   3.780      0.085340
   3.785      0.084654
   3.790      0.083972
   3.795      0.083294
   3.800      0.082619
   3.805      0.081948
   3.810      0.081281
   3.815      0.080617
   3.820      0.079956
   3.825      0.079299
   3.830      0.078645
   3.835      0.077995
   3.840      0.077349
   3.845      0.076705
   3.850      0.076065
   3.855      0.075429
   3.860      0.074796
   3.865      0.074166
   3.870      0.073539
   3.875      0.072915
   3.880      0.072295
   3.885      0.071678
   3.890      0.071064
   3.895      0.070454
   3.900      0.069846
   3.905      0.069242
   3.910      0.068641
   3.915      0.068042
   3.920      0.067447
   3.925      0.066855
   3.930      0.066266
   3.935      0.065680
   3.940      0.065097
   3.945      0.064517
   3.950      0.063939
   3.955      0.063365
   3.960      0.062793
   3.965      0.062225
   3.970      0.061659
   3.975      0.061096
   3.980      0.060536
   3.985      0.059978
   3.990      0.059423
   3.995      0.058871
   4.000      0.058322
   4.005      0.057776
   4.010      0.057232
   4.015      0.056691
   4.020      0.056152
   4.025      0.055616
   4.030      0.055083
   4.035      0.054552
   4.040      0.054024
   4.045      0.053498
   4.050      0.052975
   4.055      0.052454
   4.060      0.051936
   4.065      0.051420
   4.070      0.050907
   4.075      0.050396
   4.080      0.049887
   4.085      0.049381
   4.090      0.048878
   4.095      0.048376
   4.100      0.047877
   4.105      0.047381
   4.110      0.046886
   4.115      0.046394
   4.120      0.045904
   4.125      0.045416
   4.130      0.044931
   4.135      0.044448
   4.140      0.043967
   4.145      0.043488
   4.150      0.043011
   4.155      0.042537
   4.160      0.042064
   4.165      0.041594
   4.170      0.041126
   4.175      0.040659
   4.180      0.040195
   4.185      0.039733
   4.190      0.039273
   4.195      0.038815
   4.200      0.038359
   4.205      0.037905
   4.210      0.037453
   4.215      0.037003
   4.220      0.036554
   4.225      0.036108
   4.230      0.035663
   4.235      0.035221
   4.240      0.034780
   4.245      0.034341
   4.250      0.033904
   4.255      0.033469
   4.260      0.033035
   4.265      0.032604
   4.270      0.032174
   4.275      0.031746
   4.280      0.031319
   4.285      0.030895
   4.290      0.030472
   4.295      0.030050
   4.300      0.029631
   4.305      0.029213
   4.310      0.028796
   4.315      0.028382
   4.320      0.027969
   4.325      0.027557
   4.330      0.027147
   4.335      0.026739
   4.340      0.026332
   4.345      0.025927
   4.350      0.025524
   4.355      0.025122
   4.360      0.024721
   4.365      0.024322
   4.370      0.023924
   4.375      0.023528
   4.380      0.023133
   4.385      0.022740
   4.390      0.022348
   4.395      0.021958
   4.400      0.021569
   4.405      0.021181
   4.410      0.020795
   4.415      0.020410
   4.420      0.020026
   4.425      0.019644
   4.430      0.019263
   4.435      0.018884
   4.440      0.018505
   4.445      0.018128
   4.450      0.017753
   4.455      0.017378
   4.460      0.017005
   4.465      0.016633
   4.470      0.016262
   4.475      0.015893
   4.480      0.015524
   4.485      0.015157
   4.490      0.014791
   4.495      0.014426
   4.500      0.014063
   4.505      0.013700
   4.510      0.013339
   4.515      0.012978
   4.520      0.012619
   4.525      0.012261
   4.530      0.011904
   4.535      0.011548
   4.540      0.011193
   4.545      0.010839
   4.550      0.010486
   4.555      0.010134
   4.560      0.009783
   4.565      0.009434
   4.570      0.009085
   4.575      0.008737
   4.580      0.008390
   4.585      0.008044
   4.590      0.007699
   4.595      0.007355
   4.600      0.007012
   4.605      0.006670
   4.610      0.006328
   4.615      0.005988
   4.620      0.005648
   4.625      0.005310
   4.630      0.004972
   4.635      0.004635
   4.640      0.004299
   4.645      0.003963
   4.650      0.003629
   4.655      0.003295
   4.660      0.002962
   4.665      0.002630
   4.670      0.002299
   4.675      0.001968
   4.680      0.001638
   4.685      0.001309
   4.690      0.000981
   4.695      0.000653
   4.700      0.000326
   4.705      0.000000
