   0.006     -0.000527
   0.012      0.000264
   0.018      0.001054
   0.024      0.002372
   0.030      0.004216
   0.035      0.006584
   0.041      0.009474
   0.047      0.012881
   0.053      0.016802
   0.059      0.021229
   0.065      0.026156
   0.071      0.031573
   0.077      0.037470
   0.083      0.043836
   0.089      0.050663
   0.094      0.057942
   0.100      0.065667
   0.106      0.073833
   0.112      0.082440
   0.118      0.091484
   0.124      0.100965
   0.130      0.110885
   0.136      0.121242
   0.142      0.132039
   0.148      0.143274
   0.153      0.154948
   0.159      0.167060
   0.165      0.179608
   0.171      0.192589
   0.177      0.206001
   0.183      0.219840
   0.189      0.234102
   0.195      0.248782
   0.201      0.263875
   0.207      0.279374
   0.212      0.295275
   0.218      0.311570
   0.224      0.328252
   0.230      0.345314
   0.236      0.362749
   0.242      0.380549
   0.248      0.398707
   0.254      0.417213
   0.260      0.436060
   0.266      0.455239
   0.271      0.474743
   0.277      0.494561
   0.283      0.514685
   0.289      0.535106
   0.295      0.555815
   0.301      0.576803
   0.307      0.598060
   0.313      0.619577
   0.319      0.641344
   0.325      0.663351
   0.330      0.685589
   0.336      0.708048
   0.342      0.730718
   0.348      0.753587
   0.354      0.776648
   0.360      0.799888
   0.366      0.823298
   0.372      0.846868
   0.378      0.870586
   0.384      0.894442
   0.389      0.918426
   0.395      0.942526
   0.401      0.966732
   0.407      0.991033
   0.413      1.015418
   0.419      1.039877
   0.425      1.064397
   0.431      1.088968
   0.437      1.113580
   0.443      1.138220
   0.448      1.162877
   0.454      1.187541
   0.460      1.212201
   0.466      1.236844
   0.472      1.261460
   0.478      1.286038
   0.484      1.310567
   0.490      1.335034
   0.496      1.359430
   0.502      1.383743
   0.507      1.407962
   0.513      1.432076
   0.519      1.456073
   0.525      1.479943
   0.531      1.503676
   0.537      1.527259
   0.543      1.550683
   0.549      1.573936
   0.555      1.597009
   0.561      1.619890
   0.566      1.642569
   0.572      1.665035
   0.578      1.687280
   0.584      1.709291
   0.590      1.731060
   0.596      1.752576
   0.602      1.773830
   0.608      1.794812
   0.614      1.815513
   0.620      1.835923
   0.625      1.856032
   0.631      1.875832
   0.637      1.895315
   0.643      1.914470
   0.649      1.933290
   0.655      1.951766
   0.661      1.969889
   0.667      1.987652
   0.673      2.005047
   0.679      2.022066
   0.684      2.038700
   0.690      2.054944
   0.696      2.070789
   0.702      2.086229
   0.708      2.101257
   0.714      2.115865
   0.720      2.130048
   0.726      2.143800
   0.732      2.157113
   0.738      2.169983
   0.743      2.182403
   0.749      2.194368
   0.755      2.205873
   0.761      2.216912
   0.767      2.227482
   0.773      2.237576
   0.779      2.247190
   0.785      2.256321
   0.791      2.264964
   0.797      2.273116
   0.802      2.280772
   0.808      2.287929
   0.814      2.294583
   0.820      2.300733
   0.826      2.306374
   0.832      2.311505
   0.838      2.316123
   0.844      2.320225
   0.850      2.323809
   0.856      2.326875
   0.861      2.329419
   0.867      2.331441
   0.873      2.332940
   0.879      2.333914
   0.885      2.334363
   0.891      2.334286
   0.897      2.333683
   0.903      2.332554
   0.909      2.330898
   0.915      2.328717
   0.920      2.326010
   0.926      2.322779
   0.932      2.319024
   0.938      2.314747
   0.944      2.309950
   0.950      2.304633
   0.956      2.298800
   0.962      2.292453
   0.968      2.285593
   0.974      2.278224
   0.979      2.270349
   0.985      2.261970
   0.991      2.253092
   0.997      2.243717
   1.003      2.233850
   1.009      2.223493
   1.015      2.212652
   1.021      2.201330
   1.027      2.189531
   1.033      2.177260
   1.038      2.164522
   1.044      2.151321
   1.050      2.137662
   1.056      2.123551
   1.062      2.108991
   1.068      2.093990
   1.074      2.078552
   1.080      2.062683
   1.086      2.046389
   1.092      2.029677
   1.097      2.012552
   1.103      1.995021
   1.109      1.977090
   1.115      1.958767
   1.121      1.940058
   1.127      1.920971
   1.133      1.901512
   1.139      1.881689
   1.145      1.861510
   1.151      1.840983
   1.156      1.820115
   1.162      1.798914
   1.168      1.777390
   1.174      1.755549
   1.180      1.733400
   1.186      1.710953
   1.192      1.688215
   1.198      1.665196
   1.204      1.641904
   1.210      1.618349
   1.215      1.594539
   1.221      1.570484
   1.227      1.546194
   1.233      1.521677
   1.239      1.496943
   1.245      1.472002
   1.251      1.446863
   1.257      1.421535
   1.263      1.396030
   1.269      1.370356
   1.274      1.344523
   1.280      1.318541
   1.286      1.292420
   1.292      1.266169
   1.298      1.239799
   1.304      1.213320
   1.310      1.186741
   1.316      1.160072
   1.322      1.133323
   1.328      1.106505
   1.333      1.079626
   1.339      1.052696
   1.345      1.025726
   1.351      0.998725
   1.357      0.971702
   1.363      0.944667
   1.369      0.917630
   1.375      0.890600
   1.381      0.863586
   1.387      0.836597
   1.392      0.809644
   1.398      0.782734
   1.404      0.755877
   1.410      0.729081
   1.416      0.702356
   1.422      0.675710
   1.428      0.649151
   1.434      0.622687
   1.440      0.596328
   1.446      0.570081
   1.451      0.543954
   1.457      0.517954
   1.463      0.492090
   1.469      0.466369
   1.475      0.440798
   1.481      0.415385
   1.487      0.390136
   1.493      0.365059
   1.499      0.340159
   1.505      0.315444
   1.510      0.290919
   1.516      0.266592
   1.522      0.242468
   1.528      0.218552
   1.534      0.194850
   1.540      0.171368
   1.546      0.148112
   1.552      0.125085
   1.558      0.102293
   1.564      0.079741
   1.569      0.057432
   1.575      0.035372
   1.581      0.013565
   1.587     -0.007986
   1.593     -0.029277
   1.599     -0.050304
   1.605     -0.071064
   1.611     -0.091554
   1.617     -0.111771
   1.623     -0.131711
   1.628     -0.151373
   1.634     -0.170754
   1.640     -0.189851
   1.646     -0.208663
   1.652     -0.227187
   1.658     -0.245422
   1.664     -0.263367
   1.670     -0.281019
   1.676     -0.298378
   1.682     -0.315443
   1.687     -0.332212
   1.693     -0.348686
   1.699     -0.364862
   1.705     -0.380742
   1.711     -0.396324
   1.717     -0.411609
   1.723     -0.426597
   1.729     -0.441287
   1.735     -0.455681
   1.741     -0.469778
   1.746     -0.483579
   1.752     -0.497085
   1.758     -0.510297
   1.764     -0.523216
   1.770     -0.535842
   1.776     -0.548178
   1.782     -0.560223
   1.788     -0.571981
   1.794     -0.583452
   1.800     -0.594638
   1.805     -0.605540
   1.811     -0.616162
   1.817     -0.626503
   1.823     -0.636568
   1.829     -0.646357
   1.835     -0.655873
   1.841     -0.665119
   1.847     -0.674096
   1.853     -0.682807
   1.859     -0.691254
   1.864     -0.699441
   1.870     -0.707369
   1.876     -0.715042
   1.882     -0.722462
   1.888     -0.729633
   1.894     -0.736555
   1.900     -0.743234
   1.906     -0.749671
   1.912     -0.755870
   1.918     -0.761834
   1.923     -0.767565
   1.929     -0.773067
   1.935     -0.778342
   1.941     -0.783395
   1.947     -0.788228
   1.953     -0.792843
   1.959     -0.797245
   1.965     -0.801437
   1.971     -0.805421
   1.977     -0.809201
   1.982     -0.812780
   1.988     -0.816162
   1.994     -0.819348
   2.000     -0.822344
   2.006     -0.825151
   2.012     -0.827773
   2.018     -0.830213
   2.024     -0.832475
   2.030     -0.834561
   2.036     -0.836475
   2.041     -0.838220
   2.047     -0.839798
   2.053     -0.841213
   2.059     -0.842469
   2.065     -0.843568
   2.071     -0.844513
   2.077     -0.845307
   2.083     -0.845954
   2.089     -0.846456
   2.095     -0.846816
   2.100     -0.847037
   2.106     -0.847123
   2.112     -0.847076
   2.118     -0.846899
   2.124     -0.846595
   2.130     -0.846166
   2.136     -0.845616
   2.142     -0.844948
   2.148     -0.844164
   2.154     -0.843267
   2.159     -0.842259
   2.165     -0.841144
   2.171     -0.839924
   2.177     -0.838602
   2.183     -0.837180
   2.189     -0.835661
   2.195     -0.834048
   2.201     -0.832343
   2.207     -0.830548
   2.213     -0.828666
   2.218     -0.826701
   2.224     -0.824653
   2.230     -0.822525
   2.236     -0.820321
   2.242     -0.818041
   2.248     -0.815689
   2.254     -0.813267
   2.260     -0.810777
   2.266     -0.808222
   2.272     -0.805602
   2.277     -0.802922
   2.283     -0.800182
   2.289     -0.797386
   2.295     -0.794534
   2.301     -0.791629
   2.307     -0.788674
   2.313     -0.785670
   2.319     -0.782618
   2.325     -0.779522
   2.331     -0.776382
   2.336     -0.773201
   2.342     -0.769980
   2.348     -0.766722
   2.354     -0.763427
   2.360     -0.760098
   2.366     -0.756736
   2.372     -0.753344
   2.378     -0.749921
   2.384     -0.746471
   2.390     -0.742994
   2.395     -0.739493
   2.401     -0.735968
   2.407     -0.732421
   2.413     -0.728853
   2.419     -0.725266
   2.425     -0.721660
   2.431     -0.718039
   2.437     -0.714401
   2.443     -0.710750
   2.449     -0.707085
   2.454     -0.703409
   2.460     -0.699722
   2.466     -0.696026
   2.472     -0.692321
   2.478     -0.688608
   2.484     -0.684889
   2.490     -0.681165
   2.496     -0.677436
   2.502     -0.673704
   2.508     -0.669969
   2.513     -0.666232
   2.519     -0.662494
   2.525     -0.658757
   2.531     -0.655020
   2.537     -0.651285
   2.543     -0.647552
   2.549     -0.643822
   2.555     -0.640095
   2.561     -0.636373
   2.567     -0.632656
   2.572     -0.628945
   2.578     -0.625240
   2.584     -0.621542
   2.590     -0.617851
   2.596     -0.614169
   2.602     -0.610495
   2.608     -0.606829
   2.614     -0.603174
   2.620     -0.599528
   2.626     -0.595892
   2.631     -0.592268
   2.637     -0.588654
   2.643     -0.585052
   2.649     -0.581462
   2.655     -0.577885
   2.661     -0.574320
   2.667     -0.570768
   2.673     -0.567229
   2.679     -0.563704
   2.685     -0.560193
   2.690     -0.556696
   2.696     -0.553213
   2.702     -0.549745
   2.708     -0.546292
   2.714     -0.542853
   2.720     -0.539430
   2.726     -0.536023
   2.732     -0.532631
   2.738     -0.529254
   2.744     -0.525894
   2.749     -0.522550
   2.755     -0.519222
   2.761     -0.515910
   2.767     -0.512615
   2.773     -0.509336
   2.779     -0.506074
   2.785     -0.502829
   2.791     -0.499601
   2.797     -0.496389
   2.803     -0.493194
   2.808     -0.490017
   2.814     -0.486856
   2.820     -0.483713
   2.826     -0.480587
   2.832     -0.477477
   2.838     -0.474385
   2.844     -0.471311
   2.850     -0.468253
   2.856     -0.465213
   2.862     -0.462190
   2.867     -0.459184
   2.873     -0.456196
   2.879     -0.453224
   2.885     -0.450270
   2.891     -0.447333
   2.897     -0.444413
   2.903     -0.441511
   2.909     -0.438625
   2.915     -0.435757
   2.921     -0.432905
   2.926     -0.430071
   2.932     -0.427253
   2.938     -0.424452
   2.944     -0.421668
   2.950     -0.418901
   2.956     -0.416150
   2.962     -0.413417
   2.968     -0.410699
   2.974     -0.407999
   2.980     -0.405314
   2.985     -0.402646
   2.991     -0.399995
   2.997     -0.397360
   3.003     -0.394740
   3.009     -0.392137
   3.015     -0.389550
   3.021     -0.386979
   3.027     -0.384424
   3.033     -0.381885
   3.039     -0.379361
   3.044     -0.376853
   3.050     -0.374360
   3.056     -0.371883
   3.062     -0.369421
   3.068     -0.366975
   3.074     -0.364544
   3.080     -0.362127
   3.086     -0.359726
   3.092     -0.357340
   3.098     -0.354969
   3.103     -0.352612
   3.109     -0.350270
   3.115     -0.347943
   3.121     -0.345630
   3.127     -0.343331
   3.133     -0.341047
   3.139     -0.338777
   3.145     -0.336521
   3.151     -0.334280
   3.157     -0.332052
   3.162     -0.329838
   3.168     -0.327638
   3.174     -0.325451
   3.180     -0.323278
   3.186     -0.321119
   3.192     -0.318972
   3.198     -0.316840
   3.204     -0.314720
   3.210     -0.312614
   3.216     -0.310520
   3.221     -0.308440
   3.227     -0.306372
   3.233     -0.304318
   3.239     -0.302276
   3.245     -0.300246
   3.251     -0.298229
   3.257     -0.296225
   3.263     -0.294232
   3.269     -0.292252
   3.275     -0.290285
   3.280     -0.288329
   3.286     -0.286385
   3.292     -0.284453
   3.298     -0.282533
   3.304     -0.280625
   3.310     -0.278729
   3.316     -0.276844
   3.322     -0.274970
   3.328     -0.273108
   3.334     -0.271257
   3.339     -0.269418
   3.345     -0.267589
   3.351     -0.265772
   3.357     -0.263966
   3.363     -0.262171
   3.369     -0.260386
   3.375     -0.258612
   3.381     -0.256849
   3.387     -0.255097
   3.393     -0.253355
   3.398     -0.251624
   3.404     -0.249903
   3.410     -0.248192
   3.416     -0.246492
   3.422     -0.244801
   3.428     -0.243121
   3.434     -0.241451
   3.440     -0.239791
   3.446     -0.238141
   3.452     -0.236500
   3.457     -0.234869
   3.463     -0.233248
   3.469     -0.231636
   3.475     -0.230034
   3.481     -0.228442
   3.487     -0.226859
   3.493     -0.225285
   3.499     -0.223720
   3.505     -0.222165
   3.511     -0.220618
   3.516     -0.219081
   3.522     -0.217552
   3.528     -0.216033
   3.534     -0.214522
   3.540     -0.213021
   3.546     -0.211527
   3.552     -0.210043
   3.558     -0.208567
   3.564     -0.207100
   3.570     -0.205641
   3.575     -0.204190
   3.581     -0.202748
   3.587     -0.201314
   3.593     -0.199889
   3.599     -0.198471
   3.605     -0.197062
   3.611     -0.195661
   3.617     -0.194267
   3.623     -0.192882
   3.629     -0.191504
   3.634     -0.190135
   3.640     -0.188773
   3.646     -0.187419
   3.652     -0.186072
   3.658     -0.184733
   3.664     -0.183401
   3.670     -0.182077
   3.676     -0.180761
   3.682     -0.179451
   3.688     -0.178150
   3.693     -0.176855
   3.699     -0.175567
   3.705     -0.174287
   3.711     -0.173014
   3.717     -0.171748
   3.723     -0.170489
   3.729     -0.169236
   3.735     -0.167991
   3.741     -0.166753
   3.747     -0.165521
   3.752     -0.164296
   3.758     -0.163078
   3.764     -0.161866
   3.770     -0.160661
   3.776     -0.159463
   3.782     -0.158271
   3.788     -0.157086
   3.794     -0.155906
   3.800     -0.154734
   3.806     -0.153567
   3.811     -0.152407
   3.817     -0.151254
   3.823     -0.150106
   3.829     -0.148964
   3.835     -0.147829
   3.841     -0.146699
   3.847     -0.145576
   3.853     -0.144459
   3.859     -0.143347
   3.865     -0.142241
   3.870     -0.141142
   3.876     -0.140047
   3.882     -0.138959
   3.888     -0.137877
   3.894     -0.136800
   3.900     -0.135728
   3.906     -0.134663
   3.912     -0.133602
   3.918     -0.132548
   3.924     -0.131498
   3.929     -0.130454
   3.935     -0.129416
   3.941     -0.128383
   3.947     -0.127355
   3.953     -0.126332
   3.959     -0.125315
   3.965     -0.124303
   3.971     -0.123296
   3.977     -0.122294
   3.983     -0.121297
   3.988     -0.120305
   3.994     -0.119318
   4.000     -0.118337
   4.006     -0.117360
   4.012     -0.116387
   4.018     -0.115420
   4.024     -0.114458
   4.030     -0.113500
   4.036     -0.112547
   4.042     -0.111599
   4.047     -0.110656
   4.053     -0.109717
   4.059     -0.108782
   4.065     -0.107853
   4.071     -0.106928
   4.077     -0.106007
   4.083     -0.105091
   4.089     -0.104179
   4.095     -0.103271
   4.101     -0.102368
   4.106     -0.101470
   4.112     -0.100575
   4.118     -0.099685
   4.124     -0.098800
   4.130     -0.097918
   4.136     -0.097040
   4.142     -0.096167
   4.148     -0.095298
   4.154     -0.094433
   4.160     -0.093572
   4.165     -0.092715
   4.171     -0.091862
   4.177     -0.091012
   4.183     -0.090167
   4.189     -0.089326
   4.195     -0.088489
   4.201     -0.087655
   4.207     -0.086825
   4.213     -0.085999
   4.219     -0.085177
   4.224     -0.084359
   4.230     -0.083544
   4.236     -0.082733
   4.242     -0.081926
   4.248     -0.081122
   4.254     -0.080322
   4.260     -0.079525
   4.266     -0.078732
   4.272     -0.077942
   4.278     -0.077156
   4.283     -0.076373
   4.289     -0.075594
   4.295     -0.074818
   4.301     -0.074046
   4.307     -0.073277
   4.313     -0.072511
   4.319     -0.071748
   4.325     -0.070989
   4.331     -0.070233
   4.337     -0.069480
   4.342     -0.068731
   4.348     -0.067985
   4.354     -0.067241
   4.360     -0.066501
   4.366     -0.065764
   4.372     -0.065030
   4.378     -0.064299
   4.384     -0.063572
   4.390     -0.062847
   4.396     -0.062125
   4.401     -0.061406
   4.407     -0.060690
   4.413     -0.059977
   4.419     -0.059267
   4.425     -0.058559
   4.431     -0.057855
   4.437     -0.057153
   4.443     -0.056454
   4.449     -0.055758
   4.455     -0.055065
   4.460     -0.054374
   4.466     -0.053686
   4.472     -0.053001
   4.478     -0.052319
   4.484     -0.051639
   4.490     -0.050962
   4.496     -0.050287
   4.502     -0.049615
   4.508     -0.048945
   4.514     -0.048278
   4.519     -0.047614
   4.525     -0.046952
   4.531     -0.046292
   4.537     -0.045635
   4.543     -0.044981
   4.549     -0.044329
   4.555     -0.043679
   4.561     -0.043031
   4.567     -0.042386
   4.573     -0.041744
   4.578     -0.041103
   4.584     -0.040465
   4.590     -0.039830
   4.596     -0.039196
   4.602     -0.038565
   4.608     -0.037936
   4.614     -0.037309
   4.620     -0.036684
   4.626     -0.036062
   4.632     -0.035441
   4.637     -0.034823
   4.643     -0.034207
   4.649     -0.033593
   4.655     -0.032981
   4.661     -0.032372
   4.667     -0.031764
   4.673     -0.031158
   4.679     -0.030554
   4.685     -0.029953
   4.691     -0.029353
   4.696     -0.028755
   4.702     -0.028159
   4.708     -0.027565
   4.714     -0.026973
   4.720     -0.026383
   4.726     -0.025795
   4.732     -0.025209
   4.738     -0.024624
   4.744     -0.024042
   4.750     -0.023461
   4.755     -0.022882
   4.761     -0.022305
   4.767     -0.021729
   4.773     -0.021155
   4.779     -0.020583
   4.785     -0.020013
   4.791     -0.019445
   4.797     -0.018878
   4.803     -0.018313
   4.809     -0.017749
   4.814     -0.017187
   4.820     -0.016627
   4.826     -0.016069
   4.832     -0.015512
   4.838     -0.014956
   4.844     -0.014403
   4.850     -0.013851
   4.856     -0.013300
   4.862     -0.012751
   4.868     -0.012203
   4.873     -0.011657
   4.879     -0.011113
   4.885     -0.010569
   4.891     -0.010028
   4.897     -0.009488
   4.903     -0.008949
   4.909     -0.008412
   4.915     -0.007876
   4.921     -0.007342
   4.927     -0.006808
   4.932     -0.006277
   4.938     -0.005747
   4.944     -0.005218
   4.950     -0.004690
   4.956     -0.004164
   4.962     -0.003639
   4.968     -0.003115
   4.974     -0.002593
   4.980     -0.002072
   4.986     -0.001552
   4.991     -0.001033
   4.997     -0.000516
   5.003      0.000000
