   0.006     -0.000373
   0.012      0.000187
   0.018      0.000746
   0.024      0.001679
   0.030      0.002984
   0.035      0.004661
   0.041      0.006710
   0.047      0.009129
   0.053      0.011917
   0.059      0.015074
   0.065      0.018598
   0.071      0.022487
   0.077      0.026740
   0.083      0.031355
   0.089      0.036331
   0.094      0.041664
   0.100      0.047352
   0.106      0.053394
   0.112      0.059787
   0.118      0.066527
   0.124      0.073612
   0.130      0.081040
   0.136      0.088806
   0.142      0.096909
   0.148      0.105346
   0.153      0.114111
   0.159      0.123204
   0.165      0.132619
   0.171      0.142354
   0.177      0.152404
   0.183      0.162767
   0.189      0.173438
   0.195      0.184412
   0.201      0.195686
   0.207      0.207256
   0.212      0.219116
   0.218      0.231263
   0.224      0.243692
   0.230      0.256397
   0.236      0.269374
   0.242      0.282618
   0.248      0.296123
   0.254      0.309885
   0.260      0.323897
   0.266      0.338155
   0.271      0.352653
   0.277      0.367385
   0.283      0.382345
   0.289      0.397528
   0.295      0.412927
   0.301      0.428537
   0.307      0.444352
   0.313      0.460365
   0.319      0.476570
   0.325      0.492960
   0.330      0.509530
   0.336      0.526273
   0.342      0.543182
   0.348      0.560251
   0.354      0.577473
   0.360      0.594842
   0.366      0.612350
   0.372      0.629991
   0.378      0.647758
   0.384      0.665645
   0.389      0.683643
   0.395      0.701748
   0.401      0.719950
   0.407      0.738244
   0.413      0.756623
   0.419      0.775079
   0.425      0.793605
   0.431      0.812194
   0.437      0.830839
   0.443      0.849534
   0.448      0.868270
   0.454      0.887042
   0.460      0.905841
   0.466      0.924660
   0.472      0.943494
   0.478      0.962334
   0.484      0.981173
   0.490      1.000005
   0.496      1.018822
   0.502      1.037618
   0.507      1.056385
   0.513      1.075117
   0.519      1.093807
   0.525      1.112447
   0.531      1.131032
   0.537      1.149554
   0.543      1.168007
   0.549      1.186383
   0.555      1.204678
   0.561      1.222883
   0.566      1.240993
   0.572      1.259001
   0.578      1.276901
   0.584      1.294686
   0.590      1.312351
   0.596      1.329889
   0.602      1.347294
   0.608      1.364561
   0.614      1.381684
   0.620      1.398656
   0.625      1.415472
   0.631      1.432127
   0.637      1.448616
   0.643      1.464932
   0.649      1.481071
   0.655      1.497027
   0.661      1.512795
   0.667      1.528372
   0.673      1.543751
   0.679      1.558928
   0.684      1.573898
   0.690      1.588657
   0.696      1.603202
   0.702      1.617526
   0.708      1.631627
   0.714      1.645501
   0.720      1.659143
   0.726      1.672549
   0.732      1.685718
   0.738      1.698644
   0.743      1.711324
   0.749      1.723756
   0.755      1.735937
   0.761      1.747863
   0.767      1.759531
   0.773      1.770940
   0.779      1.782086
   0.785      1.792967
   0.791      1.803581
   0.797      1.813926
   0.802      1.824001
   0.808      1.833802
   0.814      1.843329
   0.820      1.852579
   0.826      1.861552
   0.832      1.870247
   0.838      1.878662
   0.844      1.886796
   0.850      1.894648
   0.856      1.902218
   0.861      1.909505
   0.867      1.916508
   0.873      1.923228
   0.879      1.929665
   0.885      1.935817
   0.891      1.941685
   0.897      1.947270
   0.903      1.952571
   0.909      1.957590
   0.915      1.962327
   0.920      1.966782
   0.926      1.970956
   0.932      1.974850
   0.938      1.978466
   0.944      1.981804
   0.950      1.984866
   0.956      1.987654
   0.962      1.990167
   0.968      1.992409
   0.974      1.994381
   0.979      1.996085
   0.985      1.997522
   0.991      1.998695
   0.997      1.999606
   1.003      2.000257
   1.009      2.000649
   1.015      2.000787
   1.021      2.000671
   1.027      2.000305
   1.033      1.999691
   1.038      1.998831
   1.044      1.997729
   1.050      1.996388
   1.056      1.994809
   1.062      1.992997
   1.068      1.990954
   1.074      1.988683
   1.080      1.986188
   1.086      1.983471
   1.092      1.980537
   1.097      1.977387
   1.103      1.974026
   1.109      1.970457
   1.115      1.966684
   1.121      1.962709
   1.127      1.958537
   1.133      1.954171
   1.139      1.949614
   1.145      1.944871
   1.151      1.939944
   1.156      1.934839
   1.162      1.929557
   1.168      1.924103
   1.174      1.918481
   1.180      1.912694
   1.186      1.906747
   1.192      1.900642
   1.198      1.894384
   1.204      1.887976
   1.210      1.881423
   1.215      1.874727
   1.221      1.867894
   1.227      1.860926
   1.233      1.853827
   1.239      1.846601
   1.245      1.839252
   1.251      1.831783
   1.257      1.824199
   1.263      1.816502
   1.269      1.808697
   1.274      1.800787
   1.280      1.792776
   1.286      1.784668
   1.292      1.776465
   1.298      1.768172
   1.304      1.759792
   1.310      1.751329
   1.316      1.742785
   1.322      1.734165
   1.328      1.725472
   1.333      1.716709
   1.339      1.707880
   1.345      1.698988
   1.351      1.690036
   1.357      1.681026
   1.363      1.671964
   1.369      1.662851
   1.375      1.653691
   1.381      1.644486
   1.387      1.635240
   1.392      1.625956
   1.398      1.616636
   1.404      1.607284
   1.410      1.597902
   1.416      1.588493
   1.422      1.579059
   1.428      1.569604
   1.434      1.560130
   1.440      1.550640
   1.446      1.541135
   1.451      1.531620
   1.457      1.522095
   1.463      1.512563
   1.469      1.503028
   1.475      1.493490
   1.481      1.483952
   1.487      1.474417
   1.493      1.464886
   1.499      1.455362
   1.505      1.445846
   1.510      1.436341
   1.516      1.426849
   1.522      1.417370
   1.528      1.407908
   1.534      1.398464
   1.540      1.389039
   1.546      1.379636
   1.552      1.370256
   1.558      1.360900
   1.564      1.351571
   1.569      1.342269
   1.575      1.332996
   1.581      1.323753
   1.587      1.314543
   1.593      1.305365
   1.599      1.296221
   1.605      1.287114
   1.611      1.278042
   1.617      1.269009
   1.623      1.260015
   1.628      1.251060
   1.634      1.242147
   1.640      1.233275
   1.646      1.224446
   1.652      1.215661
   1.658      1.206921
   1.664      1.198226
   1.670      1.189577
   1.676      1.180975
   1.682      1.172420
   1.687      1.163914
   1.693      1.155456
   1.699      1.147048
   1.705      1.138689
   1.711      1.130382
   1.717      1.122125
   1.723      1.113919
   1.729      1.105766
   1.735      1.097664
   1.741      1.089615
   1.746      1.081619
   1.752      1.073676
   1.758      1.065787
   1.764      1.057951
   1.770      1.050169
   1.776      1.042442
   1.782      1.034768
   1.788      1.027149
   1.794      1.019585
   1.800      1.012075
   1.805      1.004620
   1.811      0.997220
   1.817      0.989874
   1.823      0.982584
   1.829      0.975348
   1.835      0.968167
   1.841      0.961040
   1.847      0.953968
   1.853      0.946951
   1.859      0.939988
   1.864      0.933080
   1.870      0.926225
   1.876      0.919425
   1.882      0.912678
   1.888      0.905986
   1.894      0.899346
   1.900      0.892760
   1.906      0.886227
   1.912      0.879747
   1.918      0.873319
   1.923      0.866944
   1.929      0.860621
   1.935      0.854349
   1.941      0.848129
   1.947      0.841960
   1.953      0.835842
   1.959      0.829774
   1.965      0.823757
   1.971      0.817789
   1.977      0.811871
   1.982      0.806002
   1.988      0.800182
   1.994      0.794410
   2.000      0.788687
   2.006      0.783011
   2.012      0.777383
   2.018      0.771801
   2.024      0.766266
   2.030      0.760777
   2.036      0.755334
   2.041      0.749937
   2.047      0.744584
   2.053      0.739276
   2.059      0.734013
   2.065      0.728793
   2.071      0.723616
   2.077      0.718482
   2.083      0.713391
   2.089      0.708342
   2.095      0.703335
   2.100      0.698370
   2.106      0.693445
   2.112      0.688560
   2.118      0.683716
   2.124      0.678912
   2.130      0.674146
   2.136      0.669420
   2.142      0.664732
   2.148      0.660082
   2.154      0.655470
   2.159      0.650896
   2.165      0.646358
   2.171      0.641856
   2.177      0.637391
   2.183      0.632961
   2.189      0.628567
   2.195      0.624208
   2.201      0.619883
   2.207      0.615593
   2.213      0.611336
   2.218      0.607113
   2.224      0.602923
   2.230      0.598765
   2.236      0.594640
   2.242      0.590548
   2.248      0.586486
   2.254      0.582456
   2.260      0.578457
   2.266      0.574489
   2.272      0.570551
   2.277      0.566643
   2.283      0.562765
   2.289      0.558916
   2.295      0.555096
   2.301      0.551305
   2.307      0.547543
   2.313      0.543808
   2.319      0.540102
   2.325      0.536423
   2.331      0.532771
   2.336      0.529146
   2.342      0.525548
   2.348      0.521977
   2.354      0.518431
   2.360      0.514912
   2.366      0.511419
   2.372      0.507950
   2.378      0.504507
   2.384      0.501089
   2.390      0.497696
   2.395      0.494327
   2.401      0.490983
   2.407      0.487663
   2.413      0.484366
   2.419      0.481093
   2.425      0.477844
   2.431      0.474617
   2.437      0.471414
   2.443      0.468233
   2.449      0.465076
   2.454      0.461940
   2.460      0.458827
   2.466      0.455736
   2.472      0.452667
   2.478      0.449619
   2.484      0.446593
   2.490      0.443589
   2.496      0.440605
   2.502      0.437643
   2.508      0.434701
   2.513      0.431781
   2.519      0.428880
   2.525      0.426000
   2.531      0.423141
   2.537      0.420301
   2.543      0.417482
   2.549      0.414682
   2.555      0.411901
   2.561      0.409141
   2.567      0.406399
   2.572      0.403677
   2.578      0.400973
   2.584      0.398289
   2.590      0.395623
   2.596      0.392976
   2.602      0.390347
   2.608      0.387737
   2.614      0.385145
   2.620      0.382570
   2.626      0.380014
   2.631      0.377475
   2.637      0.374954
   2.643      0.372451
   2.649      0.369964
   2.655      0.367495
   2.661      0.365043
   2.667      0.362608
   2.673      0.360190
   2.679      0.357789
   2.685      0.355403
   2.690      0.353035
   2.696      0.350682
   2.702      0.348346
   2.708      0.346026
   2.714      0.343722
   2.720      0.341433
   2.726      0.339161
   2.732      0.336903
   2.738      0.334661
   2.744      0.332435
   2.749      0.330224
   2.755      0.328027
   2.761      0.325846
   2.767      0.323680
   2.773      0.321528
   2.779      0.319391
   2.785      0.317268
   2.791      0.315160
   2.797      0.313066
   2.803      0.310986
   2.808      0.308920
   2.814      0.306868
   2.820      0.304830
   2.826      0.302806
   2.832      0.300796
   2.838      0.298798
   2.844      0.296815
   2.850      0.294844
   2.856      0.292887
   2.862      0.290943
   2.867      0.289012
   2.873      0.287094
   2.879      0.285189
   2.885      0.283296
   2.891      0.281416
   2.897      0.279549
   2.903      0.277694
   2.909      0.275851
   2.915      0.274021
   2.921      0.272203
   2.926      0.270396
   2.932      0.268602
   2.938      0.266820
   2.944      0.265049
   2.950      0.263290
   2.956      0.261543
   2.962      0.259807
   2.968      0.258082
   2.974      0.256369
   2.980      0.254667
   2.985      0.252976
   2.991      0.251297
   2.997      0.249628
   3.003      0.247970
   3.009      0.246323
   3.015      0.244687
   3.021      0.243062
   3.027      0.241447
   3.033      0.239842
   3.039      0.238248
   3.044      0.236665
   3.050      0.235091
   3.056      0.233528
   3.062      0.231975
   3.068      0.230432
   3.074      0.228898
   3.080      0.227375
   3.086      0.225862
   3.092      0.224358
   3.098      0.222864
   3.103      0.221379
   3.109      0.219904
   3.115      0.218439
   3.121      0.216982
   3.127      0.215535
   3.133      0.214098
   3.139      0.212669
   3.145      0.211250
   3.151      0.209839
   3.157      0.208438
   3.162      0.207045
   3.168      0.205661
   3.174      0.204286
   3.180      0.202920
   3.186      0.201562
   3.192      0.200213
   3.198      0.198872
   3.204      0.197540
   3.210      0.196216
   3.216      0.194901
   3.221      0.193593
   3.227      0.192294
   3.233      0.191003
   3.239      0.189720
   3.245      0.188445
   3.251      0.187178
   3.257      0.185919
   3.263      0.184667
   3.269      0.183424
   3.275      0.182188
   3.280      0.180959
   3.286      0.179739
   3.292      0.178525
   3.298      0.177320
   3.304      0.176121
   3.310      0.174931
   3.316      0.173747
   3.322      0.172571
   3.328      0.171401
   3.334      0.170239
   3.339      0.169084
   3.345      0.167937
   3.351      0.166796
   3.357      0.165662
   3.363      0.164535
   3.369      0.163414
   3.375      0.162301
   3.381      0.161194
   3.387      0.160094
   3.393      0.159001
   3.398      0.157914
   3.404      0.156834
   3.410      0.155760
   3.416      0.154693
   3.422      0.153632
   3.428      0.152577
   3.434      0.151529
   3.440      0.150487
   3.446      0.149451
   3.452      0.148421
   3.457      0.147398
   3.463      0.146380
   3.469      0.145369
   3.475      0.144363
   3.481      0.143363
   3.487      0.142370
   3.493      0.141382
   3.499      0.140400
   3.505      0.139424
   3.511      0.138453
   3.516      0.137488
   3.522      0.136529
   3.528      0.135575
   3.534      0.134627
   3.540      0.133685
   3.546      0.132748
   3.552      0.131816
   3.558      0.130890
   3.564      0.129969
   3.570      0.129053
   3.575      0.128143
   3.581      0.127238
   3.587      0.126338
   3.593      0.125444
   3.599      0.124554
   3.605      0.123670
   3.611      0.122790
   3.617      0.121916
   3.623      0.121046
   3.629      0.120182
   3.634      0.119322
   3.640      0.118467
   3.646      0.117617
   3.652      0.116772
   3.658      0.115932
   3.664      0.115096
   3.670      0.114265
   3.676      0.113439
   3.682      0.112618
   3.688      0.111801
   3.693      0.110988
   3.699      0.110180
   3.705      0.109377
   3.711      0.108578
   3.717      0.107783
   3.723      0.106993
   3.729      0.106207
   3.735      0.105425
   3.741      0.104648
   3.747      0.103875
   3.752      0.103107
   3.758      0.102342
   3.764      0.101582
   3.770      0.100825
   3.776      0.100073
   3.782      0.099325
   3.788      0.098581
   3.794      0.097841
   3.800      0.097106
   3.806      0.096374
   3.811      0.095646
   3.817      0.094921
   3.823      0.094201
   3.829      0.093485
   3.835      0.092772
   3.841      0.092063
   3.847      0.091358
   3.853      0.090657
   3.859      0.089960
   3.865      0.089266
   3.870      0.088576
   3.876      0.087889
   3.882      0.087206
   3.888      0.086527
   3.894      0.085851
   3.900      0.085178
   3.906      0.084510
   3.912      0.083844
   3.918      0.083182
   3.924      0.082524
   3.929      0.081869
   3.935      0.081217
   3.941      0.080569
   3.947      0.079924
   3.953      0.079282
   3.959      0.078643
   3.965      0.078008
   3.971      0.077376
   3.977      0.076747
   3.983      0.076122
   3.988      0.075499
   3.994      0.074880
   4.000      0.074264
   4.006      0.073651
   4.012      0.073041
   4.018      0.072434
   4.024      0.071830
   4.030      0.071229
   4.036      0.070631
   4.042      0.070036
   4.047      0.069444
   4.053      0.068854
   4.059      0.068268
   4.065      0.067685
   4.071      0.067104
   4.077      0.066526
   4.083      0.065951
   4.089      0.065379
   4.095      0.064810
   4.101      0.064243
   4.106      0.063679
   4.112      0.063118
   4.118      0.062559
   4.124      0.062003
   4.130      0.061450
   4.136      0.060899
   4.142      0.060351
   4.148      0.059806
   4.154      0.059263
   4.160      0.058722
   4.165      0.058184
   4.171      0.057649
   4.177      0.057116
   4.183      0.056586
   4.189      0.056058
   4.195      0.055532
   4.201      0.055009
   4.207      0.054489
   4.213      0.053970
   4.219      0.053454
   4.224      0.052941
   4.230      0.052429
   4.236      0.051920
   4.242      0.051414
   4.248      0.050909
   4.254      0.050407
   4.260      0.049907
   4.266      0.049409
   4.272      0.048914
   4.278      0.048420
   4.283      0.047929
   4.289      0.047440
   4.295      0.046953
   4.301      0.046469
   4.307      0.045986
   4.313      0.045505
   4.319      0.045027
   4.325      0.044550
   4.331      0.044076
   4.337      0.043604
   4.342      0.043133
   4.348      0.042665
   4.354      0.042198
   4.360      0.041734
   4.366      0.041271
   4.372      0.040811
   4.378      0.040352
   4.384      0.039895
   4.390      0.039440
   4.396      0.038987
   4.401      0.038536
   4.407      0.038087
   4.413      0.037639
   4.419      0.037194
   4.425      0.036750
   4.431      0.036308
   4.437      0.035867
   4.443      0.035429
   4.449      0.034992
   4.455      0.034557
   4.460      0.034123
   4.466      0.033692
   4.472      0.033262
   4.478      0.032833
   4.484      0.032407
   4.490      0.031982
   4.496      0.031558
   4.502      0.031137
   4.508      0.030716
   4.514      0.030298
   4.519      0.029881
   4.525      0.029465
   4.531      0.029051
   4.537      0.028639
   4.543      0.028228
   4.549      0.027819
   4.555      0.027411
   4.561      0.027005
   4.567      0.026600
   4.573      0.026197
   4.578      0.025795
   4.584      0.025395
   4.590      0.024996
   4.596      0.024598
   4.602      0.024202
   4.608      0.023807
   4.614      0.023414
   4.620      0.023022
   4.626      0.022631
   4.632      0.022242
   4.637      0.021854
   4.643      0.021467
   4.649      0.021082
   4.655      0.020698
   4.661      0.020315
   4.667      0.019934
   4.673      0.019554
   4.679      0.019175
   4.685      0.018797
   4.691      0.018421
   4.696      0.018046
   4.702      0.017672
   4.708      0.017299
   4.714      0.016928
   4.720      0.016557
   4.726      0.016188
   4.732      0.015820
   4.738      0.015453
   4.744      0.015088
   4.750      0.014723
   4.755      0.014360
   4.761      0.013998
   4.767      0.013636
   4.773      0.013276
   4.779      0.012917
   4.785      0.012560
   4.791      0.012203
   4.797      0.011847
   4.803      0.011492
   4.809      0.011139
   4.814      0.010786
   4.820      0.010435
   4.826      0.010084
   4.832      0.009735
   4.838      0.009386
   4.844      0.009039
   4.850      0.008692
   4.856      0.008347
   4.862      0.008002
   4.868      0.007658
   4.873      0.007316
   4.879      0.006974
   4.885      0.006633
   4.891      0.006293
   4.897      0.005954
   4.903      0.005616
   4.909      0.005279
   4.915      0.004943
   4.921      0.004607
   4.927      0.004273
   4.932      0.003939
   4.938      0.003606
   4.944      0.003274
   4.950      0.002943
   4.956      0.002613
   4.962      0.002284
   4.968      0.001955
   4.974      0.001627
   4.980      0.001300
   4.986      0.000974
   4.991      0.000648
   4.997      0.000324
   5.003      0.000000
