   0.000      3.221214
   0.008      1.037952
   0.016     -0.619137
   0.024      1.624887
   0.031      4.369336
   0.039      6.204743
   0.047      7.615510
   0.055      8.645858
   0.063      9.197949
   0.071      9.251889
   0.078      8.902295
   0.086      8.305669
   0.094      7.612704
   0.102      6.930374
   0.110      6.317464
   0.118      5.796572
   0.126      5.368914
   0.133      5.025428
   0.141      4.753468
   0.149      4.540282
   0.157      4.374515
   0.165      4.246668
   0.173      4.149055
   0.180      4.075542
   0.188      4.021367
   0.196      3.982757
   0.204      3.956778
   0.212      3.941114
   0.220      3.933936
   0.227      3.933760
   0.235      3.939379
   0.243      3.949797
   0.251      3.964151
   0.259      3.981719
   0.267      4.001840
   0.275      4.023935
   0.282      4.047480
   0.290      4.071988
   0.298      4.097014
   0.306      4.122127
   0.314      4.146966
   0.322      4.171152
   0.329      4.194362
   0.337      4.216288
   0.345      4.236644
   0.353      4.255171
   0.361      4.271634
   0.369      4.285815
   0.377      4.297526
   0.384      4.306592
   0.392      4.312857
   0.400      4.316180
   0.408      4.316442
   0.416      4.313535
   0.424      4.307361
   0.431      4.297843
   0.439      4.284908
   0.447      4.268488
   0.455      4.248530
   0.463      4.224982
   0.471      4.197792
   0.479      4.166903
   0.486      4.132255
   0.494      4.093755
   0.502      4.051268
   0.510      4.004598
   0.518      3.953503
   0.526      3.897745
   0.533      3.837279
   0.541      3.772275
   0.549      3.703230
   0.557      3.630599
   0.565      3.554905
   0.573      3.476476
   0.580      3.395597
   0.588      3.312466
   0.596      3.227262
   0.604      3.140130
   0.612      3.051219
   0.620      2.960657
   0.628      2.868582
   0.635      2.775126
   0.643      2.680420
   0.651      2.584602
   0.659      2.487808
   0.667      2.390177
   0.675      2.291852
   0.682      2.192981
   0.690      2.093704
   0.698      1.994176
   0.706      1.894542
   0.714      1.794958
   0.722      1.695576
   0.730      1.596548
   0.737      1.498028
   0.745      1.400172
   0.753      1.303133
   0.761      1.207061
   0.769      1.112110
   0.777      1.018426
   0.784      0.926157
   0.792      0.835446
   0.800      0.746435
   0.808      0.659258
   0.816      0.574048
   0.824      0.490933
   0.832      0.410036
   0.839      0.331473
   0.847      0.255355
   0.855      0.181784
   0.863      0.110861
   0.871      0.042674
   0.879     -0.022695
   0.886     -0.085169
   0.894     -0.144684
   0.902     -0.201181
   0.910     -0.254608
   0.918     -0.304928
   0.926     -0.352109
   0.934     -0.396128
   0.941     -0.436973
   0.949     -0.474640
   0.957     -0.509134
   0.965     -0.540473
   0.973     -0.568679
   0.981     -0.593788
   0.988     -0.615845
   0.996     -0.634898
   1.004     -0.651013
   1.012     -0.664257
   1.020     -0.674710
   1.028     -0.682459
   1.035     -0.687599
   1.043     -0.690227
   1.051     -0.690457
   1.059     -0.688403
   1.067     -0.684183
   1.075     -0.677928
   1.083     -0.669769
   1.090     -0.659840
   1.098     -0.648280
   1.106     -0.635240
   1.114     -0.620857
   1.122     -0.605282
   1.130     -0.588664
   1.137     -0.571158
   1.145     -0.552900
   1.153     -0.534046
   1.161     -0.514750
   1.169     -0.495143
   1.177     -0.475368
   1.185     -0.455563
   1.192     -0.435867
   1.200     -0.416393
   1.208     -0.397257
   1.216     -0.378584
   1.224     -0.360469
   1.232     -0.342997
   1.239     -0.326249
   1.247     -0.310310
   1.255     -0.295225
   1.263     -0.281031
   1.271     -0.267753
   1.279     -0.255425
   1.287     -0.244023
   1.294     -0.233514
   1.302     -0.223848
   1.310     -0.214944
   1.318     -0.206736
   1.326     -0.199136
   1.334     -0.192034
   1.341     -0.185169
   1.349     -0.178538
   1.357     -0.172130
   1.365     -0.165915
   1.373     -0.159925
   1.381     -0.154143
   1.388     -0.148533
   1.396     -0.143087
   1.404     -0.137818
   1.412     -0.132747
   1.420     -0.127843
   1.428     -0.123102
   1.436     -0.118519
   1.443     -0.114087
   1.451     -0.109802
   1.459     -0.105660
   1.467     -0.101654
   1.475     -0.097783
   1.483     -0.094039
   1.490     -0.090420
   1.498     -0.086921
   1.506     -0.083539
   1.514     -0.080269
   1.522     -0.077108
   1.530     -0.074053
   1.538     -0.071100
   1.545     -0.068245
   1.553     -0.065486
   1.561     -0.062820
   1.569     -0.060243
   1.577     -0.057752
   1.585     -0.055346
   1.592     -0.053021
   1.600     -0.050774
   1.608     -0.048603
   1.616     -0.046506
   1.624     -0.044480
   1.632     -0.042523
   1.640     -0.040633
   1.647     -0.038808
   1.655     -0.037045
   1.663     -0.035343
   1.671     -0.033699
   1.679     -0.032112
   1.687     -0.030579
   1.694     -0.029101
   1.702     -0.027673
   1.710     -0.026296
   1.718     -0.024967
   1.726     -0.023684
   1.734     -0.022447
   1.741     -0.021253
   1.749     -0.020101
   1.757     -0.018992
   1.765     -0.017921
   1.773     -0.016889
   1.781     -0.015894
   1.789     -0.014935
   1.796     -0.014011
   1.804     -0.013120
   1.812     -0.012263
   1.820     -0.011437
   1.828     -0.010640
   1.836     -0.009874
   1.843     -0.009137
   1.851     -0.008427
   1.859     -0.007744
   1.867     -0.007086
   1.875     -0.006454
   1.883     -0.005846
   1.891     -0.005261
   1.898     -0.004699
   1.906     -0.004158
   1.914     -0.003639
   1.922     -0.003141
   1.930     -0.002662
   1.938     -0.002202
   1.945     -0.001761
   1.953     -0.001338
   1.961     -0.000932
   1.969     -0.000542
   1.977     -0.000169
   1.985      0.000189
   1.993      0.000532
   2.000      0.000861
   2.008      0.001175
   2.016      0.001476
   2.024      0.001763
   2.032      0.002038
   2.040      0.002301
   2.047      0.002552
   2.055      0.002792
   2.063      0.003021
   2.071      0.003240
   2.079      0.003448
   2.087      0.003647
   2.095      0.003836
   2.102      0.004015
   2.110      0.004187
   2.118      0.004350
   2.126      0.004505
   2.134      0.004652
   2.142      0.004791
   2.149      0.004923
   2.157      0.005048
   2.165      0.005167
   2.173      0.005279
   2.181      0.005384
   2.189      0.005485
   2.196      0.005579
   2.204      0.005668
   2.212      0.005751
   2.220      0.005829
   2.228      0.005903
   2.236      0.005972
   2.244      0.006036
   2.251      0.006096
   2.259      0.006152
   2.267      0.006204
   2.275      0.006253
   2.283      0.006297
   2.291      0.006339
   2.298      0.006376
   2.306      0.006411
   2.314      0.006443
   2.322      0.006472
   2.330      0.006498
   2.338      0.006522
   2.346      0.006543
   2.353      0.006562
   2.361      0.006579
   2.369      0.006593
   2.377      0.006606
   2.385      0.006616
   2.393      0.006625
   2.400      0.006631
   2.408      0.006637
   2.416      0.006640
   2.424      0.006643
   2.432      0.006643
   2.440      0.006643
   2.448      0.006641
   2.455      0.006638
   2.463      0.006635
   2.471      0.006629
   2.479      0.006623
   2.487      0.006617
   2.495      0.006609
   2.502      0.006600
   2.510      0.006591
   2.518      0.006581
   2.526      0.006570
   2.534      0.006559
   2.542      0.006548
   2.549      0.006535
   2.557      0.006522
   2.565      0.006509
   2.573      0.006495
   2.581      0.006482
   2.589      0.006467
   2.597      0.006453
   2.604      0.006437
   2.612      0.006422
   2.620      0.006407
   2.628      0.006392
   2.636      0.006376
   2.644      0.006360
   2.651      0.006344
   2.659      0.006328
   2.667      0.006311
   2.675      0.006295
   2.683      0.006278
   2.691      0.006261
   2.699      0.006244
   2.706      0.006227
   2.714      0.006210
   2.722      0.006193
   2.730      0.006176
   2.738      0.006159
   2.746      0.006142
   2.753      0.006125
   2.761      0.006108
   2.769      0.006091
   2.777      0.006075
   2.785      0.006058
   2.793      0.006041
   2.801      0.006024
   2.808      0.006008
   2.816      0.005991
   2.824      0.005974
   2.832      0.005958
   2.840      0.005941
   2.848      0.005925
   2.855      0.005909
   2.863      0.005893
   2.871      0.005877
   2.879      0.005861
   2.887      0.005845
   2.895      0.005829
   2.902      0.005813
   2.910      0.005797
   2.918      0.005782
   2.926      0.005766
   2.934      0.005751
   2.942      0.005736
   2.950      0.005720
   2.957      0.005705
   2.965      0.005690
   2.973      0.005675
   2.981      0.005660
   2.989      0.005645
   2.997      0.005630
   3.004      0.005616
   3.012      0.005601
   3.020      0.005587
   3.028      0.005572
   3.036      0.005558
   3.044      0.005543
   3.052      0.005529
   3.059      0.005515
   3.067      0.005501
   3.075      0.005487
   3.083      0.005473
   3.091      0.005459
   3.099      0.005445
   3.106      0.005431
   3.114      0.005418
   3.122      0.005404
