   0.000      0.751645
   0.008      0.751645
   0.016      0.751645
   0.024      0.751645
   0.031      0.751645
   0.039      0.751645
   0.047      0.751645
   0.055      0.751645
   0.063      0.751645
   0.071      0.751644
   0.078      0.751644
   0.086      0.751644
   0.094      0.751643
   0.102      0.751643
   0.110      0.751642
   0.118      0.751642
   0.126      0.751641
   0.133      0.751640
   0.141      0.751638
   0.149      0.751637
   0.157      0.751635
   0.165      0.751632
   0.173      0.751630
   0.180      0.751627
   0.188      0.751624
   0.196      0.751620
   0.204      0.751616
   0.212      0.751611
   0.220      0.751605
   0.227      0.751599
   0.235      0.751593
   0.243      0.751585
   0.251      0.751577
   0.259      0.751568
   0.267      0.751558
   0.275      0.751547
   0.282      0.751535
   0.290      0.751522
   0.298      0.751508
   0.306      0.751492
   0.314      0.751476
   0.322      0.751458
   0.329      0.751438
   0.337      0.751417
   0.345      0.751394
   0.353      0.751370
   0.361      0.751344
   0.369      0.751316
   0.377      0.751285
   0.384      0.751253
   0.392      0.751219
   0.400      0.751182
   0.408      0.751143
   0.416      0.751101
   0.424      0.751057
   0.431      0.751010
   0.439      0.750960
   0.447      0.750907
   0.455      0.750851
   0.463      0.750791
   0.471      0.750728
   0.479      0.750661
   0.486      0.750591
   0.494      0.750517
   0.502      0.750438
   0.510      0.750355
   0.518      0.750268
   0.526      0.750176
   0.533      0.750080
   0.541      0.749978
   0.549      0.749871
   0.557      0.749759
   0.565      0.749641
   0.573      0.749518
   0.580      0.749388
   0.588      0.749252
   0.596      0.749109
   0.604      0.748960
   0.612      0.748804
   0.620      0.748641
   0.628      0.748470
   0.635      0.748291
   0.643      0.748104
   0.651      0.747909
   0.659      0.747706
   0.667      0.747493
   0.675      0.747272
   0.682      0.747041
   0.690      0.746800
   0.698      0.746549
   0.706      0.746288
   0.714      0.746017
   0.722      0.745734
   0.730      0.745440
   0.737      0.745134
   0.745      0.744816
   0.753      0.744486
   0.761      0.744143
   0.769      0.743787
   0.777      0.743417
   0.784      0.743034
   0.792      0.742637
   0.800      0.742225
   0.808      0.741798
   0.816      0.741356
   0.824      0.740898
   0.832      0.740425
   0.839      0.739935
   0.847      0.739428
   0.855      0.738905
   0.863      0.738364
   0.871      0.737805
   0.879      0.737228
   0.886      0.736632
   0.894      0.736017
   0.902      0.735384
   0.910      0.734730
   0.918      0.734057
   0.926      0.733364
   0.934      0.732650
   0.941      0.731915
   0.949      0.731159
   0.957      0.730382
   0.965      0.729583
   0.973      0.728761
   0.981      0.727918
   0.988      0.727052
   0.996      0.726164
   1.004      0.725252
   1.012      0.724318
   1.020      0.723360
   1.028      0.722378
   1.035      0.721373
   1.043      0.720345
   1.051      0.719292
   1.059      0.718216
   1.067      0.717115
   1.075      0.715991
   1.083      0.714842
   1.090      0.713669
   1.098      0.712473
   1.106      0.711252
   1.114      0.710007
   1.122      0.708738
   1.130      0.707446
   1.137      0.706129
   1.145      0.704789
   1.153      0.703426
   1.161      0.702039
   1.169      0.700630
   1.177      0.699197
   1.185      0.697742
   1.192      0.696264
   1.200      0.694764
   1.208      0.693242
   1.216      0.691699
   1.224      0.690135
   1.232      0.688549
   1.239      0.686943
   1.247      0.685317
   1.255      0.683671
   1.263      0.682005
   1.271      0.680321
   1.279      0.678617
   1.287      0.676896
   1.294      0.675156
   1.302      0.673399
   1.310      0.671625
   1.318      0.669835
   1.326      0.668028
   1.334      0.666206
   1.341      0.664368
   1.349      0.662516
   1.357      0.660649
   1.365      0.658769
   1.373      0.656875
   1.381      0.654968
   1.388      0.653049
   1.396      0.651118
   1.404      0.649175
   1.412      0.647221
   1.420      0.645257
   1.428      0.643282
   1.436      0.641298
   1.443      0.639304
   1.451      0.637302
   1.459      0.635291
   1.467      0.633273
   1.475      0.631247
   1.483      0.629214
   1.490      0.627175
   1.498      0.625129
   1.506      0.623078
   1.514      0.621021
   1.522      0.618960
   1.530      0.616894
   1.538      0.614824
   1.545      0.612751
   1.553      0.610674
   1.561      0.608595
   1.569      0.606513
   1.577      0.604429
   1.585      0.602343
   1.592      0.600256
   1.600      0.598168
   1.608      0.596079
   1.616      0.593990
   1.624      0.591901
   1.632      0.589813
   1.640      0.587725
   1.647      0.585638
   1.655      0.583553
   1.663      0.581469
   1.671      0.579388
   1.679      0.577308
   1.687      0.575232
   1.694      0.573158
   1.702      0.571087
   1.710      0.569019
   1.718      0.566955
   1.726      0.564895
   1.734      0.562839
   1.741      0.560788
   1.749      0.558741
   1.757      0.556699
   1.765      0.554662
   1.773      0.552631
   1.781      0.550604
   1.789      0.548584
   1.796      0.546569
   1.804      0.544561
   1.812      0.542558
   1.820      0.540562
   1.828      0.538573
   1.836      0.536590
   1.843      0.534615
   1.851      0.532646
   1.859      0.530684
   1.867      0.528730
   1.875      0.526784
   1.883      0.524845
   1.891      0.522913
   1.898      0.520990
   1.906      0.519075
   1.914      0.517167
   1.922      0.515268
   1.930      0.513377
   1.938      0.511494
   1.945      0.509620
   1.953      0.507754
   1.961      0.505897
   1.969      0.504049
   1.977      0.502209
   1.985      0.500378
   1.993      0.498557
   2.000      0.496743
   2.008      0.494939
   2.016      0.493144
   2.024      0.491358
   2.032      0.489582
   2.040      0.487814
   2.047      0.486055
   2.055      0.484306
   2.063      0.482566
   2.071      0.480835
   2.079      0.479114
   2.087      0.477401
   2.095      0.475699
   2.102      0.474005
   2.110      0.472321
   2.118      0.470646
   2.126      0.468980
   2.134      0.467324
   2.142      0.465677
   2.149      0.464039
   2.157      0.462411
   2.165      0.460792
   2.173      0.459182
   2.181      0.457581
   2.189      0.455990
   2.196      0.454408
   2.204      0.452835
   2.212      0.451272
   2.220      0.449717
   2.228      0.448172
   2.236      0.446636
   2.244      0.445109
   2.251      0.443591
   2.259      0.442082
   2.267      0.440582
   2.275      0.439091
   2.283      0.437608
   2.291      0.436135
   2.298      0.434671
   2.306      0.433215
   2.314      0.431768
   2.322      0.430330
   2.330      0.428900
   2.338      0.427479
   2.346      0.426067
   2.353      0.424663
   2.361      0.423268
   2.369      0.421881
   2.377      0.420502
   2.385      0.419132
   2.393      0.417770
   2.400      0.416416
   2.408      0.415071
   2.416      0.413734
   2.424      0.412404
   2.432      0.411083
   2.440      0.409770
   2.448      0.408465
   2.455      0.407167
   2.463      0.405878
   2.471      0.404596
   2.479      0.403322
   2.487      0.402055
   2.495      0.400796
   2.502      0.399545
   2.510      0.398301
   2.518      0.397065
   2.526      0.395836
   2.534      0.394615
   2.542      0.393400
   2.549      0.392193
   2.557      0.390993
   2.565      0.389801
   2.573      0.388615
   2.581      0.387436
   2.589      0.386265
   2.597      0.385100
   2.604      0.383942
   2.612      0.382791
   2.620      0.381647
   2.628      0.380509
   2.636      0.379378
   2.644      0.378254
   2.651      0.377136
   2.659      0.376025
   2.667      0.374920
   2.675      0.373821
   2.683      0.372729
   2.691      0.371643
   2.699      0.370564
   2.706      0.369490
   2.714      0.368423
   2.722      0.367362
   2.730      0.366307
   2.738      0.365258
   2.746      0.364215
   2.753      0.363177
   2.761      0.362146
   2.769      0.361120
   2.777      0.360100
   2.785      0.359086
   2.793      0.358078
   2.801      0.357075
   2.808      0.356078
   2.816      0.355086
   2.824      0.354100
   2.832      0.353119
   2.840      0.352144
   2.848      0.351174
   2.855      0.350209
   2.863      0.349250
   2.871      0.348296
   2.879      0.347347
   2.887      0.346403
   2.895      0.345464
   2.902      0.344531
   2.910      0.343602
   2.918      0.342678
   2.926      0.341760
   2.934      0.340846
   2.942      0.339937
   2.950      0.339033
   2.957      0.338134
   2.965      0.337239
   2.973      0.336349
   2.981      0.335464
   2.989      0.334584
   2.997      0.333708
   3.004      0.332837
   3.012      0.331970
   3.020      0.331108
   3.028      0.330250
   3.036      0.329396
   3.044      0.328547
   3.052      0.327703
   3.059      0.326863
   3.067      0.326027
   3.075      0.325195
   3.083      0.324368
   3.091      0.323544
   3.099      0.322725
   3.106      0.321910
   3.114      0.321099
   3.122      0.320293
