   0.000      0.801500
   0.008      0.801499
   0.016      0.801496
   0.024      0.801491
   0.031      0.801484
   0.039      0.801475
   0.047      0.801465
   0.055      0.801452
   0.063      0.801437
   0.071      0.801420
   0.078      0.801401
   0.086      0.801380
   0.094      0.801357
   0.102      0.801332
   0.110      0.801305
   0.118      0.801276
   0.126      0.801245
   0.133      0.801211
   0.141      0.801175
   0.149      0.801137
   0.157      0.801097
   0.165      0.801054
   0.173      0.801009
   0.180      0.800962
   0.188      0.800912
   0.196      0.800859
   0.204      0.800804
   0.212      0.800747
   0.220      0.800686
   0.227      0.800623
   0.235      0.800557
   0.243      0.800488
   0.251      0.800416
   0.259      0.800341
   0.267      0.800263
   0.275      0.800182
   0.282      0.800097
   0.290      0.800009
   0.298      0.799917
   0.306      0.799822
   0.314      0.799723
   0.322      0.799620
   0.329      0.799514
   0.337      0.799403
   0.345      0.799287
   0.353      0.799168
   0.361      0.799044
   0.369      0.798915
   0.377      0.798782
   0.384      0.798644
   0.392      0.798500
   0.400      0.798352
   0.408      0.798197
   0.416      0.798038
   0.424      0.797872
   0.431      0.797700
   0.439      0.797523
   0.447      0.797338
   0.455      0.797148
   0.463      0.796950
   0.471      0.796745
   0.479      0.796533
   0.486      0.796313
   0.494      0.796086
   0.502      0.795850
   0.510      0.795607
   0.518      0.795354
   0.526      0.795093
   0.533      0.794822
   0.541      0.794542
   0.549      0.794252
   0.557      0.793952
   0.565      0.793641
   0.573      0.793320
   0.580      0.792988
   0.588      0.792644
   0.596      0.792288
   0.604      0.791920
   0.612      0.791540
   0.620      0.791146
   0.628      0.790740
   0.635      0.790319
   0.643      0.789885
   0.651      0.789436
   0.659      0.788972
   0.667      0.788493
   0.675      0.787998
   0.682      0.787487
   0.690      0.786960
   0.698      0.786416
   0.706      0.785854
   0.714      0.785274
   0.722      0.784677
   0.730      0.784061
   0.737      0.783425
   0.745      0.782771
   0.753      0.782096
   0.761      0.781402
   0.769      0.780687
   0.777      0.779951
   0.784      0.779193
   0.792      0.778414
   0.800      0.777613
   0.808      0.776789
   0.816      0.775943
   0.824      0.775074
   0.832      0.774181
   0.839      0.773265
   0.847      0.772325
   0.855      0.771360
   0.863      0.770372
   0.871      0.769359
   0.879      0.768321
   0.886      0.767258
   0.894      0.766170
   0.902      0.765057
   0.910      0.763918
   0.918      0.762754
   0.926      0.761565
   0.934      0.760350
   0.941      0.759110
   0.949      0.757844
   0.957      0.756552
   0.965      0.755236
   0.973      0.753894
   0.981      0.752526
   0.988      0.751134
   0.996      0.749717
   1.004      0.748275
   1.012      0.746808
   1.020      0.745317
   1.028      0.743802
   1.035      0.742264
   1.043      0.740701
   1.051      0.739116
   1.059      0.737507
   1.067      0.735876
   1.075      0.734223
   1.083      0.732548
   1.090      0.730852
   1.098      0.729135
   1.106      0.727397
   1.114      0.725639
   1.122      0.723861
   1.130      0.722064
   1.137      0.720248
   1.145      0.718414
   1.153      0.716562
   1.161      0.714692
   1.169      0.712806
   1.177      0.710903
   1.185      0.708984
   1.192      0.707050
   1.200      0.705101
   1.208      0.703137
   1.216      0.701160
   1.224      0.699169
   1.232      0.697165
   1.239      0.695148
   1.247      0.693120
   1.255      0.691080
   1.263      0.689030
   1.271      0.686968
   1.279      0.684897
   1.287      0.682817
   1.294      0.680727
   1.302      0.678628
   1.310      0.676522
   1.318      0.674407
   1.326      0.672286
   1.334      0.670158
   1.341      0.668023
   1.349      0.665882
   1.357      0.663736
   1.365      0.661585
   1.373      0.659429
   1.381      0.657268
   1.388      0.655104
   1.396      0.652936
   1.404      0.650765
   1.412      0.648592
   1.420      0.646415
   1.428      0.644237
   1.436      0.642057
   1.443      0.639876
   1.451      0.637694
   1.459      0.635511
   1.467      0.633327
   1.475      0.631144
   1.483      0.628961
   1.490      0.626778
   1.498      0.624596
   1.506      0.622416
   1.514      0.620236
   1.522      0.618059
   1.530      0.615883
   1.538      0.613710
   1.545      0.611539
   1.553      0.609370
   1.561      0.607205
   1.569      0.605043
   1.577      0.602884
   1.585      0.600729
   1.592      0.598578
   1.600      0.596431
   1.608      0.594288
   1.616      0.592149
   1.624      0.590016
   1.632      0.587887
   1.640      0.585763
   1.647      0.583644
   1.655      0.581531
   1.663      0.579423
   1.671      0.577321
   1.679      0.575225
   1.687      0.573134
   1.694      0.571050
   1.702      0.568972
   1.710      0.566901
   1.718      0.564836
   1.726      0.562778
   1.734      0.560726
   1.741      0.558682
   1.749      0.556644
   1.757      0.554614
   1.765      0.552591
   1.773      0.550575
   1.781      0.548566
   1.789      0.546566
   1.796      0.544572
   1.804      0.542587
   1.812      0.540609
   1.820      0.538639
   1.828      0.536677
   1.836      0.534723
   1.843      0.532777
   1.851      0.530839
   1.859      0.528909
   1.867      0.526987
   1.875      0.525074
   1.883      0.523169
   1.891      0.521273
   1.898      0.519385
   1.906      0.517505
   1.914      0.515634
   1.922      0.513771
   1.930      0.511918
   1.938      0.510072
   1.945      0.508235
   1.953      0.506407
   1.961      0.504588
   1.969      0.502777
   1.977      0.500975
   1.985      0.499182
   1.993      0.497398
   2.000      0.495622
   2.008      0.493855
   2.016      0.492097
   2.024      0.490348
   2.032      0.488608
   2.040      0.486876
   2.047      0.485153
   2.055      0.483439
   2.063      0.481734
   2.071      0.480038
   2.079      0.478350
   2.087      0.476671
   2.095      0.475001
   2.102      0.473340
   2.110      0.471688
   2.118      0.470044
   2.126      0.468409
   2.134      0.466783
   2.142      0.465166
   2.149      0.463557
   2.157      0.461957
   2.165      0.460366
   2.173      0.458783
   2.181      0.457209
   2.189      0.455644
   2.196      0.454087
   2.204      0.452539
   2.212      0.450999
   2.220      0.449468
   2.228      0.447945
   2.236      0.446431
   2.244      0.444925
   2.251      0.443428
   2.259      0.441939
   2.267      0.440458
   2.275      0.438986
   2.283      0.437522
   2.291      0.436066
   2.298      0.434618
   2.306      0.433179
   2.314      0.431748
   2.322      0.430324
   2.330      0.428909
   2.338      0.427502
   2.346      0.426103
   2.353      0.424712
   2.361      0.423329
   2.369      0.421954
   2.377      0.420587
   2.385      0.419227
   2.393      0.417876
   2.400      0.416532
   2.408      0.415196
   2.416      0.413867
   2.424      0.412546
   2.432      0.411233
   2.440      0.409927
   2.448      0.408629
   2.455      0.407338
   2.463      0.406055
   2.471      0.404779
   2.479      0.403510
   2.487      0.402249
   2.495      0.400995
   2.502      0.399748
   2.510      0.398509
   2.518      0.397276
   2.526      0.396051
   2.534      0.394833
   2.542      0.393622
   2.549      0.392417
   2.557      0.391220
   2.565      0.390030
   2.573      0.388846
   2.581      0.387669
   2.589      0.386499
   2.597      0.385336
   2.604      0.384179
   2.612      0.383029
   2.620      0.381886
   2.628      0.380749
   2.636      0.379619
   2.644      0.378495
   2.651      0.377378
   2.659      0.376267
   2.667      0.375162
   2.675      0.374064
   2.683      0.372971
   2.691      0.371885
   2.699      0.370806
   2.706      0.369732
   2.714      0.368664
   2.722      0.367603
   2.730      0.366547
   2.738      0.365498
   2.746      0.364454
   2.753      0.363416
   2.761      0.362384
   2.769      0.361358
   2.777      0.360338
   2.785      0.359323
   2.793      0.358314
   2.801      0.357310
   2.808      0.356312
   2.816      0.355320
   2.824      0.354333
   2.832      0.353351
   2.840      0.352375
   2.848      0.351405
   2.855      0.350439
   2.863      0.349479
   2.871      0.348524
   2.879      0.347575
   2.887      0.346630
   2.895      0.345691
   2.902      0.344757
   2.910      0.343827
   2.918      0.342903
   2.926      0.341984
   2.934      0.341069
   2.942      0.340160
   2.950      0.339255
   2.957      0.338355
   2.965      0.337460
   2.973      0.336570
   2.981      0.335684
   2.989      0.334803
   2.997      0.333926
   3.004      0.333055
   3.012      0.332187
   3.020      0.331324
   3.028      0.330466
   3.036      0.329612
   3.044      0.328763
   3.052      0.327917
   3.059      0.327077
   3.067      0.326240
   3.075      0.325408
   3.083      0.324580
   3.091      0.323756
   3.099      0.322936
   3.106      0.322121
   3.114      0.321310
   3.122      0.320502
