   0.006      0.000165
   0.012      0.001895
   0.018      0.003625
   0.024      0.005414
   0.030      0.007211
   0.035      0.009011
   0.041      0.010812
   0.047      0.012614
   0.053      0.014417
   0.059      0.016220
   0.065      0.018023
   0.071      0.019827
   0.077      0.021630
   0.083      0.023435
   0.089      0.025239
   0.094      0.027044
   0.100      0.028849
   0.106      0.030654
   0.112      0.032460
   0.118      0.034266
   0.124      0.036073
   0.130      0.037880
   0.136      0.039687
   0.142      0.041495
   0.148      0.043305
   0.153      0.045115
   0.159      0.046926
   0.165      0.048739
   0.171      0.050553
   0.177      0.052368
   0.183      0.054186
   0.189      0.056005
   0.195      0.057826
   0.201      0.059649
   0.207      0.061474
   0.212      0.063301
   0.218      0.065131
   0.224      0.066963
   0.230      0.068798
   0.236      0.070635
   0.242      0.072474
   0.248      0.074316
   0.254      0.076161
   0.260      0.078009
   0.266      0.079859
   0.271      0.081712
   0.277      0.083569
   0.283      0.085428
   0.289      0.087290
   0.295      0.089155
   0.301      0.091024
   0.307      0.092896
   0.313      0.094771
   0.319      0.096649
   0.325      0.098531
   0.330      0.100417
   0.336      0.102305
   0.342      0.104198
   0.348      0.106094
   0.354      0.107994
   0.360      0.109897
   0.366      0.111805
   0.372      0.113716
   0.378      0.115631
   0.384      0.117551
   0.389      0.119474
   0.395      0.121402
   0.401      0.123334
   0.407      0.125270
   0.413      0.127210
   0.419      0.129155
   0.425      0.131104
   0.431      0.133058
   0.437      0.135017
   0.443      0.136980
   0.448      0.138948
   0.454      0.140920
   0.460      0.142898
   0.466      0.144880
   0.472      0.146868
   0.478      0.148860
   0.484      0.150858
   0.490      0.152860
   0.496      0.154868
   0.502      0.156882
   0.507      0.158900
   0.513      0.160924
   0.519      0.162954
   0.525      0.164989
   0.531      0.167030
   0.537      0.169077
   0.543      0.171129
   0.549      0.173187
   0.555      0.175251
   0.561      0.177321
   0.566      0.179397
   0.572      0.181479
   0.578      0.183567
   0.584      0.185662
   0.590      0.187762
   0.596      0.189869
   0.602      0.191983
   0.608      0.194102
   0.614      0.196229
   0.620      0.198362
   0.625      0.200501
   0.631      0.202648
   0.637      0.204801
   0.643      0.206961
   0.649      0.209128
   0.655      0.211301
   0.661      0.213482
   0.667      0.215670
   0.673      0.217865
   0.679      0.220067
   0.684      0.222277
   0.690      0.224494
   0.696      0.226718
   0.702      0.228949
   0.708      0.231188
   0.714      0.233435
   0.720      0.235689
   0.726      0.237951
   0.732      0.240221
   0.738      0.242498
   0.743      0.244783
   0.749      0.247076
   0.755      0.249377
   0.761      0.251686
   0.767      0.254003
   0.773      0.256328
   0.779      0.258661
   0.785      0.261002
   0.791      0.263352
   0.797      0.265710
   0.802      0.268076
   0.808      0.270450
   0.814      0.272833
   0.820      0.275224
   0.826      0.277624
   0.832      0.280032
   0.838      0.282449
   0.844      0.284875
   0.850      0.287309
   0.856      0.289752
   0.861      0.292203
   0.867      0.294664
   0.873      0.297133
   0.879      0.299611
   0.885      0.302098
   0.891      0.304593
   0.897      0.307098
   0.903      0.309611
   0.909      0.312134
   0.915      0.314665
   0.920      0.317206
   0.926      0.319755
   0.932      0.322313
   0.938      0.324881
   0.944      0.327458
   0.950      0.330043
   0.956      0.332638
   0.962      0.335242
   0.968      0.337855
   0.974      0.340477
   0.979      0.343108
   0.985      0.345748
   0.991      0.348397
   0.997      0.351056
   1.003      0.353723
   1.009      0.356400
   1.015      0.359086
   1.021      0.361780
   1.027      0.364484
   1.033      0.367197
   1.038      0.369918
   1.044      0.372649
   1.050      0.375388
   1.056      0.378136
   1.062      0.380894
   1.068      0.383660
   1.074      0.386434
   1.080      0.389218
   1.086      0.392010
   1.092      0.394811
   1.097      0.397620
   1.103      0.400438
   1.109      0.403264
   1.115      0.406099
   1.121      0.408942
   1.127      0.411793
   1.133      0.414653
   1.139      0.417520
   1.145      0.420396
   1.151      0.423280
   1.156      0.426172
   1.162      0.429071
   1.168      0.431978
   1.174      0.434893
   1.180      0.437815
   1.186      0.440745
   1.192      0.443682
   1.198      0.446627
   1.204      0.449578
   1.210      0.452537
   1.215      0.455502
   1.221      0.458474
   1.227      0.461453
   1.233      0.464438
   1.239      0.467430
   1.245      0.470427
   1.251      0.473431
   1.257      0.476441
   1.263      0.479457
   1.269      0.482478
   1.274      0.485505
   1.280      0.488537
   1.286      0.491574
   1.292      0.494616
   1.298      0.497662
   1.304      0.500714
   1.310      0.503770
   1.316      0.506830
   1.322      0.509894
   1.328      0.512962
   1.333      0.516033
   1.339      0.519108
   1.345      0.522186
   1.351      0.525267
   1.357      0.528351
   1.363      0.531437
   1.369      0.534525
   1.375      0.537616
   1.381      0.540708
   1.387      0.543802
   1.392      0.546897
   1.398      0.549993
   1.404      0.553090
   1.410      0.556188
   1.416      0.559285
   1.422      0.562383
   1.428      0.565480
   1.434      0.568577
   1.440      0.571673
   1.446      0.574767
   1.451      0.577860
   1.457      0.580951
   1.463      0.584040
   1.469      0.587127
   1.475      0.590211
   1.481      0.593291
   1.487      0.596368
   1.493      0.599442
   1.499      0.602511
   1.505      0.605576
   1.510      0.608637
   1.516      0.611692
   1.522      0.614741
   1.528      0.617785
   1.534      0.620822
   1.540      0.623853
   1.546      0.626877
   1.552      0.629894
   1.558      0.632903
   1.564      0.635903
   1.569      0.638896
   1.575      0.641879
   1.581      0.644853
   1.587      0.647818
   1.593      0.650772
   1.599      0.653716
   1.605      0.656649
   1.611      0.659571
   1.617      0.662481
   1.623      0.665379
   1.628      0.668264
   1.634      0.671136
   1.640      0.673995
   1.646      0.676840
   1.652      0.679671
   1.658      0.682488
   1.664      0.685289
   1.670      0.688074
   1.676      0.690844
   1.682      0.693597
   1.687      0.696333
   1.693      0.699052
   1.699      0.701754
   1.705      0.704437
   1.711      0.707101
   1.717      0.709747
   1.723      0.712372
   1.729      0.714978
   1.735      0.717564
   1.741      0.720129
   1.746      0.722672
   1.752      0.725194
   1.758      0.727694
   1.764      0.730171
   1.770      0.732625
   1.776      0.735055
   1.782      0.737462
   1.788      0.739844
   1.794      0.742202
   1.800      0.744534
   1.805      0.746841
   1.811      0.749122
   1.817      0.751376
   1.823      0.753603
   1.829      0.755804
   1.835      0.757976
   1.841      0.760121
   1.847      0.762237
   1.853      0.764324
   1.859      0.766381
   1.864      0.768409
   1.870      0.770407
   1.876      0.772375
   1.882      0.774312
   1.888      0.776218
   1.894      0.778092
   1.900      0.779934
   1.906      0.781744
   1.912      0.783522
   1.918      0.785267
   1.923      0.786978
   1.929      0.788656
   1.935      0.790300
   1.941      0.791910
   1.947      0.793486
   1.953      0.795026
   1.959      0.796532
   1.965      0.798003
   1.971      0.799437
   1.977      0.800837
   1.982      0.802200
   1.988      0.803526
   1.994      0.804817
   2.000      0.806070
   2.006      0.807287
   2.012      0.808466
   2.018      0.809609
   2.024      0.810713
   2.030      0.811780
   2.036      0.812810
   2.041      0.813801
   2.047      0.814754
   2.053      0.815669
   2.059      0.816545
   2.065      0.817383
   2.071      0.818183
   2.077      0.818944
   2.083      0.819666
   2.089      0.820349
   2.095      0.820994
   2.100      0.821600
   2.106      0.822166
   2.112      0.822694
   2.118      0.823183
   2.124      0.823634
   2.130      0.824045
   2.136      0.824417
   2.142      0.824751
   2.148      0.825046
   2.154      0.825302
   2.159      0.825520
   2.165      0.825699
   2.171      0.825840
   2.177      0.825942
   2.183      0.826006
   2.189      0.826033
   2.195      0.826021
   2.201      0.825971
   2.207      0.825884
   2.213      0.825759
   2.218      0.825598
   2.224      0.825399
   2.230      0.825163
   2.236      0.824890
   2.242      0.824582
   2.248      0.824237
   2.254      0.823856
   2.260      0.823439
   2.266      0.822987
   2.272      0.822500
   2.277      0.821978
   2.283      0.821421
   2.289      0.820830
   2.295      0.820205
   2.301      0.819546
   2.307      0.818854
   2.313      0.818128
   2.319      0.817370
   2.325      0.816580
   2.331      0.815758
   2.336      0.814903
   2.342      0.814018
   2.348      0.813101
   2.354      0.812154
   2.360      0.811177
   2.366      0.810169
   2.372      0.809132
   2.378      0.808066
   2.384      0.806971
   2.390      0.805848
   2.395      0.804696
   2.401      0.803517
   2.407      0.802311
   2.413      0.801078
   2.419      0.799818
   2.425      0.798532
   2.431      0.797221
   2.437      0.795884
   2.443      0.794523
   2.449      0.793137
   2.454      0.791726
   2.460      0.790292
   2.466      0.788835
   2.472      0.787355
   2.478      0.785852
   2.484      0.784327
   2.490      0.782780
   2.496      0.781212
   2.502      0.779622
   2.508      0.778012
   2.513      0.776381
   2.519      0.774731
   2.525      0.773061
   2.531      0.771371
   2.537      0.769663
   2.543      0.767935
   2.549      0.766190
   2.555      0.764427
   2.561      0.762646
   2.567      0.760847
   2.572      0.759032
   2.578      0.757200
   2.584      0.755351
   2.590      0.753487
   2.596      0.751606
   2.602      0.749710
   2.608      0.747799
   2.614      0.745873
   2.620      0.743932
   2.626      0.741976
   2.631      0.740006
   2.637      0.738023
   2.643      0.736025
   2.649      0.734014
   2.655      0.731990
   2.661      0.729953
   2.667      0.727903
   2.673      0.725841
   2.679      0.723766
   2.685      0.721679
   2.690      0.719581
   2.696      0.717470
   2.702      0.715349
   2.708      0.713216
   2.714      0.711072
   2.720      0.708917
   2.726      0.706752
   2.732      0.704577
   2.738      0.702391
   2.744      0.700196
   2.749      0.697991
   2.755      0.695776
   2.761      0.693553
   2.767      0.691320
   2.773      0.689078
   2.779      0.686828
   2.785      0.684569
   2.791      0.682301
   2.797      0.680026
   2.803      0.677743
   2.808      0.675452
   2.814      0.673154
   2.820      0.670848
   2.826      0.668535
   2.832      0.666215
   2.838      0.663888
   2.844      0.661555
   2.850      0.659215
   2.856      0.656869
   2.862      0.654517
   2.867      0.652159
   2.873      0.649796
   2.879      0.647427
   2.885      0.645052
   2.891      0.642672
   2.897      0.640287
   2.903      0.637897
   2.909      0.635503
   2.915      0.633104
   2.921      0.630700
   2.926      0.628292
   2.932      0.625880
   2.938      0.623464
   2.944      0.621045
   2.950      0.618621
   2.956      0.616194
   2.962      0.613764
   2.968      0.611330
   2.974      0.608893
   2.980      0.606454
   2.985      0.604011
   2.991      0.601566
   2.997      0.599119
   3.003      0.596669
   3.009      0.594217
   3.015      0.591763
   3.021      0.589307
   3.027      0.586849
   3.033      0.584390
   3.039      0.581929
   3.044      0.579466
   3.050      0.577002
   3.056      0.574538
   3.062      0.572072
   3.068      0.569605
   3.074      0.567137
   3.080      0.564669
   3.086      0.562200
   3.092      0.559731
   3.098      0.557261
   3.103      0.554792
   3.109      0.552322
   3.115      0.549852
   3.121      0.547382
   3.127      0.544913
   3.133      0.542444
   3.139      0.539976
   3.145      0.537508
   3.151      0.535041
   3.157      0.532575
   3.162      0.530109
   3.168      0.527645
   3.174      0.525182
   3.180      0.522720
   3.186      0.520259
   3.192      0.517800
   3.198      0.515342
   3.204      0.512887
   3.210      0.510432
   3.216      0.507980
   3.221      0.505529
   3.227      0.503081
   3.233      0.500635
   3.239      0.498190
   3.245      0.495749
   3.251      0.493309
   3.257      0.490872
   3.263      0.488438
   3.269      0.486006
   3.275      0.483577
   3.280      0.481151
   3.286      0.478727
   3.292      0.476307
   3.298      0.473890
   3.304      0.471476
   3.310      0.469065
   3.316      0.466657
   3.322      0.464253
   3.328      0.461852
   3.334      0.459455
   3.339      0.457062
   3.345      0.454672
   3.351      0.452286
   3.357      0.449904
   3.363      0.447525
   3.369      0.445151
   3.375      0.442781
   3.381      0.440415
   3.387      0.438053
   3.393      0.435695
   3.398      0.433342
   3.404      0.430993
   3.410      0.428648
   3.416      0.426308
   3.422      0.423973
   3.428      0.421642
   3.434      0.419316
   3.440      0.416995
   3.446      0.414678
   3.452      0.412367
   3.457      0.410060
   3.463      0.407759
   3.469      0.405462
   3.475      0.403171
   3.481      0.400885
   3.487      0.398604
   3.493      0.396328
   3.499      0.394058
   3.505      0.391793
   3.511      0.389533
   3.516      0.387279
   3.522      0.385031
   3.528      0.382788
   3.534      0.380551
   3.540      0.378319
   3.546      0.376094
   3.552      0.373874
   3.558      0.371660
   3.564      0.369451
   3.570      0.367249
   3.575      0.365053
   3.581      0.362862
   3.587      0.360678
   3.593      0.358500
   3.599      0.356328
   3.605      0.354162
   3.611      0.352002
   3.617      0.349849
   3.623      0.347702
   3.629      0.345561
   3.634      0.343427
   3.640      0.341299
   3.646      0.339177
   3.652      0.337062
   3.658      0.334954
   3.664      0.332852
   3.670      0.330756
   3.676      0.328667
   3.682      0.326585
   3.688      0.324510
   3.693      0.322441
   3.699      0.320379
   3.705      0.318324
   3.711      0.316275
   3.717      0.314234
   3.723      0.312199
   3.729      0.310171
   3.735      0.308150
   3.741      0.306136
   3.747      0.304129
   3.752      0.302129
   3.758      0.300136
   3.764      0.298149
   3.770      0.296170
   3.776      0.294199
   3.782      0.292234
   3.788      0.290276
   3.794      0.288326
   3.800      0.286382
   3.806      0.284446
   3.811      0.282517
   3.817      0.280595
   3.823      0.278681
   3.829      0.276774
   3.835      0.274874
   3.841      0.272981
   3.847      0.271096
   3.853      0.269218
   3.859      0.267347
   3.865      0.265484
   3.870      0.263628
   3.876      0.261779
   3.882      0.259938
   3.888      0.258104
   3.894      0.256278
   3.900      0.254459
   3.906      0.252648
   3.912      0.250844
   3.918      0.249048
   3.924      0.247259
   3.929      0.245477
   3.935      0.243704
   3.941      0.241937
   3.947      0.240178
   3.953      0.238427
   3.959      0.236683
   3.965      0.234947
   3.971      0.233218
   3.977      0.231497
   3.983      0.229784
   3.988      0.228078
   3.994      0.226379
   4.000      0.224689
   4.006      0.223005
   4.012      0.221330
   4.018      0.219662
   4.024      0.218001
   4.030      0.216349
   4.036      0.214704
   4.042      0.213066
   4.047      0.211436
   4.053      0.209814
   4.059      0.208199
   4.065      0.206592
   4.071      0.204992
   4.077      0.203401
   4.083      0.201816
   4.089      0.200240
   4.095      0.198671
   4.101      0.197109
   4.106      0.195556
   4.112      0.194009
   4.118      0.192471
   4.124      0.190940
   4.130      0.189417
   4.136      0.187901
   4.142      0.186393
   4.148      0.184892
   4.154      0.183399
   4.160      0.181914
   4.165      0.180436
   4.171      0.178966
   4.177      0.177503
   4.183      0.176048
   4.189      0.174600
   4.195      0.173160
   4.201      0.171728
   4.207      0.170303
   4.213      0.168885
   4.219      0.167476
   4.224      0.166073
   4.230      0.164678
   4.236      0.163291
   4.242      0.161911
   4.248      0.160538
   4.254      0.159174
   4.260      0.157816
   4.266      0.156466
   4.272      0.155123
   4.278      0.153788
   4.283      0.152460
   4.289      0.151140
   4.295      0.149827
   4.301      0.148521
   4.307      0.147223
   4.313      0.145932
   4.319      0.144648
   4.325      0.143372
   4.331      0.142103
   4.337      0.140842
   4.342      0.139587
   4.348      0.138340
   4.354      0.137100
   4.360      0.135868
   4.366      0.134643
   4.372      0.133424
   4.378      0.132214
   4.384      0.131010
   4.390      0.129813
   4.396      0.128624
   4.401      0.127442
   4.407      0.126267
   4.413      0.125099
   4.419      0.123938
   4.425      0.122784
   4.431      0.121638
   4.437      0.120498
   4.443      0.119365
   4.449      0.118240
   4.455      0.117121
   4.460      0.116010
   4.466      0.114905
   4.472      0.113807
   4.478      0.112717
   4.484      0.111633
   4.490      0.110556
   4.496      0.109486
   4.502      0.108422
   4.508      0.107366
   4.514      0.106316
   4.519      0.105274
   4.525      0.104238
   4.531      0.103209
   4.537      0.102186
   4.543      0.101170
   4.549      0.100161
   4.555      0.099159
   4.561      0.098163
   4.567      0.097174
   4.573      0.096192
   4.578      0.095216
   4.584      0.094247
   4.590      0.093284
   4.596      0.092328
   4.602      0.091378
   4.608      0.090435
   4.614      0.089499
   4.620      0.088569
   4.626      0.087645
   4.632      0.086728
   4.637      0.085817
   4.643      0.084912
   4.649      0.084014
   4.655      0.083122
   4.661      0.082237
   4.667      0.081357
   4.673      0.080484
   4.679      0.079618
   4.685      0.078757
   4.691      0.077903
   4.696      0.077055
   4.702      0.076213
   4.708      0.075377
   4.714      0.074547
   4.720      0.073724
   4.726      0.072906
   4.732      0.072095
   4.738      0.071289
   4.744      0.070490
   4.750      0.069696
   4.755      0.068909
   4.761      0.068127
   4.767      0.067352
   4.773      0.066582
   4.779      0.065818
   4.785      0.065060
   4.791      0.064308
   4.797      0.063561
   4.803      0.062821
   4.809      0.062086
   4.814      0.061357
   4.820      0.060633
   4.826      0.059915
   4.832      0.059203
   4.838      0.058497
   4.844      0.057796
   4.850      0.057100
   4.856      0.056411
   4.862      0.055727
   4.868      0.055048
   4.873      0.054375
   4.879      0.053707
   4.885      0.053045
   4.891      0.052388
   4.897      0.051737
   4.903      0.051091
   4.909      0.050450
   4.915      0.049815
   4.921      0.049185
   4.927      0.048560
   4.932      0.047941
   4.938      0.047326
   4.944      0.046717
   4.950      0.046114
   4.956      0.045515
   4.962      0.044922
   4.968      0.044333
   4.974      0.043750
   4.980      0.043172
   4.986      0.042599
   4.991      0.042031
   4.997      0.041468
   5.003      0.040913
   5.009      0.040361
   5.015      0.039813
   5.021      0.039270
   5.027      0.038732
   5.033      0.038199
   5.039      0.037671
   5.045      0.037148
   5.050      0.036629
   5.056      0.036116
   5.062      0.035607
   5.068      0.035103
   5.074      0.034604
   5.080      0.034109
   5.086      0.033619
   5.092      0.033134
   5.098      0.032653
   5.104      0.032178
   5.109      0.031706
   5.115      0.031239
   5.121      0.030777
   5.127      0.030319
   5.133      0.029866
   5.139      0.029417
   5.145      0.028973
   5.151      0.028533
   5.157      0.028098
   5.163      0.027667
   5.168      0.027240
   5.174      0.026817
   5.180      0.026399
   5.186      0.025985
   5.192      0.025575
   5.198      0.025170
   5.204      0.024769
   5.210      0.024371
   5.216      0.023978
   5.222      0.023590
   5.227      0.023205
   5.233      0.022824
   5.239      0.022447
   5.245      0.022075
   5.251      0.021706
   5.257      0.021341
   5.263      0.020980
   5.269      0.020624
   5.275      0.020271
   5.281      0.019921
   5.286      0.019576
   5.292      0.019235
   5.298      0.018897
   5.304      0.018563
   5.310      0.018233
   5.316      0.017906
   5.322      0.017584
   5.328      0.017265
   5.334      0.016949
   5.340      0.016637
   5.345      0.016329
   5.351      0.016024
   5.357      0.015723
   5.363      0.015425
   5.369      0.015131
   5.375      0.014840
   5.381      0.014553
   5.387      0.014269
   5.393      0.013989
   5.399      0.013712
   5.404      0.013438
   5.410      0.013168
   5.416      0.012901
   5.422      0.012637
   5.428      0.012376
   5.434      0.012119
   5.440      0.011865
   5.446      0.011614
   5.452      0.011366
   5.458      0.011121
   5.463      0.010879
   5.469      0.010641
   5.475      0.010405
   5.481      0.010173
   5.487      0.009943
   5.493      0.009716
   5.499      0.009493
   5.505      0.009272
   5.511      0.009055
   5.517      0.008840
   5.522      0.008628
   5.528      0.008419
   5.534      0.008213
   5.540      0.008010
   5.546      0.007810
   5.552      0.007612
   5.558      0.007417
   5.564      0.007225
   5.570      0.007036
   5.576      0.006849
   5.581      0.006665
   5.587      0.006484
   5.593      0.006305
   5.599      0.006129
   5.605      0.005956
   5.611      0.005785
   5.617      0.005616
   5.623      0.005450
   5.629      0.005287
   5.635      0.005126
   5.640      0.004967
   5.646      0.004811
   5.652      0.004658
   5.658      0.004506
   5.664      0.004357
   5.670      0.004211
   5.676      0.004066
   5.682      0.003924
   5.688      0.003785
   5.694      0.003647
   5.699      0.003512
   5.705      0.003379
   5.711      0.003248
   5.717      0.003119
   5.723      0.002993
   5.729      0.002868
   5.735      0.002746
   5.741      0.002625
   5.747      0.002507
   5.753      0.002391
   5.758      0.002277
   5.764      0.002164
   5.770      0.002054
   5.776      0.001946
   5.782      0.001840
   5.788      0.001735
   5.794      0.001632
   5.800      0.001532
   5.806      0.001433
   5.812      0.001336
   5.817      0.001240
   5.823      0.001147
   5.829      0.001055
   5.835      0.000964
   5.841      0.000876
   5.847      0.000789
   5.853      0.000704
   5.859      0.000620
   5.865      0.000538
   5.871      0.000457
   5.876      0.000378
   5.882      0.000300
   5.888      0.000224
   5.894      0.000148
   5.900      0.000074
   5.906      0.000000
