   0.006      0.309012
   0.012      0.309005
   0.018      0.308997
   0.024      0.309003
   0.030      0.309032
   0.035      0.309091
   0.041      0.309173
   0.047      0.309269
   0.053      0.309374
   0.059      0.309485
   0.065      0.309604
   0.071      0.309732
   0.077      0.309869
   0.083      0.310014
   0.089      0.310168
   0.094      0.310331
   0.100      0.310502
   0.106      0.310682
   0.112      0.310870
   0.118      0.311067
   0.124      0.311273
   0.130      0.311489
   0.136      0.311717
   0.142      0.311956
   0.148      0.312207
   0.153      0.312472
   0.159      0.312750
   0.165      0.313044
   0.171      0.313352
   0.177      0.313676
   0.183      0.314017
   0.189      0.314373
   0.195      0.314747
   0.201      0.315137
   0.207      0.315544
   0.212      0.315968
   0.218      0.316409
   0.224      0.316867
   0.230      0.317341
   0.236      0.317833
   0.242      0.318342
   0.248      0.318867
   0.254      0.319410
   0.260      0.319969
   0.266      0.320545
   0.271      0.321137
   0.277      0.321746
   0.283      0.322372
   0.289      0.323014
   0.295      0.323673
   0.301      0.324348
   0.307      0.325039
   0.313      0.325747
   0.319      0.326472
   0.325      0.327213
   0.330      0.327970
   0.336      0.328744
   0.342      0.329534
   0.348      0.330340
   0.354      0.331163
   0.360      0.332002
   0.366      0.332858
   0.372      0.333731
   0.378      0.334619
   0.384      0.335525
   0.389      0.336447
   0.395      0.337385
   0.401      0.338340
   0.407      0.339312
   0.413      0.340300
   0.419      0.341305
   0.425      0.342327
   0.431      0.343366
   0.437      0.344422
   0.443      0.345494
   0.448      0.346583
   0.454      0.347690
   0.460      0.348813
   0.466      0.349953
   0.472      0.351111
   0.478      0.352285
   0.484      0.353477
   0.490      0.354686
   0.496      0.355913
   0.502      0.357157
   0.507      0.358418
   0.513      0.359696
   0.519      0.360993
   0.525      0.362306
   0.531      0.363638
   0.537      0.364987
   0.543      0.366353
   0.549      0.367738
   0.555      0.369140
   0.561      0.370560
   0.566      0.371998
   0.572      0.373454
   0.578      0.374928
   0.584      0.376421
   0.590      0.377931
   0.596      0.379459
   0.602      0.381006
   0.608      0.382571
   0.614      0.384154
   0.620      0.385755
   0.625      0.387375
   0.631      0.389014
   0.637      0.390670
   0.643      0.392346
   0.649      0.394040
   0.655      0.395752
   0.661      0.397483
   0.667      0.399233
   0.673      0.401001
   0.679      0.402788
   0.684      0.404594
   0.690      0.406419
   0.696      0.408262
   0.702      0.410125
   0.708      0.412006
   0.714      0.413906
   0.720      0.415825
   0.726      0.417763
   0.732      0.419719
   0.738      0.421695
   0.743      0.423690
   0.749      0.425703
   0.755      0.427736
   0.761      0.429787
   0.767      0.431857
   0.773      0.433946
   0.779      0.436055
   0.785      0.438182
   0.791      0.440327
   0.797      0.442492
   0.802      0.444676
   0.808      0.446878
   0.814      0.449099
   0.820      0.451339
   0.826      0.453598
   0.832      0.455875
   0.838      0.458171
   0.844      0.460486
   0.850      0.462819
   0.856      0.465170
   0.861      0.467540
   0.867      0.469928
   0.873      0.472334
   0.879      0.474759
   0.885      0.477201
   0.891      0.479662
   0.897      0.482141
   0.903      0.484637
   0.909      0.487151
   0.915      0.489682
   0.920      0.492232
   0.926      0.494798
   0.932      0.497382
   0.938      0.499982
   0.944      0.502600
   0.950      0.505235
   0.956      0.507886
   0.962      0.510553
   0.968      0.513237
   0.974      0.515938
   0.979      0.518654
   0.985      0.521386
   0.991      0.524133
   0.997      0.526896
   1.003      0.529675
   1.009      0.532468
   1.015      0.535276
   1.021      0.538099
   1.027      0.540935
   1.033      0.543786
   1.038      0.546651
   1.044      0.549530
   1.050      0.552421
   1.056      0.555326
   1.062      0.558244
   1.068      0.561174
   1.074      0.564116
   1.080      0.567070
   1.086      0.570035
   1.092      0.573012
   1.097      0.576000
   1.103      0.578999
   1.109      0.582008
   1.115      0.585027
   1.121      0.588055
   1.127      0.591093
   1.133      0.594139
   1.139      0.597195
   1.145      0.600258
   1.151      0.603329
   1.156      0.606407
   1.162      0.609493
   1.168      0.612585
   1.174      0.615683
   1.180      0.618787
   1.186      0.621896
   1.192      0.625010
   1.198      0.628129
   1.204      0.631251
   1.210      0.634377
   1.215      0.637506
   1.221      0.640638
   1.227      0.643772
   1.233      0.646907
   1.239      0.650044
   1.245      0.653181
   1.251      0.656318
   1.257      0.659455
   1.263      0.662591
   1.269      0.665726
   1.274      0.668858
   1.280      0.671988
   1.286      0.675115
   1.292      0.678239
   1.298      0.681358
   1.304      0.684473
   1.310      0.687582
   1.316      0.690686
   1.322      0.693783
   1.328      0.696873
   1.333      0.699956
   1.339      0.703031
   1.345      0.706097
   1.351      0.709153
   1.357      0.712200
   1.363      0.715236
   1.369      0.718261
   1.375      0.721275
   1.381      0.724276
   1.387      0.727264
   1.392      0.730238
   1.398      0.733199
   1.404      0.736144
   1.410      0.739075
   1.416      0.741989
   1.422      0.744887
   1.428      0.747767
   1.434      0.750630
   1.440      0.753474
   1.446      0.756299
   1.451      0.759104
   1.457      0.761889
   1.463      0.764653
   1.469      0.767396
   1.475      0.770116
   1.481      0.772814
   1.487      0.775488
   1.493      0.778138
   1.499      0.780764
   1.505      0.783365
   1.510      0.785939
   1.516      0.788488
   1.522      0.791010
   1.528      0.793504
   1.534      0.795970
   1.540      0.798407
   1.546      0.800816
   1.552      0.803194
   1.558      0.805542
   1.564      0.807860
   1.569      0.810146
   1.575      0.812400
   1.581      0.814622
   1.587      0.816810
   1.593      0.818966
   1.599      0.821087
   1.605      0.823174
   1.611      0.825227
   1.617      0.827244
   1.623      0.829225
   1.628      0.831170
   1.634      0.833078
   1.640      0.834949
   1.646      0.836783
   1.652      0.838579
   1.658      0.840336
   1.664      0.842055
   1.670      0.843735
   1.676      0.845375
   1.682      0.846976
   1.687      0.848537
   1.693      0.850057
   1.699      0.851537
   1.705      0.852975
   1.711      0.854373
   1.717      0.855729
   1.723      0.857043
   1.729      0.858315
   1.735      0.859545
   1.741      0.860733
   1.746      0.861878
   1.752      0.862980
   1.758      0.864040
   1.764      0.865056
   1.770      0.866029
   1.776      0.866958
   1.782      0.867845
   1.788      0.868687
   1.794      0.869486
   1.800      0.870242
   1.805      0.870953
   1.811      0.871621
   1.817      0.872245
   1.823      0.872826
   1.829      0.873362
   1.835      0.873855
   1.841      0.874304
   1.847      0.874710
   1.853      0.875072
   1.859      0.875390
   1.864      0.875665
   1.870      0.875897
   1.876      0.876086
   1.882      0.876232
   1.888      0.876334
   1.894      0.876394
   1.900      0.876412
   1.906      0.876387
   1.912      0.876321
   1.918      0.876212
   1.923      0.876062
   1.929      0.875870
   1.935      0.875637
   1.941      0.875364
   1.947      0.875049
   1.953      0.874695
   1.959      0.874300
   1.965      0.873866
   1.971      0.873393
   1.977      0.872880
   1.982      0.872329
   1.988      0.871739
   1.994      0.871112
   2.000      0.870446
   2.006      0.869744
   2.012      0.869005
   2.018      0.868230
   2.024      0.867418
   2.030      0.866571
   2.036      0.865689
   2.041      0.864772
   2.047      0.863820
   2.053      0.862835
   2.059      0.861817
   2.065      0.860765
   2.071      0.859681
   2.077      0.858565
   2.083      0.857418
   2.089      0.856239
   2.095      0.855030
   2.100      0.853790
   2.106      0.852521
   2.112      0.851223
   2.118      0.849896
   2.124      0.848541
   2.130      0.847158
   2.136      0.845748
   2.142      0.844312
   2.148      0.842849
   2.154      0.841360
   2.159      0.839846
   2.165      0.838307
   2.171      0.836745
   2.177      0.835158
   2.183      0.833548
   2.189      0.831915
   2.195      0.830260
   2.201      0.828584
   2.207      0.826886
   2.213      0.825167
   2.218      0.823427
   2.224      0.821668
   2.230      0.819890
   2.236      0.818092
   2.242      0.816276
   2.248      0.814443
   2.254      0.812591
   2.260      0.810722
   2.266      0.808837
   2.272      0.806936
   2.277      0.805019
   2.283      0.803086
   2.289      0.801138
   2.295      0.799176
   2.301      0.797200
   2.307      0.795210
   2.313      0.793207
   2.319      0.791191
   2.325      0.789163
   2.331      0.787122
   2.336      0.785070
   2.342      0.783006
   2.348      0.780931
   2.354      0.778846
   2.360      0.776750
   2.366      0.774644
   2.372      0.772528
   2.378      0.770404
   2.384      0.768270
   2.390      0.766127
   2.395      0.763976
   2.401      0.761817
   2.407      0.759651
   2.413      0.757476
   2.419      0.755295
   2.425      0.753106
   2.431      0.750911
   2.437      0.748709
   2.443      0.746501
   2.449      0.744287
   2.454      0.742067
   2.460      0.739842
   2.466      0.737612
   2.472      0.735376
   2.478      0.733136
   2.484      0.730890
   2.490      0.728641
   2.496      0.726387
   2.502      0.724129
   2.508      0.721867
   2.513      0.719602
   2.519      0.717333
   2.525      0.715061
   2.531      0.712785
   2.537      0.710507
   2.543      0.708226
   2.549      0.705942
   2.555      0.703655
   2.561      0.701367
   2.567      0.699076
   2.572      0.696783
   2.578      0.694488
   2.584      0.692191
   2.590      0.689893
   2.596      0.687593
   2.602      0.685292
   2.608      0.682990
   2.614      0.680687
   2.620      0.678383
   2.626      0.676078
   2.631      0.673773
   2.637      0.671467
   2.643      0.669160
   2.649      0.666854
   2.655      0.664547
   2.661      0.662240
   2.667      0.659933
   2.673      0.657627
   2.679      0.655320
   2.685      0.653015
   2.690      0.650709
   2.696      0.648405
   2.702      0.646101
   2.708      0.643798
   2.714      0.641496
   2.720      0.639195
   2.726      0.636895
   2.732      0.634596
   2.738      0.632299
   2.744      0.630003
   2.749      0.627708
   2.755      0.625415
   2.761      0.623124
   2.767      0.620834
   2.773      0.618547
   2.779      0.616261
   2.785      0.613977
   2.791      0.611696
   2.797      0.609416
   2.803      0.607139
   2.808      0.604864
   2.814      0.602592
   2.820      0.600322
   2.826      0.598055
   2.832      0.595790
   2.838      0.593528
   2.844      0.591268
   2.850      0.589012
   2.856      0.586758
   2.862      0.584508
   2.867      0.582260
   2.873      0.580015
   2.879      0.577774
   2.885      0.575535
   2.891      0.573300
   2.897      0.571069
   2.903      0.568840
   2.909      0.566615
   2.915      0.564394
   2.921      0.562176
   2.926      0.559961
   2.932      0.557750
   2.938      0.555543
   2.944      0.553340
   2.950      0.551140
   2.956      0.548944
   2.962      0.546752
   2.968      0.544564
   2.974      0.542380
   2.980      0.540199
   2.985      0.538023
   2.991      0.535851
   2.997      0.533682
   3.003      0.531518
   3.009      0.529359
   3.015      0.527203
   3.021      0.525051
   3.027      0.522904
   3.033      0.520761
   3.039      0.518623
   3.044      0.516489
   3.050      0.514359
   3.056      0.512233
   3.062      0.510112
   3.068      0.507996
   3.074      0.505884
   3.080      0.503777
   3.086      0.501674
   3.092      0.499576
   3.098      0.497482
   3.103      0.495393
   3.109      0.493309
   3.115      0.491229
   3.121      0.489154
   3.127      0.487084
   3.133      0.485019
   3.139      0.482958
   3.145      0.480902
   3.151      0.478851
   3.157      0.476805
   3.162      0.474764
   3.168      0.472727
   3.174      0.470696
   3.180      0.468669
   3.186      0.466647
   3.192      0.464631
   3.198      0.462619
   3.204      0.460612
   3.210      0.458610
   3.216      0.456613
   3.221      0.454621
   3.227      0.452634
   3.233      0.450652
   3.239      0.448676
   3.245      0.446704
   3.251      0.444737
   3.257      0.442776
   3.263      0.440819
   3.269      0.438868
   3.275      0.436921
   3.280      0.434980
   3.286      0.433044
   3.292      0.431113
   3.298      0.429187
   3.304      0.427267
   3.310      0.425351
   3.316      0.423441
   3.322      0.421536
   3.328      0.419636
   3.334      0.417741
   3.339      0.415851
   3.345      0.413967
   3.351      0.412087
   3.357      0.410213
   3.363      0.408344
   3.369      0.406481
   3.375      0.404622
   3.381      0.402769
   3.387      0.400921
   3.393      0.399078
   3.398      0.397240
   3.404      0.395407
   3.410      0.393580
   3.416      0.391758
   3.422      0.389941
   3.428      0.388129
   3.434      0.386323
   3.440      0.384521
   3.446      0.382725
   3.452      0.380934
   3.457      0.379149
   3.463      0.377368
   3.469      0.375593
   3.475      0.373823
   3.481      0.372058
   3.487      0.370298
   3.493      0.368543
   3.499      0.366794
   3.505      0.365050
   3.511      0.363311
   3.516      0.361577
   3.522      0.359848
   3.528      0.358125
   3.534      0.356407
   3.540      0.354693
   3.546      0.352985
   3.552      0.351282
   3.558      0.349585
   3.564      0.347892
   3.570      0.346204
   3.575      0.344522
   3.581      0.342845
   3.587      0.341172
   3.593      0.339505
   3.599      0.337843
   3.605      0.336187
   3.611      0.334535
   3.617      0.332888
   3.623      0.331246
   3.629      0.329610
   3.634      0.327978
   3.640      0.326352
   3.646      0.324730
   3.652      0.323114
   3.658      0.321502
   3.664      0.319896
   3.670      0.318294
   3.676      0.316698
   3.682      0.315106
   3.688      0.313520
   3.693      0.311938
   3.699      0.310362
   3.705      0.308790
   3.711      0.307223
   3.717      0.305662
   3.723      0.304105
   3.729      0.302553
   3.735      0.301006
   3.741      0.299464
   3.747      0.297926
   3.752      0.296394
   3.758      0.294867
   3.764      0.293344
   3.770      0.291826
   3.776      0.290313
   3.782      0.288805
   3.788      0.287301
   3.794      0.285803
   3.800      0.284309
   3.806      0.282820
   3.811      0.281336
   3.817      0.279856
   3.823      0.278381
   3.829      0.276911
   3.835      0.275446
   3.841      0.273985
   3.847      0.272529
   3.853      0.271078
   3.859      0.269631
   3.865      0.268189
   3.870      0.266752
   3.876      0.265319
   3.882      0.263891
   3.888      0.262467
   3.894      0.261048
   3.900      0.259634
   3.906      0.258224
   3.912      0.256819
   3.918      0.255418
   3.924      0.254022
   3.929      0.252631
   3.935      0.251244
   3.941      0.249861
   3.947      0.248483
   3.953      0.247109
   3.959      0.245740
   3.965      0.244375
   3.971      0.243015
   3.977      0.241659
   3.983      0.240307
   3.988      0.238960
   3.994      0.237617
   4.000      0.236279
   4.006      0.234945
   4.012      0.233615
   4.018      0.232290
   4.024      0.230969
   4.030      0.229652
   4.036      0.228339
   4.042      0.227031
   4.047      0.225727
   4.053      0.224427
   4.059      0.223132
   4.065      0.221840
   4.071      0.220553
   4.077      0.219270
   4.083      0.217991
   4.089      0.216717
   4.095      0.215446
   4.101      0.214180
   4.106      0.212918
   4.112      0.211659
   4.118      0.210405
   4.124      0.209155
   4.130      0.207909
   4.136      0.206667
   4.142      0.205430
   4.148      0.204196
   4.154      0.202966
   4.160      0.201740
   4.165      0.200518
   4.171      0.199300
   4.177      0.198086
   4.183      0.196876
   4.189      0.195670
   4.195      0.194468
   4.201      0.193269
   4.207      0.192075
   4.213      0.190884
   4.219      0.189698
   4.224      0.188515
   4.230      0.187335
   4.236      0.186160
   4.242      0.184989
   4.248      0.183821
   4.254      0.182657
   4.260      0.181497
   4.266      0.180340
   4.272      0.179187
   4.278      0.178038
   4.283      0.176893
   4.289      0.175751
   4.295      0.174613
   4.301      0.173478
   4.307      0.172347
   4.313      0.171220
   4.319      0.170097
   4.325      0.168977
   4.331      0.167860
   4.337      0.166747
   4.342      0.165638
   4.348      0.164532
   4.354      0.163430
   4.360      0.162331
   4.366      0.161235
   4.372      0.160144
   4.378      0.159055
   4.384      0.157970
   4.390      0.156889
   4.396      0.155810
   4.401      0.154736
   4.407      0.153664
   4.413      0.152596
   4.419      0.151532
   4.425      0.150470
   4.431      0.149413
   4.437      0.148358
   4.443      0.147307
   4.449      0.146258
   4.455      0.145214
   4.460      0.144172
   4.466      0.143134
   4.472      0.142099
   4.478      0.141067
   4.484      0.140038
   4.490      0.139013
   4.496      0.137990
   4.502      0.136971
   4.508      0.135955
   4.514      0.134942
   4.519      0.133933
   4.525      0.132926
   4.531      0.131922
   4.537      0.130922
   4.543      0.129924
   4.549      0.128930
   4.555      0.127939
   4.561      0.126950
   4.567      0.125965
   4.573      0.124983
   4.578      0.124003
   4.584      0.123027
   4.590      0.122053
   4.596      0.121083
   4.602      0.120115
   4.608      0.119151
   4.614      0.118189
   4.620      0.117230
   4.626      0.116274
   4.632      0.115321
   4.637      0.114370
   4.643      0.113423
   4.649      0.112478
   4.655      0.111536
   4.661      0.110597
   4.667      0.109661
   4.673      0.108727
   4.679      0.107797
   4.685      0.106868
   4.691      0.105943
   4.696      0.105021
   4.702      0.104101
   4.708      0.103183
   4.714      0.102269
   4.720      0.101357
   4.726      0.100448
   4.732      0.099541
   4.738      0.098637
   4.744      0.097736
   4.750      0.096837
   4.755      0.095941
   4.761      0.095048
   4.767      0.094157
   4.773      0.093268
   4.779      0.092383
   4.785      0.091499
   4.791      0.090618
   4.797      0.089740
   4.803      0.088864
   4.809      0.087991
   4.814      0.087120
   4.820      0.086252
   4.826      0.085386
   4.832      0.084523
   4.838      0.083662
   4.844      0.082803
   4.850      0.081947
   4.856      0.081094
   4.862      0.080242
   4.868      0.079394
   4.873      0.078547
   4.879      0.077703
   4.885      0.076861
   4.891      0.076022
   4.897      0.075185
   4.903      0.074350
   4.909      0.073518
   4.915      0.072687
   4.921      0.071860
   4.927      0.071034
   4.932      0.070211
   4.938      0.069390
   4.944      0.068571
   4.950      0.067755
   4.956      0.066941
   4.962      0.066129
   4.968      0.065319
   4.974      0.064511
   4.980      0.063706
   4.986      0.062903
   4.991      0.062102
   4.997      0.061304
   5.003      0.060513
   5.009      0.059719
   5.015      0.058928
   5.021      0.058138
   5.027      0.057351
   5.033      0.056566
   5.039      0.055783
   5.045      0.055002
   5.050      0.054224
   5.056      0.053448
   5.062      0.052673
   5.068      0.051901
   5.074      0.051132
   5.080      0.050364
   5.086      0.049598
   5.092      0.048835
   5.098      0.048073
   5.104      0.047314
   5.109      0.046557
   5.115      0.045802
   5.121      0.045049
   5.127      0.044298
   5.133      0.043549
   5.139      0.042802
   5.145      0.042057
   5.151      0.041314
   5.157      0.040573
   5.163      0.039834
   5.168      0.039097
   5.174      0.038361
   5.180      0.037628
   5.186      0.036897
   5.192      0.036168
   5.198      0.035440
   5.204      0.034715
   5.210      0.033991
   5.216      0.033270
   5.222      0.032550
   5.227      0.031832
   5.233      0.031116
   5.239      0.030402
   5.245      0.029689
   5.251      0.028979
   5.257      0.028270
   5.263      0.027563
   5.269      0.026858
   5.275      0.026155
   5.281      0.025453
   5.286      0.024753
   5.292      0.024055
   5.298      0.023359
   5.304      0.022664
   5.310      0.021971
   5.316      0.021280
   5.322      0.020590
   5.328      0.019903
   5.334      0.019216
   5.340      0.018532
   5.345      0.017849
   5.351      0.017168
   5.357      0.016488
   5.363      0.015810
   5.369      0.015134
   5.375      0.014459
   5.381      0.013786
   5.387      0.013115
   5.393      0.012445
   5.399      0.011776
   5.404      0.011109
   5.410      0.010444
   5.416      0.009780
   5.422      0.009118
   5.428      0.008457
   5.434      0.007798
   5.440      0.007140
   5.446      0.006484
   5.452      0.005829
   5.458      0.005176
   5.463      0.004524
   5.469      0.003873
   5.475      0.003224
   5.481      0.002577
   5.487      0.001930
   5.493      0.001286
   5.499      0.000642
   5.505      0.000000
